2.8185170582541015
1.6139835070093005
0.8326614488895241
0.2155979009321921
0.4879621250617282
0.44653156099795654
0.11847414092787945
0.3248238327875498
0.32730494932517573
0.2443949103067995
-0.04026975935055033
-0.10958201376738674
0.00911066400839311
0.18927159640795443
0.01751168012234572
-0.06800640251657275
0.06372746958242559
-0.07737249019655434
-0.2553660443798058
-0.21016457953979562
-0.10220247438548136
-0.22705002285392029
-0.0916433029739322
0.12626985337401897
-0.027727774030386843
-0.2234237254004633
-0.05541365383078134
0.11658269877478356
0.09157858763934534
0.28956182300738287
0.5507350178042102
0.3970543157705253
0.1008312922482657
0.44137776911963844
0.7488131437014804
0.4498903352414514
0.44494975838001294
0.46418250091339464
0.669077823171506
0.5718212600695315
0.720451608279444
0.4910005295803346
0.3925318863933476
0.13911293717786244
-0.013235097701288057
-0.12338171065892933
-0.26569471015310897
-0.28129674759516643
-0.12103190547626252
0.004890021183643012
-0.1214171982928276
-0.05142234845018823
0.32594954708040336
0.5477382026081334
0.7095311767308881
0.6679548169380061
0.3920470627732152
0.2627978771937598
0.04093375731040283
-0.14250878856403593
-0.16108179069738937
-0.24963967936531006
-0.32155200840792975
-0.13420672122252808
-0.08071542083677241
-0.08442063545709144
0.004900742715095552
0.12839131149010719
-0.006102640525517233
-0.11403007761210826
-0.08430922250295658
0.2608169379904538
0.5120015831175841
0.5453255758378843
0.6161043586090518
0.45682117414416423
0.2628731712093424
0.21320192341505084
0.07482867125763115
0.10080970175086645
-0.13464904857528737
0.04038008187760567
0.29299795506785153
0.23353751071293094
0.071213474054454
0.34545490132417045
0.4792945153511995
0.30713336578845474
0.2690555966802659
0.43000363283561027
0.4056735935930531
0.058772086452186456
0.38560297982681035
0.34749825155868164
-0.0034730668933484754
0.040673390127262565
0.3307967986760917
0.5240402238389418
0.5552464561040796
0.5198483730387846
0.37423932507999336
0.5001847953210014
0.22428111213820667
0.03618086571268175
-0.10431380487171937
-0.365625040917139
-0.4142868637794038
-0.4203333769465617
-0.22308571093423546
-0.22414690929793146
-0.16753624653822996
-0.04396253490862312
0.17726938170691586
0.19316507493910662
0.0673880694061968
0.3271958041026186
0.5687768942788569
0.952993726938493
0.7381781714280953
2.268349316198434
