1.6546559317629659
0.336317928598733
-0.24876828482886149
-0.5519478662459718
-0.5449590179051098
-0.44698811583067655
-0.2757089264872786
-0.0855554830797306
0.11254224487007014
0.11707957689147941
-0.00825453673199572
-0.10364070216835841
-0.24292197478467126
-0.1673665160536405
-0.30127745766598757
0.029167549231770007
0.02352194773147731
0.05035905254854656
0.2950705877059203
0.36444846824485577
0.4314785240908403
0.19881132576270588
-0.09456620468815047
-0.3444810189089864
-0.5133016498405025
-0.57243497095308
-0.57522934627533
-0.47788197345757566
-0.503836907355623
-0.42007912371300427
-0.19536344279436102
0.039072645142904094
0.08831346777380611
-0.04841167951779002
-0.23128993841064638
-0.07477834564882346
-0.3516296715534428
-0.28326241123625584
-0.43821221925078835
-0.4176939764157801
-0.3285710589087215
-0.19804873739639162
0.1548282269031328
0.14032079846079548
0.0741399929525689
0.019184163982450042
-0.20181822262321902
-0.001421973049816172
0.20113791797385727
0.13790929569692922
-0.0495954117890709
0.3298702822826429
0.32672585990955727
0.0547537637224933
0.22306675602818193
0.09312444254095964
0.314654529534212
0.1118448329430195
-0.021725987484963794
-0.11149799660754689
-0.29334999800326056
-0.48435634670368
-0.5009477966327742
-0.585252072419953
-0.5115695727734542
-0.39494665913708027
-0.4006052167994181
-0.1954614717043992
-0.4025825434668562
-0.3812198239264817
-0.4545469583943862
-0.3572816209183969
-0.28763002461162723
-0.29047633955458796
-0.03664361860769316
0.021832281530564046
-0.2135776749109477
-0.12859168064008342
0.08514984935981806
0.14338399943589575
-0.021901367246431658
0.05091013769205199
0.08164207058944795
-0.013564118775645007
-0.43939962945447175
-0.5596355514186913
-0.6331408258394895
-0.6193536147775931
-0.6140638803786678
-0.43923071975103734
-0.24623763920339226
-0.32100228835720535
-0.2526577855382348
-0.22185354201974494
-0.08453073660419064
-0.2255570574918171
0.0113150765990373
0.059629571559642436
-0.0822112786468947
-0.18627166690454888
-0.2619091244777947
-0.21669160735461213
-0.3067044282639575
0.05669647321162252
0.18654884209007272
0.2928062325501942
0.16039520931750773
0.000480780532447489
-0.1309401076330391
0.06712713736650311
0.34629258581637934
0.20241374070145268
0.16189725156450152
0.029561686119607744
0.08161367919158169
-0.22193308405106604
-0.25270926188490606
-0.19140018834831007
-0.04345502205268359
-0.12686541281771258
-0.31276051840685404
-0.2807731555149502
-0.22061906250830332
-0.14722720547411305
-0.24346751340654782
-0.15814174269727066
0.11746582852293719
0.07595090260486637
0.09850883497913177
0.25975939059950925
0.3149144858663828
0.49725506850261747
0.2491333349840732
0.47307846418681143
0.11556470372748173
-0.16979352174631268
-0.3329527330900677
-0.29319448515993873
-0.3854502825168128
-0.40454434906205283
-0.40319810751701657
-0.4055949442082436
-0.19085748473084596
-0.11658497778465304
0.047836907795177686
-0.043751107162699254
-0.25858994924718504
-0.11463330297121455
-0.2255905956886053
-0.18798124639555236
-0.03408424137841337
-0.0050969442602857296
0.0762899092349617
0.06573021567540016
0.22844169872871467
0.20002799793443038
0.5049834365937007
0.6112792643262775
0.8565244066157096
0.5284240621163355
0.473747230657072
0.6147732504466754
0.16861994191951146
-0.17914193840192816
-0.19727374550801802
-0.47759020563929866
-0.5021080002766198
-0.5616168434495963
-0.3516912716150311
-0.17708553919200987
-0.22147500891805594
-0.11769584981967207
0.10717099715429634
0.22894720959768577
0.41494889546459235
0.4406342211618708
0.2952508632389078
0.33816547474753533
0.12684076245803466
0.1286254145468635
-0.17647020999991025
-0.4492635485718415
-0.4480566250833147
-0.5603401330891247
-0.5796851147782711
-0.48743176851889625
-0.21772404325069272
-0.0506018283098284
-0.0995023231495058
-0.2787242190412297
-0.35736092087492466
-0.4069007156726868
-0.3418896960854313
-0.37084501369202016
-0.46038135381032785
-0.12720818457053784
0.1452386750528324
0.21799688768167547
0.18101881577759193
0.22060612169842586
0.2860101085416916
0.4192138301702031
0.24087721055303046
0.8051250783085585
0.6547680094742225
0.6311114354116749
0.40646382711093465
0.05303188690123217
0.19407284408958225
0.061196466721967324
0.2161009601382271
0.16017814365447403
-0.15690764280380154
-0.0495538069089313
-0.10467211640601748
-0.22142993094283447
-0.05862372932228099
0.0770555028850407
-0.036816527383929376
-0.18049511742863877
-0.09305964443675352
-0.11647561541587925
-0.020982945218887994
-0.06796766555412725
-0.04867128704832657
0.1729868459722933
0.33478789275632426
0.3768039297871507
0.20035748648360896
0.21399310530324855
0.07696295429019118
-0.21166695868521024
-0.48329787531693347
-0.5670860311762458
-0.5375267977471987
-0.5759731729587518
-0.5041455572232916
-0.4605647672807185
-0.11772317227346962
0.1867367220133499
0.22044957258880105
0.36172958763293217
0.1477125601411048
0.20664139088876654
0.23052521034028461
-0.01932707312374915
-0.4124981159979395
-0.5099631463556369
-0.5276869814652763
-0.562569661479071
-0.5363313979551112
-0.5934225447860122
-0.4701083084182398
-0.3171653810804047
-0.13581152947279906
-0.21662313678549072
-0.12732846722825886
0.13608264157359884
0.08991083683105361
-0.2787573955579914
-0.35315559483844594
-0.25488632264904343
-0.2956884787053775
-0.3820703795009768
-0.021663692071817175
0.14838758059971402
0.3845479459264979
0.03117295344559967
0.1814041689416106
0.32617120171393776
0.1881547110802536
-0.079812089081715
-0.2695784806191128
-0.30218896073107104
-0.29084949776480706
-0.1773650495955449
-0.09824164778774191
-0.35881225741865275
-0.37141260965824974
-0.42354428422785606
-0.507859360455087
-0.39709916709529347
-0.12735883776440382
-0.09075767263853951
-0.08160972690312873
-0.05096354755446064
-0.01688259267956116
-0.17843957340655026
-0.25055301429172305
-0.007614758423137635
0.009803555343950832
0.05913788839147616
0.11686263567291666
0.2029188984583591
0.09798529528722699
0.26953732188826307
0.0979894322495628
0.22028345919974623
0.38290441297602207
0.09083996264020033
-0.03686973397132087
0.07970081785797112
0.13392363508920468
-0.0171209289854537
-0.18504074082470867
-0.1984651180718835
-0.26097485183344116
-0.33091129303331557
-0.07185183869238787
-0.08617108611051871
-0.13845614660981753
-0.10863445312978892
-0.04568249191251572
0.08562973138939511
0.21399470641489093
0.14151083610449244
0.26947781913166236
0.21670845170803077
0.43190063210786644
0.49011650919500294
0.46470044077670547
0.5410189367829681
0.07407474008980874
0.3155951099223506
0.45609630138823565
0.05595301618011039
0.09918057094370913
0.25118121910935176
0.5013291210126305
0.4335184335334117
0.7789158724482408
1.9242419716219323
2.4101121191977923
