2.052723944962786
1.1485372797806856
0.7016125523513669
0.2500242475957297
0.06440094927422835
0.0816069941258033
0.09993013891151303
-0.03351649224295339
-0.005850723357763377
-0.1640519347709476
-0.3726907947194248
-0.3837754419167272
-0.46676277373839237
-0.6165644100043108
-0.6163494699227752
-0.5116839825331461
-0.4993747949261027
-0.3340937371764119
-0.2649361287385954
0.05578354703559374
0.11765983258077395
0.1985957852686201
0.014152927994977027
0.0429634705268751
0.09612534470353151
0.01604440863039358
-0.21778844023512556
0.03779780810964073
0.03600159850174822
0.3172820965796451
0.485187742150046
0.7398296534802552
0.7374408000497181
0.8452100103697426
0.6311159492550836
0.5024525525242438
0.3796086202951183
0.24636784235293552
0.09293863293302296
-0.13555256920975212
0.14262365720287773
-0.04585728797865185
-0.31764199938992843
-0.3055636458105644
-0.12530658324360133
-0.1780341369931937
-0.24137074901786926
-0.19320179261836157
-0.08025682559678449
0.07542567777123566
0.02198596736330216
0.010777116553229549
-0.04352637132352244
-0.18084497825328905
-0.31261086017359885
-0.27863837510878353
-0.2353042121053357
-0.3385333019068566
-0.2501114944055033
-0.1050482401378715
-0.0163068204648128
-0.3244250686343171
-0.2567018783534065
0.15597437006338466
0.2661000928568251
0.10611557526880688
0.05448267134978679
0.2561240849817644
0.22263809334300622
0.4429655040360607
0.36683803610154864
0.26449571886553036
0.3570922896060833
0.4347136758061393
0.5480539694892437
0.3676265820053266
0.22546254071732752
0.054829452061150086
-0.36224205201697113
-0.5025050405190425
-0.4698990911978669
-0.49471056472996944
-0.4219978128244646
-0.5020633572459561
-0.11925131119159926
-0.14687767663367823
-0.2549297469762105
-0.18485628919274544
-0.0024302882443212326
-0.25271470079836833
-0.3167394913278625
-0.07599932205022819
-0.1506828027067474
0.049396557833257915
-0.06420130006908253
0.09805277026326198
0.17144532886360186
0.1865788225331957
0.45444476473697903
0.4721735657703101
0.2873101040974564
0.0647378092060541
0.1437170721932004
0.28587115810868136
0.15017943864169692
-0.1073559200734373
-0.268537447465907
-0.24697282606325055
-0.20537319144749577
-0.14439936431018474
-0.10709841360726724
-0.22613101362740917
-0.14423254582776823
-0.1696555875671214
0.035234152054130496
0.07068790175486239
0.2541407550994358
0.22003342148556448
-0.0525595049554024
-0.2078460106639486
-0.19082282159880748
-0.3121200918057343
-0.3267387395003267
-0.45729284506667356
-0.49116626913554473
-0.547663482706984
-0.5972550583287957
-0.4571401476143091
-0.4872489078086579
-0.560036335298767
-0.5960399853928529
-0.5186149560681605
-0.5140290915139456
-0.38123316687913655
-0.18495725471665014
-0.27119233675472076
-0.41529951549985455
-0.38212283371392075
-0.18178960078730866
-0.03835669424773047
0.032864529814078725
-0.014017406576918412
0.06450427212824894
-0.10001432744339234
-0.01962882943196942
0.10116042351623955
0.05471048410435242
-0.16189498826070592
-0.30028700006787123
-0.21768874642347957
-0.46039854263031166
-0.5317951067298647
-0.5203411389865558
-0.38984860853148096
-0.40352564188474527
-0.43909179458948855
-0.3420454885248452
-0.14398663522813349
-0.1319151089038002
-0.3403928324708563
-0.028788821382724095
-0.24577101121225176
-0.1629802938370607
0.035044092937724036
0.17303377934492448
0.24014435732300132
0.04634288794063446
-0.07726266064420284
-0.18954587471457296
-0.11244045542295866
-0.25667439074476617
-0.1623383940710308
0.12140405434463808
0.4347819952677783
0.22908439848212825
0.03906333566496867
-0.10946719034875318
-0.3442125566177062
-0.5345200258345537
-0.6133736169822099
-0.6001978245799031
-0.6158161988389408
-0.4663227032985964
-0.07981434843804436
0.19205515772256565
0.16760939049477097
0.2340421579788895
0.30375697974605176
0.3269577805218955
0.19112484904694538
0.005717909708947699
-0.31943762278313226
-0.2952066472027689
-0.4614872702687245
-0.5273019400137586
-0.5297506186195939
-0.3300387319361102
-0.03438055338021795
-0.08015695621206664
-0.10535645859769649
-0.1429468923096605
-0.1323888970022037
0.00569248020814439
-0.003736379105061194
-0.03703225380555719
0.1380316087974418
0.13309341180592738
0.0240831706413418
0.40105047864085575
0.45613809900988067
0.814632820209582
0.5772621469239119
0.3411734072001583
0.31061157244853643
-0.28525483572084265
-0.39172594522374227
-0.4675744154443875
-0.4689205246296073
-0.29784249915626626
-0.013585151465089096
-0.05994486346637751
0.08386741610714044
0.17279252923300192
0.15277212507246163
-0.09948468993854664
-0.2709707070734849
-0.09925786352365262
-0.34851093898165886
-0.3744473596790737
0.004209013307707732
0.10558803822628482
0.5151367521972883
0.32310910635228174
0.17362004567633949
0.3206061128192159
0.4284292864071372
0.42343321128453926
0.4264141358100464
0.4480142156866894
0.21627564956563827
0.10808662807749703
-0.36927211367601775
-0.5025480209452022
-0.5557652336212258
-0.5469173889242169
-0.5874709330231658
-0.49617544667484714
-0.543096765792896
-0.5323099464724717
-0.42035617440392015
-0.4010263008041117
-0.4527518217697464
-0.3815816985126157
-0.2547017462725619
0.015062274333729087
0.16374615939597448
-0.12772160119372078
-0.1094150752875479
0.0996744093874562
0.1719040756457908
0.015305585007848621
-0.3644445986228475
-0.3759261670348756
-0.2782167010495833
-0.13790635284132613
-0.403084815566219
-0.154052303621533
0.09606174861903705
0.05690275966618452
-0.13092749837105466
0.09362093021057083
-0.0012027417978535127
-0.41837789645113377
-0.42095839546848035
-0.4183597811177925
-0.3982639548603384
-0.3552277692257143
-0.16228098968068627
0.3927065806836523
0.4310838155907081
0.6029330422299147
0.773233933629556
0.5422594306575449
0.6233560716072493
0.5320390106285454
0.6227610276545806
0.36597135908631584
0.3032491046157678
0.24173036114133073
-0.1311829296371373
-0.1219150506923431
0.19752760759918364
0.20887006928581986
0.0037441563763649377
0.23968991026635533
0.3517029064724029
0.050389855970160546
-0.02508830242272342
0.14254321753578125
0.16369620523191686
-0.03213185120488793
-0.15373304313060898
-0.020823092078293137
0.021266707138191676
-0.2927619815497814
-0.20918681658945515
-0.14090323874967825
-0.2455271110832824
-0.16708536290061837
0.1239002010512702
0.09417700026330034
0.2836068300258011
-0.013907585566729441
-0.07575724759830849
-0.3264983340646346
-0.38469637603200135
-0.45331284276540396
-0.4125408997649369
-0.3978246784826289
-0.4868977592980386
-0.44600590527049433
-0.18911979887425545
-0.29177883126035065
-0.07820862389482963
0.04145997405917856
-0.03308614350916528
-0.013383996631330941
0.09689600713075863
0.11178770465301946
-0.07617111349569838
-0.3421734499069713
-0.4892940007578426
-0.5665512136343289
-0.6522896025877578
-0.6553597366683195
-0.6313977806417252
-0.6377168996560876
-0.6209698227175846
-0.5063259100647324
-0.4093995342384791
-0.40790136691138223
-0.41538076858126527
-0.18596277718379162
-0.1817260864651843
-0.17485734105417094
-0.18510901173534344
-0.17308461915786455
0.05799042541755506
0.06281456731015322
-0.04205032191106206
-0.12832367393455535
-0.4543462819075057
-0.526061289844935
-0.5751985111114215
-0.5913477190687517
-0.6322823804051974
-0.6277970152998429
-0.4275054455887879
-0.14061162636302793
0.4412449468726456
0.59141523308147
0.6194462193758796
0.3496814569954827
0.245339756818308
0.42212165159371484
0.4279082262505658
0.39423248210648865
0.22272225026820358
0.05131274028394439
-0.17146490960266347
-0.195694434147909
-0.06819038067212313
-0.11929982793006288
-0.19021997449015393
0.1189855333989942
0.4465630641475793
0.3714028608639468
0.2150924252145534
0.09608288830745004
-0.06252904605837128
-0.3580282506135122
-0.5185144919178941
-0.5099207729632091
-0.5744738857906428
-0.4950113040353843
-0.4809542366597459
-0.5337357942317777
-0.4800203955811595
-0.24522650232692778
-0.24433532366118582
-0.16285111694282994
0.2593707596500171
0.24927646621853883
0.37884746232692523
0.33611000947432634
0.13804125286401736
0.25970350272120235
-0.08093300726922126
0.04498821924999441
-0.037148008773609575
0.24750850915032108
0.338753110405575
0.19812886083287384
0.13156825898275615
0.14986333713261957
0.22766399563746398
-0.06021909916825685
0.05302283140607278
0.09838058206770939
-0.1669830075687727
-0.19203986427687103
-0.3847798077544924
-0.5989819498737288
-0.596997351117684
-0.6021903854839623
-0.491136280370676
-0.20615783979367264
0.03481222743264123
0.005541864338293179
-0.16236018822759435
-0.35134620539181605
-0.35107684268838657
-0.29666232642184476
-0.2406908886182746
0.05558102869183801
0.1070803132743563
-0.0650716578427436
0.03363912820358117
0.061955815101231604
-0.1331189693786643
-0.11811417377041766
0.015508704206322554
-0.2113073508049399
-0.13648208493239244
0.1621901898247632
0.12259295704182216
-0.1294085853275948
0.026773139722938932
-0.05877048410400654
-0.5239208237123529
-0.5561630949347534
-0.4837726631228392
-0.35599603418165526
-0.2966728224040349
-0.3095677165854609
-0.029098487789553706
-0.19435362628486264
-0.06080022424483755
0.08959217789927854
0.12986230494355633
0.17181481509488217
0.1489271255146536
0.0015403901537975884
-0.13611200617225583
-0.08722927428019167
-0.30067143640969607
-0.41734072716303716
-0.41327154547699685
-0.1402955566095525
-0.19658758193077108
-0.00953999184908949
0.02499152471286681
0.030761934881928354
0.07101615331983624
0.27246650710858056
0.27847681671299385
0.23225671010652693
0.2969663326000068
0.020382591609052203
0.07661582644894849
-0.04420376691201633
-0.26404240730661543
-0.027457010939857418
0.025962387683506782
-0.14387312177919254
-0.0973856921687537
0.09464223205882338
0.03764888512103004
-0.19047170359834853
-0.28382434005425883
-0.2851367895724697
-0.4013642728734612
-0.30726177567069446
-0.020556738655712725
-0.05611727955842061
-0.28364749816059853
-0.19841290389162258
-0.011363648561395823
-0.05833653009625672
-0.23958182686175844
-0.16994609164568153
0.13284269153758366
0.1031413834426117
0.07796695651183838
0.12331083911260954
0.05653400925325436
-0.22182264178205013
-0.12901613612876173
-0.49160154487204477
-0.622425477185196
-0.5754375574759933
-0.5315347257666865
-0.5765027681157613
-0.4039799387000661
-0.11752497255371741
0.10872342484189323
0.12082497371757572
0.45542356331869316
0.7310650186549849
0.6617884351119083
0.656352337031313
0.46058358750369555
0.14659822841618875
0.3415741356048072
0.7626163992968378
0.7361376746640861
0.7065500690079949
0.6763304090068831
0.3365444519922238
0.06856054347337937
-0.035819410286423214
-0.5085816049843528
-0.5357636151645386
-0.41549492347788863
-0.4049281547749155
-0.5357108895113432
-0.4054596869861897
0.07503174006167657
0.23794001444734503
0.09025342005918358
0.24941093652588386
0.5920405721956471
0.4764505766539383
0.5093879358765527
0.6910856312476008
0.6945748147748972
0.5816287420797757
0.20497430023821095
-0.038903788170274956
-0.11728870575780448
-0.2383985158361892
-0.28575079753089916
-0.4665118088565099
-0.5037595186916415
-0.34042263625870184
-0.37522541734037573
-0.42217760821454675
-0.503291871831917
-0.21388517159280562
0.05364614212323349
-0.11709211407122933
-0.4006011676201926
-0.3417897994374465
-0.054724033370447844
-0.4253020555202982
-0.20349025203093496
-0.2113947309486166
0.16046127292368473
0.4988725737692771
0.3502432425678792
0.08630226842296052
0.09686566081933712
-0.3467393104998078
-0.42698760816221326
-0.39670386864791385
-0.5308972449761238
-0.419064784202575
-0.09070472265748664
-0.20187638015716758
0.06833555962879101
0.4150096857221133
0.17086305172188254
0.22422263364538342
0.00042173629019592873
0.09086359178925185
0.10815001976320204
0.43470656195029844
0.1813354018340294
0.27343449046423063
0.2303310064009637
0.17797140881171136
0.20123050882075622
-0.11346436924906367
-0.41011287012515296
-0.4889287327760501
-0.3875020217972055
-0.40602370492291895
-0.4879876338781173
-0.26374777514615777
0.13689676662485128
0.09651268233630361
0.03558890797461134
0.33134002981780697
0.4474406023139652
0.30466961710074747
0.2118700658938263
0.16479391010657574
0.53878299320715
0.3084384999692311
0.23914100127482074
0.20602499488951131
0.04559657707249343
-0.09981233336012152
-0.020302833633059514
-0.13786216269282303
-0.32932457784664393
-0.16029908664569037
-0.0436839445873054
-0.04064697891510627
-0.19943355236864602
0.17049430650223996
0.2617636594720826
0.13240009524524632
0.5269689166592202
0.6518820911152685
0.7666627121051077
0.6663482004233572
0.3748332190332122
0.12144417308668676
-0.30867835320483994
-0.38774000805303754
-0.541930676964046
-0.4816139753302733
-0.5220656356829596
-0.4796830169840052
-0.40811361915130684
-0.2213939649381662
-0.21358334857647554
-0.113627901511265
-0.26261996213708927
-0.08581575882062598
-0.1038262183206432
-0.20144444728817001
-0.2899878122281101
-0.13924679969925524
0.07797713961375319
-0.16988585427048553
-0.028284856397163494
-0.06048164809886725
-0.05483385971483379
-0.27495816544938945
-0.33897434426245643
-0.1892154322581563
-0.04526317208065134
-0.22225384806448945
-0.34902334728644524
-0.28795679440331623
-0.19249718579016917
0.06896842971021744
0.09531849828456562
-0.0028834079733831564
-0.0384786850073815
0.008220931492844752
-0.20747926614239987
-0.26690287319073036
-0.16324968658358552
-0.1271911036160388
-0.01833365909795437
0.33467681053706166
0.18677992951010092
0.10738930349001119
0.18263591190104744
0.04670490528626725
0.04414610622662285
-0.10568542137872172
-0.15737897254451183
-0.030612755095863475
0.14493920401106142
0.06614790638521262
-0.04523405112534429
-0.37112817916202134
-0.5027328964110438
-0.35792028744965254
-0.4497195700256418
-0.3083540003980212
-0.047188089170418945
0.23999853559721862
0.2519400451856336
0.2679589186121082
0.029681287067196305
-0.1645384741209054
-0.29969805892488255
-0.1400441644558743
-0.23385150981017055
-0.23893146434962453
-0.0880307774310588
-0.22962100964695709
-0.10871692538887001
0.03766958980737534
-0.2013236283956985
-0.28161558201246817
-0.14244053970507453
0.009797834639849512
-0.34158090799935936
-0.499407840123572
-0.5487002057533923
-0.4614237209428238
-0.49092614319163963
-0.4726550748250602
-0.03769764450152502
0.1016056248061955
0.030096190165583847
-0.10223928570375462
-0.10833732351273029
0.09558873018440928
0.18014723962985313
0.39293923418714094
0.3921137679849537
0.06965273838049924
0.13035882413514854
0.34899370115623785
0.11074097331263666
0.1750663872831414
0.09902318914965358
0.01582663319781752
0.28639139817640524
0.26332309150950184
0.08046850501215774
0.179496492195386
0.06460069117844769
-0.1516734293860832
-0.22443601240716327
-0.411849720120387
-0.5088021695506013
-0.3871272062764852
-0.30133259264640455
0.0238372034122597
-0.03431721297074575
0.06605426824686722
0.051018207106613755
0.10249662568861473
0.10920189760578636
0.024331918348712622
0.11298599111910246
0.1399532155379284
0.3897162745542746
0.2548669502922122
0.15118153867931072
0.12458630426220407
-0.040901035999290514
-0.13402503106072772
-0.4400261778361332
-0.4474477197376807
-0.27571371189902827
-0.04788662715246217
-0.11970484059070663
0.1574275197932673
0.21530640872116114
0.10713037953528182
0.4149061407374727
0.25573979887037934
0.22675761787711513
-0.01736382997985686
-0.15158575668899843
-0.136214468842358
-0.2996065063420583
-0.18775058250581667
-0.21405083274831438
-0.35561456861678364
-0.30523324360839
-0.04917342424094018
0.2811568464530967
0.4991531417423358
0.47915931809259427
1.6266150640980035
2.8080552184692658
