2.2533722096084503
1.260778576540671
0.7639297766931183
0.28105962028344456
0.11950054432929447
0.20472177250676316
0.3588484158728713
0.19126037287330633
0.03197849469579628
0.00018798551286058895
0.08839184394107513
0.04591871490556121
0.1806591588262929
-0.057815118833833834
-0.029807574202230458
0.1372148027850677
0.11616212065136178
0.12148465845156509
0.024478465127973692
-0.27767448255522087
-0.2842214551633033
-0.22526336260050228
-0.1909266055991211
-0.16234349382833735
0.3043629544607289
0.428862420326941
0.9619016481905335
0.7265130169350361
0.34021321004812
-0.027310093029250915
-0.20109764358599935
-0.44727100209241577
-0.408022010705257
-0.032227645766368496
0.0384708706361262
0.2510086738811296
0.27575083962411917
0.27063972582031537
0.3729124239739965
0.4533213118421009
0.3274076010076469
0.13351759138635733
-0.08083339322418415
-0.3189316934797435
-0.5112016165901292
-0.45581687323973596
-0.39095291181891634
-0.39203784198586367
-0.0412773449422883
-0.039698578830444364
0.11266506548950539
0.2815790497538194
0.14728213331451734
0.11424837758419137
0.577846358988181
0.533310283686779
0.7596259937590849
0.7049242941367975
0.6179752151735725
0.462038216818232
0.19615442239428582
-0.03577137196787272
0.12491403565924508
0.12473192082516171
-0.004461098584964351
-0.19148991566062668
-0.010652107176267744
-0.0014092579255153836
0.07117467743251482
-0.09114810956948105
0.0552483020428548
0.18880814773820198
0.07386396927657735
-0.20126781113778214
-0.33638615739164335
-0.13913679149181069
-0.18176099653354694
-0.38208730298172444
-0.4649904114270873
-0.45943833931638145
-0.4326220400367895
-0.2545322150179452
0.04182829636761842
0.001886527538370486
0.15165251110885825
0.05629331987648689
0.16956942177586876
0.30809389136477183
0.40825126488384933
0.9543962707085472
1.1181953677306093
1.592966329119182
2.088462575618725
2.8196579373399735
