2.583031683342741
1.1349636004635342
0.3130375249375368
0.14515803644305547
0.04318787484341524
0.1051957725882513
0.046054999016204134
-0.03887372020973734
0.06445783390591675
0.356203913940494
0.27799944116093334
0.536959727217262
0.5787528484017795
0.6074099596305944
0.5037110913879893
0.0653021997705363
-0.09435481390158862
0.11603772341043006
-0.36134894603088163
-0.44082795375578954
-0.37630879709925524
-0.3729377998443615
-0.29493563572728276
-0.42013549552591944
-0.34856123482025636
-0.14981728246292092
0.3217151679434087
0.5260271558847641
0.6191232742494559
0.43959508837321104
0.022996646266272625
-0.30045492168211996
-0.340495328325914
-0.37704833525540904
-0.40419514784296817
-0.11173893706001103
0.2132362043794479
0.18127809524177407
-0.10178839442252652
-0.09024662047146281
0.14993274381966104
0.00011285951823480911
0.11474844814976903
-0.07105423650297027
-0.2526361681843994
-0.30264547114949014
-0.0982696949252796
-0.16206244160830108
-0.21712545056654364
-0.0941993477167562
-0.13259498050906615
-0.0341780284844998
-0.12015271885816381
-0.07771888343912581
-0.11087676653673273
0.15072789963221
0.5233707544648604
0.702696886408841
0.6692174428239545
0.169636494702323
0.3853973255744161
0.4311903328154928
0.220069580090674
-0.09324575389033829
0.05489436545692172
0.07475169738376697
-0.0664827537272259
-0.021555555360669443
0.13525546880294592
0.3926639629678921
0.11455414755128657
0.25804911372048167
0.45866283131442365
0.4146187547906224
0.9021934461203283
1.6400195926550858
2.503022926357051
