1.0473430542020166
0.03220729226896524
-0.497765353946257
-0.5760320951033395
-0.5752112269472014
-0.4218333193325752
-0.39274722868595413
-0.11121869285191688
0.018019055692430785
0.036429299350997923
0.1097111765986154
0.3255970987058431
0.295982514549194
0.26391824547444587
0.08064388797377908
-0.12356036434616802
-0.23256165635745762
-0.49379757447286443
-0.4607299566095977
-0.35377171957995923
-0.4865173718030882
-0.4808430024029331
-0.21635211176983216
0.023915382204052094
-0.0291402306653612
-0.039556954006184086
-0.15846003812502985
-0.192704199069346
-0.25242747285099143
-0.171892594284916
0.061442352331014805
-0.10128112623236629
0.03859384138418631
-0.09764214213485256
-0.23209326069842673
-0.20542187737376116
-0.09176586945077547
-0.0787145668471686
-0.16640491888467535
-0.14009511972005562
0.23615907402879754
0.6028350322161161
0.5609186739772704
0.4026376321652194
0.3196244902745824
0.14715373650796737
-0.010788155335066385
0.03597532025598771
0.006605284512662846
-0.4089046701823691
-0.37382912227465126
-0.3331026554102303
-0.3036122114864266
-0.4438907261380748
-0.3576064157476321
-0.29578713461222983
-0.32055582331256116
-0.3692859177495298
-0.47616747856367425
-0.2198651989818987
-0.1706226879190903
-0.1621829256579267
-0.1615320639255844
-0.30503665424071214
-0.23788558714643038
-0.06544445825385103
-0.1783207003092071
-0.27061902671888105
-0.19997719921759594
0.07913344252582688
0.2803479529826721
0.4022557564043575
0.44546442888916493
0.382151443701488
0.10934318882294847
-0.19661302976787165
-0.36658570893595854
-0.4345593969733794
-0.29812107515553354
-0.23474135826867637
-0.3342652381915673
-0.3951914152616802
-0.23482724364852336
-0.06395328524842725
-0.14301510361868253
-0.17629179928691208
-0.02111189014337511
0.11452167115921541
0.14924019744290518
0.1741659762387484
0.33788753228289203
0.3590598727453793
0.42624575937000064
0.1728215300450533
0.38159325424999635
0.941393953218944
0.6742229723419332
0.5048683883761762
0.1814535675393999
0.009367514039078317
-0.22879700878305265
-0.4070204159039035
-0.5200697163326811
-0.600545513745063
-0.5998739096131216
-0.5909786227367977
-0.4830664565177929
-0.49710899197334335
-0.3902329315707054
-0.29736341585151793
0.09819870222411908
0.26940352605474205
0.23455460218325874
-0.10385035136538945
0.09868147877604028
0.04198242107337713
-0.17003052992192635
-0.13106002134797146
-0.10668229081502634
-0.24365947448216074
-0.40997933725004954
-0.4878653426441104
-0.471031922864221
-0.47545489943799657
-0.09334615552771719
-0.12639855205672124
0.135428023727294
0.3298071297678039
0.3047153223236121
0.10493832008362636
0.06468133178221092
-0.06512918450446314
0.03131228963198329
0.11870549244944006
0.21628092673109067
0.19316060606392205
0.12389615164565315
-0.03260707336724089
0.10001788820069324
-0.06669213914434768
-0.23327432240185364
-0.22909104938894287
-0.08067330741883538
-0.252568766070036
-0.2732877852948734
0.08399305092071752
0.1216362620448872
0.14628251086114463
0.1908966545623998
0.2942355151714512
0.43527009349398016
0.4318456169939193
0.32777787486666643
0.11689909108963048
-0.06422159790778836
0.0674161067860991
-0.15668082526550886
-0.16382585759845736
0.13280572696186488
0.007557561977417193
-0.11676877800112895
0.07465788837056175
0.2671292919929409
0.280986943179524
0.22612310008819558
0.12960365501375304
0.13172423451534931
-0.058543818097912204
0.015557575761960374
0.31878825460517446
0.20527474774898813
-0.02337987091758209
0.17744830514486742
0.18470113391446197
-0.029022201588680963
0.1963173714025217
0.1438906298979793
0.08149582873048966
-0.23686176891718347
-0.258427379489918
-0.19454498200931392
-0.3461353237110605
-0.44373088683511797
-0.28710676858633555
-0.3785409047078463
-0.43034237554540233
-0.2589200223758228
0.03634297267342468
0.30784686862831545
0.4342985631043471
0.6136788917445071
1.162849557923347
1.8510362165506673
2.581951519443766
