2.7647548977085243
1.8752432220598028
1.0108245652636407
0.861486514936897
0.691391778262872
0.7426024658040119
0.41905706726651315
0.22256558177850194
0.6607125401661595
0.18282246553736292
-0.15319372822919897
-0.11147899768952041
-0.11507861393247809
-0.10471852456928954
-0.2907168483035818
-0.21464349349182488
-0.3248804226100178
-0.47795183666515095
-0.45360719821788464
-0.33041000195100867
0.05805319314148516
0.18195169117539645
0.3527735525335538
0.45092741577191975
0.5132982323584673
0.5065098053802404
0.5621422412180497
0.6510026905253327
0.3926165473872709
0.3786280961264271
0.2773693488726403
-0.09369770271951383
0.03908991532835504
-0.004087499496196467
-0.08229187989191855
-0.4163585237008267
-0.5985975166248236
-0.6406898464877839
-0.5576230100709638
-0.414973686416644
-0.44177071471464413
-0.3148972326740487
0.2292544102922347
0.37461649884091996
0.33934346263079296
0.4987147318231595
0.4575511637505699
0.40594606334979866
0.14577009927165085
0.160087981385734
0.10098055434393793
0.0437146060781719
0.21943954169628122
0.41277152726309985
0.24955951738841609
-0.10510564706332015
-0.08962725036548813
-0.3406224311903392
-0.4015255014245064
-0.4785009742985604
-0.3056183030947559
-0.10639651708705189
-0.12064342704773667
-0.10486276741050027
0.22138600832526767
0.17893348631880834
0.08172628029900997
-0.06595504113066009
-0.17536634736173728
-0.2713083496765446
0.08069142676493479
0.221568383510667
0.3064291217849404
0.44129480646077457
0.6638422233121393
0.4959077050609847
0.45311918618976144
0.32192377729548305
0.3719940536843229
0.30577391355688854
0.25422700712840374
0.034748201441040516
0.05390312946106557
0.0914484370840376
0.2699569798235508
0.13193747775689202
-0.09369572779080082
-0.21648476242574133
-0.11418293039729277
-0.10373050193848399
-0.3618457753074734
-0.28415214605934014
-0.17655673235379843
-0.40285269435120274
-0.44579576017141
-0.2095980100374204
-0.3497721322659897
-0.07146749500371241
0.12243045956240628
0.5046870180228656
0.35980715897566684
0.05164469987978737
-0.1043857178993014
-0.35916248687682706
-0.47982790040421075
-0.6100801275254712
-0.6467170896595857
-0.648231707570726
-0.6157797369815627
-0.5699177841533458
-0.5180914650146262
-0.4860651656774817
-0.42430181921831145
-0.41457920579752106
-0.24254920186468
-0.35599694946910065
0.2793005465165159
0.36773395073006776
0.4089204238717282
0.40511800927519537
0.26415373759968497
-0.04424737292754455
-0.10215203632798231
-0.11496053715175647
-0.06654188019862495
-0.07714907432320317
-0.007966198339391162
0.06585458746054829
-0.0874882872633026
0.059963697301900876
-0.26360790192104
-0.18019059270229842
-0.38993493050261585
-0.34190757403537275
-0.4589687070816122
-0.4220239044497811
-0.37286896195821506
-0.06419202467680463
0.4096997799589964
0.8083707668117781
0.7953534826762676
0.8265536410346914
0.9283623658790346
0.6332221684085676
0.40823288167296756
0.25115673314088327
0.0990066656740497
0.3587244680406666
0.23785053855845595
-0.09194327190439833
0.08080695038486907
0.12781592700394617
-0.09097517805905797
-0.06774698042813065
0.3416962842245653
0.5707071730534085
1.5301722788224699
1.9575801848353358
2.42231494781608
2.9808229916895606
