2.3400236808011114
1.3070380395345178
0.5710534768987547
-0.11971295459972853
-0.2308660516448242
-0.1167463592347997
-0.2161585697964381
-0.1989520030266444
-0.22727821374134427
-0.1309790649274457
0.06555425975052587
0.039144842154249404
-0.17283056221920012
-0.32729261925769604
-0.4138001659881544
-0.25011270883834436
0.046721964352158696
0.14739684713527357
0.37815202093066635
0.4729391050307097
0.5278587255594008
0.602587340311554
0.39557156739114363
0.22814016497269174
0.11930727414017983
0.3718866820478295
0.46474185024770076
0.08711362635842335
0.3466268135447411
0.44034501940654813
0.4562484922210922
0.2151864871399849
0.28012183801760937
0.23790196053384394
0.09015901964094786
0.09689636334760277
-0.05389451598000372
-0.31037016000419837
-0.49295667948789745
-0.3942356122958499
-0.15950229776427738
-0.1006345749791776
-0.2611239390582354
0.022075382495686857
0.08577726110178996
-0.21466791818504194
-0.2218476895092243
-0.24194172689663151
-0.405217107134326
-0.6152876087615033
-0.5064252907959348
-0.4364216928285606
-0.12713793255881178
0.07518021298392052
0.41909953614486417
0.8368155675035439
0.7572741914560368
0.6906865934530138
0.949792736865336
0.7823261612684935
0.8566233305515012
0.47309815519606047
0.03657784835360389
-0.11030738418178865
0.050292204598877954
0.07079757008674614
0.2183997455523432
-0.1273376531568774
0.023898180173786754
0.025836724284879153
-0.2202954347063495
-0.3209474863922712
-0.43855516920139315
-0.4811378839552656
-0.5318010866152516
-0.524800156013681
-0.4671443865231306
-0.3473062473206201
-0.3571950140746638
-0.48833121382200195
-0.3189899312206741
-0.2631897568404351
-0.42005814731747704
-0.4664688475268495
-0.3549240776466118
-0.3904203165576414
-0.18928628564993932
0.09625749490234614
0.2606017310565427
0.2693020809294262
0.1187457148044272
-0.1504651670470054
-0.19199566652285682
0.16397625921212056
0.07079373985566073
0.01489722451377773
-0.13846411672819658
-0.12896285987928202
-0.3616022162114654
-0.3655782331024452
-0.2605689992196514
-0.3911343864146828
-0.2799348960656014
-0.18363054051759886
0.09729536059231181
-0.03528191686456272
0.026330759895908273
0.20953660791442696
0.13748491374090765
0.036237501367981095
-0.032573199250482965
-0.18359290319262456
-0.14349640617476844
-0.06925555300324104
-0.10325298461455212
-0.4178172589698568
-0.40764414148048567
-0.3616151061607027
-0.281353877027952
-0.33093797739909425
-0.42299834481076015
-0.4075577671714453
-0.5337748910618754
-0.5785814242392076
-0.5993868398495581
-0.5339789662736987
-0.4962915561966077
-0.4883722399237098
-0.48219099897269735
-0.22745196270855095
-0.13136931544196795
0.1224126240723985
-0.3577270927056089
-0.46649025325234716
-0.5629495784793692
-0.5593972714645945
-0.5602967328966011
-0.6142504008381018
-0.33930281735029233
-0.4034203385057131
-0.16053965916052326
0.4752123015859525
0.6515721343301647
0.575519280643967
0.28001634212710713
-0.05512452143210822
-0.14701183789895433
-0.24842525612131916
-0.35206812390523967
-0.42289356493147134
-0.4145841930566333
-0.4271403294578555
-0.37679514482011656
-0.2401368549771239
-0.11087975891808
-0.1734750249403939
0.0973688938683176
0.05310913316280674
-0.12445369657230954
-0.25867164947051813
-0.27377324662683855
-0.024701453078040392
0.13740839031853003
0.09291376727839351
0.30156153408706843
0.6342233072540597
0.7952652632167664
0.6945843789874604
0.5007823520605519
0.2802918898913781
0.21716256959953928
-0.0438912972863883
-0.19324110517578996
-0.28398390547524377
-0.2020768188128983
-0.305657835482234
-0.17376717375750783
-0.26088013735839966
-0.030841144285259636
-0.3776174150399664
-0.3360048263404558
-0.15730997095152133
-0.26307279453587684
-0.01720746285344954
0.028256377585373138
0.1312461487630775
0.10149560404663194
-0.039920374698263816
-0.0013300146193018225
-0.016112548184684328
-0.17607464234538583
-0.17391973156200746
-0.1841252324836733
-0.09749554592277843
-0.1666528932657304
0.06742842452127762
0.06476156410622524
0.031728036742903476
0.1187383089895323
0.2797724462000395
0.03644052824007449
-0.018653329305195143
0.3191218430522694
0.41381711567979307
0.18876332974191778
0.306598017284591
0.1809999845734115
-0.12492191136549802
-0.33665138036732145
-0.3314099454358318
-0.49313244318532545
-0.5119866204642216
-0.3171960645721773
0.032219700242468674
0.13185868365871267
0.045362065868191026
-0.0787937492117311
-0.0011426717155607058
-0.17201846642349827
-0.33985948527098697
-0.3324364340446644
-0.26311689532254745
-0.33219558918241265
-0.23207237416513282
-0.22502333862850254
-0.3239897493193742
-0.2796083104279492
-0.3421435609662339
-0.40196740912894113
-0.25368772950537877
-0.3016366534009305
-0.3242080981049167
-0.5160334656263583
-0.5437220031527032
-0.5647305249265249
-0.5128503351412184
-0.36732691767731473
-0.570310645921281
-0.49100145899064707
-0.2439905926124768
-0.31969398424704676
-0.17075430133938718
0.02997498432549428
0.013891263192794545
-0.21722630858526792
-0.24313986349332084
-0.25918361727337225
-0.42492539833640364
-0.5137596994063349
-0.5321775861749354
-0.4006508405404431
-0.5055000432983996
-0.4283276765174272
-0.22504758205816655
0.08738918566072928
0.10282262169106127
0.06365801799401416
0.04333022520720342
-0.1400876065180776
-0.19720629499010234
-0.08627370165138248
-0.21484543652909238
-0.1535451880766201
0.008830463973350411
0.20732908930269645
0.23112423741408827
0.2771368818908685
0.011180319963212004
0.09938810256248065
-0.06640004320656645
-0.2976029407007299
-0.27343034079997364
-0.13597218467862937
-0.14640947675936644
-0.16217224425259802
-0.32237674072629696
-0.40753052085023067
-0.4142037092704234
-0.5011206061492748
-0.5486227068821719
-0.6388622859304482
-0.648992517434563
-0.6595533588885929
-0.6135189225480393
-0.4485179323712587
-0.24763326719748746
-0.03930648991410468
0.03075691880950715
0.12663820624567013
-0.06781889951630848
-0.01624148925069746
0.03353937862759948
-0.01128961039320242
0.4050701366127071
0.3198101484730781
-0.05754548002406501
0.02605339048122246
0.11606769031864872
-0.18167814046770225
-0.2125025806850327
-0.11085160612911815
0.05555496807272331
-0.1480292934102032
-0.18192011399809926
-0.3134372444779897
-0.19542137998845088
-0.39586726897942937
-0.4956130117113946
-0.34930114666939505
-0.49198575801788014
-0.49822806249019713
-0.3413284192005426
-0.22922099960867026
-0.1317115053311061
0.030925612026052818
-0.18902844407775077
-0.01831169036179403
0.16169720014117073
0.06665847292182348
-0.062242198323194664
0.2186940337448684
0.19255077808346788
0.046383568594216884
0.035324197848599304
-0.2639161294539929
-0.391231258948302
-0.36048681668696136
-0.46691583321828767
-0.40785693348415997
-0.42736529840870574
-0.4015672605018843
-0.1512230397404648
-0.20828840130325177
0.16919785184148706
0.35736775205154914
0.41793778687637073
0.3402945529085213
0.177386721462364
0.022498989478376474
-0.25928146241263117
-0.41260423760891907
-0.39589408277533544
-0.05697366095773815
-0.2522962088086964
-0.2994202145618239
0.0032259073147042905
0.2223476963049773
-0.0024802808400187226
-0.1896572114623809
-0.06127541702198336
-0.29294693779542724
-0.35779630350746294
-0.4098091913904012
-0.4839833573273131
-0.5348852133422901
-0.5352631645559731
-0.40339931486314007
-0.3966439900113732
-0.36863383496318103
0.019083037856359564
0.08564758637261527
0.24366085400031334
0.35222664822809424
0.19447184338045276
0.07435393169416193
0.005898194496368747
0.2231561774382127
0.2155846314173253
0.07790719790072298
-0.22584256673032432
0.0019182675789081172
-0.1603057294740946
-0.23704637567952713
-0.11572594332462016
-0.1926272611720783
-0.4594413173876152
-0.46674519996902086
-0.2865988140580955
0.18828275010178275
0.6089658220039041
0.6886729255554437
0.7511225719815067
0.721836431831941
0.8734341434026273
0.37724918645389927
0.2852900559663739
0.0077079643188650016
-0.21921629675662846
-0.48567075848409
-0.40471207518322116
-0.4916389944922781
-0.45933722727611315
-0.4543580331188857
-0.27894942094946673
-0.09444903637588398
-0.14409061834556725
0.09992131260135251
-0.06797681032007741
-0.1957577934343777
-0.17397835040727794
-0.3495540018739418
-0.5362678916102661
-0.5592866793530704
-0.5816570715599245
-0.49980489767982905
-0.27668448595844986
-0.1505722325588844
-0.13365538223671358
-0.017645245175625934
0.010723751738037968
0.17992996908356407
-0.013269042739699088
-0.36124685756725716
-0.22690241780624087
-0.2035235972437487
-0.33165756821221537
-0.27613299904864896
-0.055308654579922845
-0.06336034469508323
0.014692247312548812
-0.09151199985660208
0.02958118926223563
0.021945363050347777
-0.16223428323106648
0.11429969326068457
-0.23296180257717425
-0.07787040751732888
0.013857099364461778
0.011333880485320913
0.07134958503090694
0.3182404077290921
0.3104316469643621
0.35381834966355874
0.3434545191685334
0.35655826148846814
0.1587396101857116
0.3306974193001029
0.08422535313897439
-0.07607902656319188
-0.10389814698561972
-0.3557409046429679
-0.517966111113753
-0.3807686421627823
-0.36605790578150055
-0.36250166983158894
-0.38065367921366033
0.07503581654491687
0.18318638428055922
0.09717927044320984
0.3240298025127796
0.6628761717778535
1.2880665502078872
