2.70398302615167
1.5586794743247394
0.5598293948496349
0.0875532769777917
0.2197591768816486
0.01331745843557397
-0.11558890241072284
-0.17041194488790257
-0.2821060996858995
-0.3890016259192892
-0.3274306353704035
-0.24046198321999068
-0.09082626249754255
-0.1503612613062233
0.2601837293210496
0.715081798581617
0.5493056052140499
0.5398148579183255
0.4044497902824782
0.16848109215297802
0.15811156077248723
0.09042639261457974
-0.23074538318761517
-0.19174357060876412
-0.002091146328068727
0.1638971650168134
0.0224101474167423
0.03896364040780331
0.17100681392607986
0.030186584887906487
-0.3520294298593778
-0.33983489740086004
-0.24543347657959824
-0.19018515394178048
-0.04533590340433946
0.42516198561959095
0.6064489227946139
0.6199179768304444
0.5466838999055723
0.12335158683082759
-0.09942366661678093
-0.4077246392700904
-0.4822950147310814
-0.5756484842344074
-0.5460980937584676
-0.37362384833723694
-0.3089138108391025
-0.15781377658669105
-0.2772537148313098
0.0944744535042521
-0.0032837469664239727
0.24465260062936023
0.3678338878764601
0.5410226332439323
0.7899571633595563
0.6640335650403597
0.6547300826607182
0.41493336935033265
0.26626842941725226
0.15708113661830203
0.2412592246367613
0.10772803304175826
-0.12760892191542172
-0.06935145549054467
0.08786616064855213
-0.015409922108479579
0.0800292504226312
0.04080526421565367
0.07464048765615638
0.14061652805120228
-0.038023685148771524
-0.25000288515139824
-0.3410331734246854
-0.4557883500703175
-0.4758284106270896
-0.5355248879658385
-0.39704660751429843
-0.5660688476425728
-0.44032964747211834
-0.34510104314814605
-0.34101268203712354
-0.165086990324239
0.18021725879760775
0.5120313473794312
0.03343589236148614
0.12214725167364104
0.2282502727923449
0.2158670910315229
0.13947718202982473
0.23295610430242097
0.08589743725984234
0.008337631424501724
0.009826545938765086
-0.05236610007906717
-0.021934402212057114
-0.1377807570016708
0.12782964666941476
0.2722867028953109
0.1083398155271319
0.11133580868814574
-0.28048458083263106
-0.45429610758776184
-0.33628244503071414
-0.41638846261766105
-0.2937771102450445
-0.1804465316531244
0.08557357735899662
0.23273135641147247
0.22377388324694258
0.215507792745809
0.0688635366574486
-0.12310769225404383
-0.07247318416539317
0.14963134886545704
0.1672453182724939
0.18841407384517506
0.14989851064664295
0.2250777924302938
0.04347535486243992
-0.17313663987192274
-0.13804125210558482
0.14681906590220395
0.1010923076439556
0.20962543936747302
0.09440105097547602
-0.2199335297204298
-0.231772086177781
-0.3967342291468199
-0.3358241526752096
-0.0032308217401936234
0.05445318151035894
0.004570355205624654
0.12154826923310313
-0.019962801827502652
-0.353250018932318
-0.4584883830500386
-0.5305391061655962
-0.4355293085011609
-0.4180588310462826
-0.5134794701449397
-0.4883144483967423
-0.3619465241493026
-0.1387134275445271
0.08955716200559272
0.043126108130590035
0.025074341292152247
0.12951427843509955
0.09717326013540706
-0.2940216518185389
-0.20933822409471126
-0.19879679058940913
-0.022338598876625593
0.043104461156317386
0.14488946848319917
-0.17408283590179952
-0.2071577330795462
-0.09815095245036065
-0.17341416667502374
0.17626428317084297
0.20295112445323582
0.24890840434258032
0.11808488277448448
-0.2855518455493101
-0.4652862500114976
-0.6218873978796686
-0.552568228260566
-0.4949287243759444
-0.38601154551462824
-0.4534030160700847
-0.2952137462374671
-0.2105358835265454
-0.25500556295564547
-0.04990947715182037
-0.08916872534877418
-0.19482002367918017
-0.11913115288551124
-0.18197731405078987
-0.41740119553406707
-0.5093481788176655
-0.43910953193875124
-0.3593735008321334
-0.24418086432277475
-0.003702236640837464
0.15605422015106563
0.2579868599489463
0.486141273109741
0.24638170391155745
0.012949284090056246
-0.1948103495653868
-0.2986573283856847
-0.4870470700551406
-0.5435811578609131
-0.5180832221156664
-0.4957390107289279
-0.43484229368047567
-0.2414347392098556
0.11696621129482154
0.1926511003474135
0.17099261683804945
0.21197735536645135
0.08966665992947687
-0.2784537059009534
-0.24291722652545844
-0.2860352644749897
-0.32154093141968043
-0.17236167309298744
-0.16899012688197868
-0.23302943786541552
-0.36419867522775506
-0.523110915859857
-0.6189522856607725
-0.6450677435963625
-0.637523831426094
-0.64137538709566
-0.5698482154174662
-0.5205298643335596
-0.10860350173603439
0.06625039814567757
0.19850055087436447
0.2488527040472277
0.11644291503711479
-0.18323732354791844
-0.3301125973774034
-0.24659524626896956
-0.3114313178545649
-0.2553957543007572
-0.30905655186531766
-0.42717642329116035
-0.49840949988861216
-0.5771256131066984
-0.5322517753977656
-0.35379756059306366
-0.32248338459788006
0.07157034031502052
0.17794329135497655
0.11245042365637503
0.016358536874280016
0.10445428085075015
0.12283537870718297
0.034808728311652826
0.20924598858323817
0.1647599978547174
-0.027679968635964447
-0.3444432791198522
-0.4992351204951513
-0.5870971797937046
-0.5537823285155288
-0.5773712995045799
-0.5744686017275951
-0.4057122622893137
-0.47801920394713426
-0.5553966260989593
-0.5507980275719029
-0.4144674300324671
-0.3127642283000106
-0.2899947925625639
-0.07388025190130987
-0.06065686797811254
-0.26040361626424136
-0.3958895460441302
-0.36251601285321844
-0.338883826981231
-0.355925552452119
-0.2454482380668227
-0.058454514762539045
-0.02177448763767731
-0.19950906366558652
-0.4907768388803815
-0.5079667560877643
-0.4778997981355848
-0.1849051772441357
0.07100429680494535
0.20218193685606412
-0.0793223596896393
-0.05249870625695885
-0.1108449224933008
-0.019150583524300213
0.06238577626890385
-0.19787242726847742
-0.17737385911212356
-0.18786772222972037
-0.29303313185321156
-0.33557167814735955
-0.026400794330950883
-0.07125265291368243
0.009479265433264494
0.07910312952023957
0.10585922751320731
0.3128400055038094
0.12982228958856112
-0.09606601102670576
-0.11800207259682416
0.20792835584618263
0.32403900923520645
0.5582688349514742
0.7138784129477822
0.6039758904631586
0.7505023905516788
0.44457008869867276
0.39874021730446185
0.22223069180109367
0.06486922027431874
-0.33144600840732263
-0.3399709716241244
-0.32336434304087813
-0.39877940418631375
-0.47967232920911806
-0.35431349712958293
-0.1949766289810615
-0.27039529652412586
-0.2372136018687474
-0.3160158079200943
-0.3732446191877671
-0.34150962697398124
-0.21604190031247716
-0.2010326327419727
0.10336290349027999
0.2549364639627453
0.3899204835031935
0.3513004244900061
0.3126126391650582
0.20315221878873246
0.2656311083754307
0.3330532818416386
0.27583435234932985
0.051717622929851825
-0.0952810974035353
-0.14798265619072248
-0.4061616881325345
-0.4106305629871515
-0.4169578393478961
-0.12962646227917896
-0.3487457604997981
-0.2564006958453282
0.0130199139570647
-0.046632580641624566
-0.13992812937881838
-0.33403985334625563
-0.20063335291268425
-0.047151636444162315
-0.0377867415449874
0.02044422949156477
-0.011878781223522705
0.11240350698207591
0.06732052366664276
-0.1454366413340349
-0.36980455268313095
-0.38391366602175747
-0.3111598028853326
-0.36248365777166014
-0.32999665058124483
-0.18957381409394947
0.21590718065447978
0.5353682546848502
0.5649460338697145
1.1957945959118472
1.5684160956531157
1.7827735196471526
2.9568180210062183
