2.7709471603946505
1.5882635000098626
0.9683967712587559
0.8576480723822519
0.5430436393934539
0.2404686875489307
0.05082015732670464
0.17535174215027338
0.24540912323409358
0.0021169952016122373
-0.057793107322061665
0.17074346950516206
0.3766600653455461
0.3238449040493949
0.24424737075113956
0.37752032081630205
0.26439399743817327
0.4336382087502426
0.43411503814104224
0.46477844433221516
0.36659593732839524
0.10843327653123447
0.5235689290007478
0.3984386770201489
0.22862513407848462
0.06589058281793292
0.015457971077406873
-0.2491523391144297
-0.18625217088423007
0.13190475878447216
0.297755387593873
0.08936595817365312
0.3073068659061109
0.2263696529997683
0.37729034501013037
0.25480889841084664
0.07897603373187378
0.1275386792780442
-0.11189078123364438
-0.2781521081714764
-0.22049188169431566
-0.47558667622255113
-0.5345484359312525
-0.4012081881285272
-0.1227424300986244
-0.23898975111098109
0.21012284940880144
0.4159506225603211
0.5687216061707464
0.14530420962225654
0.5063871580155705
0.8128211032526125
0.9651080600728155
0.4364751076911384
0.45420411854642906
0.7655945232575088
1.0314529856629024
1.0652440821389928
0.6658255309796456
0.6804449868876846
0.4183961860527231
0.017327596276041524
-0.041798012705241194
-0.12947855122110952
-0.3460672472885642
-0.18392527942088877
-0.16011563189718925
-0.3466343575309687
-0.3232065939089346
-0.1330803546019277
-0.3030062939505789
-0.037297447770595515
0.23461134445017318
0.6784441182387997
0.6175002750325095
1.2587510256868617
2.35995573426355
