2.341525853183129
2.343625617486838
1.5141213231425812
1.0335900091708896
0.8075758428522022
0.7206108869866241
0.6466706186049672
0.6642161721994178
0.384880370801742
0.4554914651007972
0.2117102850155561
-0.41738008401391546
-0.359857903249278
-0.41375862345539294
-0.0021804209522695572
-0.258565292689078
-0.33440269603077044
-0.17404990485423433
0.10384375764044518
-0.011790347582187333
0.14707557011499883
-0.02136436120957963
0.11830221316432021
-0.15487605634769497
-0.22882989205288895
-0.3801894761433797
-0.35421824002250124
-0.3208083810999982
-0.2285650838714146
-0.20982756729478236
0.0447293281613631
0.24833143180571282
0.22162062073942457
-0.08174546013540551
-0.4246431425658812
-0.42628366065190604
-0.5222077866858039
-0.4592341051516897
-0.2582686778608472
-0.2826311771981004
-0.32363400361948025
-0.29514395095441237
-0.10340882227032011
0.07731003816225734
0.017457972934737498
0.20950372357302693
0.361287695547461
0.2751418046952888
-0.15568408125271493
-0.3234353807553635
-0.4900690504262448
-0.5358924250932613
-0.6349656126976011
-0.6037146610942212
-0.4016483570955586
-0.1873892928503038
-0.06274573789206306
0.25457494094414734
0.3288710674745967
0.8515881247054028
0.7258185237977407
0.21021979960054227
0.2060585331760998
0.08607290013830926
-0.32740739476419845
-0.3836791085753375
-0.4302233242786466
-0.2894025177988997
-0.27628345702963575
-0.1860861228833537
0.2495342169129755
0.45590644390963886
0.3600548744682708
0.13626037408571778
-0.12305260265533835
-0.302009848436097
-0.5232164828625845
-0.608399044120346
-0.5227795085628077
-0.5925555006295997
-0.5037611129194492
-0.4915783771290838
-0.48490575063386765
-0.2902103536877927
-0.3282900822166157
-0.11817056104564638
0.12583446587311953
0.31789015205686555
0.056984328677728624
-0.19390470965497875
-0.1438207490453035
0.08675720568437206
0.08085267112013927
0.2749834050834642
0.0728768221293219
0.10360963443673632
0.28576669971866064
0.15291303086947283
0.13783178149879238
0.17470943965593477
-0.15572275108445688
-0.10551735660408312
0.03674625264101272
0.10382331468683281
0.027419283566405106
0.014250152618219825
0.08884312788704207
-0.014618346052820197
-0.36943463745940464
-0.06483050846156202
-0.016073982454863467
-0.1071445868746802
-0.000938498747023897
0.1746960375950951
0.39684131615929796
0.3760187299533646
0.3959246752969322
0.7509005097132195
0.8634582505361968
0.5501066161122031
0.2974547961560008
0.1067654981122299
-0.30820414520047135
-0.5114347584650019
-0.511562413268603
-0.5466652180328313
-0.20326301401541724
-0.08333394134983652
-0.02918174240656013
-0.053652194738001535
-0.06002824998898881
0.029639315660482612
0.1516619142317437
-0.0855570746944816
-0.03876167430358757
-0.056776943295606896
-0.10358641120825729
-0.1463843044196116
-0.29092471955752686
-0.4965587895963317
-0.2627565929944431
-0.3802667181916213
-0.4008992117808985
-0.26522225946157885
0.29473847930994546
0.58087958845062
0.3756839963688454
0.22397504241396227
0.1797732522100205
-0.014595961008531777
-0.306528362693268
-0.44038656995376546
-0.4871720822369183
-0.4416184673258936
-0.4894370712498963
-0.28108541201054615
-0.1651064412918526
0.10482546608315002
0.15617358213591603
0.4933349556677925
0.44805330289738754
0.21442055895463674
0.185087915013596
0.1686340881718964
0.07495678106440873
-0.03891305547784363
0.19930450266964772
0.19564904676854045
0.09695786616945679
0.01214072634309693
0.059506218933241706
-0.1932013748257605
-0.44414802415759436
-0.28697931056081294
-0.25105425660790703
-0.10907888733698312
-0.3652317155705169
-0.0011216655415517973
0.09086187584787886
0.08268173131570822
-0.3159007423294524
-0.28210856899011283
-0.040947288097048284
-0.3577797561475393
-0.4101942211753047
-0.4903952331661845
-0.5459517534072336
-0.5893936410767184
-0.4507356504979565
-0.12530775479195755
-0.18419638528816962
0.30431513149193845
0.4030022650938403
0.0703635115780058
0.23077382576096006
0.472741411949949
0.6077407834685257
0.3465214246005839
-0.04033135339317828
0.07091620223423034
-0.13230453400625686
-0.3140581066339563
-0.18480873688767185
0.040975242850202376
0.7024867903030925
0.4412069835470641
1.4154842512860852
2.579937672040378
