2.1903027263403576
1.3440654558620395
0.5962574958785715
0.29314950285771224
0.4591962130011168
0.7063366963099414
-0.05878203224141043
-0.08105478769915664
0.2561349130886248
0.22451247028748123
0.4046762029481381
0.3288888534459131
0.3878943264296343
0.3755929164366075
-0.011785038464199538
0.41419937757229763
0.3308974701401789
-0.005774545557678867
-0.04957422868944317
-0.17456512843724448
-0.0070977441765409655
0.4237451626993436
0.4410641750876797
0.512537814683336
0.1229146212018597
-0.29256044614089427
-0.43807827455414305
-0.4515848554943276
-0.5888695886170223
-0.6434412438624248
-0.6215918924174995
-0.584703168136625
-0.5410890757607043
-0.2930951476063114
-0.033103082976971065
0.1442595525244582
-0.04534623438505292
0.1463981299206596
0.4621602398984993
0.48313902128644126
0.022991293905854193
-0.06717907701078396
0.2510491656267445
-0.0343206674047869
-0.2889181524844937
-0.3595329127292004
-0.23019927497030868
-0.3109864225775847
0.04841718730046474
-4.7149420345116155e-05
0.053903428313655244
0.27768547186319814
0.3888439609170178
0.26142553604304397
0.19926697157419726
0.10981815182693333
-0.07155074358727409
-0.2872245895447805
-0.13859423125918424
-0.3234531623292144
-0.37335904104462325
-0.22226667107774423
0.1613220260983953
0.29178252814897265
0.30234844139308725
0.20490862065525595
0.15876731668389354
0.09491315942601841
-0.21867917724193853
-0.37594980172810555
-0.34275243195457294
-0.45924770846863605
-0.3933656774063822
-0.29874960668422135
-0.34227379812423786
-0.26270377649375765
0.21944109377732002
0.43254669042972815
0.44755614902233987
0.13508509169089633
0.19619502053154037
0.3768324510947013
0.4041592301992436
0.15872275217051734
-0.05764968239633139
-0.04159441271310027
-0.0012476679474519026
-0.2612893984336342
-0.44592711348296865
-0.34368590916593633
-0.011773039569607624
-0.027558526158996233
-0.09707526804913202
-0.11609993083344838
-0.20298125218819474
-0.13959740678162236
-0.3254273137770558
-0.312753028533733
-0.022597944377358847
0.27991963204366876
0.5251163436533821
0.5228032291684597
0.34241695303044795
0.5107868810831784
0.3222188771351192
-0.19568099440684927
-0.4085253645482618
-0.377295114414397
-0.4972174818802746
-0.5526059497788096
-0.5098436333701426
-0.4420614503379079
-0.5036050641797785
-0.4003212434621004
-0.17443176365483537
-0.2184661844317215
-0.051580542700358833
0.24492917818790216
0.4410549612173251
0.6040057312050386
0.709382188216404
2.2424864675073315
