3.177011720909501
1.7898147036675875
1.509424786767909
0.9340683189982446
0.41613732604041176
0.22649827440335446
0.24311869281009268
0.1650677393187392
-0.15319090022830495
-0.10526329078165264
-0.07338106498055141
0.03049635527347383
0.37583408986560984
0.7626463876220914
0.537688284595653
0.46923120568531873
0.09858519437716085
-0.15098125819540842
-0.4230017154425125
-0.49691658455949606
-0.444911249872043
-0.04272121834650755
0.10761303664278421
0.4055991991432891
0.251286424582133
-0.23136392579544307
-0.2184073006352718
-0.3631483015533594
-0.4923881905683627
-0.35227787800961785
-0.22738219807322468
-0.02773076136837449
-0.03792172732994947
0.1182490290642354
-0.015501047878244578
-0.027214521893071164
-0.008228880012554396
0.21525282957769265
0.09704448459293302
-0.26058776042628107
-0.15239935617528777
-0.07945680398681176
-0.06678844351552637
-0.08131017181765698
0.11701741889431994
0.3522474564582311
0.40653139604649347
0.3912298778169859
0.2808551415094095
0.05127299362097326
-0.23965191685785392
-0.2762216302600945
-0.08594242365968519
-0.06641780974033185
0.11830954296199081
0.542951677328046
0.6057571992348002
0.3295465426174362
0.4665364633992417
0.7139075886809171
0.05357336748930808
0.0032850616850069736
-0.17613702785570096
-0.4362307019382641
-0.4848801666999196
-0.4207323869811783
-0.2692212726598995
0.017692431433895983
0.07863425498451371
0.05657095591695138
-0.05452628467869136
-0.2250639058651549
-0.4304567582415365
-0.3862000140418158
-0.4277595488814381
-0.3444529056678939
-0.06162820217259579
-0.06743801948267714
-0.07991450779737796
-0.06384628345251486
0.22693304771551315
0.32749424027618834
0.08997469185061946
0.10237184571091928
0.4061833874946613
0.3786272530352507
0.4209275563600601
1.2194043670005477
1.7134674905721712
