2.549473440923567
0.6759882096211945
0.40377120301874225
0.04664965121061104
0.014843011221225222
0.08904809237718414
0.3465383114763315
0.5309066474841423
0.44114933205841633
0.33015654385352966
0.6021377542630495
0.526636598647949
0.07923224398430306
0.12509801520463681
0.20724307589351254
0.21652906755628454
-0.10372217501042702
0.03504588119556218
-0.23863510424586587
-0.12270231524783337
-0.006361897821915763
0.15075108605569287
0.14248845395356924
-0.08491051213596412
-0.3604120592915738
-0.46192663566934
-0.5090512280861597
-0.5827939596960716
-0.3871811112215857
-0.259183490995637
-0.1948475813807119
0.1422646721779285
0.11563897068273332
0.015318248847565163
-0.13326089201559976
-0.1794140595711512
-0.4048957086047015
-0.5044844540168203
-0.2763065639525677
-0.3313110744938842
-0.09815805928412968
-0.1602343802958418
0.12280562177641952
0.09391449671505092
0.21531893005492064
0.12073026614305549
0.02794782225296011
0.1572173920250911
-0.12470159307420481
-0.2674454485134099
-0.09152380338166854
-0.0745744660431179
-0.19469376955247986
-0.005879261597468877
-0.09848803054624367
-0.08633646348896007
-0.10449476146766012
-0.23183855148194388
-0.32020158905283047
-0.4898293463352341
-0.5430514130221118
-0.5634061339747951
-0.4472853297590098
-0.49991031235882066
-0.348886697111204
0.021171491074191362
0.12357769027471932
0.1252182726821066
0.15485224906457207
-0.19836532164348586
-0.2875378012083136
-0.3979221801000583
-0.4859816098838654
-0.4267016152044847
-0.30450069365221244
-0.11319893983318063
-0.13126997798057716
0.1254446980825893
0.06371886938175442
0.10359983158303265
-0.2014533183371503
-0.2779470063661975
-0.21682297884909096
-0.2907873437948978
-0.13846410082239924
-0.11383754186603245
0.07318145123281039
0.11354523219555923
0.13094443069307138
0.15919538384577847
-0.05318076265523597
-0.15185989038688086
-0.09617626402524326
-0.17250811511531416
-0.11546297204120426
0.1134545261280886
0.2242015018169714
0.29187019405811676
0.2635132787675055
0.11525436145123047
0.014045124709361478
-0.21267506684201087
-0.35759291030571694
-0.566473120929172
-0.579317352919726
-0.5052954318055938
-0.5488299255312783
-0.4550013530177438
-0.18984998866024116
0.0193472938620165
0.16749744454961213
0.32241925096821156
0.3429712286552056
0.23229118849126196
-0.19491400046218832
-0.3277521734027373
-0.3793887581509745
-0.3503882426325482
-0.2038930512715783
-0.3636484124408397
-0.007016767313693051
-0.11460249560541891
-0.3818400839235634
-0.4029712476641798
-0.30330051133393643
-0.43178886512064074
-0.41133280232790903
-0.15736368296676229
0.0733196210308108
0.20359231257072208
0.07361869890541395
0.05748454786489743
0.35174858134147147
0.27496184896919706
-0.1626141531637908
-0.34211984470555423
-0.4532693772572327
-0.5629762189910297
-0.5469868457817764
-0.2776744918147114
-0.19816188357748155
-0.13150967783668266
0.34081885851801685
0.6525227655398473
0.7874653168996837
0.49680715478166926
0.3595646908732302
0.3219683147189525
0.33549432571886895
0.321458614221106
0.10879439163136373
-0.006422470701169747
-0.3801091325654127
-0.43460546925912635
-0.24394192713989138
-0.07845102981490559
0.12278563273351717
0.1974335972275879
0.17090725204071922
0.09450535347452749
-0.032972260361443406
-0.16072572059971657
-0.47083397077543565
-0.4673892161088833
-0.39966225580845327
-0.1899013548587839
-0.1193332995850559
0.11993227843928878
0.11101611712027626
0.11825629538784188
0.0035855440288187213
-0.2936239596126208
-0.35891847818917577
-0.5247598903784545
-0.5383028116685074
-0.4721972291215697
-0.3907355329542207
-0.2766805820205749
-0.23169664417327762
-0.021190667898125737
0.3607486332793792
0.7834859356409853
1.0987234764924603
0.8296628085492759
0.6321703986888317
0.42940024748936156
0.1300705356535461
0.28316574107962245
0.4614914492754564
0.3656048516868863
0.12844031190715555
0.06050086734309368
0.05522276745165955
-0.2676217145127253
-0.26091104148583555
-0.284322069576203
-0.25974194355110436
-0.15033369060606405
-0.23881947944872894
-0.12590826960927604
-0.17872196374793292
-0.030000357880335393
0.2291880675806376
0.5808211009922389
0.8122109146583699
0.8952179896425322
0.7068301083835687
0.41802926588411626
-0.0340104282557645
-0.09708591120085053
-0.18446351205182165
-0.07010261983033528
0.0034078301181768023
-0.027734023437983923
0.09509614728338511
0.04435354144618797
-0.04623736019900193
-0.38794838747607496
-0.5268899804598961
-0.547337508297572
-0.3966422989638402
-0.551105816260091
-0.43124715989012463
0.11263693804106767
0.45130565130543143
0.9071554395865709
0.8704881298165014
0.5573073114741001
0.41561872217707174
0.30078149673247234
0.3589536467271882
0.2555495198857405
0.09561673042198837
-0.032578039655992486
-0.13360907226136176
-0.5517496592905617
-0.4990088233863246
-0.4951817152490219
-0.4591180122181422
-0.50056841725885
-0.4336468801617186
-0.22871421455114627
-0.2919086833796444
-0.0411349874785355
-0.07194017639058226
0.3769033015314567
0.35706699647992746
0.2655915992325455
0.27283181001153867
-0.01350609930724056
-0.15039034161814624
-0.3329584725575846
-0.1941353441432293
-0.19270194768819238
-0.15804171200697392
-0.09349377537002002
-0.11112031447445703
0.021330210480284273
-0.1913132254615849
-0.03942617706405149
0.025534706345215152
0.03906835131326869
-0.15102237525706153
-0.13156851918021994
-0.405240044304512
-0.5052221354278723
-0.3946483955368797
-0.18737669984469985
-0.05455714357313324
0.06343504364078933
0.1397270974892747
0.3249624949571962
-0.08281271005824553
-0.3773759547933111
-0.49794345089019787
-0.49818553547050515
-0.5625746042240682
-0.4916825603398012
-0.3987400865153443
-0.22202422448206516
0.04167646948591264
0.019289283963118353
0.054300258590139316
0.22256015887209402
0.30201833986440385
0.08476625869246601
0.32941941045653744
0.26114225503009425
-0.02380388162723923
0.13294494407647417
0.40151564146560415
0.3053209257738023
0.4654119572633185
0.7191255492089443
0.6861019685297844
0.16294809034573965
-0.10344906170516799
-0.23539502284237845
-0.23138983927044177
-0.4736514677632624
-0.4121526031856365
-0.24259656827458698
-0.037628548874324985
0.02038277228358365
-0.152373184270006
-0.35156013201671454
-0.4177447456371559
-0.3792507065822883
-0.47514274806268464
-0.2888155312097358
-0.03737857092782437
0.18196112402764542
0.5119716535894534
0.4144359556048759
0.30671488958993576
0.027102327211654398
0.110035728275517
0.16907643571480424
0.08980296492776252
0.026571378199650386
-0.03789419011077044
-0.06883521559530592
0.057500320417036566
0.07307795585093313
-0.08511230781889778
-0.16141164662066088
0.0923953823147311
-0.07116924082619025
-0.09519168931175892
-0.15968036968176236
-0.07439678698565977
-0.2454424481552947
-0.5022652516869508
-0.5045732491565504
-0.4859177684704208
-0.43827488565565853
-0.38860693749107966
0.0059856025653932665
0.041966077311915484
0.4668956477861562
1.032754174987494
2.0081267025713516
