3.245393827865584
2.054095439660743
1.5676790527236357
0.9886125131208883
0.2787663272557438
0.2904252926295703
0.04677950630055017
-0.17149741636719784
-0.19748080157692227
-0.11869957319358326
-0.04599557261157994
0.08393291509251799
-0.3203999023734746
-0.3113248640152406
-0.3719069733712206
-0.35416676295430616
-0.21132128771739334
-0.14728238811704042
0.26718668233101817
0.34918483107458365
0.18082401182810315
0.20941123772181724
0.0515769045208011
-0.26974440128733823
-0.33131752896555144
-0.5046916151506589
-0.35272888624098453
-0.3111026778740429
-0.26151095598381235
-0.06074854055821932
0.062014456627697556
-0.20761685500337634
-0.34790016004512714
-0.255196204867585
-0.3623169570715572
-0.4551203305216629
-0.535493874245796
-0.4656511282444651
-0.4165188476925148
-0.5387023168653529
-0.5585708230220465
-0.5374663090258986
-0.49068225614047134
-0.5236076458543111
-0.35381319886872453
-0.464098752423008
-0.37854632798386845
-0.31578295764669195
-0.36865686384348284
-0.42464262718954227
-0.5783962344754987
-0.5346542806057037
-0.5771760219972628
-0.5633263360656056
-0.4494999873874127
-0.37436573588877087
-0.39808467888296517
-0.11905838500485211
0.07430452616095706
0.16856830739083684
0.1537431967133468
0.3112973717033759
0.6772939805945598
0.8906690865629023
0.41192316453801014
0.48530696010438923
0.6952002094411103
0.3828255674019413
0.11341308123290139
0.19694782229913443
-0.0151320605717421
-0.30558431020937515
-0.33752989150924917
-0.11973529303319252
-0.07823024110685661
-0.024383053230949026
0.2411280905445904
0.4122260381029452
0.47468772887332833
0.24833110109060896
-0.017638862358367313
0.1348234850129223
0.01655964983787972
-0.04847504166113914
0.003764792019037233
-0.10108593229203411
-0.011894777948626922
-0.028440736925608112
-0.02257095017081756
0.16276750182806354
0.015487338220577351
0.44265337446673514
0.4368996644447264
0.21940695232806207
0.061420637100012554
0.07997103488869961
0.08342567676783408
-0.12951936950475018
0.0432961874262181
0.12705865328742694
0.005818423251892746
-0.04800860351817793
0.1481252074685443
0.1885154607719174
0.0186982203993602
0.08809527020424268
0.44512193177217574
0.461994124396791
0.28589559636829875
0.1594023955657493
0.04956658508039735
-0.20531942866008523
-0.4421841876676327
-0.48090551261695014
-0.4390946800141762
-0.38973994476233076
-0.2086375613693623
-0.1287963550259562
-0.2105730884222835
-0.08823126141515458
0.04874676848591675
0.06008754040663078
-0.17010606543312767
-0.15391422808515975
-0.16921384897154812
-0.0714541908143167
0.22796882405473318
0.22031800907597854
0.5091755705438239
0.4457021710455399
0.5361425226261742
0.4558294155966117
0.27694686689196824
0.29641068894933664
0.10125196795097247
-0.1835400119778302
-0.3450146008894287
-0.3801792983261194
-0.3524922973495065
-0.16715791369308441
-0.11316618094950126
0.2574325726320694
0.2381065697467818
-0.0697291653094102
0.16899682772350977
0.14253038354537761
-0.1440711478928508
-0.09246662914879533
-0.1008436757542982
-0.09154564002016785
-0.02264306119747317
-0.03171097816947188
0.34425681890395876
0.2249572168465298
-0.0694078105578183
0.08998672774305594
-0.06751036614780337
-0.03389510104182525
-0.005332762201862518
-0.0938766031096383
-0.17043094730516006
0.0625712327549135
0.15723379272940508
0.13402832260479147
0.10542869491357376
0.20062158967805488
0.42980730099847986
0.4703735089042488
0.5563013975714959
0.5186245044387867
0.22016786582583758
0.12952318539531793
-0.19309272349710715
-0.40119379748306283
-0.175430050905221
-0.401150365497277
-0.37906624618585505
-0.39989319477657403
-0.28822672145680306
-0.22598277647051745
0.14123721550399004
0.2553960601595544
0.27755257164067326
0.00030823628266085645
-0.14586715640243741
-0.026350023787632182
-0.40281290270253867
-0.5329827710909876
-0.45239434701980885
-0.22960861991192683
-0.21074664791731745
0.13871920863474785
0.47809834104340654
0.9814616019966869
1.059297840582696
1.1244360667669921
0.8899764019842238
0.5873479749513473
0.3976060369277471
-0.10925060916708429
-0.3429414148654748
-0.48889479931890834
-0.41345086195104575
-0.46933059439274616
-0.28504903266352455
-0.008846799655639281
-0.16618835069418136
-0.19584602458000855
-0.04545861793213568
0.11834965306400003
0.1966197799314593
0.08576623417355533
0.23638337831612177
0.3545145990395736
0.4835353295873568
0.5578639017624066
0.7485316921565744
0.6668673706666958
0.9260762967800068
0.5858627592543247
0.7441562548372231
0.4194348216466677
0.26334879989853066
0.5463658607008947
0.5940292523828644
0.6084556296393387
0.38321399086583063
0.6700555924001281
1.2707199899291062
1.54940886551165
2.1031772485686346
2.7966336165719095
