2.078302375533109
1.2578229508811485
0.8500410873277956
0.4105038913910376
0.13185203984837013
-0.25463261130480896
-0.3577300852783112
-0.28389560067235664
-0.30762789241777044
-0.18248407557031676
0.17007668109598928
0.2690117508650307
0.4944565728387659
0.19442325428829488
0.25855607862671404
-0.053483176771289886
-0.19600049398144037
-0.3436279766953527
-0.3023377976387087
-0.010898941137367668
0.08597371021863542
-0.024500345588449712
0.088383935220826
0.34016708819981833
0.3592079574984709
0.11101448888975762
-0.11833936575221993
-0.13341511614188073
-1.0484590543313743e-05
-0.06291499892636965
0.13761941872853078
0.24547812627473375
0.35518161102844625
0.44952145539612376
0.518403203187898
0.33856170639107763
0.18261562565474931
0.5827990988173034
0.5335309929914852
0.3864205333197971
0.38177262470680684
0.06330018627544443
-0.3557107353140405
-0.42559207549195466
-0.2569901540452526
-0.3071770617665268
-0.24160768274241562
-0.054597446118836546
0.10253277494524149
0.17992854143089065
-0.06858556359344858
-0.04960414604440733
0.4252776340292581
0.5307362035745555
0.5286332879710983
0.33290464744674886
0.20218143610287853
0.13699432294531444
-0.10561994114860096
-0.28406887904058786
-0.10177016058872423
-0.09010212087341973
-0.3977544303891236
-0.42919527834888815
-0.38438030441776994
-0.4485017917570988
-0.5920706821487627
-0.6184439061144784
-0.5780501113522949
-0.5893133538661028
-0.5629410309549696
-0.4873852734079813
-0.19454791977463226
0.2774415937240452
0.3071500922338646
0.18525604209895397
-0.028770747850165312
-0.2903218346688572
-0.40039747351319266
-0.49487041236718965
-0.39347457677096775
-0.5695724443013774
-0.44008785339954204
-0.3792481874939182
-0.22344804046813205
0.02179562579125993
-0.16174373237984407
-0.23771345033228086
-0.24925705988336744
0.001883435128583022
-0.11624164448678109
0.2966609572345478
0.3330437247457344
0.3891895464353997
0.18983103946470725
0.3162355669814557
0.22323034727405988
0.34436684949864627
0.12200461535857898
-0.06263367859189439
-0.42230937691574266
-0.5363368935755817
-0.5452021128250761
-0.6007904225272629
-0.5993199825630648
-0.622452808580374
-0.5781094231205004
-0.4809347767050052
-0.33357613320311574
0.0007617824284378294
0.14144104810993618
-0.049422020373186215
-0.04675708595769601
0.036470073389519686
0.23328240802122113
0.16442735273765385
0.1322413641049629
0.22422671497056756
0.08758385601432506
0.026439490910761254
-0.04188391955860249
-0.08394949390148088
-0.43835928733290963
-0.3831195837564142
-0.5082606234262053
-0.4794036612234578
-0.5036310003148217
-0.3870634759829199
-0.1524939336213912
0.02589919877849267
-0.08029402190162038
0.07984902503563518
0.1331295169327854
0.34413764557943216
0.4345482990664026
0.1196355523976359
-0.17967643893190166
-0.0653784665388829
-0.18769147972008104
-0.0530186837610912
-0.3433569272542898
-0.4702657550408289
-0.13039603882595197
-0.06747677271187569
-0.07755235253272386
0.5967446037233185
1.518194447559496
2.7014741850102975
