2.9937384109014684
1.7888072126400505
0.7441715340951867
0.6472637975373159
0.5419718923749969
0.3351556473268368
0.4561951264647788
0.18474862409123094
0.43282274440407864
0.37813691218526213
0.12873836930845683
0.3528531910615881
0.11922877084428085
-0.020437187400179413
0.06971437540597081
0.04628841858708188
-0.10316943785017862
0.19568754772235208
0.28894195143801205
-0.05794102873047058
0.031526854252172165
-0.022489196696412583
0.08719069631741416
0.04790810593280659
0.13871949183892318
0.1041310723237362
0.07981155517026439
0.028993655481476366
-0.02131904650608274
0.14470323574235322
0.24953286043883693
0.19303108273454161
0.08370397100516991
0.31873276054963173
-0.09339664715819451
-0.013501027123919207
-0.11352766321029084
-0.3427484134073745
-0.5013036142204017
-0.5728430775261129
-0.5885319866603655
-0.6533297777435543
-0.5872555883659558
-0.5941524842869361
-0.5913139023615892
-0.5841619135443779
-0.4893092490992732
-0.5128790163748533
-0.48970538027014254
-0.23644779143990247
0.06885105517304413
0.3482548691240718
0.5239320730280629
0.69055967174808
0.7091029958604953
0.5597313704540241
0.44175077725274536
0.5229534363852711
0.7897676895499761
0.5355245580983339
0.2831232521172218
-0.07989113602890752
-0.1118565502908696
-0.39385321260625505
-0.3423927932183908
-0.4072875389753525
-0.48009585981156366
-0.5875038624993267
-0.6312094712437735
-0.5041761505012499
-0.4026211410035482
-0.011799173257395768
0.3165423458764811
0.35248424067790995
0.33571919401241135
0.20977875742496177
-0.2402432413603688
-0.32565986736922115
-0.28647179038693027
-0.35027102259378373
-0.052072059644498236
-0.15168642287319123
-0.19887209647879878
-0.2934182275554905
-0.32965604265999293
-0.31951634437468945
-0.21435927781396114
-0.1868534051941828
-0.009573959642915963
0.11803410978163265
0.29648576386219694
0.23982284261167952
0.09237614501222668
0.27716996910319625
0.18706317700128172
0.2865633646495812
0.17269449371421175
-0.02068453857420527
0.09740120005450004
0.13248668787952977
-0.1424468377136201
-0.3136392283289644
-0.5069851264326672
-0.6355651267981293
-0.6388576703153765
-0.6663990909696622
-0.6529945807754685
-0.6467127959780898
-0.6438594913843019
-0.5636895396690205
-0.5973701869644281
-0.5789947869954115
-0.5591810614655652
-0.4237392072535997
-0.24226864268937998
-0.20617009674382802
0.040280529679348365
-0.1273314438422587
-0.3850548492921164
-0.4932728658320884
-0.35950426253186496
-0.4611738965617338
-0.518224597326201
-0.404119054705506
-0.16377334020735446
0.1211798947269338
0.12051410328140177
0.14653200916648546
0.31161756865855905
0.35904439379234976
0.3333993644769758
0.0014510829539245984
-0.1438867764175129
-0.189818222137365
-0.33566128748444
-0.49513992579707855
-0.28334890512260547
-0.18162798870673724
-0.22069554919703926
-0.3490167507067481
-0.21663428867077072
-0.0379703261704617
0.031322392555923506
-0.009266161267441952
-0.019794208635315114
-0.07203212757671251
-0.3230650249775382
-0.4294136765008699
-0.3530832794150467
-0.29833906385813846
-0.1532626119013305
-0.27538932713636033
-0.21822242380906354
-0.32599577614289377
-0.5204859437105958
-0.4773586874169662
-0.4945920428031618
-0.43766678517498714
-0.2946260681746766
0.027571965250187902
0.18459417785805432
0.032344099804241355
0.027314922481731396
-0.3254692476331521
-0.31495123815390813
-0.47087636385449594
-0.4608539434214636
-0.08748495256418432
-0.011861835252703457
0.040341644008066946
8.974987584398075e-05
0.2974346514887761
0.4609644692945707
0.8399968092251592
0.5970207975497931
0.3172040165140604
-0.15914456763912432
-0.25858824896446664
-0.10320939570138721
-0.3425266956681543
-0.3681005846133928
-0.2938122125599927
-0.1899669597879312
-0.22280316907459552
-0.15368971557494637
0.19980797935374983
0.43153018979695823
0.40157454395112424
0.7403085183273862
1.843567968780635
