3.2747838194252923
2.6038887905978036
2.035458341872515
1.1979018390130265
1.086587869830636
0.9006128049379079
0.9023940108862958
0.802975671254201
0.6915655089864364
0.4843610826511109
0.7240155039440456
0.4513335491529027
0.4838665382958225
0.9057585323315772
0.9300887541696488
0.7086420199416323
0.566187174005116
0.10912853345622298
0.08619309526654795
-0.018318004072990557
-0.1339757651522896
0.041834139221651245
-0.06517715047439931
-0.24668033571025805
-0.0709964443707426
-0.06556849048880453
-0.17369481240393214
-0.04355474070868948
0.137460438749477
0.3247599940950252
0.2205173640874456
-0.009975911294050843
-0.31116824682512734
-0.3997058858714986
-0.3478187836705793
-0.21422700562474462
0.31032248155901
0.4720450281198738
0.5535181412969924
0.7550580291307856
0.8326696197617504
0.8561174945793324
0.42581592289210624
0.03360256855564592
-0.33923885085944117
-0.5480723737090951
-0.645451433033174
-0.6693212875032126
-0.635184008639387
-0.4121671868270902
-0.08069559268241877
0.09046670004079604
0.4143076863637273
0.45488430096966814
0.4675974621657686
0.28213968825422964
0.3601229334305396
0.12817319158121976
-0.040164092840252796
0.34507003950522386
0.6090379573236308
0.587243268050731
0.406657012418449
0.8144341334987064
0.8202152984555462
0.5297548680841754
0.3668730759773865
0.49303545645903457
0.5906939779106827
0.621712368231394
0.4227600640979863
0.14044176630120508
0.14117445837999887
0.16930267886769368
-0.118675687239295
-0.09279791263730863
0.284953480396963
0.5031752681552386
0.6543766874597018
0.5393937380260208
0.09184651263228805
0.11865261324797538
0.2635344344217465
0.45053599367563113
0.3783041593558486
0.3301118491640519
0.12572953969814782
0.0183155719696122
-0.04141147377885668
-0.27318026002552265
-0.0320063319700562
0.2060072056149831
0.31111583278991295
0.10839105446110209
-0.10930838393596087
-0.38502134546904965
-0.4924557856191021
-0.5936597031227768
-0.5748656635345937
-0.5814071759810775
-0.5523000902825665
-0.3673341246482136
-0.3434055336809091
-0.15285766185066896
0.5127313350846119
0.8204948448362924
0.8875349398807936
0.6083978219004869
0.21084607166353364
-0.08034940494433973
-0.14099752887938355
-0.27303139208654326
-0.37947344901969493
-0.4143785123339552
-0.4974226351482167
-0.1751594705318109
-0.20703361873129356
0.21299524034148687
0.157459441496832
0.08497831900468411
0.05057330312542263
-0.0035839621902762353
0.0648087128467969
0.4750234208150461
0.4676018771117355
0.5660606370484356
1.2906464355721483
2.3561531530477593
