2.292713070665255
1.588129690609829
0.9295462412937907
0.27966172869246986
0.11123910701824902
0.12663278863083727
0.1244688273174217
0.0783250059157572
0.12381887537798086
0.054737387308233854
0.020021102148754077
-0.07874551045725797
0.12988873930102984
0.21896318903940304
-0.009627640753926192
-0.29898117021421955
-0.43738925559709463
-0.5388342057627757
-0.5393586013057223
-0.5712913561727035
-0.41801083608856715
-0.3923952504721303
-0.3121264736750615
-0.26928793091164893
-0.1634175036378358
-0.21828839990730242
-0.0199878565919146
0.13260560592542336
0.7867736874590796
0.6454534909299329
0.3613037783117712
0.09628619450213549
-0.08260124332349827
-0.35064302617814924
-0.4099310657602877
-0.6328655763166688
-0.6713538346918773
-0.631510410177123
-0.470940962090475
-0.027054336448006144
-0.06013294490425547
0.13843837383121937
0.07114813247116158
-0.06245556399982122
-0.11777197698115938
-0.11145992296761553
-0.08837926748649638
-0.27559791330803196
-0.05581289787734156
-0.07477753855904223
0.004740027662180846
0.23142910275819584
0.36373899150102873
0.1411324644442149
0.016419561189665588
0.012851103077110348
-0.15693455095022646
-0.19170566961584967
-0.23429900078676247
0.012165666733604308
0.26665821206017337
0.2926689358930563
0.1804042511479741
0.13167665013322039
0.03219862466974799
-0.049226010208700544
-0.2710722856174782
-0.1856923024571301
-0.13101320424762186
0.030825883631754536
0.4042203692781037
0.5525668154068011
0.703103635692224
0.6083125524206248
0.4487462840241534
0.5855227948508368
0.2229732791783795
-0.08557104165721108
-0.21234760877387115
-0.37465194234892174
-0.2864951714928017
-0.3934091617169939
-0.30634098072699434
-0.057624326340961485
-0.15849776365608148
-0.07545927752273385
-0.11575122352967371
0.05476178088123895
0.044424145207395904
-0.06440212513691468
-0.16396155319493466
-0.34569231269618195
-0.5289322056330013
-0.6241434551392053
-0.6046063926648253
-0.4310646529385773
-0.33201084510283285
-0.022278664564261863
0.18402420782875273
0.29246939783798165
0.09721660997192105
0.02132702867544567
0.17917272345801072
-0.13316670685631815
-0.10172330555493625
-0.14152663580940594
0.0784039920075682
-0.11291250107050443
0.13819208407761807
0.1273677809767868
0.022872365595908106
0.09729286913895907
0.38811688349610907
0.4304316709684072
0.6024585246133604
1.8145900520748646
