2.861387258411968
2.170383133102015
1.2129094453761755
1.393307028215327
0.7139945663721896
0.24065045912503535
0.15598719989119103
-0.11136879899443586
-0.06507321414856959
0.04768817770037992
-0.09143905148851605
-0.2703229765375311
-0.18064907365021698
-0.4125677327764603
-0.4931186544860904
-0.36175672263055203
-0.40945274378977414
-0.32571557520899463
-0.18389943821499277
-0.32258188595213244
-0.3950043788490467
-0.3591389613410827
-0.36876881215432866
-0.48509550059705764
-0.572958272162635
-0.44203629060094707
-0.446888951101333
-0.3742991941284536
-0.31129319020487767
-0.06643475074196459
0.2650452986225772
0.2773797431766153
0.14608541872773728
0.3679230154077002
0.5359452611802169
0.5622654614262286
0.3032197270347847
-0.16965377260738068
-0.25044144423706605
-0.4868836916807744
-0.5155100512291597
-0.46658713105018035
-0.39123490516027615
-0.12211020905808567
0.17166276460178287
0.3364953497473596
0.10148525549508836
0.25528753504117874
0.4971946315248046
0.48699479911365506
0.6161467778891613
0.45768696400825737
0.35905486201401593
0.28554376588775676
0.2734261718040668
-0.07946725141869537
-0.0986879262228304
0.0686964691804226
0.059919568916432464
-0.09110510094266111
-0.15548127883685225
-0.1734885827992123
-0.344215904918419
-0.2856896492212967
-0.17467113707318593
-0.017969289044907244
-0.3001377898955109
-0.27525699894279043
0.03990866335050103
0.07539429325266667
0.21380323665095358
0.10232098827148861
0.23745802151706452
0.12756095261277045
0.30227088175751216
0.08994994498011832
0.02552682937775763
-0.12931342130460421
0.022719650466733077
-0.10793914870991139
0.0011355609333650873
0.05337061424977929
0.19296980567731226
0.4636126598230862
0.2607713545775009
0.3721280574954626
0.2980638778382785
0.5963949459563387
0.6166627921917395
0.45279424436705784
0.7227163451400642
0.52291968657086
0.3656027678935665
0.14069024211512948
-0.05205741213581638
-0.025592107388301644
-0.1210381451603052
-0.23594681530461603
0.07328167687905773
0.1540000969313543
0.2549753406897036
0.45493179695306385
0.26635795476479174
0.18268546490158766
-0.12609255371485484
-0.0812001646775572
-0.10056443243563262
-0.07078448457824305
0.07659463368147901
0.3435569119853724
0.5072569055321123
0.555504021081171
0.10547098745785499
0.024446299686313067
-0.06213590018723414
-0.06138160436919171
-0.251438648946663
-0.3075366958001148
-0.06643091159167747
-0.035106231878841654
-0.06338459895682991
-0.009564027920027751
0.007874520731208201
0.25466620104160576
1.1108746667834095
1.6851402664161519
2.273469026470697
