2.170796217176192
1.9379300529321655
0.9609276905367653
0.4826682347902139
0.3117985697226342
0.3232113823122994
0.15761472203891924
-0.017806937780677767
-0.2650682544293217
-0.11394550809345538
-0.4429934784245473
-0.5014960363322007
-0.48203521326242416
-0.17149086701921912
-0.21321027300536954
0.13899779951730418
0.6393746352675198
0.8998582221253342
1.0170772756459203
1.0711970768422403
1.0415089680368301
1.0329095181109773
0.8519035262930376
0.4342040737215841
0.18904848659365148
0.5200323655241872
0.6551380786488455
0.5458760002900831
0.451781043714944
0.3275684867488011
0.2857362808553
-0.08118139243421418
-0.18923719927208082
-0.13015046086720305
0.17356031725873977
-0.03859198691706356
0.14486194471886338
0.03717872998472549
0.010557109021225086
0.15429397099185171
0.01770049093206094
0.3203575092108787
0.22237887143737367
0.1539372332814697
0.04597722454212527
-0.09118219304027753
-0.25818155439672963
-0.4060811983862369
-0.45469239080993273
-0.4333324360560349
-0.3959489192718495
-0.41721960958710025
-0.36563090397029296
-0.39492460939040464
-0.05969035070756379
0.3223481194807789
0.3065317823624033
0.03264546769042587
0.09644488482749769
0.3556708327030902
0.30120811486807975
0.16444372921602024
0.14810957724815543
0.17145340983950141
-0.27414360061268495
-0.2441373573220098
-0.33980360556568556
-0.5033346546075821
-0.6364695698779035
-0.6151385072031113
-0.5414499279301692
-0.6213802782384914
-0.39081318784830643
-0.012201204726973391
0.1745473151880914
0.2802772953977073
0.4066482534448522
0.5534145557954105
0.06834293364287103
0.12340708363275321
-0.09581874083397979
-0.44433712175414375
-0.49948701636114645
-0.46719648916607626
-0.3739667167395033
-0.43108394092783997
-0.48525640545394233
-0.3788723387848726
-0.5591815598333005
-0.5814877901976767
-0.6110635421020449
-0.5242130623121029
-0.3743145543501616
-0.29758090410455584
-0.2488256259468864
-0.03846276493800316
0.046087073502855014
-0.2022241259252705
-0.07334074287325343
0.012061291993462842
0.042744899886581145
-0.14451844504261846
-0.08963877764139005
-0.12407337044552813
-0.27177105296797643
-0.30946402752029245
-0.059535748470880945
-0.07642415874038078
-0.11105222988934671
-0.13740992371060246
0.05452318179904847
0.2534082615763604
0.29748284812684034
0.14955071964065103
0.09807344974714238
0.19850515591254247
0.14999547895241072
-0.017725404672555234
-0.364784160219245
-0.5324116163645316
-0.4871769828608927
-0.1881245450909067
-0.13243922615881876
0.1265770659981107
0.3981180856568155
0.6231856779847939
0.5070278966079296
0.4883220153229135
0.6035840394182874
0.4773217303666647
0.051435950290623755
0.043206857932924336
0.2723249953041522
0.4370954336287639
0.44472313934763175
0.12991164477048633
0.03469404727188208
0.3206384736301833
0.24204202992617418
-0.05247997675596505
-0.06317089787448082
0.07436596107696314
0.14996012489778354
0.14799346032776495
0.25354849883211805
0.051465614538111604
-0.32755541584248493
-0.2360386499622762
-0.05148229736739329
-0.21622320741191914
-0.12950736133590768
0.2284354998733208
0.6682300862119464
0.5103163478157939
0.914844178398226
0.9580944866671044
0.9832731043612649
1.0042712968436445
1.001023977841434
0.9967310881302347
1.0243037759791052
0.9923417695042532
1.0155777656616394
0.9347378727104843
1.007262002085981
1.0207193854811218
1.0399844853560816
0.6899406782360613
0.24426046087735742
-0.02938163244122194
-0.029545747456523053
-0.11492057837914926
-0.20120080816127783
-0.07458439147111051
0.48019172841472946
0.5054102602314241
1.2494492128693935
2.558318928297745
