2.225325971883457
1.593879588031167
0.9441545063439627
0.8984636388745298
0.8589043744257309
0.6893154467348648
0.4867496126524875
0.13942933802434054
-0.30834400096392045
-0.3689668687090164
-0.1475499521527418
0.10428610119591986
-0.17326421713242712
-0.3337862361870384
0.17480918551850766
0.18312439828319726
-0.009350869608039991
-0.07983662646587975
-0.03199673216124488
0.14478616734298722
-0.19974865417830734
-0.4198935705168526
-0.10589127518963015
-0.018184509958738215
-0.2790631728801647
-0.12003283872174575
0.1591368094114861
0.5975077105085776
0.33045531309230824
-0.08481442463107758
0.14802172953112314
0.08658783908179468
-0.04769646384465931
-0.11257665782627746
-0.21839506298648415
-0.05394673568910069
-0.11578557039833404
-0.08315410666446299
-0.18614989369360702
-0.36511224043095947
-0.43393277705343136
-0.39416113070376513
-0.2484977528637493
-0.29456550504363954
-0.3267439016029021
-0.23492171868305478
-0.18352312595198894
-0.33045057997650673
-0.25590425457450694
-0.18447282504057405
-0.0645619707261107
0.04312717170500113
-0.07883204703787017
-0.3473397426416971
-0.26207854083104243
-0.41316006302362396
-0.42007594510834334
-0.38007109902245273
-0.28928141790627526
-0.14344307377234233
-0.21681693990966622
-0.1916382779953958
-0.027115849517265755
-0.15185476530737996
-0.028337641259548074
0.41919393550500483
0.7570706682702976
0.7864194863170315
0.6571908661422581
0.880174927107204
0.847014440213988
0.6886423068979756
0.3798182027419428
0.0472383609034579
-0.09220677639785446
-0.35784573249296714
-0.3509298362600777
-0.02137465346142986
-0.04132637865751243
-0.09993413389114347
0.1279793654379926
-0.12260274328147769
-0.2537150207709037
-0.28021956030334294
-0.18581876334913638
-0.06961798720241508
0.17104209915468083
0.12806805264557153
0.16353767834850508
-0.07409251435630626
-0.11199329917940981
-0.008590977222559859
0.0589148465935776
0.09754488081325374
0.1618934221099516
0.3136389964455215
0.22100479490941127
-0.006337081794608013
0.001295167831778743
-0.09372200810293163
-0.1645908665478436
-0.09718915893264946
-0.2560756069768746
-0.38641013883596864
-0.05007856826293633
0.040211697047329964
-0.16127653602518155
-0.10723474002148103
0.5134133101637698
0.6406671603766656
0.151327466469373
-0.05766397387219857
0.00895532566244528
0.0010785999612671349
-0.3275750998293192
-0.3092036930827706
-0.09391580351180406
-0.04520255313176591
-0.14752086897608252
-0.11955497911299962
0.1069889739674248
0.30075262200468156
0.21659871731863267
0.24198006674377015
0.08060408135555686
-0.06872000520972477
0.02461047192548571
0.2080279710812759
0.33948930661283416
0.23808562447191883
-0.12518462716649625
0.006359333897185793
-0.007430248857723698
-0.19705133184175683
-0.30310751631037514
-0.29666185392697675
-0.10162717943575394
-0.08591089368706639
0.07924829090778429
0.42184299704069206
0.39488004733892224
0.0948367977529343
0.21908502399991103
0.22094274238640943
-0.03906083773810498
-0.25837810292413277
-0.3545204455543385
-0.5422245495709288
-0.6094945451581015
-0.6224453725549328
-0.4491771772233486
-0.463777152605104
-0.3346124298910762
-0.0237224489530945
0.026952115658949394
-0.08190965233707925
-0.07370190211764727
-0.25868340582193905
-0.5144305889714154
-0.49932053690478906
-0.4989171565796271
-0.53012133809038
-0.5527322776551573
-0.37581284898769884
-0.2547060472567042
-0.33150930428080805
-0.3356171953784104
0.026315614207388704
0.14585008128345345
0.028597819523410006
0.010423832873934447
-0.33730763467921077
-0.31887566730894146
-0.49098266248116706
-0.506125967084353
-0.3529584664528018
-0.078450165399784
0.12029448748263172
0.2274353189810242
0.23238258049031724
0.28896231974007824
0.20406560191925371
0.14261159351319685
0.10963594404359867
0.14202052850830027
0.1934935096013437
-0.030265326648147517
0.17089461105878856
0.19812275889747377
0.21683744026049434
0.056029386473060994
-0.07049922026032107
0.12862035727373367
0.42981010815826204
0.5113454327456782
0.690607472071512
0.4128113401410517
-0.01526980575389092
0.2068410859339752
0.14503508560337275
-0.11095231017928453
-0.0003762841787744442
0.20024255281562175
0.4159733879799017
0.31468039817582316
0.6395143445376025
0.5178209375144393
0.4941849724258165
0.25890283581305085
0.2445995126054208
0.2656618863646433
-0.011631452733321002
-0.1035282371231886
-0.08674619538663075
-0.04181462418994142
0.005693969844551949
0.5000477374809853
0.8123149214527913
1.0602562986401693
1.026300547011621
1.0163575673822742
0.3850072909046154
0.439979451134242
0.19238467905340473
0.12122457443078083
0.036045110476389475
0.411970345533587
0.606044581549408
0.4396087957785376
0.47504731486306906
0.3445613779338055
0.5132875856905507
1.7150564025768211
2.9145842663766883
