1.977660227644615
0.41751528682167716
0.05106667231580897
-0.0914901769119747
0.11104411022215332
0.2874029380565444
0.4876666904389605
0.07796528560669203
0.41060870524046833
0.5402730685021458
0.25282140864869207
0.10897845172197085
0.4366882771501187
0.36997829932840454
0.004205343032068987
-0.13445714657428343
0.06448195904573084
0.1407612829357977
-0.05358801024455395
-0.3591906661141189
-0.40527224181029387
-0.31567977259784175
-0.5265578075679884
-0.3810820918117104
-0.15306434977793282
0.09016597207078092
0.20985896574734286
0.45439584390743304
0.4794054951996367
0.5186498487838008
0.45516265011579515
0.37178832385330496
0.1575563968979602
-0.19903030709802005
-0.1135374668262058
-0.050263595153245855
-0.3496511374079554
-0.30036202991482597
-0.4189402688383679
-0.3701547794668216
-0.4257374502070044
-0.332899258040783
-0.2861803448132725
-0.33009042720714254
-0.18315472806145316
-0.378546166106584
-0.38216094726560823
-0.276437302313846
-0.14088001877284706
-0.18373541092282553
-0.3006853827313526
-0.04923952297637291
-0.07261130318475295
-0.17792458166708758
0.0014391387495142904
0.19264909896976812
0.25191696837678357
0.26983230627072274
0.07974142646926452
0.3585614739541496
0.19229360805753304
0.1506580954027189
-0.09727389504940209
-0.1487540678581356
0.05803609545324295
0.06449737939352995
-0.006029215860168358
-0.20864901569159655
-0.3013952928000865
-0.3409366165699118
-0.41833792448999296
-0.46198930080507083
-0.5327013786477421
-0.4239033982963212
-0.367093723179269
-0.3846806937209224
-0.37833206835701993
-0.38814546050387966
-0.33217325157332633
-0.2961131818035354
-0.3448571912921451
-0.3005407403755497
-0.062397610985555185
-0.10967349356394152
-0.0535964254509298
0.1358250444244159
0.1428095745458412
0.207736696848428
-0.13169159152456666
-0.31133999855474115
-0.41588834336463676
-0.4183780813063396
-0.3661993863270765
-0.5000431471070006
-0.3060361450829887
-0.09217693549899242
-0.01331071262388972
-0.08811260544028932
-0.001331779737525851
0.20829588677719557
-0.021828563656547728
-0.14847681178747862
-0.3256242420732821
-0.40559663531404155
-0.398164091824178
-0.33420777485602593
-0.28871074434271327
-0.34382287282169366
-0.03975703443156087
0.05165757755307243
-0.018945452477365676
-0.09241701944107839
0.3000412690434172
0.0720387239714565
-0.08856958871533416
0.06679839682071442
0.38991791136279585
0.43972912159772515
0.22283621354816552
0.22941188617618224
0.265852066537966
-0.01718847763730902
-0.30055376815361723
-0.10720133436255985
-0.5404988282655776
-0.618899147021565
-0.49056681896771837
-0.5743172639914496
-0.574620893860827
-0.5596836985334559
-0.19466338252622295
0.09235892453357131
0.27859966339884334
0.47541552025106515
0.5542191777106361
0.3302271910259076
0.20029840732697868
0.2716914881349095
0.20263890756116376
-0.20935507802008346
-0.2656638143760559
0.17200859507976762
0.2224758372371991
0.19090097147379315
0.4271897425627261
0.45527307239486914
0.353961834270316
0.18142988056656373
-0.14881629346648562
-0.1678945873211023
-0.5048957778642154
-0.6114650440977214
-0.6355790584768979
-0.6180912394570033
-0.4829744516195964
-0.3771253733549824
-0.1767426652317734
-0.174977930046198
-0.14314573075411507
-0.29021808056152154
-0.17084329157751965
0.10330378365527082
0.049031903843303803
0.0947047045111784
0.042372788089334756
0.20687881199916403
0.1879515415863655
-0.01954833814341339
0.0945484324623651
0.0413393933695142
-0.04908352103482139
-0.1283602723236672
0.10188271137090277
-0.013103461630231017
0.04218066165287304
0.13783104552255765
0.0999746769563905
0.011272841962844282
-0.08119144925745136
-0.10830416101873852
0.09451099472866753
-0.1591020440336216
-0.3604701176428039
-0.35436325020283
-0.48256029118892374
-0.43141373023872887
-0.47624702078031644
-0.5185409173869002
-0.5642244617453862
-0.4424166036525252
-0.05390714047599632
-0.02776144458036589
-0.031026773611401492
0.09528432114495511
0.20287273991821253
0.3316908421289696
0.007886169050176917
0.026618339805288382
-0.020071993166145052
0.0855083081076875
-0.07408391576690943
-0.24618545613268705
-0.13592984083341364
-0.274398451742195
-0.3464005105455017
-0.27194022586922295
-0.1057848923691378
-0.20142826412830495
-0.29918330758409817
-0.19233239341880126
-0.2958755288448306
-0.4330157445103222
-0.23210412366078625
-0.21436199473537676
-0.29905539709376994
-0.31333001429719554
-0.2517686853979424
0.0884763181019661
0.16780426094607948
0.3357432737857745
0.43622618663056645
0.156657584798927
0.24501232396865602
0.1963675727839166
-0.15791061252217087
-0.19559460870405077
-0.02645843970457773
-0.08851707263563269
-0.235553613594069
-0.23426583596344774
-0.21740874338188254
-0.2995648567355529
-0.5330058103590238
-0.608945954936176
-0.559236995187703
-0.3769468777926268
-0.20799473173241434
-0.030127020905885815
0.014415574690468058
0.0180757426301984
0.05494611534703209
0.08180462530697241
0.04981234201484297
0.5227850726422125
0.18732329655125202
0.008298965823791637
0.07119925604388844
-0.0674970296178159
-0.21686015918672563
-0.11887137102393897
-0.08391692059333067
-0.2895040791506427
-0.32885687875477576
-0.08970304850110788
-0.03796903803721474
-0.19475316393486397
-0.24083270360543507
0.04627973359075033
0.010243199708025896
0.01971131064594356
0.38839987763536576
0.38780668015030695
0.16589998148048501
-0.13339185717417112
-0.16964209515268835
-0.31111389025298597
-0.4873298841361704
-0.3506839234444935
0.27791416934401225
0.34935445360769335
0.17551021908789777
0.05420623659608492
0.2555357491394533
0.24591974994047627
0.19660956225098336
0.10131678591642801
-0.012718465313875549
-0.35918353131798697
-0.4223219272467784
-0.3321762705522917
-0.4920889202827894
-0.47404562131671635
-0.3131419292790222
-0.2680068116845242
-0.12108975733147553
-0.1308683255311064
-0.025820981422659872
-0.25275100125392214
-0.425943936467875
-0.44454939471366883
-0.49347216588380705
-0.36668971021170305
-0.36528849467756563
-0.4957617710411968
-0.5730244309500647
-0.600435960502725
-0.6324307972440719
-0.5544672971945444
-0.5773668658249895
-0.3489245452481523
-0.13720266365087797
0.19066133392977214
0.4039894947412368
0.4337258431155925
0.6731079541954169
0.4260334803891753
0.1272077798769996
0.29425343278907945
0.08294331676361655
-0.33171478310203706
-0.33746747876175953
-0.11734992504808395
-0.2803118383473453
-0.2869722462646096
-0.011755923279156533
0.08944549489720743
0.027303715618042013
-0.3456040347856949
-0.3097617030377764
-0.3223139595703548
-0.38972496056737804
-0.26670221837081765
-0.37612030238690963
-0.17008967173109435
0.08528346359976924
0.18941728308875183
0.2091251054553055
0.2728760250680087
0.07295036682786793
-0.09088803773471721
0.00420621192819004
-0.18694578401816975
-0.17866638842139781
0.13817357883166004
0.3602566123587415
0.296927631837299
0.08720381277217526
0.7642772188083088
2.019681250834773
