2.9102339467489546
2.214459405671537
1.8950121675403644
0.8076661460722049
0.44653299558373405
0.07807895401884657
-0.06637010517931186
0.05334606309328094
0.007504131202888842
-0.040674022346784966
-0.06860321564241845
0.0009539046891657854
-0.22592687635674236
-0.005047162052459697
0.11201926576564214
0.19294029789763523
0.3872790486576019
0.4933178742671789
0.19915411397062033
0.1349376646579934
-0.055157816061642606
-0.03564239823375803
0.09457726598475757
0.08972925957656697
0.1336222595047507
0.008059951573948898
-0.08018207241070596
-0.09904930387026611
0.1495225780365712
0.3732913560185702
0.45929898785247714
0.16772430215578382
0.05089498393514025
0.16477360426521703
0.035851867307424956
-0.17254639175486863
-0.09500772926581347
-0.20246629923204462
-0.39155247748984057
-0.5039763604586049
-0.4728132583785889
-0.5097886526909177
-0.4371194178140736
-0.17702611466848583
0.0402588255706976
-0.2327946773482219
-0.244416506717956
0.11253919172803584
0.14343605856001196
0.03485346417076529
-0.013923823342133601
-0.10681753106018133
0.18671605339105224
-0.11873982231700364
0.01366008475201419
0.09528518613560821
0.1283480559111928
0.2021088551045701
0.143680604606517
-0.10974638022099881
-0.043516528070537186
-0.34873083181258413
-0.5382143458676485
-0.5685136002432873
-0.6150573073942585
-0.6177466703931715
-0.554308460257664
-0.28258910262482106
0.04114002348897727
0.1251238259603057
-0.1615986640413445
0.11300443235417335
0.09528859013828539
-0.0516306686143162
0.19284642011290876
0.30392522719328674
0.47182419731737446
0.47982495845840567
0.3679659941958434
0.2271764309882619
0.15485933252254347
0.27533717086042153
0.02251221953722915
0.2911431676367625
0.2897308657868801
0.19653378736071603
-0.053621430589656294
-0.2555600213520902
-0.3532789820385911
-0.5299590900896303
-0.48371063059358455
-0.48836685954135595
-0.125591601227368
-0.034340675338183524
-0.006330500468445743
-0.018324994545475093
-0.09639903426432306
-0.16412682421565128
0.1235782708909533
0.36035592436965114
0.6903825133352323
0.5696375112616893
0.6513549250395883
0.7949217499137229
0.9354636878072056
0.6796676578217768
0.3176590445827703
0.0693779859063045
-0.138506331310298
-0.225192384874509
-0.39013010239372226
-0.4939364434985387
-0.49143941827814897
-0.5406502417193422
-0.5950543550481031
-0.4730391772542619
-0.33749637989035797
-0.2033416555964751
-0.017768412374486897
0.026074230602847637
-0.07726862305020787
-0.011471846139962327
0.1630033227496781
0.141339215467693
0.27346692522700533
0.3255827278846667
0.14227000055872419
0.013159815758816307
-0.001360231164862502
0.14718503913074554
0.21018907178717328
-0.029091634416418266
0.12747051144088983
0.462253566708858
0.4039849522584771
0.48509476179122757
0.25862909784098664
0.33448183454970115
0.24885685960557868
0.34983763382788724
0.6048796204272285
0.8128748481794363
0.6258338894163786
0.2319285346733253
-0.06239832707582482
-0.3558000746333332
-0.3860099046002261
-0.48154620146323635
-0.4517591416287906
-0.40494637359104446
-0.024108591763886578
0.2776809996617341
0.3360994777867309
0.4939241559415658
0.9488754006728887
0.5696593109262219
0.3954946990734062
0.6333042281421567
0.3880050952815456
0.4416403629123238
0.3965779670357783
0.4567277659518829
0.1817163475936312
-0.14941386316386296
-0.2865088664128267
-0.2052213136000498
0.0018105405802405494
-0.2554472481680454
-0.4477313458487244
-0.4938272755595712
-0.29792586692950795
-0.26547806307201327
-0.4077308306853735
-0.2136939828775204
0.23611942218992965
0.367305048047468
0.35513773347837463
0.16372688383676892
0.015984745041306647
-0.19387229309575071
-0.25815768726031485
0.06672105363856895
0.09523325430999818
-0.15431774485875482
0.1130029066274072
0.1514981695412203
-0.13182383265710795
-0.3206175949695792
-0.3371604522520929
-0.4533960734900915
-0.6430659020971368
-0.6625003116108878
-0.6509679077433501
-0.6489596083569107
-0.6078301299964808
-0.2822086967337796
-0.26709885435059044
-0.179475742474963
-0.16448144528384523
-0.2548888135151923
-0.33605544027850676
-0.2589399370921359
-0.1658896179192888
0.08215338756016966
0.08049348557209546
0.03920660154824762
0.3756766051653654
0.15385459491020115
0.2394461183461042
0.13331648615264247
-0.013974122744430773
-0.2706727680840557
-0.4168100913570818
-0.5615745711373525
-0.6249459283445835
-0.5438437589035054
-0.3668928566516665
-0.09785061534542239
0.06804064532600484
0.10174110270667702
0.33877552784279896
0.4308884906226069
0.4777978605547326
0.4461427199356932
0.3126656133026007
0.2312164512002557
-0.015281465042950915
-0.0818562964926759
-0.17352002552150358
-0.012225474945896542
-0.11013665752105839
0.017895261242547145
0.052119473839415176
-0.04392866472850809
-0.280252288810382
-0.27986539322096504
-0.42601546936392987
-0.47452840131466445
-0.4021479639622285
-0.3025182777172646
0.11356275175526476
0.38531969335159877
0.5102124302574013
0.5884526244392697
0.5427897740869991
0.8843055466581852
1.7346511966360616
1.9252372932569224
2.589144190915546
