2.7224362357767364
1.6004769073531964
0.8064467681106525
0.27823344465382405
0.4020726719319334
0.09420860247676621
0.19761333290792782
0.09580983208969518
-0.088999562742617
-0.04969704319444046
-0.017184866175900648
-0.013709741307201484
0.014851720683917491
0.10856832337248712
0.08023726352988536
0.10584569918107722
-0.11719060782167878
-0.24981479762238867
-0.4144794403102179
-0.37524198179127066
-0.0843460319206133
-0.22001262085670903
0.001647525960291607
0.16471869488542334
0.3324886114457106
0.23554427950596124
0.17387715733309428
-0.06900329225383062
-0.08159376110096572
-0.32600041327714924
-0.48205108675197605
-0.6103749247380479
-0.6346033932912676
-0.5634196845925941
-0.6403844209064231
-0.573628311082969
-0.4933455643950104
-0.17980505308243067
0.19836571020324945
0.3002902363015906
0.464113589800187
0.5034857605454744
0.1323058223994833
0.12029814882833878
0.07495819873083709
0.048286945005090565
-0.14032980304991993
-0.09646086402200926
-0.032238424464495874
0.10231973259134841
0.29972410911471525
0.34507468041198264
0.33167697790717254
0.28137871807668424
0.23461692884850494
0.34986058041855506
-0.10184152488633147
-0.16197682507125655
-0.4141650845112317
-0.17712384859602093
-0.18777114136470086
-0.04916009870159743
0.10021416023913587
0.3223217099022547
0.43909475930367203
0.4776982020225753
0.4896174856803276
0.4817529629208114
0.2976613418561238
0.13450481134069614
0.014941492689632185
0.07043944835606131
0.02974683964821434
0.24062696704855613
0.24853005049510424
0.4259237816603023
0.048438648277642216
-0.21542005564692812
-0.4444725091939974
-0.49647222193308216
-0.5045196351790024
-0.3880047611151659
-0.18673570120873062
-0.1432895639066205
0.22957247232562095
0.3679983828894301
0.5696904441348449
0.7616717675403435
0.7101877151057076
0.2732341782033052
-0.13873741667454875
-0.44343188805382594
-0.6068900553588801
-0.6507140708651566
-0.6376970096113874
-0.6609550767330057
-0.48857790262357903
-0.39606676988053446
-0.12968653282892406
0.005730633669416063
0.08250956607236337
0.24099159476743526
0.03531951684319001
0.13233105269068446
0.19601897059165418
0.06358286429839899
-0.07441442504853113
-0.16354039571493595
-0.20420302150701053
-0.33279922469573797
-0.22197454666308802
-0.2175901336966537
-0.20384840756918
-0.017576127016579846
0.20068382323752176
0.4778042788690573
0.6000044384214
0.5100963619198894
0.6337564881679829
0.6651608970689535
0.5207722672235077
0.45550569067939073
0.4916129421166464
0.5599328974469503
0.7982560528704556
0.4014258078533084
0.11467459674631675
0.029347878472373634
-0.05066188666187699
-0.17388979102137936
-0.02355823541180424
0.18618133424327554
0.3046987859205098
0.12322993958157102
0.011689544691942277
0.11164949326166951
0.04449788002991073
-0.3492873656311364
-0.2682989981083854
-0.09460167747487269
-0.07685857740376922
0.011453730328307654
0.22321025083850332
0.451816676651832
0.5520641730386858
0.6650425473671644
0.4164316112685065
0.4115765791555359
0.17628446531714304
0.04160536549310878
0.050060302944910595
-0.41418012570355645
-0.3684491546014306
-0.5174260824096264
-0.38211353419687455
-0.20484597407651117
0.10729624822712625
0.1489250306026304
0.2473925799635911
0.11811142831883803
-0.11027505307403074
-0.029412020004942807
-0.1621767411106947
-0.16712717270781974
-0.00624976507303332
0.1669209174174845
0.17621784153956999
0.3024392186321728
0.38714016687694297
0.5494327471208207
0.2610189168956345
0.0584100702392687
-0.15231706891213392
-0.027620821341307056
-0.06734069743137594
-0.08043486692957291
-0.15556397587267645
-0.1822609864522714
-0.025137145487399315
0.09669941137933447
0.09389472266788113
0.010269453098536219
0.01964218151321928
-0.3257489474579016
-0.35066231155352323
-0.25512579137097235
-0.39535363241411725
-0.36013065411247314
-0.3828107414595763
-0.412538178030452
-0.5071160059020363
-0.5659090741860453
-0.4485207852507189
-0.23654363027476544
-0.2007815207535728
0.11781243018291798
0.4863454693548003
0.6873247602356278
0.896935257621088
0.7159832060842288
0.5800375320338232
-0.0121174954435046
-0.08261386534849446
-0.48591148196406686
-0.5095106182702405
-0.597838117774985
-0.522060244239412
-0.5131489540445582
-0.470226585128682
-0.445620175433578
-0.302066589791234
-0.06472034195904797
0.14694349117031147
0.5386285952499097
0.5889323466386814
0.45317222831811543
0.28711405792805944
0.2348904671386155
0.19147609695929535
0.16842994862291272
0.25283859443771883
0.04009408297658967
0.0883108410905008
-0.1154559200342139
-0.10591793266105387
-0.017537565904560237
-0.0956711598962503
0.0556256128113366
0.19348953149081094
0.37451264683022734
0.9170896036430884
