3.0247370708655588
1.1301299360478514
0.8364820592030621
0.5937973476167265
0.5265546254729705
0.11310223526265317
0.03833196333022215
-0.21645481413066492
-0.31574482031459206
-0.04900084504253943
0.28763870637553246
0.26335064498545935
0.6541249504109673
0.7532727218414936
0.9864730130791878
1.0008491137723945
1.0643160017226472
1.0322791771363518
0.9005804411199332
0.5336115460269477
0.2891158337780211
0.1686519818179989
0.08965126721390693
-0.37354500441004146
-0.3427352797226426
-0.5749528806395614
-0.6413950543829727
-0.6363691880663378
-0.645852970397065
-0.622533468638375
-0.6220582225079918
-0.5092570987891862
-0.1978968139722036
0.12413855748359848
0.35140861375465504
0.337133979873097
0.22754910875665313
0.309376419533268
0.2430490387681563
0.07092873198199612
-0.32774275127612906
-0.5756273553761693
-0.5850014982293024
-0.6077509248928616
-0.529019620596638
-0.44570968969390745
0.03966050474076355
0.21016735999079128
0.35372715956654177
0.269083577289844
0.5076110108684466
0.48854594920227934
0.08322139069752033
-0.09655779694088817
-0.3933448686156358
-0.5294528703181849
-0.5525897742908084
-0.10653138694289332
-0.08830281140990992
0.37211314415638963
0.4085680438032372
0.8367917728163585
0.7753669790368808
0.5350397088681392
0.7253662720221137
0.404416887317709
0.04066412939427411
0.04164881291328182
-0.2791212155165559
-0.28084190674965304
-0.35523753378083467
-0.395955867465855
-0.46295349278606124
-0.5086919219132653
-0.4099822074509686
-0.22753704053632684
-0.3203797869151206
-0.046332421733568774
0.12246315229091742
0.004257655852619724
0.26267479442299724
0.21745375000725542
0.03004412283523339
-0.2120314963006722
-0.3440915469920831
-0.3898529460378354
-0.5236762668845492
-0.6056138509304949
-0.6216695521222009
-0.6032399587124768
-0.6270091848495187
-0.6555575998395513
-0.522759607937404
-0.28446838211539194
-0.012664297610413433
0.01053780140083993
0.2255257484661003
0.13368890681056833
0.03408171560102957
-0.20966428695686234
-0.30591526517626755
-0.5173461154907728
-0.5024025276901254
-0.4524449257989548
-0.5008001813531187
-0.4133830741730473
-0.20320808305633797
0.02829197062765565
-0.02840671083159052
-0.08969629992225125
-0.07685451467605287
-0.10754940974050764
-0.10084270829060227
0.14462813550540787
-0.048626845443337396
-0.46413371529864356
-0.45877157917605205
-0.5007599152483684
-0.488966826798364
-0.3411732487786935
0.04598661556743755
0.30080805783365505
0.3287696808526356
0.11296001383595977
0.23114298719475523
0.053017734481788814
-0.19547368085077343
-0.34210998252322367
-0.05653054798568091
-0.17325107751270807
-0.2913756308663742
-0.2878603201775458
-0.17399215068129015
-0.20372348694378561
-0.2483426770915701
-0.21607494497120627
-0.09273566868514738
-0.33922644263845325
-0.27779439494920144
-0.0061251073418661095
0.2879784057863026
0.4959392265432012
0.5063434822485611
0.5195589183326998
0.2771032510147745
-0.17813860873692378
-0.3086530666249514
-0.43417953720997593
-0.31188060834511977
-0.2996202130933422
-0.2163446026909479
-0.19722152278286975
-0.01379603829690268
-0.0990503969295593
-0.0995611101249424
0.33218400188034947
0.26094028824413684
0.14007777969948765
0.14356734106037194
-0.1142230269201715
-0.10806125500508557
-0.2698593675459444
-0.23657849619917015
0.13079389073484238
0.3185746979119808
0.13051020827906978
0.8125008348756178
1.6333874466371388
1.3324445530588884
2.703834075668653
