2.4486690304384697
1.1118166694258216
0.4164772319622986
0.19830530575599892
-0.17399330413876013
0.04518373981827417
0.271232461627947
0.24212741017656902
0.31967609438510214
-0.04913000480054053
0.08538571219800839
0.08719539774288221
-0.2588305599460582
-0.19748461367761516
-0.2605349606801364
-0.2848728951670201
-0.36536587244217444
-0.3332889963248187
0.04015801433398403
-0.02635301784036037
-0.044700479615065625
-0.3087334387495746
-0.30444136774322494
-0.34015092310650685
0.027232398102527755
0.2869495710850598
0.4187819608656559
0.225917823682242
0.3901918358656321
0.021528205209215612
0.022106122793163374
-0.05203696737166841
-0.032562765567430985
-0.08049587918355339
-0.01857720854015299
-0.042697424076890256
-0.007268634379187344
-0.16741079405431047
0.09678883731965338
0.31274173348401735
0.07723957710470841
0.3254783455450041
0.3413430517450221
0.5493992590320471
0.4846017634281663
0.4713120046067717
0.34109160063312816
0.1735247845505391
0.0006309596907547732
-0.011858203112428689
-0.12340631784339395
-0.052395800011710625
-0.10376285880863378
0.11761019623028279
0.09353445332389065
0.0661296698759467
0.3929041369134604
0.3426688928722321
0.06615951124909136
0.04937080198928301
0.2710729672186173
0.14236873816171314
0.1393923123263654
0.014625617430485516
-0.38085377666113507
-0.35450607731659867
-0.29784425835199335
0.1330827295638437
-0.019498004082068476
0.062086629942142646
0.08583482123707409
-0.09488155917027952
-0.04351541717027774
-0.0922183815446378
-0.3366735909502684
-0.2778671585761595
-0.09281974138313287
-0.14511936576692286
-0.17806962168618645
-0.24476890269609664
-0.07379399084431293
-0.2811624769280531
-0.4507098764850628
-0.5394966608679261
-0.6311823621674277
-0.6249601374376108
-0.5986033482598165
-0.5128767186823056
-0.5439526642742818
-0.4969781803236226
-0.32544579513979865
-0.1685648822522543
0.01232314258863243
-0.07248086274062193
0.13329378079293952
0.1192871472777961
-0.19094463617037094
-0.3512796992274789
-0.5242882678482534
-0.3786523709120837
-0.45913251322215987
-0.5580056944793648
-0.36214892777996066
-0.2166964843241702
-0.33148522750113896
0.001704691033119099
0.06002002845162546
0.09344995225600927
-0.0885704555439858
0.0782656339284371
0.22514388202931068
-0.12269001648165956
-0.3437703573608454
-0.3369691407566293
-0.4642287469333004
-0.5864166041521055
-0.655423890757669
-0.6312183425698132
-0.6464035153405638
-0.5831587141534311
-0.5652407894064924
-0.4635971976788329
-0.15890206705310728
-0.2356257189674813
-0.043313940171015974
0.06997756208882588
-0.28545397129269334
-0.36655761499045914
-0.27410038931084546
-0.44384577082788856
-0.4372311555485293
-0.39280289110750144
-0.07297682076458734
0.10167938114964303
-0.0008067851039860185
0.04983453476076294
0.36871093870103944
0.471889101724555
0.7834003756359877
0.9571011660462673
0.450266001902925
0.27625795909031947
-0.30668216115533387
-0.5102712244065366
-0.6302726674233949
-0.6160701066523373
-0.5299839354914617
-0.33170445279207805
0.049971727829828616
0.15493387056405894
0.2373584298955813
0.03893110589282556
0.03927031107738499
-0.2744150366822551
-0.45314541335263403
-0.36952080109347896
-0.37991564195831806
-0.3837382061988267
-0.35423034760532723
-0.10071806244901493
0.0017191796284994343
-0.15954658422555978
-0.24849563014666054
-0.05911500421262239
0.12355026331708996
0.13340638932700855
0.3137766034182543
0.3306336592883923
0.03310490922356635
-0.11759736712512314
-0.03917236466316276
-0.08413338198345166
-0.31707374593234006
0.030380861912145396
0.21564757971273651
0.16498991937245622
-0.025101689054457643
-0.07349733854768481
0.13542463689849193
0.03787462193042146
-0.1696593354526028
-0.2655406294801119
-0.03482753401241667
0.050086116059826824
-0.1780141011379942
0.14797242967622493
0.27484944387481225
0.08177452223132542
-0.1800589914409746
-0.10444066958649167
-0.13521594673456638
-0.37680584660132
-0.29452819810451425
-0.0968375136416082
-0.07522668213237571
0.33414491631083953
0.44715940344518357
0.31145036808534166
0.23611246086416537
0.3445977103446396
0.2266485893143354
-0.1864961962893067
-0.3043537125973399
-0.38667706023443915
-0.5070177423020348
-0.645913772151729
-0.539190733249145
-0.32793179501049585
-0.4139857771538278
-0.1807689221010157
0.3358435479662504
0.3093886820444294
0.13600788830269617
0.06119961478709568
-0.033055751171561565
-0.1751633636080676
-0.34589290535375694
-0.402225483536913
-0.23954529209044995
-0.36726817894287644
-0.33240585214791263
-0.302495936182982
-0.10466701328987149
-0.023086456070714134
-0.09215688263774457
-0.0704356129472784
-0.04122174325670247
-0.15493983463583672
-0.19966722158904093
-0.22057251058700134
-0.4019329276601109
-0.4150075159296803
-0.4557928765695899
-0.18089019253410688
-0.09759922180456537
-0.31887444443430035
-0.19330595820140095
0.011351443300179453
-0.19308890370909493
-0.23872676683184846
-0.3338653853264394
-0.3103008613734901
-0.27027789220206255
-0.2535319393603779
0.0569908840571719
0.21595498899876286
0.13525262444611263
0.3456547193547387
0.17058036175383762
-0.11728338248900472
-0.04259834408850871
-0.17321960429710892
0.08809484699081715
0.010568188157818903
-0.024025246764232122
-0.19017067718769054
-0.2590982377642572
-0.4154869362126843
-0.5144891150771653
-0.4822075679535529
-0.3865142469723939
-0.3540186829997378
-0.11696003320661452
-0.05672441335790934
0.21284201264275748
0.02898812771601167
0.21868631702355446
0.1838466444462592
-0.030171981192891217
0.10026218784468754
-0.07467398085815402
0.16324289431506755
0.07339562660252408
0.09160072576757317
0.09123426571272142
0.32805763724638604
0.4151461238050954
0.36180415818931155
0.15382786878466548
-0.009024973228653033
0.11268150233012264
-0.14515632858086525
0.037621875796388426
0.12783619127680212
0.2206035142387177
0.23004975397996863
0.1825749855650597
0.14817037670519095
0.19826461149810548
0.1764580953358338
0.14163638723207606
0.1115268415322449
-0.12643136883650152
-0.06339980754761942
-0.14147261432921499
0.11405352854008066
0.24242758491680183
0.4237779505735514
0.7317157749169645
0.24940443796253386
0.23513133753188042
-0.3335602304744336
-0.4798799634021558
-0.39087019089270447
-0.4224765805688071
-0.4747326326606902
-0.34002761392818737
-0.06783427283109833
-0.4124720292389825
-0.2602763378865398
-0.10528147369480345
-0.0029218796820050796
-0.1943755431557287
-0.027588615663227123
0.050875793275959924
-0.041703497860205774
0.29853663083556004
0.2450236310585121
0.5348355080110482
1.032739600912503
1.390232383900607
2.4829596728808454
