3.000255233808003
2.0423921873453885
1.1540396956658832
0.3733468742294732
0.2594778700483309
0.14050324493763267
0.2730767570464594
0.4394657448842286
0.24835348888806064
0.11511141802514335
0.023657840564422772
-0.12640711437776142
-0.11964212842079147
-0.2940658140670728
-0.17439572869271858
-0.3277464044580938
-0.22562103115714716
-0.03747228677119552
0.17999814626915056
0.45281520732878044
0.40533069640271746
0.2502320576599777
-0.03887415163660746
-0.18110866336590448
-0.19560240956990582
-0.36831355466763904
-0.21415900191513715
-0.2219061196570129
-0.01846809343792044
0.026888069013396354
-0.0658266334906572
-0.10889640814371171
-0.08442051291836805
-0.26479609153965744
-0.2491350783590276
-0.37219267507857945
-0.37810469791501145
-0.2957739434867148
-0.1148882616370408
0.21773558023452955
0.5139653797837314
0.36505924638334664
0.31928275286219576
0.3167512083308366
0.04629527242226883
0.10098247242123415
0.29389602964147776
0.458429783364497
0.4535215051300133
0.1587525120609613
-0.13342038998140227
-0.08526977586284257
-0.2724871807820468
-0.2829399140646115
-0.4702874828462098
-0.3754440203274798
-0.12989617182602442
-0.013503623870066206
-0.029652615339301414
-0.19985173180814475
-0.1756088630662408
-0.3667180059321682
-0.3701657393392701
-0.39892571599723214
-0.3800709020827612
-0.11898312272663492
-0.04331571755291419
0.2202358494973622
0.5450830704600396
0.7335943209018925
0.6979086243582246
0.5087304963045383
0.31027054792637876
0.014415577626801679
-0.39084294448103785
-0.4967079555610119
-0.5333566129090221
-0.47130283137471074
-0.46928312428298047
-0.32783598696714344
-0.14046391448160933
-0.005308770202977819
0.2554601385808031
0.4040879212312489
0.5541103488053672
0.5176952689121911
0.3655309791472191
0.12788389539203493
0.12268286310056231
-0.07117027560608113
0.07037227908119426
-0.06710573032270051
-0.12406557267370544
0.0150183735418713
0.2045663438613331
0.05483052561530566
0.09431583308660507
0.024598510831925213
0.026116111969821332
-0.04951735417726855
0.07005907464605166
0.21369849557830767
0.5005799179387767
0.21271834432428494
0.33907958229094404
0.5439376309335237
0.42910978826825186
0.2672155708983448
0.04614459265082027
0.0624465169098094
0.27441556577974835
0.2698378776103624
0.5332912128863129
0.5628531240831797
0.29315473730251407
0.11242965211318412
0.04476127740667113
-0.2003559794734655
-0.1036552865813759
-0.08117225074343026
0.12913459222803725
0.36679266576941516
0.6050855860352676
0.605525513909799
0.4539612030128247
0.31972549268500927
0.25902583484122144
-0.0717721033564932
-0.2675147912659894
-0.4733251101334879
-0.4835548290582803
-0.4877608075126332
-0.27012930912258915
0.14581600900541458
0.5158209937375158
0.5559286163656187
0.7282481086160727
0.7938036437493052
0.29961620908804576
0.5525104453912187
0.6503547166446194
0.4209299945662258
0.3955325738334785
0.4266232414957485
-0.003512652058768162
-0.007339880085305506
-0.1115466749889602
-0.0653431417353374
-0.3809158598030764
-0.36516269700635995
-0.1549168743979068
-0.3656677644614267
-0.37834575143472404
-0.525607364051466
-0.5291671786406384
-0.547911180991113
-0.33954915093100646
-0.4265213495039526
-0.3971484971945982
-0.26822733028673107
-0.17145241798540034
0.028760626270383893
-0.03520852808989161
0.5244950445166289
0.5279316100570114
0.5024256397832623
0.5271976739871007
0.32866673243987654
-0.08412394426204062
-0.21385164138999013
-0.2708842550409378
-0.09642943030314755
-0.11547656796269457
-0.1483954697098988
-0.017867547286729568
0.11401917288124253
0.16525096514959603
0.30605622220235706
0.29942053593787055
0.317605149573299
0.489255956167853
0.5082178230654877
0.3054076153826354
0.2937041480457614
0.1819743688728208
0.09447000991094612
0.26632143483865034
0.31360519468566994
0.6349042603077922
0.5251598170584345
0.32592084230498164
0.22733464408831194
0.16170770655400457
0.07874247018277503
0.3017699203796317
0.5709300233611223
0.5475948426610748
0.56493965171426
0.28253147818676316
0.31733973008872574
0.3087920319598094
0.42890558863190376
0.22776885763862564
-0.022998569475910946
0.33972638444602765
0.21221509718248366
0.03887921216603196
0.022492045891653656
-0.19100963265794513
-0.11751223859648097
-0.284225739133395
-0.012232270317414029
-0.04857383701305429
0.14093049845440242
0.11708477943489293
0.6473880317371755
0.44657522629585766
0.37205665258453213
0.25537989994958166
0.26090036129619365
-0.06698110662107659
-0.021925329132799765
-0.15610943501026053
-0.14136329326144126
-0.08930531959682952
0.05914937233525763
0.2001736503616468
0.35758193350906964
0.40511644782996903
0.36426166476127664
0.3872784815974549
0.18679743200593368
0.32949023873135075
0.5674247834135698
0.521532582601527
0.5013700256038299
0.25626101344873675
-0.03711020594637593
0.021505979504600536
-0.12934819721600044
-0.24675406605682415
-0.08283986599937698
0.009863813707052471
-0.07997433561473022
-0.39194005006275345
-0.37717776898468003
-0.3808141566660024
-0.4963777476601374
-0.5373823346006714
-0.544131735704064
-0.5555286434561484
-0.5158395243018159
-0.27666845799082695
-0.22403399104032395
0.02364479250413587
-0.010019927915388416
0.20820928684428552
0.40581957075569997
0.05171093317923825
0.14743412026016656
0.09212422733680858
-0.11684455194233134
-0.10929776458466034
-0.06818635700933107
0.10147557440200405
0.19004434032132322
0.45857488894456777
0.565530220724574
0.5854784576013621
0.23656893143226776
0.3020644431863567
0.04420641417067994
-0.3377229475782617
-0.34109785139918936
-0.42619475702255927
-0.36460552338826335
-0.11836942175716747
-0.22936045504403424
-0.070425994886409
0.15628098931270318
0.23566658178479194
0.9402326501665713
2.1534366870331505
