2.740705698813391
2.11510494053464
-0.004104079789059689
-0.04542922644410541
0.10727941176025713
-0.3403782712550767
-0.3419285357488131
-0.5033553835824027
-0.5229560690386097
-0.45408113569400266
-0.19024541923126392
-0.12038037422109549
0.053747896109515914
0.15951267007870673
0.11887261503209423
-0.06702443572467076
-0.09737833153188336
-0.3106399158786064
-0.37697126510056034
-0.09329380094094242
-0.10401649521502077
-0.12789370867019867
-0.20034906809280573
0.06147579423822647
-0.0869588738386643
-0.03814105415068958
0.14881169905987612
-0.010063384599859115
0.01910137132501577
0.07869767874364053
-0.0054474882657554735
-0.06382670315966066
-0.25915227799587215
-0.17628328377092295
-0.18097814017961122
-0.07245278501221997
-0.06032427182016864
0.026828743713483205
-0.059788514271616466
0.13469810468058097
0.21364303705280707
0.17428517355136341
-0.12506186736481972
-0.04132639328924104
-0.260623636391926
-0.38229464859271045
-0.35648028481580174
-0.22591972964466955
-0.15320661241040012
-0.29670645370934745
-0.2996460996924153
-0.3051801489893371
0.015001603993493151
0.09511416912905135
0.22302846716540614
0.18456536547461122
0.07413421995252256
0.06227511741431979
-0.01495215432447694
-0.12211130738005893
-0.1763525934522029
-0.34105825459855565
-0.2695290717651935
0.1241650819309893
0.11610240237014835
0.5353128027837565
0.7920098458495846
0.5796197629067862
0.9881919165670899
2.2568889292453767
2.128043503980681
2.55417803059687
