3.2648767169300372
1.9979850059124447
0.9246898377313802
0.6486126012274337
0.10873117203640947
-0.1408003037764195
0.16149800015579407
0.15542331377000018
0.09259344686246285
0.19915969385071808
0.44717518119135236
0.40628449509933384
0.20069343505806259
-0.042118675411387585
-0.2769766710694984
-0.31215108295685434
-0.3987192767168617
-0.4336129265735573
-0.4532790464523877
-0.3314006519505708
-0.41565097844611
-0.20500396779388264
-0.13488659898489364
0.013774988349065764
0.4352593355786889
0.876406931490648
1.0494364343715283
1.0030667485235472
0.933120367669718
0.8982010168505057
0.5646075356480273
0.2302336416582158
-0.31019826582271426
-0.40524682303564186
-0.5445431117701147
-0.6110209436473253
-0.5294466313591202
-0.425028444383036
-0.35994387929433413
-0.3881841669277073
-0.07689022070100249
0.04758984424813917
0.06768317940863888
0.07435757467637893
0.057507737846610785
0.03552498883941424
0.12452673235316392
-0.12404627492867593
-0.3260694831152241
-0.2917792397001491
-0.18503415790399647
-0.030663898063178374
-0.24185413409313772
-0.19569974201124962
-0.1307792705720512
-0.2148775816426467
-0.22771470282740214
-0.3688114684840764
-0.4519323667275946
-0.2666517904078086
-0.03270273283958003
0.019431371461944513
0.10437835432699305
0.31965398478109486
0.4265468743509798
0.772716650427242
0.9507834746995276
0.5797948923303194
0.5388719774339245
0.2396694562464602
-0.13699962931388898
-0.2328671245191346
-0.46004755286490173
-0.5515231435435721
-0.4558745148804051
-0.3579294696798174
-0.22155917726178664
-0.18523084088262665
-0.1376849767547308
-0.14326458726336933
-0.2894000083747399
-0.33160322056625535
-0.1911786802639458
0.07127467668853704
0.034347576536619795
0.14959197656816747
0.20360864854548866
0.1613095948429707
-0.3351527317541938
-0.28952242230381975
-0.475241229050126
-0.4662131712860036
-0.3194805120208699
-0.33368160097673516
-0.252941948717301
0.016036037892286026
0.12473301562661188
0.3329374095067512
0.268436620462452
0.25024198496463024
0.0878232256143856
-0.04483603853186302
-0.028498656241359943
0.09759975491580364
0.0598143707369615
0.06454942575954525
0.05933688407202575
0.15481458261343484
0.011065308652327577
0.06780395662704863
-0.11289628094565574
-0.03178242807596099
-0.2801021024704937
-0.20601434650006867
-0.17557852165250176
-0.24427848617374015
-0.09028883625794637
-0.13674104826629363
-0.06604065253009839
0.297656355238462
0.27101604015214253
0.38444667484944006
0.37182712220769853
0.09363767394844225
-0.0968026342259164
0.041046205198636665
-0.055230777705070566
-0.11750964022099197
0.038721457709268936
0.21865704196175817
-0.1250243841196187
0.051779581617757864
0.05896878054060606
0.27721527506383303
0.16555235640143717
0.141152233754116
0.3161512271408641
0.2854918014387837
0.21001862621983824
-0.03370381653495169
-0.14473830256758569
-0.4096009177448261
-0.49371080085073227
-0.5175984680920502
-0.5135838657701721
-0.45654838047555746
-0.33958094046318543
-0.29137235021596664
0.04782275558918159
0.053209067665481724
0.00943306366846075
0.028946673528422284
0.21649410310082207
0.3590847116716096
0.4161415751385066
0.2740934382966491
-0.09850493349752809
-0.2550188982402326
-0.3473139699993879
-0.24000592315439162
-0.3249261385678157
-0.5050626763427548
-0.4036065469625403
-0.2058171292471116
-0.2593183505084975
-0.2784525228166085
-0.05693248147881169
-0.062029797097200357
0.1452429312194865
0.20398328822658107
0.5965209226592854
0.47121829941885796
0.11721728501729123
0.28033117496919047
0.07229397681726368
-0.07768218081576295
0.043967587418883736
-0.02122717305639321
-0.0816044423708181
-0.09153448419479027
0.02773409356201817
0.05402141262224258
0.09319330795461744
-0.14615236065535386
0.20010516880499563
0.1006792246335888
0.08539560711232352
0.007233566554529891
0.0792254873380599
-0.020211501944446875
-0.02014752311996404
0.11925484011785248
-0.2371397679262781
-0.3373921731348396
-0.19430849520382054
-0.30425591697995014
-0.1985394207871798
-0.36738340211449527
-0.5429848648350082
-0.6394734877316213
-0.6260520547786759
-0.6554056687158571
-0.6633431202067852
-0.5947318483388286
-0.48507728140133133
-0.028759878749920142
0.34986316898449765
0.42154006384551324
0.7367491997485792
0.4971481197236721
0.207760797012293
0.01327950504114539
0.11083414704531336
-0.20950004277384449
-0.07151421158489757
0.1826194768543089
0.20819070352284652
0.18890335117118007
0.05060525627510126
-0.09161460467224658
-0.3848043639993375
-0.4723125259037968
-0.4912846073071797
-0.19957962428873688
-0.39036601490162126
-0.29116628127887023
-0.18087534465861155
-0.21256349192991464
-0.15024644829774125
0.08446758721758252
0.25759653712722164
0.07602591731562935
-0.11609667200743101
-0.3589069601182374
-0.5194122384717599
-0.5748224360880123
-0.5603304794366946
-0.3660658955690437
-0.18065909542331382
-0.10429893318298378
-0.21995286457219632
0.003708426100177631
0.005583793964150652
-0.07720771166888873
-0.0925241055943139
0.10426590465884811
-0.04978549850588121
-0.2430896318296314
-0.0527887286882317
0.10031962766986835
0.316136920132428
0.4470279772990373
1.2972311921256723
2.875698953734683
