2.983195974114139
1.6719923755802877
0.9444953071677532
0.7430609444248208
0.20216503235000993
-0.20132062691502917
-0.3742217632074898
-0.55353264527895
-0.5634752886136871
-0.6236676055253882
-0.6251425320694974
-0.6506072289734877
-0.6494852109534923
-0.6485360755159768
-0.6693950534949686
-0.6751899109221902
-0.6450712273802601
-0.6672214096830089
-0.6315577331521482
-0.561891958100353
-0.4681129906086301
-0.35160257037559983
-0.28114127959941115
-0.09679003079400339
0.13542928243885022
0.384339054052796
0.24516083344476913
0.016580867235502672
-0.39803677833939255
-0.5027424939169789
-0.5909764013966343
-0.6303569733019163
-0.636328937396536
-0.5590086403447381
-0.4453568658857404
-0.10462557900261105
-0.10708822102119453
0.19119301399601885
0.2859237967343967
0.2566155067069691
0.010699574015290536
-0.09488246850439697
-0.4395438738593289
-0.33308215337031366
-0.6045537821749454
-0.5926425434573501
-0.5198338734506276
-0.6224662729196608
-0.6370339856099916
-0.5548551834787041
-0.4062498588282567
-0.5649729084586372
-0.510962754104074
-0.519388257989871
-0.5537030952748827
-0.5769768575145817
-0.5495147262659701
-0.5225606693062042
-0.5877545344451545
-0.6242354713649281
-0.64074797026206
-0.6314129243799402
-0.6284889856204721
-0.6655861732944404
-0.6709491325463159
-0.6310873378258459
-0.6529013691905619
-0.6712071239084394
-0.6741500172280395
-0.6736567486385963
-0.5967568595936237
-0.31828938255479633
-0.004547070270399134
-0.0592108775069623
-0.08310666022724544
0.1235094213078437
0.12674410625685317
0.20944965463212106
0.18643560017474126
0.576911329199961
0.5874925758962039
0.31818680568909363
-0.01705168339482932
-0.41256961950567184
-0.584494230018366
-0.6612651424597824
-0.6691541846703755
-0.6691535672174478
-0.6771543180536961
-0.6088325662657055
-0.598297445039701
-0.47954067641358966
-0.4373060774165052
-0.3712698368233507
-0.1211524591330917
-0.06816218388868533
-0.16077046460187816
-0.2442744292544916
-0.050332589689368046
-0.02416353899836965
0.11320891055478388
-0.021302285811683808
0.03896291651147632
0.08587638451692348
0.013975049156484398
-0.21934156510961822
-0.3251766405460723
-0.11086735333521447
-0.1828496414305364
-0.3572367988853484
-0.3011914440423322
-0.5268096392332438
-0.6268287587585573
-0.6724693082615474
-0.6740464942249038
-0.641043507955471
-0.6523479535208374
-0.645621436400682
-0.6474394777799495
-0.6600223192956314
-0.6478551908652639
-0.5688012830578693
-0.4168367557197272
-0.11070319375007687
0.21781347958769437
0.609018422151319
0.5740275716469261
0.4420294364034364
0.4023994042123218
0.4327730781087228
0.25254829816789726
0.08005578075943831
-0.25415730523104596
-0.4092965093459132
-0.4682360116866391
-0.36691803113684696
-0.44669492801463173
-0.49111500986863765
-0.6548346880589433
-0.6619781886575966
-0.6694179134650051
-0.6777653574242164
-0.675022019407582
-0.6762450790424022
-0.6756561913664414
-0.678388625608288
-0.6748520000449425
-0.6589482754281453
-0.627983329926159
-0.5762049724008496
-0.6384035022458052
-0.606129784089426
-0.5183292597005411
-0.4931681642124639
-0.5473711294813952
-0.5139400522473951
-0.39658475570184326
-0.34981105244078914
-0.201518411651755
-0.19686694458993415
-0.11768802947106738
-0.17415843096160888
-0.3144254717411209
-0.3598404355188285
-0.5114721882821671
-0.5382445506517306
-0.41131738474202484
-0.5904945466810045
-0.553139391029629
-0.4752846475782273
-0.5091550240109601
-0.5510206551855947
-0.4709862972508341
-0.44433146654468314
-0.40782846079665236
-0.3222821166426484
-0.08299883554874166
0.465555913218063
1.3525699786533159
1.1443688024016339
2.3104936701555294
