2.428697295390597
1.0638698356582297
0.6121135458586956
0.3187236640612098
0.056546199189830726
0.11409321121692961
-0.06834931810027445
-0.11515354792364996
-0.3707875585941147
-0.31419561402499063
-0.2134582726900195
-0.09626263775246247
-0.05355150036620149
-0.05734624370871799
-0.12935342623728985
-0.2832066048810309
-0.08831567785453365
-0.040307747184123555
-0.13852053804758624
-0.12471365953241598
-0.13813282942003857
-0.21478799453820008
-0.44631058924842737
-0.35773037548590203
-0.27526097229085655
-0.3675150481474698
-0.2255469616689464
0.1600671493292506
0.24651907724733013
0.22121608097880519
-0.13134800253659573
-0.004984967646684768
-0.2572059174914252
-0.36583327427384416
-0.3779707498410195
0.046351029079152894
0.00771268093548183
0.08242004494477528
0.09155644014000908
0.022992662887347026
-0.07524285703835931
-0.3399256492336341
-0.4172096065880315
-0.5345281871863246
-0.5009825651157365
-0.4254433238315465
-0.41455359107232104
-0.12564628401375633
-0.20489423811997698
0.11535855285380026
0.33785578636232516
0.10789380716752417
-0.13331580027728396
-0.06723115346789688
-0.1398008359724755
-0.45783635645418586
-0.4234881895256709
-0.4016043914895495
-0.42426691831183616
-0.4310953687364478
-0.24167169257369303
-0.3926109419504473
-0.21248731144074662
-0.006341307417213393
0.12992736881805345
0.2682002911192871
0.14313021883087917
-0.020146965819122453
0.027757581057551772
-0.15302509164552003
-0.1746535891047556
-0.35500769401890564
-0.48269111056836955
-0.42523920739648813
-0.3806492157465178
-0.5008621620125033
-0.5374587148227516
-0.08929058463169681
0.09921426131780176
0.2771713187926469
0.4584609722069367
0.7932503271513092
0.7199428906481744
0.5181531243670621
0.13737770890269707
0.3924907800528935
0.30139953798079067
-0.08914173664766145
-0.43339625107033686
-0.45939001618367137
-0.6019161220829297
-0.6120133894053204
-0.5147152398066499
-0.5049239478892797
-0.20594384504074825
-0.03638712628695251
0.006376667483192544
0.5106047864311797
0.7279242954050372
0.5895523341451332
0.5638740897886163
0.10161599111788078
-0.1839815498892603
-0.11364636693069341
-0.16267071433843894
-0.25967886989970723
0.12641224416541808
0.06422943329833353
0.5054271876168408
0.23443372412173447
0.2467980572394013
0.23060247612943108
-0.03818803524743597
-0.3970865603709759
-0.4698742173520274
-0.5928583372311633
-0.5906346317557527
-0.49292376469554045
-0.5113542826357773
-0.4712786177828896
-0.04099008013888317
0.3074145109233126
0.6545845526408673
0.6649267105062666
0.8776812579828088
0.8591664995717284
0.4687542697375364
0.0896098589892359
-0.25546109717838994
-0.26254458121280566
-0.3881931053561434
-0.34986134199209806
-0.3725171868256103
-0.2845872281656492
-0.2277199620767162
0.11020897360287674
0.27897380304121133
0.4309057880420425
1.8143024266680627
2.848298997445511
