3.213277578733142
2.4529009929539587
2.1079509602574342
1.071069343588952
0.3198405988266134
0.02403071378238275
-0.13642751674948805
0.12139652387493405
0.7908686878156121
0.3401427858268645
0.6520874821814102
0.494969366358352
0.47311487176247335
0.2349146811870907
0.4665897282942101
0.43253892122188564
-0.015034059380882647
0.12917362875864957
0.2392247150944653
-0.0005197435674744177
-0.24640888412707174
-0.1484969156442425
-0.23551885212983337
-0.3288420495701164
-0.3015694332361175
-0.13810258021784394
-0.12294193812349585
-0.2023534744763804
-0.23688415079953518
0.05788660776201293
0.015085287112868384
0.04983785139545138
-0.10384549452533876
-0.27828384183988875
-0.17125956119957342
0.08347740932443559
0.1588040472457325
0.22250858559911035
0.4514227898826604
0.7827646144174328
0.4257461240797997
0.1236232275463437
0.3788329264514234
0.18909865244192836
-0.11652702661474268
0.0020886102099347825
0.243610521983057
-0.0454936804502849
-0.19981855296602546
-0.38003335598399923
-0.09734953670761326
-0.37943531231106364
-0.22824015282133525
-0.3134082401283116
-0.2922326649981912
0.008080888558594679
-0.23435411978081644
0.03958086381900938
-0.14200775320135295
-0.26355904145872155
-0.26394850146780535
-0.454422021732083
-0.513307771599131
-0.39182558203328566
-0.23108879128599957
-0.39872815837436004
-0.11454646086259157
0.04471548361360733
0.0731527156363071
0.09891843435767667
0.328745812434901
0.09105901335803979
-0.1060037536654661
-0.07027748127718747
-0.2824202672298256
-0.3356646085541739
-0.24571560043894136
-0.14011890359985335
-0.31344896235881825
-0.20904541787649678
-0.11515607804645456
-0.06455856667825466
0.12161974805198361
0.1622766824202465
0.12599401361799123
0.3677273358022476
0.2662595478290758
0.19193687327151898
0.3827869769196639
0.5503128466932786
0.4936057529887933
0.47853581773760423
0.3379266853721029
0.024617017778204464
-0.15683732676093265
-0.4175418775160664
-0.5840003473939392
-0.4920056044268395
-0.5400646716407711
-0.3708853085327315
-0.5003517734760337
-0.3053527555597255
-0.042501093860700334
0.03400438420619867
0.3881407147556305
0.42617420377235027
0.4023888841890254
0.2692359980257196
0.05566208651831539
0.03867373543529773
0.12509164096432357
0.11034805571469597
0.06888218710949512
0.13495816929953608
0.044696699688075436
-0.2602763997598212
-0.3188142147590961
-0.5362711870293979
-0.43217892532674207
-0.4864765975771186
-0.31281607787290977
0.034882126635936817
0.12549059201851642
0.11321914071400463
-0.038088590926425914
-0.17084224088361
-0.5106522543643262
-0.46588521769154223
-0.35588826185600375
-0.4279770083446647
-0.5466767035159341
-0.46538971446320687
-0.501596169500202
-0.6466520486171163
-0.6147981582099806
-0.5201531121424074
-0.5615267733698082
-0.5501384562069693
-0.31296186312823115
-0.25896454016201287
-0.09445626784731997
-0.05790886387913263
0.29672815403199126
0.4821036608514867
0.14744271695133537
0.2174407772342628
0.09763042345803308
0.26166621403109724
0.06339996280446225
0.30937198797321863
0.09354701176498115
-0.1635130913680627
-0.029438781110409096
-0.14687990394017603
-0.01263977200491384
0.04220889181954879
0.11602279184660225
0.05556673687149938
-0.04050221760663886
0.024046928741269236
-0.10807673945553042
-0.4099367987562196
-0.36195800525008837
-0.23068887575355213
0.18527887420429223
0.3409020986106961
0.41020839120498476
0.6362720036126083
0.6075698372081314
0.8891719986809823
1.0960069332000644
1.0156977173666475
1.0162294168400876
0.4650279296802097
0.31571529007305543
-0.003861856264638641
-0.3612305103235408
-0.5433457154467294
-0.4097765671375806
-0.40154739248737004
-0.4429661894347492
-0.12539476183509446
0.04928355871533341
0.3075979031804579
0.5106441756403354
0.7840545612214671
1.017773252345584
0.5052604330938533
0.4894621930561154
0.3318246784973343
0.1438499221964551
0.08833043161933829
-0.12388459046954647
-0.2677343238636847
-0.16672640937136696
-0.059396395089232557
-0.22943310202209755
-0.11104827943024353
0.2816672355419817
0.07216560601245148
-0.21457037013296565
-0.3013953961587359
-0.10858303070699349
-0.2763441618157506
-0.24233789446842402
-0.11134553593566587
-0.06560397892263303
0.030181320475666906
0.04274816611406984
-0.11499510429144366
-0.08144901458400022
-0.23387351200204987
-0.41262726115918247
-0.5274682583318664
-0.583541910765133
-0.6212561763171378
-0.6116202211211847
-0.5837854705194325
-0.5529177959243621
-0.4448762325366875
-0.38515686068770727
-0.33323280934238975
-0.4337757466438541
-0.47359201066725776
-0.38999669436848006
-0.40378395445698767
-0.4510982567963675
-0.4434733096728961
-0.4178260465903716
-0.4943620838985041
-0.5542453014266975
-0.5037436485604867
-0.4796259807352372
-0.6166228167098606
-0.6257045916336883
-0.5404986765402757
-0.3695135319332551
-0.053604387000328435
0.07039670921624286
0.42823467666014414
0.5552400810056888
0.5230819115331282
0.3117432947722216
0.41389823026175654
0.5108450317395475
0.41990674856490895
-0.0848385444622779
-0.1059347218951151
-0.26031741400718744
-0.41760338638367456
-0.40720773363091056
-0.045344808147864235
0.11051566219299824
-0.1569148573468081
0.015610687687347524
0.011497720598977912
-0.04950033740104465
-0.08867329230099064
-0.4481685291866575
-0.46915365597243275
-0.54655218984595
-0.6122214386324756
-0.5533926521058607
-0.49350945246062805
-0.5448755540391765
-0.5581738503546769
-0.39032588860559914
-0.19666624478214734
-0.2353427088407849
-0.09390620136144567
0.1444353711927039
0.20839312018224032
0.07370512817050412
-0.06829289029037511
0.054036679934678755
0.1438085178290428
0.06617123367884536
-0.0037345521350230504
-0.0024483948005011857
-0.11557946717586898
-0.23202878589783782
-0.05632951441584522
-0.20301772646254979
-0.01353549983705249
0.10505996691180719
0.09530311482145348
-0.13873670161464136
-0.2115423668630093
-0.09874393540937954
-0.3482754542706653
-0.5235855053238119
-0.43992180684226756
-0.3322839994790111
-0.19391631268232812
0.14245071392448816
0.17616617772190013
0.14803639071592045
0.021765550672489198
-0.24763886399928303
-0.29294876535529957
-0.24069980994353402
-0.4471896196317755
-0.44402069141265077
-0.39680462635615477
-0.3237132935879119
-0.2525353694264375
-0.45836399081182577
-0.44909775555103426
-0.3834827594022847
-0.3626990148331374
-0.40376147312788757
-0.3638407820385108
-0.34696289430579674
-0.377868201389415
-0.5189161159118754
-0.5985772793397086
-0.5502320445569477
-0.6025948753079815
-0.6230951566028533
-0.5784094427252258
-0.3653481129398055
-0.3459803995259374
-0.5075490089426931
-0.32380760098384376
-0.4072795625901211
-0.5037241198327844
-0.5123362867449854
-0.4221431901082786
-0.38020496764239886
-0.5309086828144025
-0.429211115452391
-0.3475394576885651
-0.2061333872320681
-0.25161712204513975
-0.3812429263113246
-0.2424291075158067
-0.3412702361403217
0.0011154936974251406
-0.18224829536329445
-0.4684161871553678
-0.4456516964691507
-0.5070280128128632
-0.5283848337824568
-0.6105826052556065
-0.576453448983137
-0.5769825518612715
-0.43990936489783783
-0.30955124264253087
-0.2509305658088973
-0.24541212053690153
-0.024236394374393955
0.1564408050877787
0.0006963827181849513
-0.18396372879614353
-0.013952489665642331
0.17213096770773695
0.015389213361392762
-0.2092704029006628
-0.02589805907314524
-0.12893972204775195
-0.3328118626408135
-0.33888778530783625
-0.22071255195352624
-0.10113346954293134
0.18161822785669202
0.19531915339385386
0.07999999934432145
-0.0767835694283513
-0.1413049020997933
-0.4936432564308053
-0.6308061315114704
-0.6279245768786565
-0.6501489896243953
-0.6229705343877576
-0.5997569038526129
-0.5947943700661922
-0.5037749960133047
-0.2382223309676541
-0.22693995162815372
-0.25655178403470147
-0.24669230507936968
-0.10381700643740033
0.027982078636711094
-0.13865602268644406
-0.13952242595241193
0.018835636568827252
0.2256152085587435
-0.02766633907201721
-0.12545388412129177
-0.24749758673141464
-0.30096384434237344
-0.02963945303666149
0.17476353417510504
0.22465006722053937
0.15295120708352672
0.38632600774264647
0.24044175779064048
-0.07820636365012945
-0.22879110486161247
-0.41755391434886246
-0.45149428365292554
-0.3591670957428522
-0.1534384218274265
-0.09678878750602915
0.031172838743962483
0.3656164164110428
0.6723681670311066
0.5026064158948002
0.1154116988146916
-0.09988175594164961
-0.16317620022829138
-0.4518341691490677
-0.4693533410663524
-0.5737350992328463
-0.5278109665547766
-0.5647615753944639
-0.5018748069752963
-0.44811170266104416
-0.3357065638018586
-0.33727159191125433
-0.25749206615639175
-0.06161439849659589
-0.052741146052064924
-0.37821563672396763
-0.33605417643631064
-0.23593875633063055
-0.27148253056170213
-0.09383274407137232
0.3316698778581857
0.5169300627484272
0.8142106921249146
1.0216434833794719
0.8941718954944864
0.4291803053860114
0.4825943893367902
0.211162552601022
0.07462124653525937
-0.07194171630761559
0.034441937264197864
-0.1650056313874423
-0.27337100934436687
-0.3610696146259694
-0.18118248832003803
-0.15280097454703057
-0.29264054934876094
0.041947394136547356
0.050702206262937755
0.0919317723107057
0.05888691083597464
-0.15992460873192782
-0.02823808713853293
0.09408051533747919
0.020333713222527083
-0.3836884386640764
-0.48783285289058953
-0.3304861536189465
-0.34919777652427975
-0.21794812928854945
0.20944788141072834
0.3716823869381969
0.28944505090717887
0.44484133808853765
0.49193214061689816
0.26170691126376266
0.0770915886998591
0.025232151360731536
0.20718148658154845
0.13355376138949038
-0.0729273263455208
-0.3310905246345367
-0.5121074274737467
-0.6016822585599444
-0.6239088386835112
-0.5608664571912785
-0.510466082244778
-0.3829288931230075
0.0054827970541003745
0.10676995058351724
0.13263025127588757
-0.09347606000463271
-0.08570390762764657
0.23753524563544182
0.14008566894116936
0.08469867109993423
0.3042222823203352
0.4111892727368325
0.13164449416780555
0.26057337760161847
0.1784185845518763
0.21531946916643108
0.23123286409139876
0.24662226694007994
0.05310990781198788
-0.10926885532198749
0.007049775029805416
-0.00414497727802754
-0.13925091660547662
-0.26210044315374237
-0.4323087938460112
-0.4276747575512758
-0.3899210390227694
-0.5193130845414557
-0.5999232790349556
-0.6322986092160687
-0.6384804385460563
-0.6724212087613552
-0.6562249441034331
-0.62047419295715
-0.5558544951571049
-0.5001205996873999
-0.3698804152236923
-0.10447090974807816
0.027761773109749033
0.13561104274815738
-0.14164274317708803
-0.4471684517544996
-0.5410222437414527
-0.47429771401482745
-0.544667939048149
-0.4560816787089159
-0.29507040288390385
-0.15726960524978506
0.1512603281070234
0.043439688580754976
-0.01729275412373421
-0.16330757936448215
-0.1039203217989002
-0.07477788324454016
-0.3065205725759318
-0.3517839179446062
-0.15952168902906694
-0.2959321597365039
-0.0012818431113430506
0.1334593538710065
0.41013675634872193
0.5126828146144474
0.3294672175997718
0.24972753747375076
0.06356352600120896
-0.019815478017274568
-0.05212913443477085
0.08688812274177582
0.20019973893991894
-0.02230081757702229
-0.0017494932217556602
-0.12295873048185268
-0.2446851348619974
-0.36755052100011176
-0.36726623309231754
-0.40223772839460004
-0.27322078475833034
-0.005956144885540859
-0.09200772009702596
0.09131037499600003
-0.13379560743774666
-0.2771244498008787
-0.4046079709706487
-0.42808894913108186
-0.3622138813052581
-0.4307031535488157
-0.3538183468316236
-0.25581753344326086
-0.2454432330776346
-0.31927793246211533
0.023464849400060217
-0.03032168491671061
-0.02972315127915337
0.019785772294649062
0.19194467890129996
-0.05173155139391161
-0.08502061665929217
0.23383452137162686
0.2889638043349396
0.08858799108164117
-0.10815420239051077
0.005471808640058029
-0.1541894319896513
-0.02036989472455175
0.16585459184240658
0.24187167031834478
0.22728575722681743
0.3079862044594952
0.20518477631032606
-0.03443169833003923
-0.07671095042751785
0.2266927698538138
0.43459469979626897
0.3666255616553027
0.6395845190436126
0.5634888626179325
0.38992306999700976
0.2377600742651521
0.12658609348421168
-0.18459961450062812
-0.42438118033161176
-0.5342301849951969
-0.46460223506592313
-0.10046020624799845
-0.07627142671650555
-0.03911945430078534
-0.12269386698472096
-0.485031290670608
-0.5827076770207
-0.6560519790795221
-0.6562389167007245
-0.6371082594156672
-0.5542841467160469
-0.36215056160250647
-0.1618700269737413
0.14302868819357628
0.215528724216707
0.34145283454815123
0.17022918493384076
0.13060611998253369
0.25602103836282697
0.05015349463436958
-0.20603929046646452
-0.06041805508070752
-0.1492483200535355
-0.1343479988031493
-0.017329794312395563
0.24021946799801652
-0.01516311910969681
0.22617374328580364
0.20486550143688254
-0.03837981508861732
-0.32920573466406666
-0.3911546331133334
-0.39848810764170306
-0.43879154916881646
-0.3738749706873321
-0.06411379873761514
-0.19387649990150546
-0.13967884962431598
-0.3415189996308605
-0.45636566372863085
-0.5303517903417498
-0.4766758616781881
-0.3486989491931579
-0.06016597543667557
-0.06233563281050725
-0.05378329146738414
-0.06803262265989185
-0.17532659967148623
-0.12172266934829834
-0.22115916348868803
-0.17667495411495637
-0.3046048143372726
-0.1362056553240102
-0.06850766099500694
-0.20423339825783993
-0.05937224759138793
0.1142140823492146
0.3039074914324241
0.5034251533142702
0.2970134830988693
0.3214382415918444
0.46412936712169883
0.28374197598401385
0.09970572052137794
0.09547435327099996
0.21486045050328662
0.16982541124886963
0.06291604703068221
0.04961227913587696
0.37505286404660987
0.4840130035667276
0.25319346613514737
0.379922620766024
0.3057470720230894
0.13137712305725635
-0.0005561343602848989
0.12329176992821977
-0.11206797005659797
-0.0633419895816878
0.11809292749395883
0.19707878460266415
0.18058526350805282
-0.022755796301396458
-0.08783309003707851
-0.2338410117041656
-0.4797684022814499
-0.46191742700308014
-0.5043736693335481
-0.4091276767218368
-0.2436630732491818
-0.17180125719685224
0.38383701922599445
0.6531245500638073
1.2032182958351112
1.7999245315489099
2.5295585254490023
2.7868938725313956
