3.0679010256875636
2.10204503860569
1.3662167393951024
0.9988009905636481
0.6999608053454721
0.3997022596782178
0.47777118515143446
0.08467865692410437
0.07604046216039495
0.21745581672261372
0.16971509740979418
0.1548365778183619
0.33272368534872776
0.4525842296300876
0.5715803884463071
0.7344455110243354
0.9623274379077033
0.6616180441122297
0.31626838730838647
0.21378406451519183
0.17717184679353504
-0.004818711110197493
-0.1546478253296708
-0.011126120910267767
-0.30022736571710906
-0.45912075513474415
-0.13234817755505202
-0.30045863638694414
-0.3904436996436822
-0.282598198611014
0.14703569928672522
0.18037889767103898
0.18252193430524566
0.6435477414937986
0.48071104929137287
0.4263789001479228
0.19650811439115112
0.24118815074311384
0.009309638996974456
-0.2471842776927946
-0.1841188430293932
-0.3359582736239737
-0.2436801275911602
-0.05311626696920291
-0.13792179270166183
0.006743428616911351
0.14175432196549909
0.10693861197818566
0.65477423940142
0.8807515153770374
0.9613214196080382
1.0100251642034044
0.996135850526525
0.7414314638245061
0.20252160969738486
-0.1982542126771787
-0.21569102648989613
-0.32985947235535584
-0.35083962723690076
-0.04375828768565582
0.09460580585972245
0.16397214099423807
0.22094458504335113
0.15748904358050952
0.12295302241385164
0.07322415801564652
-0.10212171916512736
-0.3263584910937065
-0.465548051567646
-0.5588981554454189
-0.48886085853355055
-0.36537324544353667
-0.3263378841688237
-0.2507775998030828
-0.17574520995721032
-0.14531866748332056
-0.12766540592886955
-0.008990669116208938
0.05713269358317141
0.1482359807915875
0.003990085041183256
-0.18864736926195735
-0.3444241584010417
-0.49279166299283705
-0.5360487923136339
-0.3666954303894845
-0.24658542167314623
-0.274710234508571
-0.09899669430553693
0.12166323946846436
-0.05229942303722357
-0.007870973619520383
0.16856939179917785
0.06870457986322642
-0.013550801505815446
0.15790869431722765
0.23929105748267598
0.5424562948298569
0.4831016993989532
0.6349189460449108
0.6667273683524612
0.42975644032609217
0.19547130437654248
0.03043496945758173
-0.037455310430571376
0.039767657766913156
0.12680034412343255
-0.03749401576849998
-0.36039379024048657
-0.3341602370966914
-0.3853855623205027
0.06454090323680972
-0.029248637704199942
0.059123849596397826
0.05428274817148304
0.09888715607335308
-0.007783256943805661
0.012418967805935877
-0.22721364036062064
-0.06039376267986929
-0.06972633344627577
-0.3084143311627663
-0.2950610204370555
-0.2358685868255841
-0.03632235936854267
-0.009442415861250275
0.009009179392916122
0.47570690341692046
0.6317847511069449
0.6670144568940675
0.8496141835150754
0.5097644423784454
0.589252232572173
0.6250732316935963
0.3753827539902276
0.0735686151393039
-0.3039910404783135
-0.45517456441287985
-0.5142542985394314
-0.42369672220552435
-0.2998368348577931
-0.1170090333195195
-0.05785856176259063
0.1727476892268729
0.4967227682931029
0.8467352551941744
0.910257814153539
0.8898650989822244
0.9421114250970369
0.5545591411257508
0.0834868603260841
0.015147746921683747
-0.038713395927410854
-0.3941025670346925
-0.5727839958006768
-0.5553950855943932
-0.6048117526034957
-0.48238781584525725
-0.181063790953635
-0.033703657959982536
0.02384125214587207
-0.05557862226967203
-0.21332247478614197
-0.11456715268210915
0.012703496873521125
-0.15794634461681312
-0.041674457097175766
-0.1708532683320415
-0.1758101907277776
-0.33630951189682734
-0.2491102880244913
0.07594020523697864
0.17666110774373123
0.34735969112967147
0.16020655645750925
-0.02832619966000882
-0.29474791154796076
-0.3060115519086475
-0.2966534422139262
-0.2627687161553175
-0.5256502213565151
-0.4277310971339552
-0.528810401846006
-0.3471834718612439
-0.1598426911275912
-0.237644900932654
-0.10489046608900598
0.013523461754616162
-0.1637338795314779
-0.29161854619218275
-0.06546325704078915
-0.020527212952806573
-0.410546818922892
-0.375170581285474
-0.39252592553860643
-0.35281123379984947
-0.3571614741706749
-0.11565015348980356
-0.3612415647336975
-0.20179032957909415
-0.0762170004988435
-0.03439441608945848
0.16829462802507356
0.250117273107027
0.3313564757130465
0.4506877569927421
0.45200141098526614
0.4717320002465143
0.3943083759732915
0.31724709043078025
0.3849594007024162
0.08164586357857961
0.11907037070274518
0.13820567370798553
0.09291003428065137
0.12860189378051956
-0.20108735518887122
-0.17416104438483104
-0.29720392913434257
0.03551945688680691
-0.006417406923192703
0.052923952647438655
0.0026585256957650794
0.41355162660957434
0.41447026770203343
0.33092473032648995
0.4664837364036436
0.09299247054929793
0.225202729171177
0.397846511303095
0.27339702436753044
0.2703583728503747
0.3794656953642893
1.612460200021006
2.8261441214142335
