2.978769309123715
2.267190732847931
1.5620907743827555
0.908477227241989
0.473243103189955
0.47421342132517563
0.5161133752720027
0.31523969930078666
-0.19384721536035465
-0.37317421153850594
-0.20013545381824271
-0.04056783523472485
-0.017419715376899014
-0.08111262496076765
0.4017613555243029
0.3311068569980957
0.0495615233962311
0.21853984669217796
0.1278892455038585
0.3983162587404323
0.320571207707692
0.26542316930440135
0.06388637984556744
-0.17864113331774445
-0.334058186954439
-0.42518374736540654
-0.463392062016839
-0.35632355075662536
-0.30929044581710596
-0.20746632900198303
-0.20084784906883024
-0.01658287951088977
0.06551284233369314
-0.23031886654141975
-0.1475372389027657
0.01271587932365248
0.027182706468294793
-0.08561628929720211
0.10090902752623232
-0.05939806832113137
-0.07930861969451586
0.13777740103073055
-0.16571132277248501
-0.23385663896954334
-0.09139770512915724
0.03287949129657919
0.11943796845663479
0.15968896251044862
-0.0009028411855561691
0.1534565951418222
0.16931698392287042
0.15533210532289887
0.0016221362210364632
0.023520631017392324
-0.21530089067884028
-0.38120097492179683
-0.36050063751070205
-0.47729880163112726
-0.5949835631390914
-0.5795860038834542
-0.6182525302705948
-0.5858909378980734
-0.6495018406743869
-0.6250227304607652
-0.5467187242534122
-0.24448137212508514
-0.011337560805984581
-0.16741044304070418
0.025314316433674433
0.1046833876859864
-0.09148537350624175
-0.11739728610627864
0.10276410115527246
0.16408737261328543
0.31889826210805516
0.10350139960264504
-0.2955877331093517
-0.41441662616342057
-0.3516967621178022
-0.552430935078315
-0.585209440295051
-0.6176678216600071
-0.40749510704378245
-0.3788560846447131
-0.33700828156249973
-0.31982525115505156
-0.09957701912719963
-0.1293724010220183
-0.33392128573951785
-0.36229898383206016
-0.38390270559608464
-0.4474692629909425
-0.4128475068958657
-0.5108749719009742
-0.42807925482569364
-0.4317444471626737
-0.5908773196365602
-0.5991309346412654
-0.5157875698075416
-0.4274535425317201
-0.23428937125363225
-0.08224295119200276
0.10409058336553956
0.1108468408344101
0.07962541457866101
0.15390225075482078
0.029572625474048375
-0.08515151557923972
-0.15911653893482958
-0.35580736579305716
-0.4686055132508762
-0.5689366643840119
-0.5571718389222449
-0.6077822460132019
-0.5300207040260703
-0.50552866368618
-0.28574446843300194
0.08497530545195098
0.09049270350002525
0.28191032100614266
0.4023715699906153
0.49172802200346055
0.5742264204635291
0.37548906061265286
0.1795413309835845
0.13398942692424365
0.06761823953338242
-0.24278974649984686
-0.2585014104943809
-0.1902553803205056
-0.2573892798957673
-0.33698145971575544
-0.07483907948899404
0.048265432429911104
-0.17133316259555031
-0.28936855518329574
-0.24916335962603897
-0.11355509509223594
-0.10317948848242675
-0.01998410184715882
-0.010542142550764355
-0.3684070114966438
-0.31677335576438215
-0.4241511474662316
-0.28980347761728187
-0.1594259036500404
0.21724362334778125
0.3605991521187272
0.6124064121119202
0.514247129501119
0.4043225945901914
0.32159710225490357
0.42533626824216675
0.2899168573896168
0.003418029488880814
-0.05070334884457828
0.1297340266747684
0.2835218070831479
0.24876860102745935
0.04601316985422399
0.12200824985948022
-0.046984036792217854
0.1147963264920785
0.06895255192477834
-0.2527812645017684
-0.3975827505350129
-0.22863111560830895
-0.3063909494951981
-0.48204259863298793
-0.46755720100381604
-0.3275208694583348
-0.24273593887171008
-0.3352458553564791
-0.22250486439261885
0.06310406973175153
0.3037422749272245
0.6046077098905547
0.44652019173477986
0.309508633118187
0.06236588084246464
-0.11206794127321051
-0.2106615873530988
-0.19902217881857165
-0.3341496281908748
-0.3054784281793069
-0.30755639702574067
-0.16295977063543754
0.09398036612382343
0.09950330826097487
0.24920212534103636
0.32776401978861236
0.2574116141601257
0.025581343938561485
-0.25260632343689693
-0.37608377455516573
-0.43767864597593875
-0.4693859264241147
-0.4871905867289288
-0.5324979522792306
-0.40972282658918746
-0.4926325394745479
-0.3948737327590478
-0.10147754325688918
0.02433956204506449
0.027471006160166178
0.43849968218567315
0.47118690041213673
0.49136551425528385
0.5389769738497141
0.6449832770062546
0.37916069057895985
0.1308010688811696
0.04565114984912
0.12402255991862632
-0.04736557651359241
0.24776598972329644
0.19762304253365548
0.38596254976317657
0.14348541000972692
0.038454245586758584
-0.21010256319388776
-0.30155177720163073
-0.20249660752968657
-0.36064397126772274
-0.30655790287876483
-0.3395153915541014
-0.17195456746144488
-0.375079959345589
-0.2179962775278701
-0.42834550045943964
-0.24018710908091467
-0.33180767824873514
-0.21896929085479866
0.13759930969371492
0.15609460210234083
0.28156213632051974
0.06722088266447923
0.018305371402511206
-0.14965069978167356
-0.3995077256722894
-0.362074590638934
-0.437448547564812
-0.3684687563177321
-0.5196210564939308
-0.3836484375705118
-0.22661075271361875
-0.40413833439775115
-0.2658819349560597
0.24984674846559052
0.20954156527534196
0.3293010877094632
0.4036296726661095
0.40272873043802304
0.038132455996329306
-0.04268590333571887
-0.2050230559653501
0.0172469415469112
-0.1632809858595069
-0.5404049008265843
-0.5000484475860869
-0.41237362733697003
-0.27240969107306356
-0.18841276088235037
0.00481399697175422
0.21431736894643605
0.14731199609894907
-0.0827385545694651
-0.08080802293671974
-0.03360143021675999
-0.3628560892836199
-0.2568293158751589
-0.06821346791676575
-0.12975903730417415
0.3294408858415456
0.28953936268139224
0.022845648894100012
0.3998182073369506
0.4857806908885294
0.4937204426289381
0.4130541374957256
0.07280161881762137
-0.35091139234928015
-0.3981080869605521
-0.40287629990849916
-0.37336102392349924
-0.40751334804735584
-0.030326334220958984
0.03308109433235984
0.058386352285255794
0.08468072663896042
0.1539023827614956
0.004203799715453482
-0.05445201933534127
0.11510555940534162
0.3190200716635435
-0.06810639850354305
0.06637647096422572
0.06488479964733951
-0.13748573629501204
-0.0968333976430189
-0.030991752613903856
-0.3385133387685293
-0.40914652464956114
-0.39423590003800923
-0.29674153300413564
-0.5139558591876532
-0.4591185902517416
-0.4218537989768585
-0.06759908774385848
0.1258567635824156
0.3537556580643436
0.4411266692283554
0.5566767600883262
0.6587151676868097
0.37891619601744775
0.1949349897752487
-0.26845093178268686
-0.3767269136882381
-0.4078995698647494
-0.2784475736888632
-0.0845984079760772
0.30043051288608513
0.418325375068499
0.4301607293394668
0.49849447238393274
0.4503175776169033
0.5234166528712962
0.21633833110838863
0.08293757004990732
-0.14164599533814337
-0.23041224847315633
-0.29666269633854025
-0.21254922458431103
-0.18442157598103237
-0.17819007219917393
-0.2016692399797304
-0.13590884397678582
-0.10855522303020704
-0.17690484095645198
-0.4016252528544838
-0.559390894865041
-0.48322574507276883
-0.40072498992764194
-0.34848237688705175
-0.3902586670199535
-0.3712577399820125
-0.4240075150862592
-0.45214914566597253
-0.5396198474063143
-0.5854537592979707
-0.5109216015790281
-0.4100676874526308
-0.4717924919696117
-0.40306519600779933
-0.1094346802445616
-0.07309505304448138
-0.021302311891321923
-0.2081130123303847
-0.21841295878688927
-0.08965577384079026
-0.14899512855765285
-0.3630412558917293
-0.251881589783324
-0.13694939468893141
-0.16136643504445336
0.2815779626005095
0.20882799075795366
0.15018501059315248
0.0036832560844825
0.024616856466326054
0.1492371652774408
0.09841134104101878
0.15023220994750353
0.08962298700205662
-0.044837985210579134
-0.1714167208007794
-0.5371218217484481
-0.5805650992469493
-0.617719949556425
-0.6065649112394444
-0.5070572048096396
-0.35460349115205125
-0.5206647256849617
-0.45664074693124035
-0.15593539347186702
0.11598286686726211
0.20558511920879707
0.15274121856591005
0.13564108746684267
0.33591302056095773
0.2050833102460734
0.08565143768726591
-0.018813948744166864
-0.0696467761283126
-0.2575003952971644
-0.15104370949879842
-0.25078716372356125
0.05005532118935463
0.21303562742162052
0.42528524325874206
0.22023678644604472
0.18482942493250254
0.35355854354505933
0.18188076606276282
0.12009271943228816
0.03745641009823064
0.11532938016977978
-0.24129987825860288
-0.34305706694216365
-0.36055185924586197
-0.4824003550834117
-0.5664146113518327
-0.5859207090369918
-0.5975268045006912
-0.5116989524543993
-0.34868341379462087
-0.4746282455098658
-0.46953043363827707
-0.4421180997189311
0.0017015152946242562
0.17250094354791712
0.08617957457849001
0.1428994278181701
0.16765903320494702
-0.12220977754899731
-0.30447842894987076
-0.4045141950955624
-0.5024154864122115
-0.43502464547077835
-0.4122505041724418
-0.4785539557301923
-0.2844283347202401
-0.1959607337554259
-0.37341441350502025
-0.38465143964301296
-0.14888615228358082
0.09714871938768166
0.16195394503581773
0.24884636198039878
0.6060612269502784
0.45439845667946
0.1485421406041919
-0.18661354354927806
-0.13197496510630247
-0.3794152613147257
-0.3645396001824591
-0.2719921250846471
-0.39662778817054
-0.25818809307150936
-0.4044059582745064
-0.1937629031581024
-0.14281980540700379
0.07197194410252661
0.7779475250178616
1.6664737150025357
2.7912145058829836
