3.259383579586173
1.9652979405529267
0.7345197901038053
0.3279935539857053
-0.029848257076505735
-0.33662736293332207
-0.24828206322377167
0.009494399501625006
-0.08677842462679297
0.06243052379689129
0.2143146546772854
0.18984282316571244
0.07532677042955849
0.09371993221343833
-0.013969053062387715
0.03959139369624287
0.03387839318007102
0.08060925066116575
0.11767416253830787
0.17601065997269105
0.24931732085732194
0.00483232376059628
0.13802709338804453
0.19215838625186543
-0.12732931126388425
-0.20935447810219798
-0.3354490894643307
-0.020919157712039338
-0.3755609221714882
-0.1474769164285974
-0.11105194079221792
0.008315207335728547
0.19696994559421432
0.12769150389972406
0.37026419407514255
0.6483941425065406
0.46286485103160446
0.38650158963892245
0.486391854236762
0.10085791334585292
0.0636748265957745
-0.11045177641065207
-0.385536651682429
-0.49678593421164474
-0.40938812595485796
-0.3474840385158693
-0.4197056202536449
-0.41632135231499035
0.027337862339009145
0.23492209858559554
0.3672825059856517
0.20355575101736467
0.19980714532242272
0.13416985820306215
-0.21551359725702057
0.009719741410341265
0.0025868684314357404
-0.38145192075148193
-0.3169564127421991
0.015264068889375704
0.14814074261414356
0.25763557983718555
0.17157361334814591
0.12122269771939331
-0.06421784198730573
-0.25988187062979895
-0.18960227173297406
-0.19986711719520756
-0.2119216030101818
-0.002289412171673333
-0.03844906548673921
0.13023379684097613
0.2781977155596127
0.2594614986056837
-0.06772465159312091
-0.11750116772447972
-0.13876509787838764
-0.13981942611377862
-0.09458939216429507
-0.18551753039983077
0.21874961610845012
0.12592933995502842
-0.15543198029145266
-0.16504679775016107
-0.11647665272742136
-0.21931396441194262
-0.2893158320376631
0.015061117321218065
0.19878548745343938
0.1575475734468067
0.12763695566279654
-0.09791590321797061
-0.30060779149671957
-0.1694092221669381
-0.20768772008818592
-0.1086527827584507
-0.10897428115291163
-0.2213055053578301
-0.1572874815918146
0.03291542585897056
0.41639608523557503
0.4803841159323825
0.33731498051113085
0.10748792419523767
-0.29318802711184344
-0.3855346767110701
-0.23953406426204227
-0.3791864668404432
-0.42288579341330745
-0.37959238152145003
-0.2494612902736002
-0.20034591961292159
-0.12017309714641344
-0.05743119834180721
0.4791702761574047
0.4481538902414828
0.5086603046379534
1.647895246477436
2.1909492330323603
