3.108140652855704
1.670290861599368
0.7982303764481852
0.2438737259330157
0.4056512283138277
0.31315618498445275
0.317603698912058
0.6372359491801992
0.24287984842515453
0.48550786781080624
0.32245831167710437
0.32241959608880977
0.06493514352822016
-0.1607197887494507
0.08578808617599043
0.375176615503395
0.44279230880266285
0.15694225535183748
0.3050317935573619
0.15734902508907134
0.08315538494453889
0.12622325442077553
0.23050225741111052
0.029348920682496615
-0.36122496647072877
-0.35014877613966844
-0.19204702790452488
-0.3868812293345355
-0.14603307050829417
-0.028870476051752192
-0.0024323829280744613
-0.08617074499360178
0.15966807058925048
0.6841737863750149
0.49813997582449343
0.5149440639255374
0.18066641776110504
-0.030796992494525832
-0.3667931233464733
-0.4596798754921383
-0.3883071164038224
-0.18369167283781607
-0.3066419764691317
0.07514822014615063
0.19721493773217635
0.24299676842008644
0.29058929620608287
0.2197999427403139
0.11362054166501534
-0.027818248480893315
-0.12742240286169026
-0.07266693170747551
-0.10827382324759327
-0.13631105217443273
-0.08470675671560834
0.46306709024921167
0.4390985823448599
0.08281387368847404
0.20253992933398113
0.39384550180800904
-0.020010567107050736
0.12248432239562668
0.12578040776785515
-0.17704400794910924
-0.18723896105475113
0.022588242585097174
0.15903180773280667
0.1494216305912589
-0.021868625655761753
-0.056772147458054256
-0.08484602612918002
-0.14391605611542746
-0.21159046595913877
-0.236764044037847
-0.07137106314236907
-0.17833740320283287
-0.008536855409683297
0.074249308611822
-0.10078199305701774
-0.12037967088292922
0.4709348189954551
0.8505405801727539
0.9785562183525458
0.7118536958784647
0.7971638359671297
0.8607664515800283
0.4939406205865061
0.22927619675251987
0.3266245272443392
0.08627892624716915
-0.19898221469342137
-0.1287709547693605
-0.3231468376991936
-0.21436841609846802
-0.19300040677554275
0.05173155228715731
0.34471316900022253
0.4791977786040009
0.4878298817550638
0.23657727334989664
-0.08337967710481065
-0.04334148422370521
-0.1951061158398073
-0.20682429245378642
-0.016166184700255992
0.0640741878439357
0.48902779099774807
0.31881131572418986
0.29176333346180383
0.4134185842809325
0.3898270197555791
0.3587815100620424
0.11692957829329953
-0.08017071425198774
-0.0413048419082086
-0.16769906323572847
-0.47658321108580814
-0.4978416807293462
-0.47925677319205295
-0.5114135406358573
-0.44110808693985104
-0.5518730396279119
-0.49686822777623374
-0.5264693090762589
-0.45944342534651106
-0.3922625590372095
-0.2129119402509405
-0.2702010982993961
0.052177697548167146
0.06423550565172109
-0.22160907405560448
-0.11846600585849798
-0.012784531275617739
0.005145229977705723
-0.15352719703011508
-0.2920865021087602
-0.05409565087006096
-0.033762301966250186
-0.06284858010987893
0.15077705771253014
0.46491285164637675
0.4241958531246546
0.06507147474645414
-0.2078699895344377
-0.5001396895205061
-0.601086345411445
-0.5839151021601292
-0.6103065578681552
-0.5325212401996575
-0.4940169522451141
-0.26370207019096004
0.004407619170820554
-0.029146515768670556
-0.07154732022729349
-0.1426211431675457
0.1268473742324151
0.1956381912089864
-0.003801939128064924
0.15991934841085642
0.20557648750117752
-0.03666756350419209
0.01790451124757042
-0.0012589467576874513
-0.2923344651384212
-0.25037145675693384
-0.22192448297025336
-0.322413066979959
-0.3215663137420517
-0.1652231067189206
-0.1145438935638986
0.12961823360769464
0.2807368136397087
0.5426313685202141
0.4850341376496403
0.16970191279579372
0.07508939883185306
0.08789851937402993
-0.16762111975260963
-0.20914404289097843
-0.021541474245719394
0.2047069928319747
0.22406485938940834
0.25750541179252684
0.1254462571010041
0.12260557669459904
0.01211780784652694
-0.2408806200267235
0.17035075360339158
-0.07030495739284326
-0.0029629231940709877
0.03403289671670384
0.33857880771246285
0.3377133603515534
0.5235948175848831
0.41243093589952473
0.20945326559475408
0.28079592218832183
0.3892983758794373
0.2857648793344524
-0.0560015093701951
-0.37463979706819783
-0.3500478266658963
-0.25253438973825815
-0.2692514339436609
-0.3963514914586732
-0.42720245245256827
-0.505418740752305
-0.5118900644508853
-0.5019407463204866
-0.35929642259823824
-0.225637272855035
0.19708562447761213
0.2571322018729332
0.07978737055379814
0.3387416698667447
0.48610607426642316
0.42967741617756394
0.14483927226785853
0.11391160086662155
-0.004217390968451418
0.08467896761221594
0.33699510126317966
0.33922326734095887
0.4972483894269638
0.4340737155963712
0.36695180831680774
0.25871793327295645
-0.025656554482447747
-0.0626023775318213
-0.12687590600753862
-0.09301860542228513
-0.050499448866963115
-0.09498668695296553
-0.261792717699462
-0.2821388240174638
-0.4139322177856911
-0.4765404133938713
-0.29804624329090323
-0.5237598684337981
-0.39265027971712385
-0.29470686003722735
-0.4254095912594651
-0.42442637759304724
-0.37663685665703617
-0.36236522414930405
-0.45000537827631537
-0.3100996145408528
-0.3699195238049918
-0.3467239788378652
-0.17883337656707332
-0.0032936331938350216
0.0500489261979592
0.3836397767577606
0.6586058174298688
0.7520094079070525
0.8486595723640434
1.0858522321645196
1.0554919580457454
1.0506358407831333
1.0082826902763988
0.942474344886243
0.8164309176314892
0.45318884508937607
-0.031713348941541764
-0.19881286170892276
-0.11985252904496346
-0.45003961467062314
-0.5417596839859775
-0.37662814539022815
-0.10267716232077861
0.09840189288826273
0.06541535463949066
0.08009285337759309
0.27596329897572325
0.1403617221961425
0.2690642002861765
0.41038853866776825
0.37271217112814103
0.18436848286070728
0.4747780915563533
0.5910613271598094
0.488147897195215
0.2544643172410399
0.06762986228059586
-0.3401396471915408
-0.3642431532504101
-0.46764591205848793
-0.6097642738219231
-0.5745314006398052
-0.43466677117054775
-0.40045096623402054
-0.44407568491314
-0.1837092164009101
0.08018685808152548
0.21390613595235952
0.35924246054973163
0.5253785457270741
1.829851391761689
1.8978255850315784
0.775112988352654
