2.464159908946449
1.3175616716511036
0.9331502267807485
0.7894738145069593
0.6108665956858792
0.6449417616259326
0.2283693750358392
0.40297430895701847
0.41371587839293633
0.35034297741947973
0.030848582572646444
0.17110607349368356
0.3150343410491835
0.4479006836942049
0.3527515955022382
0.3559827064483392
0.27557619597466276
0.12706062473088742
0.2845075878713711
0.24397875062037155
0.3256337964241708
0.31543320292477595
0.1607638509383953
0.48071558075064413
0.30771584449762246
0.09214202109294867
-0.22436793746851635
-0.3883341839184167
-0.44426826128063623
-0.37141553508607017
-0.3976484177913513
-0.3910271655601987
-0.23384842178796128
0.20228085950769747
0.3743873478050922
0.36953312741468036
0.19481877633535805
0.342562572621418
0.5263268744957712
0.5995497438273051
0.12297724500949825
-0.048546756364889254
-0.20676519797100223
-0.4220597412456608
-0.48352033525348004
-0.601873755733425
-0.589743678677408
-0.4864471207382395
-0.3381483579515425
-0.11765527306008072
0.19344598846789085
0.30823220195393586
0.20645060405793492
0.6293143461571415
0.7735206299064423
0.4326962449628877
0.2778960248746456
0.1043575549597473
0.2224069038003471
-0.09769711607156772
-0.22900674742533744
-0.4662735551963222
-0.44925421820031886
-0.4518974360205399
-0.5273338601575113
-0.46344578064933795
-0.3694081907976221
-0.3265890480802469
-0.24475612353954568
-0.31617389094107406
-0.2645059029551855
-0.11171666166493954
-0.18806383726030396
-0.03430793082829564
0.10893387245233532
0.19745533727479292
-0.0427322890462184
-0.017617738408859607
0.10570422827135362
0.06388219752755131
0.028071456375586612
-0.16681878575689613
-0.059248623255249044
-0.05702177070633119
-0.198300950070044
-0.2899357120427659
-0.04858596687802952
0.22949507513116707
0.23323302904747134
0.26358079994351113
0.7430181398689292
0.8465442831822135
0.7744153636017193
0.46098638726424646
0.3152220856703136
0.04104747001701459
0.2249236953698469
0.2619637554711193
0.08155641193219576
-0.18594819711181432
-0.1500458744352624
-0.20845666065555968
-0.3328504455691865
-0.33150017778199914
-0.4622795085774407
-0.46869150431729234
-0.5212619464163906
-0.5389052527741078
-0.40300988161566376
-0.3179619042779156
-0.07644012486599927
-0.07105279258336439
0.38432341631515654
0.6001692225831118
0.44625593324948953
0.32322134170361705
0.3457039165941175
0.3222563948100251
-0.07475260295060315
-0.05921403267170877
-0.008518878006205544
-0.24600997746502595
-0.4409812720083286
-0.5188736248828179
-0.4495016968907377
-0.5576769329810882
-0.48776475043032175
-0.13630246853789518
0.14970459445708084
0.19722117535051598
0.25565445857280567
0.27006326747725395
0.19289004275827526
-0.22559031729070833
-0.08237934073682618
-0.22095295764165757
-0.024886832064528908
0.04784931632673384
-0.01092815844887396
-0.1058777232914907
-0.27025938759622714
-0.06773499685706152
-0.12186986606666106
-0.12815174238234006
-0.1287559577739824
0.07499159200744654
0.1617372083560763
0.16157301008235647
0.3547425363869092
0.20204094791605254
0.11152124831758481
-0.07580940316201112
0.027676231844882437
-0.030010494719063363
-0.26050668526355114
-0.03738368856948804
0.1005086337462604
0.10964769797407992
0.06803967931668053
0.14711449407108657
0.07375295576890784
-0.13241706547388288
-0.4164508681703962
-0.45844207605552345
-0.3758875132075583
-0.493082164928331
-0.3482141880418642
-0.24438005991580147
0.18521475851147906
0.018030696585671135
0.14908787161399695
0.28824510117762037
-0.04743604936013257
0.08107841625123946
0.4066159597873503
0.5985796332985005
0.6473437424274365
0.7666458798431621
0.8516234869517789
0.40364786403075215
0.23371895980298685
0.08818493796466487
0.12129701748707855
0.19004945829959807
0.16658874049763217
0.09981849934129128
0.2852211179319939
0.1925353548575286
0.469931077395745
0.39824513748373314
-0.04749312146986662
0.23880554928962006
0.16438814357077924
-0.26570824859426545
-0.3280532692488827
-0.13067065834125902
-0.055292171319997974
-0.29058468611299304
-0.23421310221624692
-0.09326605776724906
0.05973840605527103
0.2553578059105449
-0.10973196992438505
-0.034735296718532704
-0.4033456573346158
-0.5966424256013099
-0.6131053302484504
-0.6239277979538005
-0.5026350739625953
-0.17794308267992986
-0.1441605520274719
-0.0479762155018425
0.15939955765581826
0.0942821009362278
0.10629760479022521
0.023071209943522186
-0.2321021956216882
-0.30975131176220283
-0.22744712933817768
-0.22745396079111213
-0.34522679695677205
-0.08640490796713196
-0.0011176846405684948
0.04847559274294877
-0.16489881694405184
0.09643824378415644
0.30783042907095826
0.16099452533897884
0.5485900539442822
0.6913435515419071
0.5494562474199276
0.4948526442663227
0.4561945660832063
0.11582313118153831
0.11242766660547399
-0.005035288865083198
-0.15923340905345518
-0.2524150605109321
-0.04065934818885908
-0.06165611796196402
-0.1346452416268914
0.06317832721738315
0.2780809953096034
0.2737980427232838
0.25850736878328207
0.5074235152777008
0.5877715554799237
0.1974352571805944
0.08105918805742429
0.19690457146633233
0.008186906545868067
0.1494445787126496
0.10259902014131883
0.23714247558371038
0.2956368931715332
0.11493115385330133
0.16136381793647514
0.3637797158902265
0.1966944996096247
-0.08695899782090166
-0.2010917017678031
-0.03184243036447254
-0.29055803767587784
-0.21870390445918253
-0.11722249588000144
0.1424251569184778
-0.007628098245980319
-0.03594197569037716
-0.07410767692498432
-0.05348553624862651
-0.1092286489303591
-0.0511730288108736
0.009845936760267238
0.175275621975456
-0.09702518518011971
-0.0804548482865215
-0.2676618264067474
-0.3135405638570181
-0.3652399397140339
-0.3703057012196671
-0.4680154605847262
-0.4160349015720055
-0.2549751226446625
-0.13062530075103018
0.289063451179821
0.01613223502211314
-0.1368148759344876
-0.1288196735539705
0.07695173734053418
-0.3944023561626664
-0.5709565683375397
-0.516951691271591
-0.5883366587293781
-0.5004991100193723
-0.4711023088181694
-0.24792944267628214
-0.036570148382188084
-0.12365058599132717
-0.11685515879831054
0.6239075013027364
0.9219795893675833
0.722052542375812
0.6886730663735809
0.6042338296729334
0.7174447495870779
0.3357841877707053
0.06896736713583429
0.3434037653387212
-0.003136235438983559
-0.11769165479365029
-0.3444495423921281
-0.10487459764867368
-0.2891556318038201
-0.2455226129319228
-0.2837953252404368
-0.27364855723485226
-0.3704268052234817
-0.16401274588837178
-0.19926812920275794
-0.20849871522589303
-0.1529639399992765
-0.2774017680036127
-0.3661314428262974
-0.342553645425287
-0.21509086564318824
-0.26514156713792514
0.016199910324356304
0.02449736413891157
0.03170861477541864
0.0545854392965206
0.33206353135393585
0.1000726044667134
-0.15089655093961352
-0.05245556082984382
-0.23442429162001055
-0.19436287334978442
-0.3173813466197557
-0.46603547420314717
-0.5218029017614876
-0.4957921644066645
-0.3510284696217436
-0.3881356133525349
-0.24942260516654424
-0.4592704791322877
-0.40501908828030175
-0.3458586216257761
-0.255851364220841
-0.06786219589269338
0.13911464978827603
0.6505988440302215
0.30897596455917853
0.02954312264741077
0.043776610687814466
0.05553214584633748
0.08175703385640753
-0.007035843076876769
-0.23923703788153716
-0.13141134641536667
-0.08492421621480961
-0.14479746730986132
-0.06965309390201246
0.04699254224250127
0.42326097856026035
0.6368971627585345
0.5504349018685263
0.6214853125863142
0.5733077280118307
0.0793958271380244
0.09825065801802968
-0.015917006360665398
-0.2777657469628798
-0.4692324399574761
-0.4833081596899631
-0.35122507528321445
-0.41590825053482994
-0.25477723336119795
0.011957638641701629
0.18065187360146973
0.20449175620458138
0.15379874592565412
0.028940911583928863
-0.22420833905656046
-0.3261617826573049
-0.2018538589703186
-0.2755393623255913
0.00531493047542364
0.03133930202238577
-0.0421646848843199
0.15385556013260882
0.46471595036060787
0.34483715240953483
0.44358965510209414
0.33429480547026347
0.14976419317186018
-0.1295142605196613
-0.08502228986620597
-0.051133284076428365
-0.19626538585050235
-0.18332194507445188
0.10551350938464887
0.3657157755702377
0.4011980115591771
-0.13275997971159414
0.017314997942190713
0.1075734323297719
-0.08579051230730605
-0.06327908206608679
-0.12918710329524385
-0.30899667124936014
-0.4027829551101989
-0.3683200680317462
-0.21866187222404454
-0.2689995331581654
-0.2077213758757367
-0.3634494319513979
-0.3930837329464849
-0.22287238347857363
0.1099497422596657
0.02656396942676187
0.1584778996791133
0.5142704597334382
0.45474828963420855
0.14751773264238777
0.33017128677488294
0.4635897081879716
0.4116250585314687
0.22270595340528043
0.4674365287954819
0.7367626048351649
0.5207383288652272
0.0683600560093881
-0.049118186353970694
-0.08224656019971299
-0.32783927025504456
-0.3567294268176294
-0.04574782746909223
0.12164015295941044
0.4903581459043983
0.9228344717850521
0.9749590732824377
0.743407643750435
0.7078436111503131
0.5239724230609215
0.2715635480670676
0.11886804110752847
-0.013037765786645172
0.11524635733674204
-0.2970225150850191
-0.2560887450031504
-0.007305084597886147
0.04112173810570896
-0.1172256660531501
0.030940599965600613
0.37794865598397365
0.43953044823925347
0.7320203956475948
0.38870582445013324
2.620398295126636
