2.333858786763995
1.7808646412902223
1.5958956714590742
1.6841229619711078
0.8899601526397434
0.7544703173186087
0.44055460456031914
0.36508910490429514
0.6532138962930513
1.0468840465471785
0.6522768798617609
0.5412887938351884
0.40236958257590627
0.6835730260643373
0.663476137564761
0.4261033594584078
0.2826074016316892
0.22653744267584275
0.013856242454032386
-0.08776552094155088
-0.2487868072178233
-0.19917859083460032
-0.04979580973697095
-0.01301449689637435
0.31358783478139474
0.401794405826542
0.15140762186520873
0.4207771233178512
0.27293454407444906
0.02841782185381936
0.0940831221097852
-0.05268153811445986
-0.10594917808697824
-0.36909299509443183
-0.5299510642120813
-0.6205976212971256
-0.42251641252564887
-0.24793663716598835
-0.2845035784852018
0.008159607692346915
0.24350500967130484
0.30964764965663827
0.09907727603357797
0.11717431983606119
0.1307551295741456
0.013498096377764002
0.10047588015428321
0.3465033144400026
0.143118466487273
0.18546145254836444
0.040336974599952
0.07711241699000382
-0.09008363136206887
0.11435429745042558
0.05948734803289435
0.16766475814642323
0.2114647910351256
0.05435665226220132
-0.18516930334361403
-0.13635093014901767
-0.06697276535976515
-0.030573663322631117
0.16328412639257628
0.2282815674761849
0.26049115657638167
0.31949211623445295
0.3246236547612332
0.22001077957636195
-0.16765020813233011
-0.09635031877900746
-0.21519004752997084
-0.3229348826657915
-0.39519022177760443
-0.4405295191335856
-0.37900520300070184
-0.3551245286888054
-0.3415558105653016
-0.34029832796507997
-0.15351234653959445
-0.3007443914053982
-0.313569842803908
-0.31858976310748566
-0.31864480384098437
0.03161023966378651
0.12995226210625777
0.3166882944226378
0.3114394102549072
0.19243017601816093
0.06894215520943903
-0.15160464113999295
-0.4647354881493917
-0.5394808403144771
-0.45936584392055735
-0.4707120910164895
-0.23571120113721455
0.06237093540547867
0.15156952552884984
0.13487463129587896
0.023262571553319455
0.20698712670545627
-0.005299147152735051
-0.21553452816403107
-0.41483985218384856
-0.5179140779362017
-0.55601308151213
-0.30762668441817853
-0.3081110725379085
-0.1033792555202877
0.17554019128889908
0.23583511341601626
-0.04067409876513162
-0.27602960807034105
-0.29861798304730913
-0.29855820171146674
-0.27068034493343973
-0.044020680740645024
0.32573698966967835
0.502187295013124
0.4943338343942453
0.32162179197320073
0.28784286752704125
-0.021111744903703933
0.03867184622093567
-0.15375065733680326
-0.16050799296136076
-0.36606101019699167
-0.40168848077914876
-0.440664818432716
-0.15675437909130407
-0.19389185940374398
0.3418581104742102
0.3587139318600078
0.2428380026450928
0.11022869780386091
0.1615416843899754
0.12083044065671456
-0.04017981266445236
-0.0539749531457977
-0.29239313331052563
-0.20688296377924842
-0.0734826925523957
0.007906144471184207
-0.10246465344499744
0.168239971371128
0.23947521729936072
0.19954892371802613
0.20440031745361842
0.2113479589908549
0.053055710208605444
0.07913390049816782
0.33509253783947757
0.2705295741625766
0.1430958984342492
-0.08533058729716791
-0.24732779567817875
-0.545668270622715
-0.5544301449707563
-0.6296812886177647
-0.543114639002646
-0.20320650954981778
0.02308406598936119
0.09762100827816733
0.31071505293025914
0.26940823326007457
0.530900951074621
0.4610460918595338
0.6036967900244901
0.6752711106844392
0.3350364399951009
-0.09661180797937008
-0.2965376356643292
-0.5074973772367477
-0.6314954976151477
-0.59813589018396
-0.6182236502346667
-0.6395510866906089
-0.6428513005850611
-0.6135618582054714
-0.5297491973152648
-0.21243359861840427
0.12576817962373865
0.33542672000320306
0.30491405483696954
0.22555407079476808
0.07608066808681258
0.05594015208053926
-0.1386370448149281
-0.15407151844559952
-0.1558729346787503
-0.28821156365491385
-0.2503253260929923
-0.27485818587385324
-0.05882612266043952
0.0052667334932881005
0.11359589034003414
0.020134700542568718
0.26152786195150224
0.40019144588164257
0.09309421562063913
0.17009904032994638
0.41000710385298134
0.2741500645372986
0.40416717617095277
0.21036280895871018
-0.028849946979176422
-0.19269412471919234
-0.26921327654344274
-0.3803277373161488
-0.3758197143002956
-0.3580911359338693
-0.03510446314485016
0.27745049820371903
0.5178698937792894
0.4093803200546736
0.37787770119198894
0.07231656315638091
-0.07501822959418081
-0.14084657080056795
-0.2996266881675054
-0.23011437776737864
-0.3260961887012983
-0.2862092112732051
-0.3143701279790021
-0.34996503642038124
-0.24518065445278714
-0.0398581835355285
-0.05227622324033776
-0.015713631268065464
-0.19325716228205225
-0.28965247154914797
-0.4951968419857631
-0.47311261576092667
-0.5178919955430388
-0.23977941895265542
-0.023212504525718658
0.14848114723791384
0.08356303658750863
0.03487959858703049
0.20026117852792846
0.190365998367505
0.02835536886333312
-0.01031337001527155
0.3725990079928876
0.44015030852142367
0.2746148177021803
0.22345730590063784
0.18358958588893715
0.12085113115509483
0.12307903683611243
-0.03425281210060238
-0.11093082869371751
-0.359735151113568
-0.1613457867184943
-0.1702882512909486
-0.23045841615421225
-0.2837000359575732
-0.17818507443220055
0.15309217089734117
0.0883386213781081
0.08211082595744723
-0.12490746355990778
0.02103650060998874
-0.28770701622756367
-0.24189113173447596
-0.12974096041880578
-0.0875796056659005
0.05762954956175648
-0.2046613697601145
-0.39916001091688
-0.418038969030482
-0.4139312028500466
-0.36643660043797066
-0.08636431595327065
-0.009212504503300134
-0.023901594575958307
0.01854961924333398
-0.3319931609778288
-0.3017388867297689
-0.33266832129718193
-0.19101504643930345
0.1029199293370372
0.2334884496088332
0.27557362853157097
0.25554906217646
0.23622674487765516
0.27868708473943604
0.062232293199129485
-0.19704290454327267
-0.4346199068205264
-0.45616960551597774
-0.5636636908875352
-0.4892353397549183
-0.25044420123350464
-0.15699651268760628
-0.2355703725850612
-0.2260933285100799
-0.13794312299062794
-0.20631827506602796
-0.5246059117938568
-0.5605512955826999
-0.6364751596367799
-0.6211909925615382
-0.6703960654764274
-0.6412531076303729
-0.6250870615121755
-0.581772352543968
-0.344609434134332
-0.28760791556066545
-0.32480346936149607
-0.4123523858951976
-0.13620334543978507
-0.11906080711733491
-0.1367867174888967
0.059860500301863295
0.20848094023727892
0.034858466349580675
-0.2400612614917692
-0.17240374302994887
-0.17839831753009694
-0.3356715094130862
-0.28106711879261015
-0.08550547853410928
-0.11281991468646113
-0.12908119599733048
0.01538755558577698
0.07313033779424838
0.31123464527271716
0.2697926620012291
0.5278715933413881
0.5281341896428795
0.351947663322127
0.12391368554672089
-0.07451916369493305
-0.4174097414691923
-0.4718924052117488
-0.5023735333753299
-0.3919717042065112
-0.19308300824209823
-0.2508325155683352
-0.16099011333759083
-0.15467178871788378
0.12258737112063967
0.22225597141981457
0.24115310587752747
0.053759789603146535
0.23100417680715724
0.21863144506203858
0.0921636932001686
0.10186257008890576
-0.011661651224155967
-0.16300353716538984
-0.22512524566621828
0.0601108917541362
-0.27972590340651915
-0.35981362715736953
-0.3141890086232054
-0.14713665585167557
-0.034672984249995764
-0.17368707661861993
-0.09331806278029187
-0.1337248120005915
0.08434942699289127
0.1876532232561049
0.3455768979194701
0.28016547941084147
0.3117114307619655
0.3076476116476585
0.2715316467650958
0.6505001487596137
0.44296041797564567
0.45600194744772204
0.32902312221907803
0.16114714789978468
-0.03352991841195341
-0.07432281129422458
-0.07035138568532773
-0.01467906088037041
-0.06316464113320897
0.09925487036132241
0.09972603384949286
0.07792058650935074
-0.10904915986300423
-0.28197936050060113
-0.23490726379123683
-0.3113062624523345
-0.402274461826333
-0.42445846061626
-0.2989302462565704
-0.3786773828037917
-0.06964563475214924
0.19638916021410646
0.33583150516985816
0.5308395906469763
0.4051840833932344
0.7886646651998969
2.403399844578496
2.5020050077436626
