0.894954194997144
0.16975921221688317
-0.1957897684708274
-0.3901203858625133
-0.12932699962364658
0.14224590688456984
0.01632186162151683
0.16374419598340362
0.4600909154837046
0.5042519172253446
0.5054880002861838
0.3147680385864028
0.2342239005549236
0.10721064489701682
-0.15384154976412212
-0.4096022066256587
-0.5173572454128086
-0.6027887089546513
-0.5865602594762438
-0.5377873125909538
-0.42611984285426785
-0.30510302959155666
-0.3090001006786123
-0.08249609586955942
0.24697654285144166
0.0443339090689725
0.35703915244040707
0.29837915209659804
0.31540225408259437
-0.019099347694338742
0.07894297364553216
-0.013856412577021082
-0.19766922892359828
-0.17153994747763346
0.05544925954636426
0.27984013211918335
0.1405139219290692
-0.06331360707581812
-0.1441802606632978
0.2072791514734249
-0.12222055898410511
-0.19666468259439396
-0.042409053912406236
0.05134316796283378
-0.06055535779937582
-0.08595430715344032
-0.25793014417380666
-0.11559236074557688
-0.2634298230834794
-0.2642918125941096
-0.2454551555352218
-0.34779112006316315
-0.2838664992032327
-0.16741539971849662
-0.3969140751624627
-0.31619168076779736
-0.18751985317547448
0.027452178322299625
0.14960880106233576
0.12679076315154747
0.8452582191788123
0.5848009242226184
0.5752094327509406
0.8470401918198388
0.7985121290517293
0.23186603840696918
0.49291695421790027
0.8788914500322523
0.537458605827306
0.21238641874910202
0.16887824595478473
0.13833772742968609
-0.28830291838351596
-0.5034739010067599
-0.3336184074779013
-0.2749685059692776
-0.3682029602736894
-0.5910800603366289
-0.3650768071838376
-0.08236863466910993
-0.23464731746868506
-0.2484665690805341
0.20914033463742088
0.30114540030841064
0.06928833363984988
0.22710260866492815
0.13710420165626414
0.059585183613809156
0.02597210893121793
0.2413210926696362
0.15479034968839833
-0.0571175493404954
0.0033812161755752967
-0.07560150592962056
-0.3876745731936253
-0.4656608986486048
-0.2596447977857361
-0.21708403746351612
-0.12101456792414056
-0.35775591740682655
-0.32232957799008377
-0.2569145634883654
-0.4043353066481894
-0.3517894462319693
-0.4195356277014639
-0.48255516907339957
-0.4484013433604226
-0.19712118832336323
-0.06314117517177353
-0.09693385754379813
-0.009372422462920693
0.1707848308158586
0.26881809768879594
0.04959242235897232
0.036264433926937456
-0.10587834241410143
-0.16620871628643485
-0.3353544886519382
-0.3827524740996584
-0.5053612059790809
-0.4870243968197676
-0.4040917929743423
-0.21545631575006907
-0.09676330026842717
0.2402207386800822
0.742685386550924
0.4747615778700518
0.21587807723303065
0.47355338392050916
0.6290771177851991
0.6850506835974777
0.7651492079996802
0.4011189185088534
0.2663588553012708
0.23729055959215617
0.2040236008484816
0.09437536703956062
0.0757389106370524
-0.11748878773905735
-0.12507561678337753
-0.03302245161198125
0.14225483219741564
0.16568344126104273
-0.08936796962154447
0.09837351968881514
-0.09044155944812382
-0.3437887095402121
-0.3849020297305077
-0.23641458900347656
-0.05079379344579127
-0.19971809069110946
-0.07022277655381948
-0.022510911992001614
0.05649327145789973
-0.1589618809985105
-0.07590104248361329
-0.05640233298840691
-0.02182021316597671
-0.07290684325016061
0.009030595724985768
-0.10193942492602603
-0.11219671963282907
-0.06159417564179337
-0.1909010958058034
-0.09164413015861927
-0.3840776374653381
-0.5297780719030716
-0.39660565129369485
-0.271991680508577
-0.2961129037538708
0.10356740106273332
-0.11762105092427766
0.15924750627541695
0.2933379313399844
0.1971153057781433
-0.04462741840995432
-0.19159585452633776
-0.2696550377810327
-0.005991429585798347
0.04698186375684621
0.1375432215131298
0.07717332259187748
0.041135999471508145
-0.09451544187728667
0.1807153021854001
0.16420896181301214
0.07306377040679835
0.08535057389225376
0.1893220826738672
0.3984871533416171
0.3951516554009633
0.20373972054319922
0.1889963581372064
-0.07330687942767611
-0.0758337088926555
-0.15877200914650202
-0.11421915764578616
-0.2725751933904135
-0.4047834435413078
-0.4109911374536952
-0.35978165793173145
-0.36449687071520576
0.021784705622014178
0.2760690674960643
0.1809716737908773
0.3103865939608257
0.07058297600512142
-0.00852294906541018
0.1306824022991837
0.13229777094123263
0.12617443092240244
-0.08871417019430017
0.08045989853504887
-0.011861708607739052
-0.2828455482144522
-0.2537170543118742
0.1104451118518528
0.20050882008850823
0.38353763408380914
0.1726156551803678
0.04949439923938659
-0.02051919102452915
-0.329568878652976
-0.3965410645716687
-0.44111287677948174
-0.41312282694731717
-0.3192476194649313
0.12924579245218426
0.2883339566926545
0.22184685733365184
0.1662152841041461
0.045872683220747335
0.12238616417043036
0.2332169738300629
0.4302391028016592
0.07266399536225088
-0.3822791171375446
-0.260354645876008
-0.33986783917051455
-0.500118130174291
-0.487110244527831
-0.20518922080154134
-0.3173919199248445
-0.32615720439232276
-0.11253116673544439
0.07865265874060834
0.3052575571401729
0.08069141979950578
-0.16169414638662227
-0.2930398505062368
-0.4086568152033446
-0.5323296155158941
-0.5420971119248028
-0.45706647024592584
-0.41726270284130784
-0.2536696437890291
-0.3251849487744026
-0.2706834869424668
-0.09070789478952601
-0.24981254260543184
-0.007053316024500544
0.012854656290175015
-0.031816050153769315
0.29080367120649164
0.3914029724709813
0.36472653094082963
0.3646577330174293
0.09237207919918733
-0.15267498007134794
-0.41931601878735303
-0.4661586713418382
-0.46866657858886773
-0.38367324301908434
-0.20548642320264854
-0.25646505881571435
-0.21190256855653278
-0.3066308315242746
-0.1754376164735486
-0.4648297649047328
-0.5174741576799256
-0.5220259373325495
-0.384339112353107
-0.5196506869205355
-0.6148233441546385
-0.5756754638944579
-0.6059422367844223
-0.6060535347195855
-0.6027097272794681
-0.4911026175402353
-0.13150183281049033
0.07946258058819267
0.2073572031387858
0.23050514492328134
0.5031996964078579
0.14351099815019275
-0.17318754235872447
-0.20755397341004878
-0.3277762901630139
-0.31780425487745534
-0.14842194607088077
0.00892624971513123
0.24062559078144996
0.2581925157783709
0.09580826292094613
0.19261304800601964
0.1032308583162761
-0.19217055649071757
-0.19091801725890745
-0.2997595382188847
0.07846430883279754
0.2513986346593686
0.5230133509989087
0.41233299842756055
0.6050930882902058
0.24898217135099587
0.07947718586463992
-0.24952007440159463
-0.32744455192680766
0.10955014640823213
-0.11882023879549719
-0.288849261735864
-0.506673488085039
-0.34349294998156155
-0.21220371408802163
-0.23024316754693663
-0.14158555386749472
-0.29661602299655776
-0.14286208236574993
-0.30539018936125606
-0.01731610744507739
0.23100458050893447
0.5888356513813
0.519114207363133
0.5940590327783891
0.4049186350937134
0.3036065837641756
0.13271393333558257
-0.04118960769753588
0.018309851578176328
-0.1245094773533233
-0.28536265789158244
-0.31140145030081023
-0.32123165866259606
-0.3670649145985625
-0.4220803072085313
-0.4287319550166151
-0.10005689007333074
-0.14485370884093518
-0.2931626906211815
-0.09793475337283453
-0.004751993382153152
-0.06474946602446052
-0.2273164047214663
-0.22761956656784632
-0.39194092519157386
-0.343410187820288
-0.4310063586617683
-0.40628290896841324
-0.4148365582598639
-0.41151707462826903
-0.23003865693272907
-0.0857643955430547
-0.07425267694377358
-0.22393142594079918
0.07243599049498584
0.25370185437262893
0.3589631295798892
0.11274974756055756
-0.0040089235591763694
-0.08228259901473822
-0.2710823814864449
-0.3552553421292661
-0.3959647174349006
-0.28348125726990236
-0.49186099293395324
-0.5298658591361323
-0.38049249574735766
-0.14025552851773926
-0.19624588600104675
-0.22678789263797006
-0.11798088529463568
-0.04893545122323151
-0.0028261882156587204
0.008135408309155823
0.07498471465067535
0.31175389154667776
0.6327576085160639
0.9338175615896153
1.8142048228971048
2.9903742100934245
