2.856148349768009
0.5131603995026582
-0.05230848737213989
-0.3016687295263585
-0.32673206660624965
-0.44167856960313423
-0.42088244040459366
0.004358212980089093
0.12321366174949477
0.16980112038590678
0.000204281806941653
0.1099419949716064
0.1519793703100616
0.0444094399591769
-0.11192445531248929
0.2161968796102247
0.0028322727866775255
-0.1635629193123309
-0.06904460156248404
-0.12132953660076318
-0.16705931319121126
-0.2043850269198736
0.020105678703494223
-0.0004820444843618432
0.16364570105753395
0.6162924696689106
0.6547357086013263
0.21050634778915256
0.27827106836083604
0.3301780192630772
0.049657217741984616
-0.3440887645594831
-0.46010532157682127
-0.42901880618679633
-0.5367815988857381
-0.4953191102391865
-0.3826855563186421
-0.23689536131031708
-0.3896128437588071
-0.14791909390753366
0.061718774121308106
0.10155186594916565
0.15843234911942494
0.33023999444561936
0.48495704255101124
0.557499783160319
0.7909247240678071
0.8999593017838088
0.716164450463157
0.3108063116437447
0.27596297361006794
0.2470981543392723
-0.20188137400613893
-0.23802954273715837
-0.17370866614282698
-0.41831437745614575
-0.42052551261648397
-0.4002866466103071
-0.39430384464779267
-0.2227743243839324
-0.023075797151516975
0.05826903019242535
0.11745636026593909
0.08599706181665157
0.08773941142815878
0.42464978687447685
0.493133161182014
0.23537238131253502
-0.036519704383556895
-0.033792310546382764
0.222870252985098
0.0420247263928063
0.07574615845963084
-0.04691518545066087
-0.05619944457089043
-0.16489814957977766
0.029833795402557706
-0.00756885996966683
0.03961590449905816
0.15153809752508973
0.19844903164548622
0.09458688449780572
0.003073347495127998
0.12785582192063571
0.22187122082007338
0.216056125282713
0.37433757176697446
0.2515310558979025
0.14716767252923924
0.07023039088406358
0.15596330638402522
0.16151324451850757
-0.024567747743798773
-0.22335167860093508
-0.1839648168270056
-0.36441620960253485
-0.427238321075172
-0.5065904779743569
-0.4740584608047964
-0.44524857498852854
-0.497228398611973
-0.333238440056253
-0.038842962085097965
-0.02852221997054505
-0.03307507281893218
-0.17581443918176765
-0.05627721853336798
-0.022018723276777563
0.04426611408369707
-0.07991810146940681
-0.2798853708524983
-0.23850200535209098
-0.2729861876757278
-0.14787890713595508
-0.1803706591318618
-0.20786870699307336
0.03148876698555014
0.07870459361508297
0.3251010392706083
0.12840225333915356
0.04822825445440071
-0.07507580257972579
-0.3732261536467456
-0.4349179131140368
-0.5635822025408492
-0.542726416443378
-0.5584658617847844
-0.5464700868102434
-0.4953306154857444
-0.18021086791392116
-0.3131774140826693
-0.20963140731492125
-0.075699606203249
0.14693204926487813
-0.20539995142108192
-0.2492865433545437
-0.09945106303151385
0.27599656913465487
0.5486482883442616
0.35523158786171405
0.2610881605779872
0.008431152732323532
-0.25796114560835437
-0.3358828539113834
-0.34320451060414814
-0.480312803222982
-0.45900207498555823
-0.34109961746647777
-0.28482294896914684
-0.18404037891891634
-0.03437525692963095
-0.05686785734589983
0.21399183357026808
0.3813831164554907
0.4163244110798242
1.1740935438676154
2.355460072551256
2.3756381512618288
