2.260842524400738
1.4956802954421735
0.5529044440297071
0.5458452893667466
0.34203234411378314
-0.0027314532799324054
-0.2023698325908705
-0.28817854521503006
-0.427972779432387
-0.500482898371202
-0.5278460093566752
-0.5801180434581803
-0.49475091622213885
-0.35389848256417344
0.021196825996606328
0.030787341641473787
-0.07303285617100364
0.4147749057387865
0.4918768271983647
0.7252679770163426
0.8102668921885477
1.0923351242940487
0.9784147139412825
1.0765464146129635
1.0809528048763464
0.7136566814882276
0.4428977536674391
0.04836500787710796
-0.2048146203484793
-0.4129480913689023
-0.41319840458315804
-0.27142889211226073
-0.19721477046658198
-0.08399463337974933
0.21278702870212574
0.275849371639042
0.44822661028853517
0.41264004455842784
0.5751851945768185
0.41212316293422013
0.24505776912227473
0.22417654914823282
0.030749758283450834
-0.27320232598959504
-0.26354332398571656
0.01453557543565831
0.05245012109915581
-0.1537568294527728
-0.03300335570982682
-0.06971571181466374
-0.23425685021082354
-0.27501688905436006
-0.09625232993961885
-0.04417538863196724
-0.19216426162181466
-0.4273151591314295
-0.3707014321976403
-0.40533529559812753
-0.10543383995705025
-0.1479652289497373
0.07429302561676687
0.3575675376268671
0.3526459826475945
0.5381657381393187
0.5005247462030589
0.07100987504308232
-0.12591957791491526
-0.09450559351356191
-0.26654038038491845
-0.18008040035755823
-0.35243778339515774
-0.09393863606991781
0.2914431071851259
0.5349885929462163
0.7488243296810384
0.790243794562961
0.6490710517004254
0.38840807214110906
0.5115611168449916
0.47176076808162504
0.2521200095823227
-0.051093511565853955
0.2274013882395325
0.16331026294719508
0.16832096049253997
-0.022490215420274406
0.24008794587123872
0.5402940381634452
0.5350689509798863
0.6060797729398151
0.8362935084407473
0.7133564592220492
0.13788071877607944
0.012660102109911309
0.06882810668527006
-0.11689972634254409
-0.3641620687013336
-0.5273100292217046
-0.5474405855341167
-0.355992688408331
-0.42041895035289834
-0.33063157591091497
-0.17318332095259226
-0.15385224002484243
0.13008041757451827
0.24180998361029804
0.10518761590591219
-0.04304998870759391
-0.15875474414077084
-0.34414714536874946
-0.5000576516710282
-0.44588346053397476
-0.2594323007146344
-0.1967059520755523
0.20222291729956077
0.382713866881378
0.4860058024328272
0.4130633326078811
0.49804028195869
0.7480207476397901
0.4258330310389432
0.1327278235135535
0.1072666108671233
0.14370548139472428
0.08419773893548876
-0.17985879753271938
-0.3510492594909811
-0.274951585738511
-0.18611732168201112
-0.25865968232419356
-0.2634373154891789
0.08720641980818433
0.2493749711058021
0.5797860847251662
1.6212191315416207
