2.637855993563861
1.3733075015109533
1.069848509696144
0.8394374826492274
0.8834946554710698
0.6510493311885649
0.24654971003442228
0.23885017002882147
0.13310574948669074
-0.13491208673693644
-0.29825106838632176
0.07447792713635837
0.06867771456698635
-0.2199481815958979
-0.3587046970626844
-0.36450090181078143
-0.4533002455889943
-0.5618067998022938
-0.5442049008434677
-0.40029704385519005
-0.2441569422255916
-0.48033337222260064
-0.35463406449997037
-0.1610095132000091
-0.22027923345120004
-0.15983002422157044
-0.029392694917274365
0.11667477225334233
-0.046338699133309236
-0.2028619074635054
-0.2527987982002835
-0.18818215110348635
-0.44294780770895825
-0.4159607863671536
-0.28971925955669964
-0.27159528268389743
-0.07474248704687192
0.10672291284553881
0.03007526043326747
0.1415782531714368
0.009017277662082934
0.05800470612002662
-0.057726039355787684
-0.3689919687857228
-0.4176802789581515
-0.3829534799986929
-0.34188220326975816
-0.310941320637938
0.02155861625051103
-0.23739855213599492
-0.2156364356407796
-0.3338104488059799
-0.09962761542467169
-0.2113174932556776
-0.15005989248378815
-0.20548940316335385
-0.16360703844062952
-0.42453859829731677
-0.4132231379589708
-0.3394907962506424
-0.3522627498008978
-0.33239024911083126
0.012991414704788817
0.389574671655757
0.40116717232004073
0.38693091748699215
0.3042876910468758
0.03825463957709152
-0.2190275810945257
-0.42894542791355184
-0.54708875219952
-0.6500157904611794
-0.6432687368228338
-0.6360180085221061
-0.664949889865218
-0.6264712394687098
-0.512583451971425
-0.5272221060187121
-0.43891078290560936
-0.15284480758505814
0.059051773936419916
-0.07956676109439798
0.001412962943077467
-0.0007065422377239283
-0.22156340871997493
-0.32374185563041213
-0.1426419156875368
-0.22993117051469547
-0.19381413411405835
0.0067791735084545834
-0.07298459224048659
0.18386531578842424
0.2996815070455279
0.26217622774515437
0.15775740429332297
0.144704188244556
0.1318979960179374
0.2938363267776074
0.16228882781052534
0.04533171376841427
0.03051947275155409
-0.0034014593539040128
0.06146987573149809
-0.023083934233884773
-0.15852772711801522
-0.39641550798400127
-0.4462807901153649
-0.496734853114734
-0.5390590414130814
-0.4493331616523947
-0.5307551811366196
-0.6463577144888002
-0.669586867469103
-0.6567901383571952
-0.6443878109533565
-0.6163598484973729
-0.6264517098566469
-0.5532833425923207
-0.4703038056650617
-0.45109961202102244
-0.5123844787716698
-0.3781550268586238
-0.3422713719345096
-0.12971413084525074
0.09637587009469994
0.512918655374308
0.708800836075197
0.772622621441686
0.5250500109146425
0.6583257600716682
0.2503417481619431
-0.033677185567497436
-0.29123143717396927
-0.27145706215054277
-0.28652343403073455
-0.3840055567454621
-0.41588798664141713
-0.12212455577505066
0.03720660484531246
0.03654511371610303
0.2113787329955259
0.30735451077372067
0.12359424687162435
-0.06291421859142587
0.15211484819372723
0.3968223870782873
1.0111726107385492
0.6815632679504848
0.7281830181068206
0.6415488448741953
0.5401163891580966
0.5785890273273119
0.45331285460311965
0.06797113229781226
0.013235203002756712
0.02652782345178306
-0.23351973180846364
-0.3908092639179167
-0.35012584819827064
-0.08535962068697467
-0.03517187311625469
-0.07947356971805886
0.2200307857660707
0.34866049110554187
-0.014637995477356558
0.29658602822538904
0.3866494841230744
-0.0803754307735276
-0.14346671680037315
0.06070938075806753
-0.25023183025125395
-0.2560240126060166
-0.05043717906251255
0.07234363035564262
-0.05172975907623756
-0.22189681152240892
-0.07766742428590334
0.21496474220639183
0.3761748104677738
0.2865378271018306
0.603746772722878
0.3665033587014086
0.29381693058024083
0.42502421723692985
0.5917139315240766
0.32350231122147444
0.0502092444470974
-0.36278385297135984
-0.5535780278194078
-0.5732449065609919
-0.5588880337257576
-0.6274495807346283
-0.6324025490937075
-0.496693025982863
-0.42837556615172034
-0.47060774527579974
-0.4893822383278503
-0.45276565447708217
-0.3995677378460367
-0.36916127113028163
-0.08535704309932668
-0.0006850252383755473
-0.09119484504495434
0.2565778561919301
0.37926667451512264
0.3558353354163267
0.38274507932033763
0.34023913837484876
0.19941280226906866
0.2865772884090727
0.29970783322561956
0.4101085295186806
-0.07680721325501072
-0.0785498989844785
0.014202692510711157
0.15863158653764464
0.1013596056199515
-0.19588694211683022
-0.22710548298154265
-0.20438225249017195
-0.13186012854294327
-0.06919485460342678
0.1647003525777342
0.12911007859432677
0.11134806196928315
-0.0561527145863131
0.13803543110579464
0.04621045624011211
0.10284851240674886
-0.10832787952040901
0.09893887148082559
0.14067846883307522
0.1988814920042692
0.3619653682799938
0.1814074664197809
0.14579474410926396
-0.04834624639985574
-0.45486969822527357
-0.5276753500937272
-0.5278544915592001
-0.3767682186386536
-0.23984113690512443
-0.2353180417409495
0.16469640243932238
0.3597069450037764
0.4749987180740074
0.5372924102136315
0.6510504145273082
0.561625210786607
0.26752207098101244
0.06512127754295038
-0.06205290059872204
-0.3750630216045552
-0.4337804413057843
-0.53510229976817
-0.5102725153748449
-0.5317312207353273
-0.4052771565576099
-0.02264130905898465
-0.012298625421730991
0.23930242800085055
0.3064621045021094
0.36119197988918395
0.23382297163779542
-0.1304348469585923
-0.36446552902167484
-0.530582379433922
-0.4826401139859875
-0.4922752244947408
-0.42178114607295103
-0.25427224635964396
-0.29291773795782583
-0.17905972549997973
-0.31147396985552267
-0.37688746600948686
-0.4539075061629547
-0.2404096858283007
-0.2358149518223842
-0.31011750456945086
-0.18595402727526633
0.3305173787420853
0.651293721637271
0.6517347552196188
0.39327066387463794
-0.02922306145766418
-0.0379414130135739
0.01612833712329287
0.03812395195144336
-0.4636581027818967
-0.525299408848547
-0.5390360917764139
-0.4878012115281454
-0.3143725504813457
0.0031094367701435255
0.3854467725905045
0.5921236993307585
0.626556887367341
0.4869836920237084
0.439054741572353
-0.038945959929499785
0.04515431914980306
-0.19233041080794433
-0.38268787410051397
-0.49300534674390173
-0.5411633439864192
-0.5059742715608386
-0.5570567459724372
-0.4157283826724578
-0.27061494367631367
-0.05470969177000895
0.08114112206812407
0.06730088905153375
-0.17440587586148493
-0.16015213999627298
-0.3266669416170318
0.017779749046112014
0.09176805929399057
0.008125864477811051
0.19696526836223782
0.14842717419113582
0.25935498766303766
-0.05637669047826088
0.07231609629053082
-0.06069723201751687
-0.384006623950627
-0.455601018328853
-0.5840005943885702
-0.5620757905937714
-0.5562134853469023
-0.5343200674629265
-0.5115756617338094
-0.5606327506602231
-0.5660023331979742
-0.5922244288175911
-0.6142508544414893
-0.453574875432343
-0.07158526062563997
0.02055480972333501
0.11389560309352931
0.008713066551684467
0.20715025416419408
0.15367279695111202
0.2158467932349024
0.2176418146600907
0.47371047343776274
0.6181661650838034
0.4004465642015109
0.3984999318761997
0.07365067201091824
-0.017349111111954807
0.046436319944125115
0.041469934996360425
-0.05240479052536762
0.0845474367222776
0.21810572261229744
0.0633236221060427
0.19098418641391635
0.16266951839059718
0.1497912190415177
0.3446577477129652
0.24400174408161723
0.07795891196529714
0.1714859608529966
-0.0074438480585032885
-0.18936584885548335
-0.2475149477166616
-0.046926948680020675
0.07695913533966758
0.011054777881321476
0.11476284790365887
0.15691678378677587
0.3777422362320437
0.12934622747885283
-0.2210988990877546
-0.19705343668903463
-0.15328742882585256
-0.2871896368565581
-0.5113811262837649
-0.5322900247462752
-0.3874470003338748
-0.021951237309892124
0.06344267127691183
0.09181171518135822
0.37518017564623285
0.3188336777106576
0.056870390817657324
-0.025777249719562967
0.2287584630302416
0.24838613696059597
0.05119282726857233
-0.2706043218557417
-0.3653229269682694
-0.4531604910913867
-0.5160984210549446
-0.42754861271635014
-0.44988416599717107
-0.2857245199646947
-0.1175804343595469
0.03802350146959954
-0.005392143585306153
-0.0016263281102982807
-0.06847661788533643
-0.3145597832824807
-0.24111040800434824
0.010219489758700906
0.14341100755274383
0.020709507444374275
0.009433128899448695
0.4281899869242143
0.7353423706486104
0.5158187738789389
0.21020556375064292
-0.03185913261178053
-0.1455659169550414
-0.47901722684781145
-0.5051335595001176
-0.5305917836790708
-0.39462297823670833
-0.019516508195157045
-0.013696913858296855
0.10527858065819218
0.11889172324580977
0.12587147689713218
0.12947100034679615
0.5772517119834154
0.7903910234525297
0.6851736016581378
0.6771206595229984
0.5221616062029598
0.3678479884343535
-0.006732098563925759
-0.14212684665515662
-0.3538414998956312
-0.4213364258924731
-0.17587822974830736
-0.21612250492575302
0.10783504579860537
0.24864856485229936
0.29076840353081546
0.23374757153925108
0.18775185090710378
-0.03964143617212079
-0.11545191792322773
0.2075287289472818
0.13117421750229208
0.09068015388177775
-0.03710889196344591
-0.3634669933936503
-0.5345056183430441
-0.5620001130916665
-0.4660370896135613
-0.4490099058682142
-0.36566538264451975
-0.09129020418531719
0.19219305739202486
0.2122322133155533
0.28926952105052606
0.47781275837530834
0.1370955801640854
0.17061154282503266
0.3706314685859897
0.5247883359949549
0.32391811154593875
0.016179172355247018
0.12591922371310282
0.5465935724865416
0.42212197017174535
0.30591291831591405
0.18648756767572106
0.27233424482533763
-0.03510145629911399
0.13234961968980552
0.05871909624923155
0.2812987105013486
1.4695346876896092
2.4909581465321295
