2.4291095019487234
2.5305388055505387
0.5221082701703351
0.25769321150386737
0.349815198558033
0.6223358191313458
0.37134128189569215
0.6812617955578798
0.7295321886691206
0.9478658883897515
0.5287832582901856
0.6300811951491885
0.3336889872327269
0.12764406786151838
0.08903042570701425
0.11930981504904759
-0.1635576333374006
0.003364771769999053
0.1168064220952938
-0.17721772607396313
-0.3548361620411593
-0.3133960931333558
-0.046786159351602574
-0.17527356689706397
-0.29058569011051394
0.00042196222876089706
0.09896177806463757
0.09766432453770679
0.0038237537039825797
0.4533959912380384
0.5057173382742027
0.7586449708025991
0.4074234253130592
0.10956038024304737
-0.2155682326847872
-0.4785008362951362
-0.5770533440796908
-0.5097997578448819
-0.4076411786326626
0.03134998185218596
0.31983794688641065
0.22866469500919884
0.11498137802712027
-0.06781867613175818
-0.15207782233552147
-0.3982810141945783
-0.5291852674922037
-0.6278705912061018
-0.5858740762516874
-0.45856314786289
-0.33127009248520156
-0.1737874023193826
0.045795313058657694
0.17978996849810025
0.3102020886648227
0.4378993662487902
0.14704268307161006
0.41069586557987803
0.0415576737060962
0.16983910236512945
0.010144603562988741
-0.15558826413450022
-0.30804771020363586
-0.33785102695888847
-0.21971268184249926
-0.3128300297101356
-0.21015642895820763
0.11532140861632478
0.1264839195063132
-0.008271282461124296
-0.1899238130728177
-0.18385349863002953
-0.13641889778646532
0.1370255448342359
0.1253696302438395
0.12979684520007873
0.26134259680156857
0.44513844649758294
0.38688066432649004
0.31982349702762414
0.15321063033567572
-0.004415424201060336
-0.3769274458506373
-0.3874957949024227
-0.3966189140080716
-0.4116294467507384
-0.41419583610727617
-0.39692604974558066
-0.29532392441136945
0.14781804009423993
0.17484708801181348
0.3071553543775579
0.06166340754257005
0.0029771811577681273
-0.09726249727270497
-0.3106451569865869
-0.47096547930447463
-0.5377266768731785
-0.46654884741407643
-0.28490320448666595
-0.2801694110110933
-0.03755480142467049
0.8144389711590075
1.0383799074576299
0.7637356495577021
0.8812267246450496
0.8498363139802312
0.6016411978585923
0.5484174547791913
0.3940238757063175
0.22095688772155286
0.022690048413231523
0.06894121740304071
0.139269710270299
-0.11948526292829331
-0.3687373459908265
-0.3773870002933144
-0.26979927612735977
-0.33448073808270073
-0.30640847646127
-0.18492608118197174
0.08083386798015257
0.001854012751796752
-0.062467445711192116
0.23769405287571577
0.17416531293727178
0.16609664544840697
0.02441695055855686
-0.406505154560983
-0.4735954615929363
-0.5131133789613131
-0.5285112109850858
-0.46780902971730565
-0.21714732909254475
0.15564986522127855
0.37837847825604276
0.45777456608244893
0.36397812020865583
0.07258451894063889
-0.06769224624460413
-0.12289695110336574
-0.17599815643939853
-0.27767872800391546
-0.38731230435524866
0.02452224667995251
0.14677955368358564
0.04285292215681957
0.1799598709905902
0.17856430590786943
-0.11326052241924
-0.10706342897868126
-0.07501900686153007
0.02628766322963738
-0.008897447694929395
0.41907450592747864
0.3462310157616466
0.1990664044933449
0.11364967645398205
-0.012389714042881361
-0.29652069162920713
-0.48451927499515324
-0.5543621990671002
-0.5003587012697268
-0.30651173697681244
-0.3100045406179768
-0.016487963659140847
0.07619724386158411
-0.0006223771409487044
0.16826865254786227
0.075046923988072
0.14117834536323326
0.12350530969910356
0.03139636600378781
-0.08395923219877544
-0.18538730967019523
-0.21769993395624976
-0.2362607169698865
-0.3468755298318347
-0.2367059925302062
-0.2301997449786477
-0.4245023866713823
-0.44351632201878277
-0.28852267420858313
-0.3448594508267321
-0.29861503965127767
-0.38052455687929676
-0.45584735093330164
-0.5750997124709847
-0.6443169807282374
-0.5568109424172492
-0.48898873027687073
-0.3405706040092673
0.08935170096042422
0.39057504737568816
0.6355215354423048
0.4074525619500666
0.44593660321148343
0.21327165635999457
0.09744621941963227
-0.07936237905034926
-0.26960395644703683
-0.005765857948080821
0.22533168655195934
0.2840874699871566
0.47545828367841136
0.5867056032566249
0.9789296886584897
0.5407558351229979
0.41650525365603364
0.4295147533030519
0.08375654035561109
-0.11007844564192726
-0.32219926761072104
-0.42608344288253597
-0.37501762299818076
-0.5679825316132141
-0.5356105604699024
-0.45952950241177826
-0.17844146158252272
0.021017256553176766
0.030566657705997424
0.04015957259672587
-0.17236781430936565
-0.14533766281465088
-0.32310142972491906
-0.3130071343088594
-0.32817894745285203
-0.2949695147620548
-0.09376803333021211
0.3611374446549629
1.6789200795688681
