2.29289453961232
1.0944308564440868
0.49015001567918737
0.5026085963462191
0.3239665967443247
0.009191040114551186
-0.381944849840542
-0.3129248300567118
-0.1726045736611972
-0.08459036016182919
0.07173064108964444
0.24466698976211065
0.4893934378015644
0.3549038171657044
0.34493074763685405
0.2820138109541027
-0.02749330031375352
-0.2754924538115031
-0.4009749329625012
-0.44531017898658387
-0.3391633492611905
-0.5049100356084895
-0.4358259479877542
-0.07975909731627884
-0.029579678271766108
0.3477730392384042
0.3941166556391068
0.600119331738436
0.8063774375242556
0.6072964222564716
0.2647007912660937
0.18667699978528896
-0.18867217119314095
-0.4952832407361232
-0.5767203146286177
-0.5968440706679352
-0.5951435380485632
-0.3448417944999206
-0.3380278823892532
-0.24093506213053195
-0.14715159917414
0.10667884430343544
0.3591228082865833
0.12657267130985317
0.21597219828497272
0.19138509036847073
0.09649335510160739
0.1746420001852408
-0.13762364030027552
-0.17181214991791027
-0.0442793004245442
-0.055034217978299216
-0.06098477753631959
0.07547311625791253
-0.19572161724435755
-0.2079476636157478
-0.1542936426664978
-0.2079144016008494
-0.37297401288170984
-0.3546175347278697
-0.40599777378298785
-0.42744943873472296
-0.5379323473230211
-0.6199298746259811
-0.5764598636491831
-0.625124499611222
-0.46599044784121113
-0.4662561596153654
-0.20206986860516984
-0.01639932110180642
-0.06234168545494334
-0.009466218783958369
0.05702696722204348
0.212350751716049
0.16852355387290752
-0.02369804261708608
-0.13061008160041454
-0.28661702630881014
-0.09836312540463088
0.05808420693772598
-0.054822447512989925
-0.23757362419361117
-0.31974726593116076
-0.25626251550604384
-0.3464219072449082
-0.4251986270489917
-0.422684208036864
-0.2340535935436271
-0.19781784518211576
-0.38695761193682976
-0.4262791426958161
-0.3449748581062473
-0.3734333697451201
-0.24174760366080672
0.12267001380011167
0.2939082636445661
0.03829074297791357
0.34824279371312417
0.45537850104921185
0.4798425281194697
0.17518546466491214
-0.14918819231599456
-0.3662563264178911
-0.3899692693198604
-0.317999122268417
-0.2521859266732386
0.10153966354669297
0.055572988900171705
-0.012535776206556437
-0.2114125364334667
-0.31673186636289097
-0.5232206053882189
-0.5669572699772032
-0.6325374806383479
-0.6220061636369625
-0.5659640457367341
-0.5435676660899214
-0.4933980232359563
-0.20609676772072283
-0.07027973949125299
-0.07047308564428034
0.19485910689714547
0.4624096256844782
0.6444452904567146
0.8605585009532433
0.9203587213086041
0.5726326953697412
0.5825915810496205
0.5295140381002044
0.21550487126747497
0.1474038767188487
-0.08154961982980646
-0.2577308937785865
-0.3791837601927235
-0.5710138587312661
-0.542137053711762
-0.511913183052354
-0.2664823496767661
-0.0854036853539002
0.008259827620713867
0.21486653338882478
0.3766408899057061
0.04084582002099313
0.16922201621367516
0.16913561869619265
0.13650331542649818
-0.14317734016056638
-0.28526458149128975
0.022184481514751497
0.028345806788729777
-0.1665252750689581
-0.07107638411941941
0.2222416739472831
0.37416339332605286
0.17014282031812722
0.22980962152591755
0.025394623541048267
0.1316594835199335
0.1397756706496739
-0.03226827283183886
0.050408271517255576
0.3283794881448785
0.5141562733375007
0.17937844496428912
-0.1286444837981312
-0.1266694958080805
0.27910937419289594
0.40091268298272165
0.030429171445989445
0.27753590929379024
0.48703168322162205
0.26868205162572856
0.313898127409695
0.5390363798144291
0.3551622572724794
0.18288805446369327
0.16734964765218363
-0.16236708837559966
-0.4164120435634213
-0.303964241035632
-0.2528916472057319
-0.39252803252170165
-0.2514535898322896
-0.17485522153986843
0.20572151370440217
0.4753159976580682
0.31027965633143706
0.17807698337922018
-0.012632410787184023
-0.022029518242031143
0.03462536001037897
-0.15686604448684272
-0.43060044276773635
-0.37127692350032904
-0.20520038495368753
-0.2670952965978174
-0.43450205695709543
-0.07678935753306348
0.13720481481649016
-0.05384283172471316
-0.3657095149416638
-0.27039618504362695
-0.41286041437237064
-0.400429165654657
-0.4417287655376645
-0.4265668667707
-0.2809343392131485
-0.08798654950858431
0.14618349939979614
0.3845451020237375
0.570657151318671
0.2885522747367746
0.652892656944442
0.14390956365238516
0.02674800088754492
-0.11506445711564062
0.14282105003658285
-0.1843865911290139
-0.2796280486283762
-0.2183134197051193
-0.03755393759375236
-0.3215983977206145
-0.16383350945075947
0.22249788080725263
-0.06057709708062131
0.019117614455653853
0.21314605746852577
0.32017857666784766
0.48170094733379154
0.12036717545245279
-0.2653419441233791
-0.4730286792358527
-0.5389037208409491
-0.5335617179289589
-0.5659826416492921
-0.4698288288010781
-0.09178606689012025
0.35557212500099844
0.3937529127621071
0.5250142031700346
0.16529347264648953
0.06429897056571443
0.1262639572255322
0.18653996912364856
0.1644930616164747
0.353743092996868
0.21138357491492088
0.16247684778469462
0.02715967143150322
0.11715565769161151
0.048851850188627366
-0.1071169450287961
0.03188719848039756
0.3214710035145668
-0.05033159718112501
-0.029513119163597112
0.5929897349922707
1.3869248983067939
0.20863994579048672
1.330923378085977
2.838036461330551
