3.2466252290861717
2.4667528529425775
1.3657205477195369
0.9883177927801982
0.9343546637425296
0.8504557244619112
0.4278560713610168
0.1872807027493012
0.11543535946738159
-0.06801451576804618
-0.03897291668872149
-0.13331718089313394
-0.3059038681396069
-0.43604421329889564
-0.36803945953573036
-0.36165244644067474
-0.4168904118564156
-0.47889960618449434
-0.3117803212659708
-0.25551537013388825
-0.3656564747926939
0.010226183470219197
-0.1904805300076774
-0.043424141410531414
0.3960813745553613
0.3552500270592973
0.15083973968836173
0.11667330645479101
0.07144363975571555
0.1440085029350031
-0.23077283948507576
-0.19444801578052195
-0.4783742107944844
-0.1261099401751533
-0.21172851582038876
-0.4005041884414957
-0.13509520679020504
-0.09757532579076389
-0.003819305687791763
-0.12802467587779487
-0.11783698153249744
-0.12312087744985889
-0.13571709732429815
-0.041543817940341565
-0.07060762740441606
-0.06200098180488822
0.33343581847240966
0.5801612579722426
0.5406832205580343
0.6876451173025528
0.12020179435693856
-0.0459702191357374
0.02611653485186083
-0.33577798931153824
-0.3931341573227025
-0.2654850507064459
-0.4830472199391549
-0.43305228078459646
-0.22767631648187714
-0.27313217930160594
-0.2628577506154959
-0.41597840531756636
-0.4245943725946939
-0.29282354066719507
-0.569801336925553
-0.41858255067882033
-0.5631197122550955
-0.46648867480177225
-0.38227242696869
0.11051161232699214
0.3257940096627223
0.2277654617176239
0.18788262240703846
0.05499655942653847
0.06396333485813477
-0.23777688772102756
-0.390841369915661
-0.5817836736049471
-0.5199523016965919
-0.5063844327399369
-0.39338833069698864
-0.40376512966428124
-0.37956812513909144
-0.05471319658701834
0.29500538702329115
0.21299317941340645
1.3621819380495512
1.982116300008643
2.9943255761239356
