2.7259094313055856
1.414982932392662
1.4419495435345806
0.2836827548742241
0.22722052603235698
-0.15345807913128606
0.11207034767933288
0.4641724209680931
0.4317923991814092
0.5971762258267179
0.46933554064407457
0.34171723420872135
0.23470775436491353
0.03020024919741693
-0.007102760023944277
-0.21435280573131066
-0.2485839310673229
-0.23827192383639095
-0.16876253146620113
-0.2863282740836042
-0.10084152923215006
-0.154204804852351
-0.19641881605430367
-0.36389442391951365
-0.4215200625375036
-0.3670222888863057
-0.4087581434617451
-0.43601419891662796
-0.34341256442259227
-0.1487312200965185
-0.10844198615502343
-0.1707461378084295
-0.31795577645529005
-0.04496469058001129
-0.10938205164279136
0.02684783057178286
-0.13544009110304
-0.11998527993163521
0.006852026343517781
-0.14548721327937175
0.02628970864404334
-0.014880271245130361
0.06978958926131862
0.12119908321535822
0.029662454148056572
0.35071102376765173
0.36995162604825094
0.16791311266422504
0.1896050474226071
0.1685756078218028
-0.042256422680368444
-0.16324530775770973
-0.5502635830581057
-0.583861718287646
-0.6352264547023161
-0.6390832196774636
-0.6167724309628468
-0.4974868687711793
-0.2661627056169691
-0.30251495781219473
-0.296732230775012
-0.30264554761722584
-0.10463367614003594
-0.30095359702410973
-0.13642351162432864
-0.11420748592492258
-0.07550909156456054
-0.09863844439568947
-0.17042971369661752
0.3185768696010517
0.45634017223075996
0.379606537480666
-0.0036008658413605454
0.040958088556522276
0.16082095742328584
-0.07250140600984356
-0.3165042177959735
-0.47339367472973937
-0.5021406788002272
-0.48151003568086437
-0.41373248078667224
-0.004306516372609925
0.037477008845640425
-0.016813145843601274
-0.017620060469792698
-0.07567421457361279
0.010280703136671399
-0.2913080979283953
-0.37270249989133997
-0.25802738098272615
-0.2574649043639594
-0.08097633473171095
-0.012377429735737189
-0.14707333732112027
-0.03423915136272959
0.222892446080022
0.372546812688315
0.32792865407370386
0.3098780531228805
0.4807435485623057
0.5032948107029156
0.3640719085122043
0.43803067763703496
0.42697078476047934
0.22073237229742237
-0.18993364215694175
-0.1625579141536585
-0.07617120755951268
-0.21152441260287258
-0.01019575503882042
0.11158735270335018
0.016767363120722578
0.47900330567904315
0.4142815284186283
0.2909346946374244
0.34983108576107813
0.2551376750319666
0.11221263990842045
-0.15292181814029304
-0.5374423373145429
-0.6216583388401593
-0.5576515074669262
-0.5632459975241395
-0.3650114006024108
0.05418740803399169
0.36690336770833254
0.35911540173866097
0.10576595560353974
0.05027958490292039
0.03130893835411308
-0.10623405587572132
-0.19016518381963377
-0.19079735038052292
0.20138335393182272
-0.14131964524425467
-0.23337484588397417
-0.2764697378906673
-0.25786658334477797
-0.21658409665978628
-0.016870686260019974
-0.16088643012531623
-0.2805952384344388
-0.2696562551584074
-0.347911267955785
-0.4934626070190171
-0.4640132876927825
-0.35552045518512876
-0.4897331739011941
-0.4922328062700516
-0.17634056597980097
0.016179031607554295
-0.012798256668428265
0.003719416753888205
0.16683350016108578
0.3548237354429886
0.25178182371792146
0.6966804884014489
0.3984627139663349
0.510809898903779
0.23756623209946492
0.06479056812473583
0.03251556626005325
0.03667121047220867
-0.13867657453115956
-0.27691298267963216
-0.12827194997453972
-0.12536978710619684
-0.1337030998140073
-0.17966043815748134
-0.2057410671363512
-0.19883684097845378
-0.35978444037607415
-0.43267234476864247
-0.41095470088952135
-0.4448713943947906
-0.17656148223453527
-0.06884689130944366
0.08624053557410727
0.11879567971830374
-0.09748366181811952
-0.31312384533379245
0.04182306474637565
0.012893768530313987
-0.3768612774183633
-0.3529608227832086
-0.01755816526234033
-0.1933505794109689
-0.09266979127401442
0.07359849977155208
0.43859093359971
0.3736388625829651
0.09635375951138903
-0.2517220527893419
-0.3261762926890387
-0.41779076541156757
-0.39233865813257407
-0.24602262889722648
-0.24824990813080117
-0.42334392380616204
-0.37633892808819946
-0.45640918293417265
-0.5107316229066794
-0.5521407172602011
-0.20491850454591054
-0.22445356427454044
-0.1541597133808532
0.05624729891261904
0.08307166282693013
0.08578354084811746
0.18254125569323754
0.2159554342302734
0.08730337461974436
0.1712857310135476
0.4375698293673189
0.5649499640409658
0.17009700907104264
-0.13278246147416117
-0.021591561577212648
-0.06485515273090703
-0.3040253429756422
-0.1474232223211558
-0.04758304065440455
-0.03763809588297817
0.032070658054647594
-0.009858505295162301
0.037218439454629215
0.028180702536363844
-0.03091129239391477
-0.16023794908761102
-0.1950557035075834
-0.028288907359605875
-0.04047535234813793
0.4915226944359846
0.5642377411700168
0.9368395720189342
2.561583984067131
1.355223406976004
