3.0159532103530498
2.0995006368293607
1.4218729503172407
0.6665816329972108
0.09784513850109733
0.007663513189819282
0.158629906351629
0.6597620446297745
1.001552407862862
0.9654185214397188
0.704928206224974
0.39471194401414367
0.5304807204778347
0.4986129723291872
0.6188513294651466
0.306400512947975
0.34507081337968215
0.04495934460189743
0.21722233726712326
0.09287052841878496
0.07704551884304434
0.05872568821560331
-0.15004097145024553
-0.056044509499306505
-0.1071024698051265
-0.22157913187574407
-0.3259858189581244
-0.2707570809477917
-0.3248089709368549
-0.19203279793768646
-0.0658092660501628
0.035682609677081256
0.052269640480462676
0.14479625635241722
-0.12198509592333817
-0.3198641006577969
-0.4060535279158053
-0.2771973061116074
-0.22204871520930602
-0.23157865410485523
-0.14511996796483506
0.3419393378015013
0.5996961218523427
0.5436581103866902
0.33424570754521177
0.15467013955962494
0.23644260345352575
0.2788128148126975
0.2984215847375207
0.060116050129674026
-0.18736697968564386
-0.20134107369452936
-0.1412945671403537
-0.08301625948686664
0.045359171553794986
0.08934157799410825
0.20523542577249532
0.7878483396800974
0.5037691160872684
0.5041603862954532
0.805359109373716
0.9302896429789951
0.5642201347989214
0.5728498273377544
0.4610528016023271
-0.06348839592793443
0.011266543887959335
0.24843639251912564
0.3020449659600556
0.12658465831220955
0.16333855793339547
0.3169622729077385
0.04960966717798765
0.04726583581403332
0.09970136214918202
-0.11631960943993092
0.20239468303572528
0.15458602217858664
0.47638705048484753
0.5771708623615036
0.25418570820846487
0.47573010649037917
0.4980094908523238
0.010523411524347659
0.048146922590662
0.594785308735992
0.7251766923862263
0.48988840362207686
0.7318189817400623
0.7093789428139141
0.7175640877978015
0.2794010715827209
0.22803262449371142
0.006194752155212924
-0.01939481422209588
-0.14591765105790444
-0.4277649936294491
-0.33652270070478374
-0.39765901431194084
-0.27987606149313127
-0.35542806141924843
-0.27073150686802216
0.1280979077282962
0.3489188634894015
0.6175706144472879
0.6870801791212086
0.916284960849943
0.7539901348987541
0.804596560551939
0.6445155943509071
0.673604750342848
0.18510462079396284
-0.039853246019844635
-0.013601578753418275
-0.3566788757410474
-0.41731445518175503
-0.05359416400306316
0.04370569198653651
-0.03458845841716318
-0.10837870551009443
0.18816248919550815
0.22862523046502414
0.1731721671396842
0.3148335793097836
0.7573506370772018
0.4185256404921065
0.11359820673568233
0.2514295008911692
-0.06723556416346066
-0.07819588636490826
-0.06838968668184253
-0.13762639106730412
-0.019166333598636176
-0.23308848716986974
-0.13781964958346427
-0.35972302609690154
-0.215088426520761
-0.24739427615528786
-0.17094771198693337
-0.14824187300434521
0.1210856997618126
0.22463796458957952
0.31530681432165253
0.6410530017753786
0.5627736083648909
0.559293939551167
0.29303373120783327
-0.21090777967714258
-0.12181519033973853
-0.4155463119554422
-0.5178043048323537
-0.471794568146952
-0.4109477153504354
-0.3923558271637686
-0.403042548629706
-0.2781101981468399
-0.16003411111312948
0.024178387593436268
-0.004784966155524151
0.19099582981304564
0.2787311334807302
0.20262378453181018
0.12216597604874424
0.0401574159364575
-0.39244199206787045
-0.4594117633218846
-0.40996270549702085
-0.5277243529082396
-0.5351949705947621
-0.30555138559139006
-0.048052840086713844
0.15904705828325483
0.0972117142488591
0.0021192156196893075
-0.06561905823535097
-0.05825717909074357
0.02475931255374031
-0.03256225869215823
-0.11234832267447026
-0.15566783758174563
-0.11083731818709353
-0.06172763024446559
0.04558338577479992
0.07130454524312946
-0.1796931128814202
0.017329391569903763
-0.009091495820088502
-0.25998533018992886
-0.24235421247233835
-0.06809964451131756
-0.11643265721513307
0.011846225767800478
0.3093606621800564
0.46327518520629907
0.5463271343019191
0.882071240964503
0.58127790615579
0.5696637223597936
0.4147928237568761
0.403012250544015
0.4137835855169475
0.24995398474492247
0.10453448041523894
-0.08428773681501622
0.1594105478404062
0.15608979335149753
-0.04515814791409756
-0.10374250566567345
0.03656514712012282
0.06731824956938048
0.22101641663845417
0.12172707730894217
0.15873961563670957
0.010676822116273965
0.008352269728640338
0.2975761970568558
0.3771451740577444
0.10396827238383544
0.11443327712812568
-0.25345367428045584
-0.275388459604055
-0.1718646327392993
-0.09649029528236774
0.041198317188534506
0.566567515259578
1.311965885578434
2.1942988448912786
