3.1009116777185497
2.18577326103566
1.1328276088944045
0.8912549642872294
0.9175908267474707
0.41453909908773046
0.32500114491563026
0.4021262734771993
0.19106729156178015
0.13184055830552954
0.1625985613836346
0.09273369127336839
-0.144267134514092
-0.28671605118686094
-0.04583438270043261
-0.17287279483887452
-0.09412037474266488
0.04425110589101189
0.1533001720834135
0.014742690236723588
0.030456309181247088
-0.09182936043767764
-0.28255783040458193
-0.1806035029281735
-0.35936995112032166
-0.34473674158991674
-0.214093208072893
-0.12373278901568885
-0.32052644150978904
-0.1332608845963663
0.16592609608887898
0.08453079551841058
0.3476824429090142
0.2567087489865536
0.5805623073329296
0.2596095500061406
0.44118633409499775
0.3045206137899886
0.3474151676080187
0.49158094771678296
0.7757327824353453
0.4208837686537128
0.09952636354011912
0.33342367698787445
0.5060989367643911
0.784473416026601
0.4096882622456919
0.4362962295381615
0.48093061604856635
0.6746423339826748
0.516920700170736
0.43070711651346627
0.14033766571006678
-0.043094550483348315
-0.044789055126929656
-0.042202573721801806
0.07111392802067706
-0.16277683767906936
-0.2945089608832021
-0.21255664815049613
-0.08803352775548134
-0.10376946993023872
0.20096204231979864
0.3263208260251852
0.7115814077764381
1.4758362541170245
2.4350934602576193
