2.3844393583157
2.2036235123893304
1.5753230226325199
1.1411655696108864
0.9769463530021678
0.19107969354335597
0.21174148549467897
-0.010181276284202734
-0.1848259081731588
-0.2680867024024651
-0.08331938174607267
-0.036722305902280206
0.18457758431837246
0.3849246096693587
0.48895238540654473
0.7257479116008005
0.6883008252742355
0.5078767529801518
0.10520298239901082
0.005001761664085391
-0.3739288515457866
-0.42425155629183153
-0.38855994590235343
-0.594244963086064
-0.5922190419616944
-0.6000964921813474
-0.47552261919423344
-0.46295565516947024
-0.356979903789174
0.00576118987600116
0.05694275681588823
0.11849993734243403
0.11699819242399323
-0.1024289819457116
-0.15492141946639848
-0.14058977008966989
-0.22552795650284896
-0.39425612278872524
-0.36185749596950734
-0.4999493705700542
-0.41936087265053257
-0.3093591828749427
0.08798461351325426
0.19783341894723994
0.3993308480327131
0.47168726023441876
0.3357765286321669
0.04646521136838688
-0.14399879124304416
-0.3265813560619384
-0.39399109151613687
-0.38358010985220226
-0.26857241075554894
-0.2055652452850577
0.051787378901102854
0.2523775284184713
0.13715687384457986
0.04349200769328343
-0.10963059294639532
-0.09535429518085858
-0.4220303031854764
-0.3110659681573935
-0.3070126712456973
-0.36017826680090625
0.011895158874991818
0.14035734990984472
0.04861613787807406
0.3772886959213052
0.33056123305788854
0.2590490159939761
0.1434755121726331
0.10345988544719953
-0.16304269617199185
-0.398732496958462
-0.4002381305057604
-0.04755641091963558
0.021405638608300026
0.050817944936299764
0.11398565813516226
0.2589727435116441
0.10424618342588776
-0.12775054042440215
-0.07439988069623327
0.11465969810377818
-0.0023335528973777997
0.1601618777135948
0.5332261822918646
0.4225375584865678
-0.03158964078759319
0.042251392751650796
-0.03703356512399747
0.18168215960566558
0.33307099509517446
0.37878066949474876
0.2306700173549654
0.13488880085789745
-0.08625030556151358
-0.2537506415464934
-0.30956042715241305
-0.4602314401440992
-0.41095537412724037
-0.4579030507321781
-0.31596234389679023
-0.3783373309438489
-0.1888289437381453
-0.06311242312953735
0.41692898338871043
0.4332377029744431
0.32810674168360476
0.6952171763165516
0.6344203941809612
0.5539997176955842
0.42691702177083446
0.22129279370842436
-0.15216277145674828
-0.29514395484010914
-0.24223751478622535
-0.19779343092468205
-0.33582926472460206
-0.06795486553630825
-0.18850106877252804
-0.022341320959364253
0.32267219518547463
0.5485491423599858
0.2993392381489691
0.23733581685097027
0.06614693063681742
-0.17632614332060026
-0.29168222564866664
-0.14267000028234467
-0.01821181212315126
0.06549510085140786
0.0083862171108956
0.006278037689283034
-0.2895228345270935
-0.3886381972804408
-0.2902116231903258
-0.3799077334941068
-0.4119198408148961
-0.46519425212463217
-0.5299420451887968
-0.519280906918399
-0.4936402662227475
-0.5104534444836886
-0.5732540764977516
-0.4871542786034966
-0.24628142165681077
-0.11831488656054612
-0.11649126935975629
-0.04893924403996919
0.007091502591569876
0.08713421567034552
-0.14247439617064583
0.017982127785094337
-0.06089567377336169
0.020557764955058677
-0.14022710122559945
-0.23867493478208213
-0.22058038932488744
-0.2601659288769327
0.07900129770958575
-0.01638777775421163
0.056259028607173356
0.13908385390965572
0.3801543089269632
0.22557246143784493
0.2645614229622747
0.06742244414867782
0.1897436046576172
-0.005463718180084287
0.147638262803646
0.2443998318141808
0.2851698856009923
0.17461975063444757
0.01605231434566501
0.03836489516784214
-0.13833157457379808
0.004777779722649256
-0.3161951223600281
-0.35441758296211845
-0.2089604949434083
-0.2896516518355834
-0.45188900147105726
-0.5374102013691888
-0.6617338074736658
-0.6702394181026201
-0.6558990779981753
-0.5739142312065533
-0.21644507082344622
-0.04294394993936901
0.061519203857192895
0.13256418493630207
0.32540238812470257
0.29576548918513135
0.3388246787341579
0.08065701687180504
0.6433415189575552
0.32750455091226294
0.06623113922355839
-0.06579833300819993
-0.24218629564551986
-0.42496107850185705
-0.3819562055325454
-0.5950988190779674
-0.6206588861486524
-0.5761613496790683
-0.30792427840439973
-0.32932075771822733
0.13440328673712587
0.464428605818095
0.5334285223008816
0.4620087336818911
0.5758930619986495
0.5019973361850267
0.5056487919018364
0.5579134807089352
0.5352454364174924
0.24261900578830708
-0.07081717836101964
-0.10100879568754406
-0.13380526862696684
-0.2668379246438122
-0.3214587309451875
-0.396456265244866
-0.30214472589187946
-0.15862367318944626
0.3719819465874673
0.4608466206212112
0.4504385285071374
0.38675146903921775
0.2138561428502096
0.325406926722575
0.11736493977289442
0.2479269535341605
0.30446529552704726
0.1536964797456738
0.3827231862974
0.2353099285005804
0.15723165337547007
0.13538247654831137
0.009141360923642039
0.0125000153727155
-0.11717224694268658
0.04056894174350234
0.18158614917023141
0.2701676772655579
0.3121867768333405
0.2738820446941519
0.19988631609547514
0.3604208206869952
0.2666793110823886
0.014835677691571458
-0.22740607146206915
-0.23772689089280608
-0.09359862802835572
-0.32831994005939236
-0.4969236875452623
-0.5460391693408984
-0.5986621249434763
-0.6054574061937203
-0.5320162273763431
-0.35399334916180325
-0.13313731970060128
-0.28853254550044793
-0.021552121499327725
-0.26341130623676556
-0.011134213871764276
-0.35471887423557535
-0.18752835285282066
-0.11595937753571828
-0.3043788323539003
-0.11919113106372992
-0.08591856263001152
-0.08557076894921922
-0.05334553399734232
0.028803911060198306
-0.20917580117618517
-0.13510209062200718
-0.21989417241716547
-0.09176143320269026
-0.2473249323727975
-0.07239332171913582
0.04014288623955675
0.36872706277876544
0.3074647394140463
0.16797930674935413
-0.10534896447498687
-0.0644821556625711
-0.18795433289403107
-0.02066183817594125
0.030705188797901628
0.15375931805169463
0.18646399561136107
0.47174612290301365
0.47297221087202235
0.42812832262058387
0.47314651287779674
0.7558365531043546
0.9902936753895792
0.999485693830416
0.9906836296444346
0.9245301372709127
1.0211529031003037
0.7990415654121661
0.6114864056113165
1.1633565494859663
1.4079787179273384
1.3541773337337704
1.99425389560143
