2.3118433507369334
1.6357148636466903
0.9205065839632685
0.8168128831351205
0.20203643068245536
-0.09655294824011207
-0.16579364560859033
-0.14386193644134704
-0.22442416228449225
-0.2236334342543339
-0.05949544894845615
0.034452538113122766
-0.04515508181962369
0.1496058431478967
0.09253850954629761
0.1048729431775528
-0.2619929624792622
-0.19559972198258102
-0.13845243015043163
-0.24701655314941084
-0.21039213539735435
-0.3113864884531359
-0.4470145964600515
-0.5417312499548486
-0.6136788599571608
-0.4449398416187752
-0.39738741941997513
-0.40136003962238487
-0.1892961973946501
0.3294810453363102
0.5042738332896133
0.42871861636575515
0.448925664836308
0.6947821899360811
0.45206138372331683
0.45507553649334764
0.5113441736818856
-0.026758858493621362
-0.238946634952107
-0.06366465286593204
-0.03753566424261334
-0.33096504107020186
-0.21224621743181094
-0.07340124358507161
-0.31143203240423845
-0.3452960546989442
-0.14802765852996358
-0.2655612380997897
-0.12883975983763896
-0.1862281188258912
-0.09520963538497274
0.007828470996763315
-0.06455291301109745
-0.21797585184498192
-0.29171786293903534
-0.3800620018718368
-0.2914972882426806
-0.17351480305056277
-0.1600191753434982
-0.18734099526244974
-0.2556487039690437
-0.1341317867773658
-0.38107947369132855
-0.39671067298763296
-0.004673139763253453
-0.017583910412498294
-0.13116616997920794
0.13769654182546753
0.13095069153701866
-0.14767310562990799
-0.0586067589008088
0.25021497593057684
0.2517147031463618
0.4465150875860304
0.4111018631396609
0.07333754672731829
-0.022469816602644577
-0.1231696751020378
-0.24544805587063556
-0.35873662529437966
-0.4535234862772908
-0.2909652113758171
-0.10407587304210308
-0.18501608590917484
0.001423992044159328
0.2071305444574264
0.2521112429483612
0.22617884826136625
0.18183439523335598
0.2522186967627569
0.319160602294963
0.12104870632952158
0.08583368772501332
-0.05217165383712219
-0.05130673346390291
-0.025435664496564758
0.12138872296841019
-0.14918813715328516
-0.10762548879620004
-0.00931459124348899
-0.2485847187005279
-0.37114704173260726
-0.2834441934682569
-0.24094744680399915
-0.4060096192718572
-0.555925729559378
-0.47311390845869083
-0.25027307651451336
-0.34904793377163146
-0.23379697400477473
0.0009727270875174998
0.2548962611776143
0.2561730154660946
0.3952894532933816
0.5333700949450548
0.12089932044493379
0.5180382912295839
0.5112563216877178
0.49077799990628657
0.3087110577557317
0.04049872001844068
-0.09000865908075295
-0.28399933090940455
-0.42628328250877845
-0.23734178494379465
-0.42061017939749623
-0.5086192445970967
-0.4780736866862161
-0.5358370970902873
-0.6591241905286152
-0.651692161299064
-0.6010909741705186
-0.43601608935548974
-0.32467374048339925
-0.25744536169765175
0.1491192044902414
0.22396215276126963
0.06144894550445534
-0.02325252472724537
0.2792031327627542
0.9919139590284098
0.5938306898203283
1.2877121388574029
2.0758685301878894
2.889991684793632
