2.3380733927278428
0.6882879358366926
0.3964602324555301
0.030395511685817223
-0.39371172736108273
-0.28728609096203006
-0.5165457471479347
-0.5514611579907691
-0.4867456041933045
-0.4333604435766154
-0.4381871851516419
-0.3347895198948453
-0.4536467246616598
-0.4928581243952892
-0.4360332669836131
-0.3158911882381329
-0.18156902325399393
-0.23326534315013747
-0.15807434846928659
0.03883805861726741
0.10105921396705697
0.08552244144781185
0.4514153584088566
0.40055182938414535
0.5581634096145861
0.43293715428520374
0.0641010117359202
0.19899307705945757
0.058324804400680774
-0.3318481570021765
-0.37580831553088523
-0.4017894013550348
-0.3925991046683782
-0.3211794596114037
-0.1401737780091573
-0.09415971132810297
-0.1062643464058246
-0.14868638149429747
0.01745007774642149
-0.019490734767988793
-0.060679803099716545
0.08632250138053477
0.024429027469427766
-0.34021762956030044
-0.09269542067168646
0.20191763632143445
0.37263977926737
0.10252717155058821
0.42087345734995696
0.5887875322917353
0.47810826689652697
0.2865949652551507
0.13101171726337413
0.3791400186163617
0.09003741951272681
-0.22541441762495062
-0.1531490067106922
-0.17023948693742041
-0.2130137259737931
-0.06327213791875153
0.24601328178333304
0.47520546069886305
0.6387896172255508
0.6172926047582512
0.4088171794135862
0.370177051539863
-0.06449434519163477
-0.36356827559388516
-0.47897625188752
-0.540288697452675
-0.4279879155058196
-0.4098040716498852
-0.3077262536374695
-0.38472244028592906
-0.37721838835723387
-0.40808133314518424
-0.5427524156794692
-0.439178039062857
-0.27585700537507596
-0.4328967571991007
-0.4602786537793182
-0.2224990948832486
-0.2252732617924702
-0.2864868670991152
-0.093425402340928
0.01506537616414616
0.05419651600675768
0.11563352322205167
0.11611776900342374
-0.06238803838732876
-0.1140661320113816
-0.169367674857971
0.13818977097541663
0.320709494978908
0.43058803717963146
0.2736844785555682
0.32495986334739224
0.6235689041358258
0.6311207395805836
0.7098140061415333
0.3414632223863975
0.27592934732198415
0.23473083649024806
0.09767144534142291
0.10641241878692487
-0.22771069597886173
-0.42435954513630236
-0.5429720920712313
-0.4441248809712547
-0.41122265487040843
-0.3858302775201752
-0.17850265333035287
0.08704178839292986
-0.05644827051082202
-0.2086947754913986
-0.35095461494118396
-0.4625670739762162
-0.5102643966954887
-0.4933029990326112
-0.4835362345600689
-0.4795758547576525
-0.6169697569991239
-0.5523453093835058
-0.5536099720292993
-0.47499495530755786
-0.19000393531188153
-0.17309413745115276
0.07441832327315556
0.043874259033037655
0.005946972928113636
0.003245803385302559
0.1492031800219401
-0.15311260661156534
-0.16710608673593186
0.05635399596068513
-0.03179166327911731
-0.1658404039830127
0.17872808680252228
0.3326189496739582
0.06181801575600743
-0.18153333607759736
-0.23975237080199352
-0.11995029102935251
-0.23225754052425818
-0.4304002084030609
-0.4703574025781876
-0.40601431742404825
-0.4390564346462782
-0.41714685730562495
-0.30795495472484236
-0.15108462897490504
-0.23636465540573892
-0.06320298981629735
-0.06887526059931282
0.04480192057094623
0.31751056848026893
0.627164807907371
0.5109064306557777
0.2424438249377605
-0.05883796129355545
-0.4067588691198376
-0.47206713098588415
-0.28853093219902504
-0.5175245348884943
-0.5258601991977485
-0.5884717823300154
-0.5724581237150073
-0.5899279556832075
-0.5611872970076752
-0.37418788361762934
-0.5067657858851233
-0.4868909166158044
-0.4316680994253842
-0.4941220842282419
-0.5678942437612298
-0.44534661460834357
-0.13075290437500997
-0.203986619534561
-0.19982447188815367
-0.3885926822683925
-0.29177469068898876
-0.45860534166220224
-0.52753117819557
-0.46392299605181053
-0.3685967538420617
-0.49010483761090784
-0.42097080431093215
-0.21088508821673813
-0.015890331009097536
0.18604519515837115
0.31959984695351495
0.2971416710012702
0.22226546510409528
0.18688105860755044
-0.18091072274829678
-0.3288894194230735
-0.34613301634288707
-0.1889991491322397
-0.2760387267393768
-0.18883165823478654
-0.31894816508686175
-0.3420046023968576
-0.3721336984791852
-0.2867602624628798
-0.09777884103196388
-0.007593189416125301
0.1428229196775117
-0.04722169453903258
-0.19898907006542987
-0.1994425876693463
-0.343307388979482
-0.39621359160656566
-0.47312886970820567
-0.3922718080494868
-0.40960598440435847
-0.35028739859092517
-0.3205151452734468
-0.227717773209702
-0.3290478300372619
-0.33761546984409774
-0.3259317894313073
-0.13866512917374996
-0.0697230053237492
-0.11206228097301985
-0.34436849131301694
-0.09118438288581887
-0.2175895959085914
-0.06921795726915536
0.02895917577494811
0.11114527873721969
0.043470446507998806
-0.06602700661091143
-0.16056664270974919
-0.42998301552231066
-0.44134814547266665
-0.5174690124497525
-0.3350994867787842
-0.4232256723496406
-0.3950989676052442
-0.2657695795838928
-0.057082010009591344
0.018877226909900013
0.12457757692258786
0.2507835958797666
0.21145287411470004
0.04080032463628269
-0.06036200660413171
-0.15425604918554836
-0.32215056913638884
-0.3699237752471416
-0.2251204965641055
-0.31690513057581904
-0.03049711134891242
0.16438492609454036
0.25837441355732216
0.5710828750597288
0.4731903688791833
0.07878289532748617
0.35227469256481114
0.08136580430061635
-0.3491015367265853
-0.45937770633284947
-0.3100635902263994
-0.007151604339411866
0.13884262437899042
0.07122094067276119
0.23783106529344844
0.16652836050959485
-0.024153415909682008
0.006251954505662405
0.19312905652384782
-0.07317701900142304
-0.30730665944706337
-0.3492904565505148
-0.35604490319370175
-0.522468522251115
-0.4492668811926024
-0.34612451798460286
-0.3776951544440146
-0.2852775948001366
-0.10720685984531797
0.1992751826818503
0.468656166723758
0.6016690910176726
0.33672068597834226
0.2069575027743259
0.5039260207934834
0.4914784833715242
0.17377444143995202
0.39899851068134373
0.4650269805640005
0.4546678189169633
0.42064256661964916
0.08182765865290975
0.11255537566144369
-0.023471037343891887
-0.1580102602257908
-0.11270490679416012
-0.39246388999495196
-0.2996505092353663
-0.08934510245695104
-0.13313220405705306
-0.14237376957110703
0.017409596118978077
0.1266803941972795
0.0810137992682971
0.15926702428804562
0.2541820367645632
0.22453988603646735
0.08805511213281503
0.08620578765652931
0.4842786201171507
1.6121828056459973
