3.059885065024186
1.9624473866775074
0.9429369232663047
0.559168957219952
0.2824520848253098
0.04102686038745129
-0.30288379995384684
-0.4006881322570355
-0.3342661518258452
-0.0988327653722646
-0.2156199848335456
0.06093392581784618
0.13832733243714368
-0.09246541227954252
-0.1605454382755641
-0.061863005416786465
0.02968803046193913
0.2774457272926347
0.41901513072567775
0.5807974638486587
0.8092798843703678
0.6107390070256299
0.46589498833479537
0.49136720895044195
-0.014022131225930656
-0.22573547484677825
-0.15711634172835254
-0.3311284230618492
-0.22601389739106836
-0.22729297440753804
-0.03261941207435659
0.2382220568261938
0.48341597102896017
0.27599664616853425
0.11114118891216129
-0.11828529708414426
-0.37398503528616556
-0.3505909816857007
-0.3721850022619295
-0.36134360206970473
-0.4217993192474596
-0.4039356360175058
-0.19649035414830185
-0.08393082242266514
0.2537739826080915
0.16352573206414167
0.4954328859615462
0.7152709968270363
0.6527691261480634
0.4795499893811914
0.3348813560330304
0.31739083158883463
0.3077773290726089
0.09955970678636938
-0.38082649824808423
-0.4780412323157466
-0.5146646025638031
-0.5866654248695893
-0.619729212345314
-0.5881263240952812
-0.5526088143319368
-0.4759156810417471
-0.43479300481420424
-0.16261066124039525
-0.058271897490731916
-0.056580629289226025
-0.3715241823095221
-0.3731726730265569
-0.19207536451280893
-0.4868764593474273
-0.49941808688897105
-0.4834576803935622
-0.5031705748814357
-0.5049371004787153
-0.47353649315832014
-0.43931815381828576
-0.38638801268219947
-0.07846847068067164
-0.07138351740207294
0.07248506149211609
0.16273241025737906
0.3908741407708196
0.27036345952682794
0.26443795568448925
0.15651376617960322
0.2775889361159225
-0.01125393930626517
0.07950690061350862
0.201356447477942
0.0545969189152582
-0.17591532703418244
-0.25680124831596407
-0.00034313399767493813
-0.08332711948790728
0.12431925131417054
0.15357958516700232
-0.024741981213510456
0.02801234716348311
0.2610198980947407
0.26784605473117074
-0.020949488836319974
0.05637003940916763
0.0933932138712259
-0.1552999525255
-0.09731265620625296
0.11209540885729508
0.2951355331809291
0.2276727079697094
0.27528373124370253
0.2160330612303789
0.12624836215275248
-0.26803612529780096
-0.33282342176508406
-0.07917951967477965
-0.2903586231107781
-0.4640103712695105
-0.45565692762731014
-0.15054146730882279
-0.25522179516756527
-0.13749063197522893
0.014920124519787414
0.23609429171314533
0.3472242918243792
0.10202476189501375
0.31605630220451875
0.19375192054266988
0.08437655234359787
-0.21989551812980257
-0.4126052933643627
-0.5055845756310826
-0.5125035399358953
-0.2690246919632109
-0.18608161297544246
0.1018139370620017
0.5684594855686083
0.7655376954320569
0.7548497819082158
0.6589000531210358
0.3629136458975134
0.17332157690615713
-0.07174921742517326
-0.37278820998536566
-0.5262910372687708
-0.5990464994607154
-0.4722434810564926
-0.3556491266417522
-0.36298472178269314
-0.38100465761038116
-0.34638562288071983
-0.19448572519395557
-0.15833214622380887
-0.07577640237728356
0.15626106645841398
0.5786565190474802
0.7423752896961081
0.6493739367120132
0.4746411539637072
0.3630750921069029
0.10625580958379854
-0.044145799546638664
-0.20606280467559746
-0.3282832732358676
-0.4088970397843903
-0.4195270775590607
-0.10299729203880215
-0.1579219203288732
-0.04915455160611415
0.3235513469867647
0.6930004151083299
0.9824307239941532
1.0396591811259026
0.961213969081133
0.8235069123441652
0.5511702398528638
0.2786998423198701
-0.19160826610734027
-0.28990908442488217
-0.35203660482117216
-0.4023404829290309
-0.5818656296894371
-0.4584486870939871
-0.37870888236528055
-0.41261486206647535
-0.31292105471294107
-0.11502456941129202
-0.3136935075964641
-0.20878715608929954
0.009139192807469665
0.09071548911367366
0.11535547074347108
0.2822319316706964
0.4822534265478645
0.49718196860965513
0.7524296278928122
2.123891849859521
2.7843445397437265
