1.7129229221944047
0.8666892468699152
0.34805615746342133
0.2998515531757412
0.6066918857038401
0.6492135112166512
0.161029346386228
0.49220916184408947
0.58663448354572
0.480504071339961
0.5272413376431763
0.9676269937193984
0.6553571616405646
0.5938825785250568
0.40490263276268335
0.41316384676771956
0.3023247324588749
-0.01127414172975083
0.10664501880851773
0.10043952272679224
-0.16547077080732697
-0.11505613187531405
-0.39094096681173107
-0.30512668815669586
-0.35241094630162384
-0.13261316958664426
0.057462623108495814
0.19926293655691474
0.08534135718211178
-0.1596217594088727
-0.14083379692481734
-0.18085808515464308
-0.4612730313150615
-0.4721882211233259
-0.38532076620648414
-0.33688412143409985
-0.15973105456333614
-0.10001909805375264
0.12612931486040568
0.24442947496054956
0.2687044126020003
0.09846046100982109
-0.20406340442731674
-0.39113220612750954
-0.30764924412797345
-0.3368574830566876
-0.3807699551285302
-0.39115480260233704
-0.41192922025428447
-0.27075416881018444
-0.3339980652168486
-0.34733665387856905
-0.11696178810446611
0.03071267258784227
0.20457424128732105
0.08137808760261589
0.20799230135699975
0.31716127230067503
0.09096055837281491
0.10466781390844826
0.2756704649153965
0.13013495984665102
-0.02338071273523845
0.22379500771594696
0.4915397130394118
0.544397772071052
0.4766778432683445
0.4610006958571857
0.23547768186257279
-0.12029297114288817
-0.12743115991334286
-0.03226459174214513
-0.09175744244686401
0.08162887270927155
0.22122060811713484
0.08549204503678454
-0.3473017437228296
-0.40240172870908486
-0.5514273260721798
-0.622779892236839
-0.580095558951552
-0.3986125316211242
-0.3282870016348498
-0.08082905662720485
0.016910483208209204
0.19409035838645983
-0.07357072822890875
-0.025269713290932194
0.27068187429990875
0.252915898386442
-0.009087328023696273
-0.031799661382131195
-0.05983152589593421
-0.08803172868821585
0.13222949405537898
0.2061654525736466
0.34668675343935185
0.06551898390700572
0.22064805861144898
0.3364385991370634
0.30065525133961235
0.11369485858895534
0.1872556176311827
0.39334228656416714
0.22491909963655266
0.07394416544421223
-0.19909821173880315
-0.16034776813821183
-0.5199012543659634
-0.587294338584466
-0.4974000977672899
-0.5970496069299307
-0.4757832244278313
-0.4488079559921734
0.006698286658489039
0.10650196973085191
0.08099052906229198
-0.20155285009658652
-0.1637913743614574
-0.24959156100935787
-0.5399805760535221
-0.5877511503595472
-0.6363083744777978
-0.5034661958479791
-0.46002784924337425
-0.3670830682160925
-0.020183848345379563
0.1811496253909194
0.0015799397095259682
0.18070221790715346
0.17530604993596177
-0.06520281480192502
-0.2152016481998218
-0.2186779129459232
-0.13278641473749375
-0.14023935999831127
-0.22176620790074075
-0.11882282455856252
0.06813917661095392
0.14142013982836255
-0.09335272974191855
0.0739956814277839
0.11615703899262986
0.08495149007721858
-0.25965019592545535
-0.24268640646109874
-0.32830273662267095
-0.24368440630443444
-0.23859004338285783
-0.11567178437004999
0.00045401316059012764
-0.14512070104547137
-0.21448392234959757
-0.2899781390099184
-0.22955770730915237
-0.24265033932466185
-0.14924374766135484
-0.07952687836779093
-0.26919362471665287
-0.13004192521378766
-0.016530816230803214
-0.22492143173733914
-0.31332436461132496
-0.3199477415606362
-0.32861600418070036
-0.5858251988605478
-0.653196930800096
-0.6571651338906099
-0.5998713681724683
-0.4864155993041652
-0.5038605625662229
-0.38001644588723016
-0.3393348992741352
-0.3219537671887791
-0.21760052028164756
-0.11147798301844947
0.023204279872778066
-0.03302244452723846
-0.053082918369020016
-0.0974378087534783
-0.17651117920892978
-0.31684619614771825
-0.2625833947578915
-0.4094889180925958
-0.19434565598098696
0.007340968382154478
-0.11468280264364483
-0.2924833298219678
-0.32908386111837107
-0.41253275850101856
-0.3439617008691862
-0.25518810315469453
-0.22697634381820775
-0.41898609381723806
-0.5168453843761696
-0.39332406117291285
-0.27434310253154426
-0.17636619908822648
0.019296485853413814
-0.1261227361166194
-0.21267861603695593
-0.023304634571346128
-0.24294664051724157
-0.24504449176748144
-0.15613276287966182
-0.04560213015675274
-0.07444053175406828
-0.3360438032465123
-0.32798700595805164
-0.3325659600226947
-0.5488330839440503
-0.5672191925852408
-0.5207822968381233
-0.3126556364828261
-0.3807629713983569
0.10679739299683721
0.25764593932167523
0.23826402297650895
-0.026326155586933186
0.11712139190305082
0.03296345153651248
-0.3953827453807859
-0.5201609007827614
-0.5370463818938389
-0.48751572555971534
-0.2202358186540374
-0.22573493136544664
0.09677913759693679
-0.1113394981752952
-0.12951851528109604
-0.3462879687181154
-0.45731597041291283
-0.3993255302276282
-0.34472420086444067
-0.3819592626251882
-0.275690880440671
-0.009773699951818315
0.3353596528668281
0.33496763193000645
0.008541633991871134
-0.13197062474951538
-0.13759236795290997
-0.297134052751555
-0.44436952799799245
-0.33358195853255657
-0.3517546723086161
-0.21408259099614146
-0.23601604020175104
-0.20072740555360125
-0.15284677694516868
-0.11924515309786288
-0.28509200770810483
-0.09308872488998499
-0.03590190364268131
-0.37702622105348516
-0.34862131704522836
-0.17644002709192919
-0.09444674820222865
-0.30847071319616903
-0.08675079529424934
0.025077880761004145
-0.22360919389963252
-0.06995288628166596
0.2557991916222423
0.43379903193506053
0.21793287718394194
0.6193473531744323
0.5818028791963258
0.19509946044495607
-0.08333953978400488
-0.48931842356266086
-0.6410278286613433
-0.6360196445219957
-0.6348680666423094
-0.6332510448459736
-0.4595487025884486
-0.12038384592381357
0.4101260414403678
0.48628979725018806
0.6173073953279948
0.9839033867925334
0.9576818463496141
0.7909995725249299
0.7146402999378543
0.8575321186098683
0.5602485172445959
0.3855196191921847
0.22236343274806214
0.45359543810550607
0.3782452157989884
0.12668348038712873
0.23013616099688183
0.4148801619928445
0.027833401107240197
-0.17433023424858718
-0.18472732827987237
-0.004578352472078606
-0.23858909261498984
-0.05772428873527702
-0.1637320863000642
-0.43493150398466573
-0.5586137339259367
-0.6282264561321163
-0.6192643006535767
-0.604629992730747
-0.4544955474286866
-0.18129027399081554
-0.1781720343806379
0.14192249523696054
0.3448701569290039
0.3823525639218742
0.36716806511990807
0.4531145731219888
0.25049356019426783
-0.04258260438956485
-0.05546146856728218
-0.20990100825806302
-0.36718635431961455
-0.2556020590801167
-0.2678162209494195
-0.3201773198303396
-0.3764619620275127
-0.10349412419812898
-0.2690624473840979
-0.13199310979290046
-0.36729876306470954
-0.2185711157420116
-0.11337718623799453
-0.4644383253183466
-0.48228704388910026
-0.4212160811249289
-0.33437323562332977
0.07154315502355302
0.35939218140211826
0.26312478102882875
0.16620063865869372
0.020178661100110795
0.12357043586423078
0.33510860507739215
0.15228943194994937
0.0072746996100270245
-0.12158049397936965
0.04070643469192747
0.11673899328743498
0.020116294389044054
-0.08482555561382066
0.13301689051478882
0.37218567081818477
0.03524475948426076
0.25254655672484194
-0.007953885155765783
0.20822069054162096
0.4552397374500342
0.16775843283588054
0.6121610599932789
0.9786067840689459
0.6023310367436309
0.6604767983860846
0.5150618590673735
0.16273899691182714
-0.14522054500297243
-0.34635696748550493
-0.3638746260460417
-0.537052307556622
-0.6050783100761012
-0.5750837821915109
-0.5661618813679081
-0.4444573841796682
-0.2956406658244515
-0.1479134721499481
0.0013666592733835303
0.2324982483494371
0.4570114750065136
0.6846290155301916
1.5765719926691475
2.3202021419064893
