2.6629301983402365
1.7337627657588213
1.2096233449267613
0.9333121929553081
0.7625183970115972
0.4758021837436093
0.5313248201514509
0.545496452326752
0.6183445932002806
0.41652619154373727
0.02687045316822756
-0.3053126891692879
-0.5727300602953695
-0.6406047727592918
-0.6503290646639477
-0.5760134429572934
-0.5566174770040031
-0.5417963240928692
-0.407213163219063
-0.26223765865627646
0.12361042990126381
0.13482068136907233
0.18651762779693537
0.03494325538809262
-0.11662127205458306
-0.17936928834351173
-0.20171408538255986
-0.03590419062240202
0.1244193297542392
0.4201442658795552
0.4458131468328107
0.5531813166767138
0.8095694360896293
0.6426748230979139
0.44542414594659396
0.15853124828152332
0.34743487979171594
0.4158037756502252
0.3165958960664791
0.4477283748280617
0.5898871238530609
0.5352757868688945
0.611701345696952
0.5924612000498669
0.7973618823013751
0.8642657340351344
0.8060518982193084
0.5111667300732642
0.4785554603438603
0.5522888710934913
0.3558146590092056
0.13219995424212128
-0.13445101917418023
-0.20456658216432366
-0.42548139878004043
-0.40681146289930814
-0.22030003126188102
-0.06112834257972877
-0.11449691055071431
0.02233420280048737
-0.10055576471432814
-0.10266547325277353
-0.36347912951801764
-0.4162168052055537
-0.2240315526935266
-0.24577260714701188
-0.15986390418330754
-0.23003840813204768
-0.20375199311702685
-0.4008699435632783
-0.5109705439528487
-0.5984167763924977
-0.6254011636540042
-0.6599346020608998
-0.6643435781479248
-0.636982521010343
-0.4925071103771257
-0.19564250628707391
-0.009022430458926589
0.09189080058142929
0.12653392446880452
-0.06013880587145326
-0.011965952444768724
-0.05734239819175935
0.11508237312818914
0.2802689458051336
0.42553584007411505
0.6584503985483178
0.565349247580715
0.31911736912550503
0.044847865448204405
-0.0500879152878414
-0.12792541068893726
-0.38001054143401924
-0.4534115024912182
-0.283305719658151
-0.06248131047058081
-0.10604392648977967
0.1321733436029875
0.23114888493719443
0.2713169173615979
-0.025284189970851467
0.002609870511526724
0.008243565000247477
-0.1272294906325201
-0.02615193457798859
0.14900838458924193
0.3265536088509239
0.7431782786897392
0.7130108642142652
0.5439095442381956
0.5540612251562728
0.3505232175691929
-0.013042185022452135
-0.06388937306543252
-0.06690538029406623
-0.19228323409384762
-0.005829316801385875
0.01722024831088198
0.1487596294854706
0.10946291359601878
0.03978476888805271
-0.05708840656950087
-0.4039619629588729
-0.5041496933494505
-0.5229460485731188
-0.5241215726580446
-0.41492358633846527
-0.3201493755923238
-0.34480586748970987
-0.32471272489709246
-0.07314657549485892
-0.3214051861141758
-0.34730172183869634
-0.3212750429084765
-0.24178755277309416
-0.12007402844384962
0.120748875142354
0.2661833763771714
0.4209955211874564
0.54642567580454
0.5316526884903534
0.42012042557929186
0.2933362264664584
0.1583209333057043
-0.11368086440032499
-0.1668667449411264
-0.1697816562815182
-0.07889535448517315
-0.052807461936942524
-0.15202289824236892
-0.1942170594446576
-0.25297263448504426
-0.2846095170956261
-0.2636843077974219
-0.10288710582947613
0.09372392380141992
0.26885589502408525
0.512221604818398
0.346937687731406
0.04638907013239957
-0.058555978192214475
-0.37491516509229283
-0.42627865018152955
-0.343779216273016
-0.35158224220382195
-0.3266109289407513
-0.2051758779011692
-0.3366105296672818
-0.4159887529215385
-0.4436653342897464
-0.4772086671321656
-0.564030879112845
-0.6351763875224643
-0.5315196335325008
-0.48614731181627846
-0.36454947654074354
-0.30668768535580215
-0.12238441679260015
0.12242126856797575
0.12298470958398133
0.2537441381957942
-0.008314021496372948
0.07695242283700676
0.11794209856593951
-0.10956268208401998
-0.2897956303791607
0.023066298950607855
-0.31007708726864514
-0.22711557429944484
-0.13197651590152604
-0.018839294070732704
0.1621045772646421
0.4427053365512432
0.4250723302937979
0.9616608301743739
1.424827806753838
1.9309257138945806
2.843424551728082
