3.1832607090820124
1.7363216261077683
0.9398052260918555
0.25741071958127626
0.11770164288724128
0.11595440630503062
0.6251557510159629
0.32951044617852365
0.3197509483483192
0.19184965268931908
-0.09061510010441698
-0.21462966435052155
-0.07429646862160788
0.045490445012680736
-0.15503525445670463
-0.3706223704076832
-0.0446916561264441
-0.20236218761492575
-0.3427407726898053
0.008587528527214783
0.0955465759569597
0.1363895192375406
-0.017981826549607005
0.10988775326987232
0.28086164154847526
0.4394539357133658
0.4152608433054146
0.5660397319734087
0.42942706627363814
0.4906482929609314
0.7841999124473961
0.5549303790833824
0.40035789463966776
0.20551858580223814
0.1791153776373895
0.12446000609070618
0.11267198865063943
0.021987384688220923
0.1384801399053862
-0.16318875352071227
-0.05927424302111661
-0.06561769513641447
-0.2745843602610565
-0.40979425318710416
-0.4909946308283404
-0.34881366534406066
-0.5185979620111847
-0.4812346133854748
-0.034133027458082554
0.16859397158079215
0.1455698121375466
0.35331971191414535
0.5529004371894846
0.4175249669773258
0.43243602095836475
0.39425918381974234
0.5369227912860651
0.3124866815328229
0.5113440366618743
0.4696001223912585
0.09406762447270045
0.08414032635217616
-0.04271944880141598
0.04396102587821871
-0.15986126111842436
-0.10945431728191102
-0.05877770055473852
0.029948117129755314
0.1694269904664638
0.0839265198868222
0.08118247799821743
0.22084448273873158
0.1131006828718496
-0.00909260161564307
-0.08664955644060146
-0.3655985544571405
-0.585020982085487
-0.6422115011944856
-0.669970766517686
-0.6318997504784294
-0.5443440915524456
-0.1653065635113138
0.11507748648112004
0.4003299720213249
0.5486239241319252
0.22039144916465936
0.20776081058792994
0.17923922485210697
0.03920296424022873
0.006671542907496053
-0.3808438434450063
-0.5963728521858527
-0.6094649340080533
-0.5945917824237263
-0.6274635293327502
-0.5646965267879906
-0.39358807193348944
-0.31352282503157003
-0.20605163635634138
-0.3665993431662089
-0.10865445654595474
-0.18102776654569364
-0.45576816154120625
-0.48148136756926485
-0.4096135529347188
-0.19185450207986954
0.2747362034319587
0.4576989735589616
0.5346348888125554
0.562221885258907
0.46014259988531925
0.47315660220021416
0.5101133333372003
0.4544896974214736
0.07618075182662476
0.11991866400729578
-0.11286665639225058
-0.37752874094571853
-0.5113971541337579
-0.5347633632433624
-0.6177143530249434
-0.5408951562655813
-0.6519009020539981
-0.5728381395409325
-0.5203404675561423
-0.3964729764953765
-0.18272620610088453
-0.16325059839857692
-0.11634110172337231
-0.022557482772630144
0.12924779784832885
0.147010177689468
0.2537174449481201
0.16227376094447177
0.015999782272937302
0.030383271423728653
-0.10247618809520187
-0.37879571302438275
-0.47973340703525436
-0.368531101596004
-0.4491629661346094
-0.20437611258494504
-0.22806720116079582
0.07050169883571233
0.4240237251730772
0.6647554865643535
0.4026342985407413
0.339645073740817
0.47712412614716615
0.36804267370662613
0.12684205020847894
0.03788665761868115
-0.08443101232098349
0.024131620203063475
-0.021353757569356313
0.32210001530149646
0.30968509991321347
0.30764533833708285
0.295888274655587
0.31659373059911633
0.2510832472011938
-0.1877884647471395
-0.3804720146747933
0.004873851007031971
-0.3726714218691962
-0.2510646303795958
-0.015871679745307676
0.15900359134258757
-0.0022676950165855247
-0.11820968315898484
0.1316046735658688
0.05812563077101052
0.4127595625398901
0.27199155690826027
0.039271232294206926
-0.12383917143523482
0.10394721287163544
0.030637860427324748
-0.12905798264609236
-0.13647770680365978
-0.30875529552052383
-0.48441187645165495
-0.6336211574836033
-0.6110219672978061
-0.609479308775432
-0.3460194349599226
-0.3445130426795775
-0.4952757808575541
-0.37950172095459345
-0.026801876966893734
-0.05524786863186393
0.23454236635736725
0.3342696439745555
0.4790999912160089
0.8885889917987276
2.199273597855722
