2.9861230304462074
1.6276586414662721
0.9144636143736855
0.2338040305384067
0.1581575816467039
0.8645414351695941
0.8887147040717532
0.7851553681590047
0.4356071257921613
0.024439759617740253
-0.29064733224316786
-0.2987305447702857
-0.3173697918642895
0.06727815901822964
0.3546672114027677
0.43500725791202743
0.7155495789062267
0.6469991956945473
0.6899930542750616
0.39395168841527917
0.28421101892896405
0.3244745993105512
0.2954487805433248
0.163546283449433
0.01468781963129906
0.2589875404775498
0.010800390578930452
0.31437752260848073
0.26596099669240225
0.4387810484404755
0.7621116967202425
0.7902693584308116
0.5277222687913902
0.4600650712843434
0.03926555584720681
-0.4093045729041309
-0.5256920407709267
-0.5347113417104106
-0.4594721473107123
-0.44706531823597917
-0.2745280405367583
0.029263623278138806
-0.08021652116896127
0.21065605260920828
0.3836354814955506
0.643756300327555
0.45850906619645126
0.44631135142149125
0.21671100223035888
0.3396835744754735
0.19660808172297195
0.173966423736009
0.1454194930053313
0.10772715613777573
-0.1224195834858054
-0.09809479550430011
-0.028959794512864012
-0.2298355500057221
-0.08066572590115684
-0.15664442595088868
-0.3394760587602548
-0.4392924689817097
-0.35076830260144853
0.14594432767040166
0.1570806590702779
0.03847238397187025
-0.04888763533143614
-0.22771632531608899
-0.4019967978369692
-0.3735938883151062
-0.1733486914014395
-0.08112602047924267
-0.11967106831995955
0.23563279658392233
0.04600978574254144
-0.0671170225257891
-0.3029237164650118
-0.31813500480720447
-0.2516299456880553
-0.02306846236156901
-0.012404735827231894
0.023143371127511525
0.057461689626281176
0.19267592998233407
0.25485677007689866
0.03274062125165755
0.26408481767611114
0.25062081310038387
0.18204078304217552
0.1114183448945516
0.04951033706538355
0.09669989827942305
0.1229457708056162
-0.12400058302953176
-0.08563844819704713
-0.012598228644478682
-0.06156279974537626
-0.20189373334513983
-0.16538593503042687
-0.08660543089093609
-0.0640162929035265
0.04319427925928743
0.16936971903333164
0.47111924314974574
0.5823662984819488
0.19806990284571058
-0.04563149339996986
-0.4243333409581116
-0.5684789272246293
-0.6313824081139656
-0.6277370793887664
-0.6717769520021577
-0.6128167699623934
-0.5364104465228097
-0.4272479252110952
-0.1053244294724599
-0.3458587811000381
-0.36485162203787036
-0.47291731139830184
-0.5764500915100768
-0.4710985016922855
-0.2726449141417663
-0.19423519224006391
-0.17491750682358154
0.1447968234371967
0.07779348005131581
-0.107653904186085
-0.07962407002127725
-0.137154043540755
-0.2940004609711315
-0.464885592944281
-0.4149376644953304
-0.5063533057272909
-0.5907710293323387
-0.6317997371271298
-0.530130499735529
-0.216329812788419
-0.1722971701765761
-0.08384781958147924
0.24151031309032533
0.022764217846304557
-0.052261450076141136
-0.08331624301155682
-0.11368316318434335
0.02063798064425515
0.34927515843183776
1.2168611545667667
1.9129843829415705
