2.653329157627436
1.7909950161027077
0.7026845971683879
0.029139923516511512
-0.36815410914666225
-0.3857815777468998
-0.23575609119952146
-0.09491753864160701
-0.010668542646876888
0.09016698371862464
-0.09905702796561566
-0.014250879711196318
-0.06731413738004555
-0.21722221969122912
-0.1574355030935537
-0.25951112065786663
-0.2339895308022878
-0.1103153743512475
0.1264463964548267
0.2663866744436292
0.3623069352158912
0.4871337893472727
0.47072738460770114
0.19958080694329405
-0.09144224471889162
-0.2366110694377288
-0.37238225564567273
-0.3109173180233037
-0.24214859335430783
-0.03924730697249823
0.02626738828067121
0.04706262197439404
0.2171154765347707
0.16415480255264203
0.04889508491052885
0.04585019737327822
-0.05659361173785815
-0.1255459290771973
0.12492101242593334
-0.13672653102243482
0.13249147518528748
-0.02237439702929689
0.13733136659903833
0.16365213020122704
-0.021821914044276136
-0.2094012396166829
-0.4233739016755502
-0.4088286487906727
-0.5055125930623436
-0.4176707532368381
-0.19166282120190614
-0.2775710475415829
-0.22908335548162606
-0.1828480803794017
-0.05815126530110304
-0.23357583459647646
-0.4047576551632288
-0.3363704737727604
-0.3001984969253704
-0.26381130696340405
-0.35697027411761595
-0.11776453177546709
0.08003421266427746
0.11599445264904051
0.04644648161939646
-0.13373152381041453
-0.253420589504443
-0.11039772822200022
-0.5148847991366934
-0.5289043745416575
-0.5371509010070885
-0.3331979530923309
-0.424808262928702
-0.20491458379305105
-0.18879133055876607
0.014572118149525415
-0.14166205459262593
0.045994029399569314
0.2341182000669383
0.06150883231090021
-0.08928503296919443
-0.31013549369022164
-0.4745108508763676
-0.3689109961961643
-0.4754056610883075
-0.4248093905516893
-0.25839019220200965
-0.06592223008678155
-0.27362297932617996
-0.48497012435978215
-0.4718666583809652
-0.44825146675954897
-0.326767250020485
0.1308373571211795
0.2519699004254342
0.24984973418600842
0.24027948348045736
0.08670351799188092
-0.046850696125572355
-0.1591426305741872
-0.10037556596821795
-0.1924271327993785
-0.05153836853992311
0.3180558827563622
0.3164836410260814
0.6152654299731671
0.5732428404350761
0.40441979916768034
0.14498600378195414
-0.1332877923868303
-0.19607931058143946
-0.41522596723684224
-0.5364737116462703
-0.5580754359174438
-0.45631945769037907
-0.15393930796366606
0.28927848504288955
0.10047273035430448
0.855261097162149
0.38394618563099625
0.38309851634039116
0.12411628602298452
-0.1054095470979185
-0.18123416612598975
-0.18076361536076568
-0.17141094041184501
0.0922853702665909
-0.08431950374518571
0.060164521960637374
0.12123298677032535
-0.2261178993099775
-0.543424548192079
-0.568340022627337
-0.5981548431630925
-0.6097504446131277
-0.37398568457745207
-0.1607622394931436
0.043606644019195784
0.46364551269816434
0.5143447217856985
0.32855700108718344
0.28684891327181705
0.2739259347470213
0.05494515285356172
0.12319312700837393
-0.027830275491218415
-0.002199908465823852
0.043570414792377665
0.24581125430774198
0.40549496985089617
0.3894185381464552
0.37166612741022664
0.3923232029249136
0.06462414545333317
-0.07426813772053797
-0.12964731473723679
-0.36154910913497273
-0.3575899577928112
-0.2196434649967527
-0.10957225341083654
-0.1267413468489893
-0.07286640480519169
0.011808328250618283
0.01818946308758218
-0.03719573712957547
-0.10290133889450193
-0.28295338479471355
-0.37788231322750665
-0.4056232093865415
-0.16782197956447298
-0.3443846272008374
-0.2258131334046266
-0.19034887734231187
-0.12499095544774264
-0.327022057722244
-0.45078157652664563
-0.3930440684035683
-0.452714575021547
-0.2132068531169592
-0.06500491341427139
-0.07673997286810386
0.12987741136386943
0.043146244409320356
-0.004285779172614634
-0.21275511692412907
-0.23071951055236095
-0.12185530832767988
-0.06868068098516156
0.042821599990649606
0.04102384924672842
-0.010439682869648692
-0.11187892154714596
0.05716976169634036
-0.15471974193255744
-0.15365391112575455
-0.1036587179554177
-0.17071236906086273
-0.2888339589914627
-0.418287388529909
-0.06632421981752334
0.24300575428212334
0.24548296194493557
-0.03473502675812534
0.273043005567409
0.09231867746712852
0.07637587464017537
-0.0006330113867619724
0.025225378709902047
-0.2778274004569633
-0.13933211006280322
-0.1882655864851578
-0.3914725602851381
-0.2373613005352112
-0.37320059096336555
-0.5160995728398667
-0.596619076362596
-0.5638311694118225
-0.5763943521433257
-0.48308112851477536
-0.23342801898207421
-0.30010040281061756
-0.14626351696627704
-0.008250018356298905
-0.011776230462035575
-0.05284856985542841
-0.09808266024996037
0.172023282472754
0.15416055871235157
0.13386333643222448
0.24525002353301917
0.6342116168274914
0.7517111873179672
0.6826338403619948
0.7439008907246826
0.6383410608276158
0.19970727393999244
-0.03751016765450221
-0.18174484382249434
-0.35379547401450284
-0.4891069495186038
-0.3335495196122811
-0.261500635047626
-0.4256604582437201
-0.3870044953802565
-0.23879987455585883
-0.5325332520780646
-0.5909032094288849
-0.6052300629158436
-0.5897178255340625
-0.6234981767433387
-0.6545415574406732
-0.6216310198691024
-0.6066075786986904
-0.44936407924594246
-0.12628388619306619
0.053788278793162614
0.17520850619614514
0.4472680319958152
0.546868765198208
0.27222256447364135
0.017485243152403185
0.20716077910800612
0.13093406197296953
-0.12538814477759597
-0.08442869219296067
0.06203477622954723
0.24170128473278119
0.2803422012428326
0.1577987374678821
-0.12359694792245046
-0.3010186547271687
-0.22149080316126124
-0.42316134223707147
-0.571118805646025
-0.5957758684823922
-0.6190196998321809
-0.578274601386247
-0.5214506724811419
-0.3836486257237641
-0.30116820413282985
-0.09327898436652116
-0.32894125391827855
-0.4837256926517899
-0.4678912135571651
-0.4849158471831605
-0.46249795099630764
-0.29369022310756865
-0.3175376223989823
-0.3637535673357709
-0.3410854426001031
-0.359977506368934
-0.31046889926099175
-0.17460879606956703
0.10390199955701662
0.3828665961853923
0.4991464738959369
0.304546095474444
0.1367563251412547
0.13675331133367863
0.06092621313209978
0.1150963750630577
-0.07030872748209183
-0.02940018735874428
-0.28065866958636443
-0.34757410539455
-0.4693094822580661
-0.5628721734262894
-0.4665190414088658
-0.34554037877993293
-0.14635721192952755
0.009890395687895182
0.2378477974170904
0.08965644362109793
0.0261358510773112
0.12392748006889165
-0.03161254523577073
-0.06201970811116708
-0.0813659473277879
-0.21231556338676083
-0.05497918277537084
0.29872393806892583
0.6698586347712662
0.56082775117778
0.5153474406128021
0.34160821167458466
0.371136067132134
0.2728391301993759
-0.08687282416304909
-0.3721689195709261
-0.427926870062289
-0.36991656984267474
-0.4600665614981252
-0.38587285169434704
-0.308269079050179
-0.3273398790951807
-0.17539105997364823
-0.19082225000162734
-0.28385847326092706
-0.19959025151527943
-0.3075336850963959
-0.12739414905593127
0.024890893711177364
-0.10872663826092965
0.19734169466051965
0.2339478013558116
0.24924274844480343
0.34291414991432756
0.22409545552292875
-0.19763177930091957
-0.37648349983365437
-0.480442334874966
-0.6027378595474961
-0.46632190505354476
-0.1124423249679698
-0.1180431497853408
0.02768310963283538
0.05712695892553066
0.05989965964565358
-0.1948060984839176
-0.16919408055458673
0.1720051753964872
0.1303419105156297
0.2364870041811551
0.5353461951362694
0.9906364210168781
0.9965035804056118
0.8648563075090743
0.9410781042482067
0.9279259644377451
0.3113876640882517
-0.3055201501374021
-0.3784449801530364
-0.5292705851854005
-0.5887541362619753
-0.5072483140602397
-0.3236183030410321
-0.39747873139731704
-0.0936171878496983
-0.03708428802993524
-0.1082631630767984
0.02597425006650722
-0.04634929145002331
-0.032976790907201736
-0.17136510568764896
-0.11600151410024229
-0.41068560479413163
-0.5771791296636952
-0.4965755512075771
-0.49905077935512177
-0.6321092095602343
-0.6337027491924747
-0.6125789837223663
-0.5721168236058114
-0.5119693903375031
-0.33397569145443473
-0.0497076805217308
-0.134158804928439
-0.017679915085793807
-0.1476461521285024
-0.357310751183864
-0.35501866091017864
-0.33371709266214333
-0.34221058356989
-0.1643253427557737
-0.09356088159753118
-0.035584263050762344
0.2768922393928682
0.119656414290229
0.11670191906372795
0.004211528194635217
-0.25485417272136435
-0.27952525327395117
-0.33975870942408903
-0.46754453133217533
-0.26918966175488646
0.22893503912897462
0.5123681731262885
0.7925704233285117
0.6663985213107008
0.5344584605136018
0.17640376235089483
0.22193330110458787
0.07288114424042891
-0.11649843740611032
-0.30838548520833287
-0.35483666672877456
-0.30525533487885004
-0.009481439742782705
0.09780207444750133
0.38352953704337744
0.43148179011769106
-0.10733186710997078
-0.34763533016677406
-0.40303569180182053
-0.5356315549006649
-0.5951441967701354
-0.17535555827175464
-0.1145297401247275
-0.12402162968580055
0.3472152195574466
0.53868671156597
0.4436684796637784
0.26899834822731017
0.1699495311087158
0.3077944621611557
0.09430112811425206
0.22663857561203948
0.04798104908865375
-0.0051971835410019596
0.045930017994719075
0.2449827541705728
0.6569860109749179
0.4862893354811174
0.3227893260038427
0.3931340676415621
0.018800893143900654
-0.14170672956471775
-0.46645247556884506
-0.5511913480498267
-0.5897578158019696
-0.5432859974538968
-0.2275347962268892
0.07218187289899469
-0.016386169027600817
0.09098461597376095
0.09645508351816512
-0.007142595083351688
-0.24083083872774358
-0.44323073581635186
-0.354196249656211
-0.34893665494293225
-0.40015676319223237
-0.08686607716807626
0.025427736258167744
0.015488667298350522
-0.11420348036943995
-0.06319432362842736
-0.25142161142239694
-0.4782463320644217
-0.5236336613822594
-0.5012983152107542
-0.2855447754436635
0.025274663219101656
0.1185286227969915
0.22406442463647258
-0.01241011614253551
-0.03234895208012989
0.0640843347686022
-0.04577118008529557
0.11089093153293095
0.13264314253620602
0.2794236118113078
0.3406858383901773
0.20219868663684226
0.46245265560428006
0.35932414627787423
0.06539331019825012
0.003668631969628966
-0.18582851775594522
-0.43758752371927667
-0.4405440738548281
-0.2739465407996129
-0.01650061474710296
0.1656789702491911
0.10988569173259999
0.18371294867438748
0.0291247752625573
-0.1694197903829936
-0.08456280982389142
-0.0404792426010665
-0.14439661866947895
-0.2179826873039905
-0.35123456425521815
-0.4501079760223399
-0.5485324641291047
-0.5836428337529984
-0.36024084592084105
-0.4564517369975243
-0.6232461162036951
-0.5795024509564723
-0.46302858731231056
-0.49106553922590246
-0.3384861827267882
0.1559959342496886
0.3291944604220153
0.28130278874443315
0.20109977021474013
0.15668846265166603
-0.1221326114534621
-0.1400625772886388
0.045856561484239444
0.0002748496322676486
-0.15763565364246213
0.08995574666909212
0.12605283009755341
0.4515617189651838
0.3933322363538231
0.5309437759503685
0.8538665702422836
0.5516673218023288
0.22143569993999268
0.2891642390953729
0.12907258107895114
-0.2641268344458749
-0.07770708849991903
-0.24020173149434543
-0.2673009772830137
-0.33813989621147644
-0.30107883235553534
-0.14331032354734186
-0.16891570722518023
-0.1178203043968864
-0.08377276410337842
-0.12172752004550635
-0.16178097018123916
-0.24036849883229272
-0.15529925000296974
0.07272998238087403
0.10205987303231889
-0.03513695594682198
0.09420632333872292
-0.11129357569100662
0.2280073748214797
0.24879433955441288
-0.09949491192832716
0.04935795898705886
0.15112330803439966
0.04528076665381553
0.11278973044690732
0.1060607218852666
0.19090338868492718
0.4200860856412032
0.863147125616441
0.7463252015645947
0.7164744649702602
0.26693809181239847
-0.14390046395475553
-0.3845022011482767
-0.508546616618768
-0.5918874248096846
-0.5718083333650765
-0.5976592818248405
-0.3787765077792422
0.08737362799097292
0.42181104912207357
0.7852211005861894
0.5620327722971538
0.3452107545632236
0.16889940512507573
0.13434820498468003
-0.15147134029513776
-0.14736313562913916
-0.18262403353592493
-0.21940788879334927
-0.36441362970816205
-0.5613353407007915
-0.5327746874862576
-0.5261519510700285
-0.46836916106580273
-0.4086218840486817
-0.004409666067643037
0.22428801035163826
0.10738345038285901
0.1570170146688158
0.8051198327386614
0.8648685887221896
2.0083097081116277
2.4792950321346185
2.8339431618924524
