2.5307004796404584
1.7721713200751283
1.1261611965279736
0.8890457548904029
0.7508736191317971
0.473985880145696
0.0519198669452946
0.04998420873488918
0.0460345703171926
0.0666082577999112
0.07942431967169217
0.22329363003313618
0.344631773079348
0.30261417190101847
0.152097854180421
0.3238939317453924
0.24691804616673385
0.2920019732254674
0.4913177316417512
0.6576952939365256
0.3183891581327595
-0.04539020465803423
-0.13419591418258314
-0.2936217798777154
-0.27438790277585146
-0.4282707712517255
-0.5037687177593122
-0.4642545956480306
-0.2474475584236463
-0.0724573740321719
-0.2250012649780585
0.12924760903671273
0.4735589792973798
0.758218305004482
0.5302426427566115
0.1599910992872141
-0.18312880149972643
-0.23379594014680183
-0.35332469565146885
-0.36204609806429633
-0.36003838281322653
-0.4925856537241198
-0.4008237256810412
-0.4038747234880241
-0.34810810870796915
-0.030757683558769178
0.21392508744289918
0.15155315357938737
-0.02161800080552201
0.06814054886650756
0.203879198804801
0.2458517017979227
0.13372540969874425
-0.15157379012225936
0.002693464748535268
-0.185307303181227
-0.308649545708199
-0.18443369337968396
-0.4075112824210416
-0.49672333202568497
-0.31721920474138043
-0.05623734499223931
-0.1726206999855724
0.11459972272803964
0.10461732175674654
-0.15588415415366597
0.019341713570551256
-0.12875644337825976
-0.35451481527023987
-0.5044771675019282
-0.5351958084394619
-0.6493912019793291
-0.6685887246128899
-0.5978826707322611
-0.5165908422807324
-0.328041309027728
-0.008017533111693731
0.49165558252957464
0.3112531904656154
0.15720545632346095
0.0842665039289805
0.1813381873740053
0.17576865469352665
-0.00592134083189233
-0.017456194282525983
-0.16192902512489282
-0.1870166298812611
-0.009734108198084956
-0.11388163138727403
-0.01967997323203996
0.05726373912099647
0.14681554815626552
0.07013106959923654
0.09547914591551387
0.05408953507584224
0.1020743509040738
-0.11719328903334081
-0.20865629751939985
-0.305676921950912
-0.36852213969807246
-0.4608654508699297
-0.6051332983847342
-0.5463006747411774
-0.5760691037956658
-0.6126519991907524
-0.5918992599449044
-0.5874923814011213
-0.5480709139544881
-0.45419877975470946
-0.404079656514167
-0.24459909840985117
0.013494269351330468
0.11574382224624546
0.07608803259364927
0.037553969658835396
-0.07979965299109959
-0.4351465996938959
-0.4393893443032073
-0.4770959491582818
-0.5192938790968595
-0.5106546398333249
-0.4530456880520942
-0.29794701041532357
-0.24561633020209095
-0.0848192052969835
-0.15924282183286576
-0.4421738919440471
-0.4950102656319577
-0.583900476599515
-0.6236302005557341
-0.5030233612988575
-0.4772677442044546
-0.26242441175719566
-0.18144621189119725
0.10659469684288936
-0.0009098478908915464
-0.15138815785995263
-0.36638711308015703
-0.24576080873095107
-0.3649491191399128
-0.2933674841583661
-0.23615592678780795
0.05036334923918606
0.04604040969674683
0.11143116699519529
0.1189466438550747
0.09185776497836062
0.09240096607068593
-0.0032632772371691265
-0.1872264243919758
-0.09877924509576552
-0.0764125739476913
-0.34985791128780974
-0.4007948481613417
-0.5385582352603515
-0.6275785026294611
-0.5441730171160197
-0.4697594625168868
-0.3846214737211464
-0.09534271611184508
0.15694813171524558
0.427793944013359
0.5363900760132155
0.3726059180041362
0.6570051235278171
0.721649405118942
0.3054766155728681
-0.05612709523158399
-0.23502318586161375
-0.23916236576540384
-0.3227267481619076
-0.399691234187566
-0.11608058005078836
-0.2450525501734908
-0.25167589494073594
-0.3979573043541683
-0.5640632552909854
-0.5625637384086457
-0.6153831146430693
-0.5876273424711989
-0.5871848470561447
-0.5790095616523483
-0.6138190163661494
-0.47538238837960645
-0.19713923029555702
0.003073102129048433
0.06972096998141508
0.1383402223901513
0.08231199928476585
0.2693201979512212
0.07820048500144261
-0.07792932086329829
-0.37987652034688146
-0.25004707999750964
-0.4603920431820874
-0.20922624656271638
-0.24655733119688494
0.18402255340159823
0.4752979142754066
0.6364476323697946
0.7362213847645654
0.7651524012885697
0.9798458062257588
0.6035397492792137
0.2610571471344776
0.13710264382495607
0.195975703776331
0.15517554186290805
-0.2740449250823579
-0.17997978065071252
-0.235882105219127
-0.49308663868713065
-0.5572136555203555
-0.5370011361034939
-0.10490538880315137
-0.01998929431826335
0.47398330810256617
0.41208338539509815
0.5770680012735387
0.7171501786543737
0.7970550932228104
0.6537090170136396
0.4070340028703284
1.0611805637604028
2.0641315554859387
1.316710813442391
1.9576396761160917
