1.6705230314149648
1.9830316410164657
0.8673932348921128
0.35023567129248123
0.12494222245601916
-0.0900794680824838
-0.40195905182035796
-0.3861459323385361
-0.2531406359054842
-0.18728798218004272
-0.20319416623025321
-0.20425978829428248
-0.17371989610487681
-0.3381437594179949
-0.4062905493109388
-0.39748416490405347
-0.2788509498427768
-0.4295593011408232
-0.5317413266159254
-0.6159089982721047
-0.5645646542592844
-0.4053458787031341
-0.19518538156198217
-0.28656514391909493
0.08218628904078251
0.08400672991359381
0.07569929343149828
0.07554619688963204
0.1305492854227388
-0.053482605166178865
-0.043520170514059764
0.02401541487283887
0.10204543795148058
-0.14469911311999384
-0.12320284437296003
0.0349559939180899
-0.09619408408607755
0.10575332608816712
0.3302970274020083
0.2289991003959535
0.03365014954644763
0.08643036741793553
-0.22253389421305703
-0.08640509012702668
-0.4276022232152672
-0.5446995125062686
-0.6000336229580958
-0.5703272755962006
-0.5413805322993803
-0.5298445571577428
-0.30174057046398306
-0.1599248641312817
-0.26259779029418406
-0.39913419890847635
-0.3953733947708572
-0.38307560526272966
-0.41194596749240775
-0.38429506008719905
-0.4381370856261091
-0.1790835555282887
-0.005357843287571051
-0.020998002522268244
0.1905391827521189
0.29757393912989694
0.029763451814625586
-0.15446630442441467
-0.18122141201722275
-0.012215364549831964
-0.15907921747570208
-0.26066050318005407
-0.36584484260242534
-0.334099536264828
-0.4617607086324057
-0.36028707642178603
-0.4572785870802427
-0.5020544839301135
-0.5308435973170813
-0.5436680689621614
-0.5095555078374201
-0.5329010704623642
-0.4450697945382738
-0.509095347018347
-0.507874368132091
-0.21727310226946117
-0.3810326284907487
-0.29378213005340836
-0.3833376288313921
-0.27791973125751457
-0.00047542888446816534
0.1618104050058219
0.018750942970976348
0.23194825741602454
0.2929446955465973
0.2117570906399443
-0.005394980226192891
-0.022115425819025814
-0.079444298102758
-0.4160188081524415
-0.45040878994017064
-0.5092720337721484
-0.5191522217101361
-0.5839029844228714
-0.5097858457384568
-0.39479723011690027
-0.02779597827904834
0.13929218563959023
0.06498760101585066
-0.1278517533595781
-0.4971771382389738
-0.5816050675105688
-0.6578240145727812
-0.6476233196025829
-0.6242103925782665
-0.6098961330179389
-0.466525115592507
-0.333855544898666
-0.3152224781879558
-0.28350984087989595
-0.37068161144944356
-0.07679452941765175
0.12109157361223166
0.17116213164660876
0.49827789056501326
0.225854977014058
-0.07252312480811385
-0.08719430225813252
0.07063630474997107
0.07828829242312008
0.037466170007844135
0.14624000152306527
0.07521755673669417
-0.24018030242777455
-0.28221115071086333
-0.10879148941589067
-0.1435390462872358
-0.3359082651959413
-0.25137374672295354
-0.1750067639504591
-0.18293141417012526
-0.32921633887541657
-0.31067831364765386
-0.23793695210478183
-0.2200427561346805
-0.31180504686101473
-0.4743822951257535
-0.49490552172244806
-0.5298438422852902
-0.47259394554559764
-0.38493509431188144
-0.16576081221352457
0.12213331740786915
0.16696417630111793
0.18403116415799892
-0.014002443066125414
0.28965269104653846
0.2554060332130309
0.423445312305059
0.2949841503013726
0.06579881926236397
0.1635031783976325
0.3592050811454023
-0.036523491973855515
0.15527637552727258
0.17369117486572327
0.1954806492850324
0.1507491355874102
0.05055428504698223
0.3413917471894774
0.1807261029795033
-0.009778036097013665
-0.12900501481123938
0.073406870798007
0.34504364037818414
0.418606253806334
0.5158786161446363
0.5267008036584749
0.3246868472214406
0.30020842306880335
0.2189074918518228
0.09422796564782521
-0.020098243099324176
-0.23888683805843536
-0.4995158932878865
-0.5263082138989783
-0.4704854077259375
-0.33016282008851516
-0.21487352352140887
0.07041339792580181
0.37339496990787313
0.4638824973672099
0.5103006685041179
1.1991351705594597
1.4772978277673512
2.760935704587643
