3.0997973055779884
1.616953320970485
0.9739002789323439
0.12104011378720836
0.18462755150206844
0.28503223317778237
0.36209016650211434
0.44662911003263395
0.35864780069166224
0.3220011443273154
0.6453958449840899
0.5596577759686386
0.45627553090191286
0.5029576029994869
0.6492187243279217
0.8131400498855685
0.5811523631552155
0.14012695013390575
0.14945788274292526
0.04156491806277951
0.019111082391316203
-0.06542478607873758
0.03851671050634797
0.25760241171265996
0.2605831191048673
0.22999767339119437
0.43472433718104153
0.3516039659498481
0.2757908567617182
0.4280308859108348
0.4528884694779436
0.19941901076241586
0.4374562367723118
0.2953466529077926
-0.0051208783953833326
-0.12143683476502876
-0.267868472654859
-0.21853283169958404
-0.17949494161650237
0.08629782566377486
-0.07995979467228043
0.1556809032815245
0.41915654935969726
0.6831976951678973
0.4785765991424499
0.6212611791531477
0.3218158205279723
0.11074975363325412
-0.05685511933837406
-0.4443280898717763
-0.40594367891239935
-0.545216682423505
-0.5674532103649359
-0.5199045759177454
-0.3482846621035912
-0.33355927866151935
-0.0004143265752455383
0.24843554412732038
0.2987303335314868
0.47626825661685146
0.4933034365572819
0.4817356194202872
0.46509258369398665
0.21586181557708195
-0.1611378392108357
-0.46741444120072506
-0.46737781270381706
-0.6178799558227719
-0.5753095640325381
-0.6077230893197012
-0.5367380224630383
-0.3489304786984304
-0.14899227330117804
-0.0781434608987176
-0.15022586169530172
-0.0826430697625421
-0.11972998167399707
0.3816506060152589
0.39366875906712284
0.3706435224481811
0.4756939553285734
0.5440462871670918
0.6903224387417252
0.2919045822397103
0.12347908600831581
-0.012193064868639025
-0.3637583229166078
-0.41268003164451517
-0.1993651794350768
-0.09304031345545871
-0.11863595615111522
0.14846191130716313
0.2829532115744663
0.05586604819648089
0.2552762453879992
0.1970246383773171
0.3364075308498924
0.3312602623162114
0.4373902087721261
0.5550330993009632
0.465538913605705
0.34980318516544895
0.07465453573156378
0.06037366421209378
-0.07233235115542114
-0.28287945010053894
-0.26065323700279674
-0.4012042153778017
-0.1763407031470403
-0.1878406265756426
0.18146949281264235
0.2238218517980698
0.3113894353012292
0.39004358854435894
0.4499473485276396
0.6125265419334014
0.1331493486185703
0.34983486352590654
0.5378694924049078
0.38999417413048176
0.06994480549390392
-0.25648492638082865
-0.38357483291682615
-0.5777619615182252
-0.5410918534498654
-0.5824057584387576
-0.48992689098129083
-0.362099252163973
-0.4592597685176072
-0.3827358548416424
-0.2490430977663023
-0.12675326095629247
-0.1650146029576387
-0.11244895390879828
-0.10283996819258978
0.0974444512960293
0.15705592168728766
0.20344784229271984
0.2250697092566909
-0.18770698262103835
-0.13653249936906864
0.11955766268703893
0.25331756211817
0.05753704309840546
0.12846208782551605
0.23086897921417904
-0.15305708637538806
-0.30428783098942613
-0.33995896174724116
-0.390033486266524
-0.4134157605697657
-0.2764795519778601
-0.19782362843537904
-0.05635143868372161
0.01790240770131546
0.06350030510311988
0.18023672756133768
0.10846766244088668
0.26896219620932627
0.12647502159447876
-0.013937885081241164
-0.17382699086272524
-0.31800793460937204
-0.11365350825635145
-0.15311634538344998
-0.15775504069588875
-0.35697713718046686
-0.24240854377800714
-0.3937849968933682
-0.30538947108895065
-0.2893993192026394
-0.33011673037077527
-0.3725867047332303
-0.4516422279229827
-0.45404572659883957
-0.2401643482127631
-0.01015236533935715
0.05368438558365363
0.11378617197692886
0.3112203574249035
0.443483545790215
0.6906931144535123
0.5851807421807718
0.4209080881270423
0.7290701781981951
0.9724246531023242
1.907873477393562
2.894499882083077
