2.8518190645907406
1.0948424700847608
0.438052668832171
0.48937297635851795
0.3257382586336095
0.06416886286292678
-0.1836552054062358
-0.22535046363413036
-0.10693504097979123
-0.029625558285304332
-0.20047326468285864
-0.4443496785842801
-0.5399425085198053
-0.6266728008379201
-0.6180998598788956
-0.5054721319807935
-0.28467675845747653
0.07622205914951752
0.2602866845950417
0.29312907004515865
0.15420479678914734
0.23606977042728794
0.05571585310421234
-0.08767021206651371
-0.1581539758567967
-0.3491095388750869
-0.15500751887977737
-0.4889893450892746
-0.5198751849053749
-0.4787810051228405
-0.28440914112273685
-0.12960642264707456
0.12096323265757902
0.34457078721210666
0.465342562650338
0.29230301230068
-0.07419994246006356
0.035133068193868744
-0.10909850207899985
-0.1709704217391651
0.04452317847727183
-0.23792846879340546
-0.47581528454969035
-0.5010312561268515
-0.388786429248707
-0.36015351959541175
-0.3661420562721688
-0.16101476485529365
0.28893278289202706
0.46433116818490106
0.47595464456694425
0.30949737605012495
0.5455660614469547
0.5989661745280291
0.11034078513470114
0.1282397217622251
0.31632156573969705
0.2580727336387867
-0.05092956741516064
0.2052698560654601
0.01019858866206691
-0.17246573630630047
-0.21658110905368333
0.03715565108407204
0.1643700648103641
0.2233710268403205
0.1300895003719128
0.05289240519952154
-0.1629147948788653
-0.06144279389634677
0.19626312824965642
0.1393990665221807
0.09417977098905794
0.14551055487335873
-0.03380002938378657
-0.1810854964449461
0.07021561749976735
0.30198970202646935
0.2812432245885933
0.4088517528790384
0.20522486171584742
-0.09826548723675
-0.23183622719219543
-0.3863197558121918
-0.5245873630758411
-0.5979483480174435
-0.6689661935072952
-0.6651498872314108
-0.6049031911606393
-0.5417040722664335
-0.3645047144131134
-0.27434014219092173
-0.0664406228982436
0.07794554866143044
-0.07172046365569329
-0.003206641666587351
0.11564494369440548
-0.011311620578836279
0.1751476179912087
-0.1308123329606028
-0.09452054383086395
-0.25017583486442563
-0.39712106306741557
-0.5187575162614653
-0.5817040143220751
-0.6096524224414415
-0.6020518005043161
-0.4472022992167973
-0.3804304391049189
-0.39571453729719486
-0.4240251971154678
-0.4186101466184651
-0.45506377390915453
-0.4598150817225395
-0.42521070514428727
-0.22125536531132006
-0.2975209655125769
-0.17486153906498703
0.23945077230899448
0.1326199030165116
-0.011263210030365345
0.09902161906023088
-0.09384111755099256
-0.09884216744487007
-0.09676278219544765
-0.3101352119353048
-0.44713982017873
-0.38107312197796195
-0.380716196111073
-0.3863325486776509
-0.26022851822629034
-0.16416566608951122
-0.05624448609979671
-0.09279620499191654
-0.28617885162676027
-0.3462702844350327
-0.3214839722615661
-0.32061456659238097
-0.24123751795036252
-0.21404783073461964
-0.0681847499810081
-0.13273686687503217
-0.38783967524235186
-0.34571918061038365
-0.1845939030730731
-0.34837920078392837
-0.5637939087000994
-0.5117387325223002
-0.333857555704552
-0.26471694323053474
-0.16447173647974866
0.2118122522447241
0.2725189258448266
0.1433070964001264
0.04367913801032741
0.18205124039131215
0.11923342071694554
0.3731386469805702
0.6117471754031159
0.8539468595145615
0.6143851654078162
0.2476191573144868
0.038823730374642706
-0.09868391402158128
-0.056990473770856975
-0.29578055923065516
-0.49452532260836457
-0.5445132211519406
-0.5481089541652493
-0.3807692619508636
-0.027052042395527276
-0.03841334221888726
0.3494461441444947
0.48050611041137115
0.44103791144914406
0.07552624080042591
0.04671926628096901
0.2558732368593266
0.05007087296543333
-0.21130600062931637
-0.07202931078195696
0.24667704483933606
0.018772703434821958
-0.18924826706452103
-0.0037432294650061593
-0.05207951210781736
-0.2692808533403793
-0.33320060360663883
-0.064720128710817
-0.09979640130690104
-0.25329157945361014
-0.1460954456445459
0.016403290628333567
0.2335147495918195
0.23594329799451597
0.06966447472959414
-0.19287962220447274
-0.2740855520302454
-0.38016019498541853
-0.48838622465918036
-0.5338065487450494
-0.431141588310642
0.019131297157742755
0.2672069897720448
0.39316885471031027
0.17539982690689238
0.6394172587712913
0.7657198605273579
0.5976644801671372
0.6354149358830083
0.4374808586173544
0.17109457813030804
-0.05310912012075664
-0.2383912465014597
-0.12494140282415023
-0.09622359835789474
-0.21892462623842945
-0.26005608801770563
-0.1738790004020363
-0.2947753655647606
-0.12250567982543148
-0.3050198622058725
-0.31597457373917504
-0.19140208031686368
-0.009808801589268334
0.12214595676826767
0.21631459990387336
0.36018863344944596
0.05343326251305136
0.19254355959088343
0.32383000975904674
0.2810384113750042
0.03989832284549977
-0.06969683298136231
0.7248472857191333
0.7789187743628818
0.4966281131612138
0.4703884604360541
0.731256433622267
0.7062469080873939
0.25776049842387716
0.3583161436914981
0.6432039338060382
0.5086082520722567
0.09115845524815092
0.3918991505771847
0.4396927947418364
0.10293941459766298
0.2508305215330383
0.1500471335496082
0.04221575858479165
-0.3844337824745361
-0.3990367289568322
-0.2912044445763773
-0.31638410890487023
-0.24970919922452084
-0.1917103199792497
-0.23529409482324115
-0.27005058755534694
-0.2591611933883904
-0.09226516836700349
0.061986204466272565
0.0228102230722943
0.030215097123347134
-0.07271790767701902
-0.04741707534653272
-0.18145039568326793
-0.09840358612072742
-0.2631643908660164
-0.39182741274908917
-0.5807425319612558
-0.6585562875400581
-0.648290451129713
-0.6238988356779052
-0.5697634721025591
-0.5260473452883869
-0.33594937094490696
0.024655972607250498
0.2668416310036005
-0.04523054557645845
0.3326188304336547
0.5462626910226499
0.5052606049587645
0.37306671518602164
0.46757802086101263
0.3498804246127243
0.09053715104595306
-0.015995763717256972
0.09457022128671644
-0.2747936070800906
-0.24956085844124232
0.05450783975605589
-0.05134284124176158
-0.38152256943961493
-0.36856066639198104
-0.13584064580407773
-0.10112650710975646
-0.30034615289897526
-0.14302816031116172
0.0014330762063795577
-0.14048450926101985
-0.053983588860526344
0.25424820703664897
0.16150150896040694
-0.022974780454778743
0.11586824426156672
0.053955818299425196
0.11248566318855646
-0.13725871141582335
-0.3398324761169633
-0.4109107498365713
-0.46166844292236875
-0.3188908828157704
-0.3008724388530315
-0.24655927683185896
-0.002599892730273501
0.1332274295753858
0.12585595298346908
0.04894150141174214
0.042083271971130376
0.14858313714440208
-0.18318910451773163
-0.0636919678589225
0.08522887087222186
-0.1553020945144371
-0.29585222025885527
-0.5106890560610045
-0.47291751271885185
-0.33768874348986166
-0.4767863532473746
-0.5434410574134578
-0.5592387001341206
-0.27502755575642146
-0.1996247956953987
-0.37416996584771556
-0.33397263513521425
-0.043976838943388996
0.0518423947648744
0.3019853906652362
0.6250382886637351
0.8253968412859413
0.7544405186838402
0.3690444227961073
0.3159190402002683
0.5546429623272892
0.20900744161569074
-0.006191402784983202
-0.07739793505846382
-0.18744137440814357
-0.4457145945207456
-0.5413688744795855
-0.6063897252774957
-0.47408353761044286
-0.4902266385680134
-0.16644599699913665
0.18348201743807002
0.44390907578290006
0.46192061687965036
0.4599333994829852
0.47008466338312493
0.335343738138866
-0.01752487654942292
-0.1302018112164759
-0.09719369700053948
-0.32196065145263475
-0.13555806453802577
0.08361682848174601
-0.01138812824751978
-0.08682836068880606
0.06599626058101571
0.34091148665871396
0.5341719120332263
1.2389939769825065
2.7081794355557345
