2.934979658504818
0.8956782457637951
1.1111560384528392
0.6136877246697574
0.11750270460729373
0.23058018523319856
0.11846154379009743
-0.06524903275056593
-0.2304651529270686
-0.30333722501650295
-0.22993697316260642
-0.2531520027478795
-0.34870253172128707
-0.3889841883560704
-0.3442444119683993
-0.12678218044853262
0.10488167901197298
0.019554129605100945
0.08698627955743776
0.5396642041854405
0.6477796841846223
0.9851039620719451
1.0339562322233613
1.067213366691529
1.0904404959714094
0.9856717209191059
0.9228746820022177
0.8293839210578238
0.3260303397299761
0.1984544907496273
0.32721324896499904
0.014624220466050719
-0.301906367434825
-0.3989356212465499
-0.3072029104609506
-0.15323612836428668
-0.07925358161905938
-0.01899012024222091
-0.18621686371193524
0.00023907481086915539
-0.029566989845149716
-0.08625520955599131
0.06138785915048328
0.24132251174817854
0.2782118448617601
0.29819881040404816
0.40427525798360275
0.34187193048256737
0.25553103217429607
0.14375801605645255
0.24678642359110659
0.05176503493560891
-0.26303021694000406
-0.2980399627090784
-0.11849013029537914
-0.23235768701433068
-0.3430372285677876
-0.27001056962360415
-0.35367957406611583
-0.13723945805076543
-0.119749668107061
0.14090013761506437
0.29213318012418354
0.2311084154103642
0.0872054973786992
0.21491537385267423
0.213716899106853
0.1279525852641803
0.019170816787637324
-0.3498670185732291
-0.353910364848689
-0.43868073399486596
-0.29555578105556324
-0.1487796912447632
-0.14311986518781739
-0.05771158229733764
-0.33179548762218913
-0.3038897628551921
-0.34409128012141954
-0.15387289058611275
0.07479538577764666
0.29526484123664254
0.5879477213741237
0.7179091454140449
0.8653918454060197
0.5799208654386405
0.600101547887356
0.46740061626243323
0.33072004299040525
0.07216899716865521
-0.2761183483596027
-0.2736018876140215
-0.27750527913317524
-0.19329302996271336
-0.03651716400367999
0.03354009301722327
0.23484590898137925
0.40041211834742374
0.37352826657008154
0.4697421492454513
0.1361657673214588
0.30126233351532117
0.4160210171896629
0.5073511966503287
1.291452218886012
2.8468173932730605
