2.6189345299713516
2.0058091084789895
1.1698136518954523
0.5600123387180768
0.17434776671131402
-0.15357831102831043
-0.25131909508987005
-0.2974071213308067
-0.07584351513230647
-0.05541857175691289
-0.1828733558209642
-0.446494383324902
-0.44460945514909445
-0.32843603326767024
-0.37194331406850256
-0.33103745743983426
-0.17612912048236518
0.08610695142005409
0.3257955896823673
0.3316914199459763
0.4808679591965752
0.27994264441018446
-0.004873583594893538
-0.22682089218706514
-0.31929279778013453
-0.5426421747621883
-0.6020670436124478
-0.6233728887861232
-0.5776320639906174
-0.31060776509503973
-0.2489194700079722
-0.1533587466580223
-0.08559829672071062
-0.1196434353687802
-0.3231947678909086
-0.3502397109855836
-0.09875178576262555
-0.020177205912188856
-0.16220544509481782
0.053363329900997125
-0.1284261221276759
-0.16770036530572963
-0.1416986917065215
-0.17507193092188722
-0.08189775930608267
-0.1308022594459224
-0.16077649066604083
-0.181078885257982
-0.41652360456522897
-0.3423424103887366
-0.2205220446877285
-0.27307308147593823
-0.0434116388387219
0.21018137154959993
0.05887031704702339
0.1636768337418718
0.3350125746545014
0.014545536096855716
0.05108637644575065
0.16155108578669808
0.13794141461715703
-0.1942667428808299
-0.11124823215096624
-0.06835622657026774
0.043665172019457854
0.02079473055034009
-0.0037570058854250465
0.26049832762991443
0.16049322818049616
-0.12247963708890941
-0.01039835472833639
-0.04841136939673063
0.07797989395476501
-0.27686985834524136
-0.33685239985998083
-0.4790339911013288
-0.5919485612472033
-0.5656978203981236
-0.4185064182422442
-0.3476276863908301
-0.4138662882863542
-0.46607864570270174
-0.3823993725707908
-0.4289415331546187
-0.1933859197031712
-0.005986764214629514
-0.19837944166641341
-0.060999041007715915
-0.07201676772918719
-0.20338624660835314
-0.25444269274152
-0.12549457442426593
0.20266068744099475
-0.09367599981503638
0.016080069787170803
0.0840413176559075
0.14788067498889446
-0.16342170532381517
-0.19832874593812988
-0.10148871335533849
-0.05256195327158586
-0.12028564665096642
0.04841410072536745
0.18056392908563001
0.2603747640668429
0.21186751934467063
0.16570239654437657
-0.11310085110905232
0.02268547827791434
0.09070260244647776
-0.20352468494495524
-0.3042927180838737
-0.19852913144349393
0.041329080015721775
0.1814470366212959
-0.08112615553903757
0.012256160297034024
-0.11066200160669182
-0.19697398321871196
-0.37814532938743295
-0.3851908317972459
-0.4505266146636223
-0.5179242881423163
-0.2926517017955629
-0.05026386241217051
-0.3437034132146495
-0.40836353018722094
-0.2547060235418819
-0.22492676810722811
-0.46306852196959136
-0.25081640365452684
-0.21259573017397515
-0.090534428525197
-0.07562008300832768
0.3734904860758631
0.7392323203034529
0.8813725092595396
1.046569190268567
0.8100854634237469
0.45870968122463895
0.2437936067388038
-0.0737684220004653
-0.3613113391617391
-0.37593386584867616
-0.414274432197115
-0.45836559931322707
-0.25446323736089205
-0.24710500110248912
0.08102907637485024
0.10623135068328549
-0.07116517049952076
-0.10886943330089294
-0.48888434081608434
-0.5009891748396742
-0.6447906102218053
-0.6393477829685124
-0.6638289563282549
-0.5977119804901003
-0.5501578054802296
-0.45147197116392834
0.20364254371936652
0.3742913487951012
0.6021294485652254
0.4998328220408548
0.45854950059592636
0.5837544686025081
0.3545928931462128
-0.1533471885404496
-0.06526204509651712
-0.22300815304460464
-0.3447949327320641
-0.24430829020992872
-0.2273095369038114
-0.3556296745845099
-0.3575896295566361
-0.26670897900930757
-0.22774408382852385
-0.06654659284689435
-0.054810871624838
0.06282738223576056
-0.1925946160196449
-0.33770822184495897
-0.3256028197515648
-0.43708928465365415
-0.5067754360911154
-0.543865527849887
-0.2155969183655514
-0.3465036252979018
-0.21999273988286983
-0.3092940003976017
-0.24087383576307575
-0.43735659583086406
-0.5510626089307327
-0.48443445441220967
-0.4861485077979486
-0.4807127814941987
-0.5237015188746885
-0.18683589171743398
-0.2191425379212364
-0.02401246596680906
-0.08019863417707207
0.10344902292489755
0.1061098420726162
0.2674831399259744
-0.10287543553289336
-0.2239026435509619
-0.5403747388510143
-0.6199459506346987
-0.6290061503300868
-0.6631815318261478
-0.6311722918569673
-0.4995568181737664
-0.43415115487705713
-0.3618942066938384
-0.12417562712992047
-0.17351913375383377
-0.15182794321244475
-0.2727911145217967
-0.09664044135858352
0.09419269608987302
-0.09587865402793516
-0.2129369674745657
-0.31426056341572384
-0.31355357715409227
-0.2946871724256048
-0.3868288125894299
-0.3243884134805939
-0.3144623541911209
-0.2419372629250638
-0.4833190137745742
-0.5747237603145772
-0.3918789128764504
-0.4604877320549774
-0.5224419247886707
-0.5410581722433319
-0.4347863832131009
-0.09134492658031179
-0.1914775461464402
0.13382406936681335
0.39910183819532985
0.7427770259955391
0.5902926969091518
0.9781582774907039
0.9016423108527908
0.3088202557291243
0.08959020140655338
-0.25324283807639136
-0.4816505540135516
-0.5192296844645834
-0.5522767017439492
-0.5331862839169683
-0.5611059731457715
-0.08611785260363847
0.1747676173674655
0.2980112112766452
0.2523902915360511
0.039172588908068295
-0.2917902763803393
-0.5161299800882848
-0.5440342517157959
-0.37186121759987856
-0.26968448350354823
-0.46805019513459567
-0.23133088279696024
-0.1445975059385084
0.014274458704062187
-0.04767182960303218
-0.25110276093733563
-0.0395679123380398
-0.20086986823112185
-0.19822357573608562
-0.3201185029318756
-0.5008012484210975
-0.3918622771167527
-0.5583756312004977
-0.48553830407380705
-0.4512236994422013
-0.2740170619890494
-0.34280854533333827
0.04094509405478319
-0.08353315806420292
-0.08546185763785863
-0.04794988330791661
-0.013927073536422307
-0.1755133686181508
-0.23304475186088158
-0.14987009944578944
-0.08494762058424776
-0.22731241354302123
-0.39362738372493555
-0.3510515538212101
-0.14719971104634666
0.09688320186361898
0.288481750351132
0.3084372293175356
0.11600304568203201
0.2062524190630396
0.12413975524540966
-0.13108712417892154
-0.3539599345093357
-0.4172119817272384
-0.38209176158509317
-0.3026595971430659
-0.11695016623767929
0.17010793564248416
0.19954621070823875
0.03624698455447284
-0.0400503578962178
-0.08182489824165717
0.01022543645767704
-0.06791230395690562
-0.06957912355982132
-0.2734858799696831
-0.34518043603801296
-0.47560217626379053
-0.3223740191892118
-0.006215750569453005
0.03343402285076269
-0.036899583594511176
0.283812978803177
0.2652609736414372
0.04053534565272188
-0.0388504716385788
-0.1136941430099977
-0.3685767722879194
-0.5559030840569399
-0.5065084104515685
-0.48416214962738024
-0.4787230519025705
-0.26928622349111797
-0.17048175275226107
-0.10176258864946863
-0.18187355236995617
-0.0788111526040629
0.18555133860146833
0.012381833129690545
0.05792682307783814
0.08612421122253922
0.3242601811967568
0.35578455019468636
0.09220625373521785
-0.20169391456661856
-0.07580545834492192
0.04714945272837223
-0.2671641675638414
-0.17954056949306885
0.14134362452204963
0.1965844743554107
0.01452929147225579
-0.11737486818302456
0.1477071894837232
0.17209885620864873
0.08874542510149952
0.24936474641506623
0.40601766535341066
1.4168973075777997
2.473678664157488
