2.9422366056305584
1.8856473034339054
0.5175565156824441
0.11601067456731373
-0.07545957006182857
-0.4267958036636438
-0.4255360933714196
-0.4505691345171883
-0.25041658653089915
-0.05631954240442072
0.10941607215903992
-0.07548272433415848
0.05469483625822513
0.14980058826328568
0.27703505522566507
0.11969383800253608
0.040058796032229727
0.20740308802897567
0.01798519489717809
-0.05956590660246752
-0.006718483756872451
0.40018045442217764
0.7999532179208865
0.4008911981544957
0.3521408258989952
0.4961096905426451
0.20836035266698383
0.32307301138160127
0.12049138555129946
-0.3169226467355166
-0.3765934186409693
-0.5051787780122128
-0.4659547397635566
-0.5147948419924011
-0.3478259782913268
-0.3469791388452683
-0.24758735082638483
-0.40338198554235416
-0.39240604831555825
-0.23077381963564347
-0.11383960260978854
-0.002420233705146213
-0.0010094129195764578
0.38578358502673216
0.3823099803194334
0.6981320437900753
0.6866502814518668
0.7579228219774363
0.9888006631415116
0.6163192880398537
0.33877653866779467
-0.11763043886356361
-0.26358200518267005
-0.47906745550895025
-0.4652834807597799
-0.30852114995776914
-0.39183384997298476
-0.4891296335518338
-0.4741152769973076
-0.3759310843116328
-0.30428106078400163
-0.26392395607228614
-0.3762268287554902
-0.17257506280683443
-0.05042347224828658
-0.09647162118483066
-0.11639538628473778
-0.15621418139501353
-0.358878666139802
-0.4839853430079275
-0.5623305825280476
-0.5596039455983703
-0.5523131926905243
-0.4876512147849694
-0.18363892842663354
-0.1254449124259922
0.0034613894171727777
-0.028808941486359485
-0.021561914770982682
-0.10792975383438341
0.10638422511871615
0.21160207722779822
0.25217437983879076
0.34284855743031717
0.18135410064959934
0.2618019009165249
0.4456321519099872
0.3977665349782121
0.5051447491578068
0.49854785494443243
0.42850619172459625
0.1867938298657249
-0.26463855036995887
-0.5226971640614329
-0.6363728486363864
-0.6636431176787418
-0.6657663643319949
-0.6299803631340011
-0.532760744215254
-0.40137194116870967
-0.11781414710057492
0.025635499431829523
0.06148618335252409
0.017550346406678963
-0.14425047008971426
-0.2801210230731964
-0.40160146105484806
-0.4687426988210679
-0.42358785607017646
-0.47201387909791404
-0.4236948700867036
-0.152520272682519
-0.35176246590648375
-0.27508485424994533
0.01713714772905317
-0.07159919494677269
0.292466174967717
0.3530496627220693
0.4218496363348272
0.2771176502737863
-0.115095077216539
-0.06611067767369883
-0.36438505673032084
-0.255593180407637
-0.23471639369077812
-0.2870514495485723
-0.23639778438974668
-0.02921040535926922
-0.07169651934673849
0.10481993027282199
0.0508568299471821
-0.09132107984085225
-0.0023386471712346646
0.0806282430723404
0.02267981196727875
-0.0057320794468325165
-0.1296022226548842
0.03280449901196525
-0.3858010388065053
-0.4879592884002164
-0.45619593707677497
-0.4239860714747845
-0.31514339403949754
-0.044354035237011424
0.012337127521274027
-0.14931682579365158
-0.029999351224717308
0.08518630715874465
0.061160371721448725
-0.22185188404420186
-0.35002537396738975
-0.30115469679292284
-0.1596728542470348
-0.22817808891350633
-0.22323219187449217
-0.015747409792128297
-0.15987428256359548
-0.46951445937815883
-0.48626578917138596
-0.44639766498037825
-0.33005585635632095
-0.25265520036672207
-0.19186072745516802
0.1916840287527959
0.5018178276231311
0.4120951177650243
0.1506520398022625
-0.28371807915406366
-0.2601455767238994
-0.48421234936300017
-0.5067679483542489
-0.4861626129729806
-0.6135528652916373
-0.5351683054850791
-0.38381321244113065
-0.11522751179123558
-0.16344208249443792
0.14485435328585627
0.8410502982013017
0.4518042674398225
0.15770856065024985
0.4688650493499583
0.72572390604304
0.18013224966624986
0.3684907180476198
0.07576711130719094
-0.10832917619019244
-0.21347735880573127
-0.13140211068596552
-0.1210990034522218
0.14587364342729747
0.3789467364767869
0.2986385166532126
0.181573818340532
0.2537853885259691
-0.037437023151593696
-0.09299819515789198
-0.1412259219588664
-0.08951054297024363
-0.026999050099327793
-0.14053937123883575
-0.40578662158871315
-0.2981663538553283
-0.5050694997334164
-0.5646035141224075
-0.47583282403588223
-0.2525280849933318
0.1546515249346765
0.28974186622255416
0.279755851678955
0.3858401704947041
0.37452812832221927
-0.09902084264263122
-0.11345726867199601
-0.3648792846915947
-0.6004547643780622
-0.6553987573431126
-0.6485038189250016
-0.6737686976205632
-0.6746730395611793
-0.6730116934136767
-0.6700021921093531
-0.476555211167488
-0.41767921734347935
-0.09962860812799046
-0.19344259534692043
-0.325813336608766
0.0315778020652826
-0.06073643729243117
-0.30723140186253106
-0.25299837697049
0.0606451430755961
-0.03498630674847636
-0.2004602647198973
0.07621579284679525
-0.054166910121037026
-0.10890229706559906
-0.35583672214793505
-0.27688740237983867
-0.003881345865913044
-0.08461158682725223
-0.20488221494305936
-0.010629088583088087
0.03589580810540849
-0.2650419149784151
-0.2673304970198589
-0.07643330085221778
0.010040583509141832
-0.12272684804282663
0.006743878803394443
0.05902727329596713
-0.15069268758181298
-0.16398067873283217
-0.0019231078102679433
-0.26731906536131955
-0.2985528947427665
0.035920279194910476
0.0016073361746462567
-0.15830307962068135
-0.29045325544744294
-0.037794869280562415
0.03870293592891627
0.0178432847206329
0.36281562288332614
0.5050351576561113
0.31032842535090344
0.10147385190840186
-0.036850352626330296
-0.22174036411762488
-0.3240010361176082
-0.47710765067229666
-0.1293545910159688
-0.0033603879453274477
0.10840509468286008
0.044646748596935626
0.24596416159970336
0.45740348420223664
0.13531421213135897
-0.07320673885510454
-0.1101100493052446
0.06777174231876826
0.18522898666277499
0.32608051111497394
0.5682593511204374
0.3109312292698233
0.29508464332554263
0.11251520651230895
-0.006487662366574165
-0.3375947052706523
-0.39755617097692575
-0.41621857543556484
-0.4387382699093674
-0.33391746398549693
-0.3360607715537982
-0.18340581020909064
-0.1386129873488141
-0.14360078923712483
0.1410981765782361
-0.022265621283697246
0.1715850131582487
0.25021483774700504
0.0888387082741835
-0.14380029103061753
-0.13763031566480355
-0.4544780376146773
-0.4726838435729299
-0.4439787152338892
-0.3170349833736703
0.047544263455840285
0.24266643933534204
0.5518351862854657
0.5112454110654642
0.49504782885480403
0.4550428302944647
0.2979070333806416
-0.09807582022853634
-0.1483154225448804
-0.2841063362974139
-0.29045011976584567
-0.2254084652610734
-0.34467082226174584
-0.22696923154462612
-0.2835369246163528
-0.5012220200469066
-0.41484310603069163
-0.35932631210649446
-0.2964504034466289
-0.2991461781107101
-0.05495333782831424
-0.06498319706490441
-0.11850243556760531
-0.04167950134313869
-0.07210666655001197
-0.35503090386079506
-0.5349471425764536
-0.564585692333545
-0.5127919414904549
-0.31082886922493413
-0.20668202085408494
-0.23126984899552483
0.11137164361104668
0.385815113706358
0.07615709520915603
0.04534068950012349
0.20165504055206596
-0.07328668275724048
-0.1359892882510748
0.016891230377017563
-0.1321594426081033
-0.187160984602308
-0.16041103481819385
-0.24192964166989017
-0.2948248261779598
-0.2666088611862273
0.15399894536180592
0.16956104895255142
0.056121193862725405
-0.03176655893990121
0.06707737088178933
-0.12453200649103746
-0.13509688217053673
0.09334183222125869
0.03954947577690171
0.013847391531057074
0.19575906962792877
0.42711519913466456
1.2201876134021301
1.5966007042433565
1.768145508670883
1.3504494451073061
2.9938592718035557
