2.4772346305214166
1.3848448430605864
0.8927837985334639
0.9879823208876233
0.766811242828158
0.13574114247143487
-0.18463465973245796
-0.1612024979665001
-0.19367872108255446
-0.06333863910136117
-0.1194553480484265
-0.10285517569316271
-0.020198686928558973
-0.02497569797597554
0.13261434553682738
0.1288992860144197
-0.14474750664156566
0.04283405047848232
0.01503770542935945
-0.37309413839396177
-0.45927932369201385
-0.372453077855626
-0.41935279955806204
-0.4074749693834627
-0.3440926920746754
-0.40110295945335195
-0.2964402702579054
-0.21440131673285934
-0.013332354106208033
-0.036309207679996125
-0.20522576493084255
0.033704720863276805
0.10171404996951872
0.11883232609975525
0.1823987085864498
0.3606362776234501
0.4381376011292054
0.5082055494407142
0.2834391658457014
0.3100711420297133
0.12482216804521518
-0.20516341486943412
-0.39579078193656925
-0.26541936688448575
-0.33350864187437335
-0.21774152118115153
-0.25270186672651596
-0.13874064197874048
-0.04199150280421371
-0.06343886111847741
0.04826346007351423
-0.07531627233057869
0.26668506742979803
0.7962426053943926
0.2636580985748356
0.517401119523202
0.660229308842636
0.5202786836723652
0.17036170626105873
0.0020985406036274634
0.0228290466338662
-0.30491610625054166
-0.3625885329908638
-0.3926376069994333
-0.31788846884672395
-0.35500008621604096
0.05545767338340202
0.2560901562745439
0.381209571868693
0.45686325709376974
0.2735354215264272
-0.007412254624331038
-0.279458238996397
-0.5142825068413677
-0.5161549540250152
-0.5918850262889865
-0.5624021781329616
-0.4204275864902902
0.13999569166375248
0.014210155555395954
0.2314610297054498
0.3905173027125801
0.42006283001034583
0.0023513595674302668
-0.2632234737605572
-0.3584583194976091
-0.33361608452929026
-0.22915197967730316
-0.012873210796142454
0.17169805934754534
0.42639331507461053
0.3284656660493801
0.0645000972922346
-0.2961310884404178
-0.09985335559060504
-0.3879592449845939
-0.4344707712694861
-0.4759744855218382
-0.3176866795452632
-0.24626805764869597
-0.3488738041992836
-0.30603377293640144
-0.36951955351275867
-0.2734971226519668
-0.32727117752775303
-0.06663605093205283
0.250784627576751
0.08422493508398099
-0.08584034767898718
-0.026043349682118855
0.02209879498994438
-0.2590352039158438
-0.35569736924786544
-0.21674587591170802
-0.06712263914507943
-0.12454207420273755
-0.1929764646703246
0.09009570838878667
-0.08852496731619708
-0.08150560349152802
-0.28857588580678406
-0.14865751877043065
-0.2002482819159137
-0.0397952973381116
-0.03546467074399451
-0.08040151934128559
-0.011744574109171513
-0.02080754033728338
-0.2123774873317401
-0.3984110684475185
-0.18340662768757932
-0.34320629737530806
-0.4811960575925731
-0.24406404305920792
-0.16148775884789723
-0.256428211394948
-0.33289980684563236
-0.1982452452000949
0.2202616881647972
0.1619866417683744
0.2810644280296173
0.8498692894793343
0.9500062649738346
0.6237507019597508
0.5222614105668099
0.21952019835048564
0.3408370242333095
0.23337221114331652
0.08809430470089208
0.03005925622282213
-0.1572173873000431
-0.1449615810375915
-0.019341765137118383
0.05760564907171961
-0.1992337558811721
-0.17931282647941693
-0.10367761690556876
-0.1873453212492856
-0.24143336548502292
-0.2738222142637883
-0.3956682297992181
-0.5091834046170203
-0.403217027236237
-0.4010850736373903
-0.4594250602954124
-0.09474614568919293
-0.13341132544268142
-0.1505462963313935
0.12708097218647396
0.47800931309039585
0.46466943845385233
0.2560289353008337
0.07976001463762372
0.15301843938981619
0.17397600401235014
0.04806073077191919
-0.16377927094273403
-0.2002682319965714
-0.3431599128290681
-0.2648728384529131
-0.3323802551459374
-0.3911441847292181
-0.3433788628101906
-0.34979911115408724
-0.2694174606419688
-0.20097188403394584
-0.14266709174535908
-0.09163067259337154
0.03330767529660594
0.30393095101432144
0.020899167686125986
-0.01105432783809146
0.1332080855849146
0.06535751339993812
0.07754429140795327
0.17853816755803387
0.37051148806040535
0.7351915814404157
0.3659659463475303
0.14444897087701492
0.037178094754507285
0.04746760296953845
-0.047849894691785466
-0.06434992190415967
0.03773711163174698
0.1795069302922886
-0.02844133728381104
0.0628380703635486
0.23026886293474558
0.022338544518146763
-0.04300376758458724
0.05498494630331752
-0.17272609457277155
-0.22759148430049514
0.03445656589537727
0.09663189361372859
-0.09145025589579958
0.1342823067732103
0.43985694744950465
1.0428086023552903
2.170969484000343
2.8905722154916695
