3.312181606620318
2.107963438631441
1.544034599915769
0.9276195452709075
0.45475200749027
0.2078396717158023
0.10526533638186975
-0.07433003589592901
0.052171374026581896
-0.03608857848608871
0.009084239283409623
-0.2367063175019284
-0.3363698290836574
-0.15767099000492402
-0.08365625801502752
-0.1042670063693224
0.019198831684730022
0.38538288185703773
0.5151708087981036
0.3851117907776451
-0.017804497888322945
-0.03630773143504451
-0.13498794636340117
-0.3535938013923021
-0.3561679926596705
-0.5025757687064081
-0.4248090895669866
-0.3794845642501713
-0.39196254427504307
-0.2414726178994442
0.09775325520194267
-0.05147843465991164
-0.3503217447047955
-0.3428866500853327
-0.5045005669358369
-0.6341401940565676
-0.6645943212316898
-0.6104883826245162
-0.5365440044155885
-0.22480672019259773
0.023569678884930667
0.012838040500346204
0.2477798933221591
0.14081993647040947
0.169578121814435
0.08025580370203966
0.35407481397318774
0.10965047172937492
-0.28034444751239684
-0.2235256057693059
-0.28911105152159355
-0.322961509720314
-0.33138252395823575
-0.187488901482195
0.07158223599484226
-0.13539049949703896
-0.04254368989410229
0.0720676173616508
0.08417163864044563
-0.08529854778741397
0.11202725941945368
0.22964606345623217
0.1984878527733125
-0.027249809452560503
0.2732846728192647
0.14590365248999393
0.4659317321929748
0.45443210259825084
0.2807206144275367
-0.01289308857669591
-0.07144750686977419
-0.2009044512841992
-0.32150215319497444
-0.38599716335248235
-0.4792696038564137
-0.26829515712061713
-0.12865649971687132
-0.12570368425730016
0.16269035686010003
0.4770026210973747
0.47193628085684336
0.466283484964494
0.4789132262427711
0.4880683490953467
0.48261706526073844
0.18136889415251056
0.09811835188195173
0.00804424848338714
-0.08757025175965727
-0.21762659410633
-0.1467567966893898
0.06477436255184577
0.33226335641485105
0.8177314858781243
2.1224778798966772
