2.1046942113853757
0.589477604185588
0.14674218289637586
-0.07055606976060047
-0.17695349752299128
-0.13919638393420142
0.19350723852387142
0.14836167247397547
-0.02329879968126758
-0.09822737339031562
-0.15840480502486254
-0.13980967782479092
-0.1646659453353545
-0.005577192834255507
0.021722533216657514
0.12454330064686536
0.142651296837083
0.3571675715074447
0.3068966335359228
0.1851972450204391
0.517254721750777
0.69174961592655
0.5678490998776099
0.27624272077262035
-0.028488798404182725
-0.20160758245267263
-0.28998794638616965
-0.19786673675500177
-0.11974944040037461
-0.27820896266038875
-0.15774428037435417
0.015024424395525204
0.04390691339078334
0.0011508644266647883
0.2271851790859497
0.340747249824196
0.35786158789052813
0.13884422011150932
-0.06574611578847722
-0.14313398530813115
-0.4722226206651945
-0.4942424920083095
-0.491050686704406
-0.5124756439114972
-0.5375809446117339
-0.4116214338455757
-0.4888147747888696
-0.4114081461278908
-0.2625138914945435
-0.4110936841648254
-0.4048681928334472
-0.5690171184184196
-0.5537626042760178
-0.4123655078038202
-0.3479997162796
0.02405492228842121
0.0411640533863078
0.08032050446105088
-0.0904274018300063
-0.21390120513484723
-0.05816936167004205
0.04030581660635513
-0.12973494152170606
0.09235481898672193
-0.014030309679850084
0.004122579950008198
-0.1251832065354418
-0.2226299291026972
-0.24205687307763935
-0.3543745805962505
-0.4500767012943563
-0.2948718349754751
-0.3020103794388327
-0.34007939563780964
-0.2770713578374555
-0.2019999192575499
-0.004176756924129665
0.1418566769043107
0.23754393630609305
0.33738168782881905
0.35687848198778194
0.43893717003025357
0.9757900574839198
1.2786902421019262
