2.8834583003854943
1.6428635585554654
0.710675654368489
0.010321974514102106
-0.3609542379837938
-0.5673586634675956
-0.5082336740858642
-0.3332852789480355
-0.020212610167031908
0.17796016879327625
0.46885347131953414
0.5842032513398561
0.23168491492713594
0.013324193638958426
0.1978914187364449
0.18188982241966256
-0.0035043115754354037
-0.15461352313353338
-0.056420170422895044
-0.25243053197430443
-0.180933586320718
0.1363968217128998
0.05728156291025044
-0.3073126755477482
-0.3289469156531831
-0.0945242633259612
-0.2105841543271536
-0.4175683253928324
-0.3170413254782195
0.05439379536060962
0.0860358499707391
0.03387009532506058
0.4203601643258974
0.4835619545880999
0.5434440962233565
0.5015448838011664
0.47966609371154645
0.10080003000871685
-0.26714257131405983
-0.3114493938058529
-0.48328066894037125
-0.5622639117765831
-0.5422203095924938
-0.5057494216428609
-0.3618316851305414
-0.2760396199912232
0.15619602114904418
0.5470646645729438
0.4086847254902082
0.4990614584934919
0.13327012127580806
0.044297262684246164
-0.04009746792312707
-0.31562664336353996
-0.4466508424532889
-0.42094653575282015
-0.14523186182190073
-0.09466920185021199
0.1155181908474957
0.1722799592377917
0.3505425066508291
0.47660734572472296
0.3394145776321875
-0.01977350393847066
-0.41789649992571265
-0.4729200790000594
-0.4811031726395256
-0.5570414424463201
-0.5876338632507032
-0.4026382640964462
-0.4475317660831747
-0.49080541324668503
-0.38982755584690154
-0.26282639050039425
-0.037271962670314074
0.28235379373365876
0.4289105289627534
0.4370388300515582
0.43152606551344175
0.35691911064797843
0.5266030105652343
0.4272402364489357
0.1648500516332987
-0.17707456730689286
-0.2904771415424685
-0.4525649462893123
-0.4610861917543725
-0.5895734458388575
-0.6328391394356363
-0.5625271332237958
-0.41716912553527374
-0.38827752286831463
-0.4334219047887271
-0.36488347098444784
-0.15355891608405736
0.2101447273545506
0.32939993279449076
0.44231701336375506
0.46812381125679525
0.3123459042031941
0.15281869862445507
-0.004222128861353869
0.12565705366167923
0.4197041944971227
0.18223292117486212
-0.18385070983570384
-0.18857113025491368
-0.2509256606960386
-0.5096205061255652
-0.6420774027634444
-0.6412799860564877
-0.6249760498844579
-0.5607113743691068
-0.2029828414006103
0.1788536061812217
0.4540557582955571
0.6913423218122933
1.0074908142596453
0.925301550488099
1.0427892673247645
0.8073522332141068
0.47630108582012154
0.40586178079131996
0.12601741783856168
0.04275997106788865
-0.20897102548087299
-0.2999774587697046
-0.4216499943142895
-0.3857390323747505
0.008661784837385778
0.13462995658449228
0.33039973569825243
0.1977318153945401
-0.01629103695837464
-0.27455423253912004
-0.24991780417921894
-0.41086323834604443
-0.41781846571519876
-0.38934054792420225
-0.33964220413099344
-0.32072330198553023
-0.23264140102444708
-0.018966163840408945
0.01199711792552105
0.08673279018340263
-0.09273429163476177
0.06633294675713608
0.07596498788309314
-0.033384657002428875
-0.10009108079743334
-0.31117605682448934
-0.3205153827805789
-0.3205853384638411
-0.3735277257624712
-0.3459278035733808
-0.2162720135723767
-0.11430124939908448
-0.39354322552871934
-0.30023404931868647
-0.36305431569123403
-0.4339512112110384
-0.41048509875106864
-0.22017305249868935
-0.11816140689062582
-0.2945825863957856
0.006462841370827865
0.3051921893654038
0.09955698773888555
0.16601148197234605
0.03800719583006651
-0.12423650461312197
-0.10148526884302589
-0.05020622344063452
-0.16787296761423853
-0.33318730917863015
-0.14539489720075083
0.11419070599386527
-0.19926112578328736
-0.35315083106968315
-0.2652974795283576
0.03604552296831476
-0.06268993776658116
0.16117764302057036
0.3247831866347689
0.8165863988910103
0.5014373027711108
0.16151925261938638
0.5188009864823722
0.5007232100454853
0.29549525227157303
0.42009247586444354
0.5196304891460939
0.4902021212432979
0.48436774567654106
1.100128218636
2.0509182474233487
2.800644415353275
