2.142252561215585
1.3214373457455215
0.7706584977209415
0.0830915179066104
0.018709298374395278
-0.12751586059845343
-0.422801432946584
-0.5333816612660038
-0.5362739086850143
-0.45134751265949213
-0.48006931360951133
-0.27334603617548436
-0.06626137761272954
-0.12260790000374977
-0.08927788411748372
-0.15513320533789077
-0.3818493261761613
-0.42479204865926934
-0.5554076622484514
-0.6223716108640294
-0.6688938257062138
-0.6595138776944403
-0.6531120928274063
-0.5853188631533075
-0.5224749679555862
-0.22019171610239097
-0.2887551382860657
-0.12680512805510524
-0.12323487423747437
-0.388453476690204
-0.3554275592311482
-0.48264343449997726
-0.14678280610796868
-0.12000636122219166
-0.1812086127828535
0.3043335553351294
0.595915058514686
0.8861765447142586
0.6662630679376021
0.532365838212319
0.4579874292181402
0.4348265373528303
0.2750892148520503
0.09200571916425326
0.001515988446299854
-0.206434357969841
-0.18110391159514128
-0.05662333381146678
-0.04602013174987196
-0.30610793119524216
-0.36775410279706056
-0.15054312367367784
-0.2655660161469281
-0.053411789237120866
-0.08746000696776379
0.08566572616459578
0.25173471501252664
0.38048146672850136
0.21514472097913262
-0.04042114071563363
-0.20711015764693896
-0.0232247957507008
0.03540541417802723
-0.26499094284684577
-0.30106733584245626
0.06401459328115999
-0.013951182707076737
-0.05758311278463457
0.22696474356073215
0.09470654558446945
0.09675138157297647
0.1457776968530361
0.2282595503669539
0.23501220682859192
-0.006194847757623578
0.02460953108289221
0.04296114225603043
0.07345606914461722
-0.01723857007046492
-0.22485436731050934
-0.08610696821603636
-0.317511933504776
-0.23869327729226297
-0.2055937109898207
-0.14195692460371556
-0.14357246336946983
-0.17892891513688025
-0.36853376468034316
-0.35700196135840945
-0.21897909110180191
0.06718733351405926
0.02598965331615677
-0.06054847329294233
-0.1996893992358042
-0.4497821042619794
-0.4475089628583835
-0.4165864366062877
-0.4571986157951271
-0.15979555967108616
-0.14767872827212303
-0.011452252648772143
0.021458035099072403
-0.01304505459523786
0.08870924548050996
0.13949433719701776
0.029303721050909393
-0.16834911252439622
-0.3999774374820213
-0.3613762485530795
-0.10621427975944808
0.0990248557831982
0.38320293389596816
0.21979872480687612
0.07234438872108517
0.14823280571258335
0.014275879205584263
-0.21180071720820726
-0.23526697882465553
-0.4069291042926173
-0.5143814269425531
-0.5144288255718652
-0.4422338864075993
-0.256610740492206
-0.2043169014681736
-0.1394189899836974
-0.2661656508874488
-0.07566220384479039
-0.4227648639831514
-0.3412953303877566
-0.27066246077273814
-0.1908493253850374
-0.02776291370214945
0.1153193092747582
0.31667748727830747
0.2348152192456513
-0.2365629249836444
-0.29364308250400506
-0.3585485628282207
-0.45052512544533974
-0.49828661104771466
-0.2982526983392928
-0.10424738693032365
-0.3232711005331488
-0.1821400075502123
0.056108062192367636
0.11276150016832442
0.12137358653981978
0.3511515982774399
0.445708868995516
0.3452600066236191
0.15851268219498205
-0.1406392838839352
-0.2370365699246748
-0.42186675593287115
-0.29062984614717946
-0.28821392299212456
-0.2724361167076931
0.01898412016333051
0.14003876270550553
0.12657850007445925
0.251783127480263
0.2959841732893146
0.09534403218175469
-0.059551652072903805
0.11981785360570518
0.09932272785511598
0.0738940061599287
0.17144062415191164
0.03085412823908229
-0.2176753367705646
-0.29843914205673516
-0.3838782080954538
-0.3439075471999
-0.36269278965601204
-0.02126423903245922
0.14138006629307942
0.08809180537849992
-0.030547718772554244
0.09985332889340448
0.014217252693945914
0.0612174386729063
-0.13757521737163791
-0.23281149096809162
-0.3875403616676638
-0.4208763321081759
-0.4941404341596609
-0.5809960001585994
-0.5442422511124354
-0.41080239491182846
-0.04846457035592644
0.07701182772269233
0.13486470993928656
0.35936313803457676
0.2924388487668873
0.08110243612231893
-0.11911511112948647
-0.3776575671162713
-0.5774487413197265
-0.5665984622056444
-0.511700828631966
-0.4517970935962454
-0.1798799621888737
0.020873402281794573
0.057933282149886356
0.0638878892694783
0.05881557178595309
0.13830137340340132
0.10895539237749763
-0.0507140827301249
-0.3272207767577793
-0.503969393252548
-0.4653946404422322
-0.5470099108059729
-0.4420414356522824
-0.4418474866769837
-0.34546667951811605
-0.1663068056888607
-0.15025678952841603
0.10901268075887005
0.09114998458738532
0.09796437416551862
0.23558308528163452
0.2473058256009284
0.03828661805768041
-0.16927288587937672
-0.20477793828268642
-0.007163462612468363
0.08650323234537671
0.04217468329522689
0.09737648084456396
0.047035729638756574
-0.16842328486184477
-0.09617554425283792
-0.05133846778233775
-0.04443588532653775
-0.18749678055924535
-0.14497232344001687
0.1964979129891571
0.10493867956149538
-0.0755194995462124
0.03920081084148597
-0.2693212725293088
-0.48766687802805087
-0.4607799471346431
-0.6054269748285515
-0.6465593561888596
-0.6509407920810413
-0.6528286894697479
-0.5472370313145036
-0.6518013256250339
-0.6436129466412097
-0.5462949821352185
-0.2680224242834116
0.19042110249016375
0.3316922136465901
0.27261171702193965
0.11736071545497406
-0.005005867201804959
0.013056766830247368
-0.006820556546498824
0.0039116891252172215
0.18536821449945207
0.12294361429439671
0.030883387312961696
0.32723341554019714
0.17904443848819307
0.23414672766515288
0.4080972201446307
0.2870472228839003
0.42115788010060884
0.2837507682407444
-0.13023687630936698
-0.34409629899964833
-0.41851755948520264
-0.38072292700465094
-0.2740831243795263
-0.1370619265629306
0.025358340114264077
0.08988941005199247
0.2293192320815609
0.1321119190063743
0.16163766579041994
-0.08002563833561005
0.1438964031285681
0.13780392728872726
-0.02585779200415239
-0.18984192878005512
-0.17354859392474786
-0.13897861657266142
-0.1643873663104367
-0.09368297827207828
-0.0953790425989719
-0.15306042943424625
0.0679781747331133
0.2124090703772895
0.6023478898738186
0.4316427083610693
0.32192422357535844
0.2660667072572769
0.2182634043990499
0.09490598921714422
-0.04770035616025847
-0.025194944599501223
-0.12707140865658872
-0.3304174461947056
-0.41665234586416156
-0.5116527961073278
-0.39708903520460426
-0.41280383545109456
-0.3920583771734618
-0.2933748642610725
-0.18242567724384373
-0.384744759945429
-0.3685949737301576
-0.35832138482979636
0.03686515609197194
0.22687003396290817
0.3413844494759344
0.29480113032367805
0.19884023465595235
0.18953015483654945
0.16146788100615006
0.019843334444012317
0.12844900890939925
0.031175859064377476
-0.1689523247729653
-0.1893952566153383
-0.28795051184890796
-0.2405611647106366
-0.21914609583738542
-0.3578967747067363
-0.1777214375033802
-0.2819638280084902
-0.426350921918384
-0.2952976211741497
-0.3571782061186368
-0.11263344689363652
0.025935833417181198
0.1547626586810794
0.2979318890005752
0.2817687981127599
0.09177583487191443
0.16943811171299938
0.049403769790724805
0.1305460330136351
0.14532241300245463
0.1394276717195745
-0.02926069869226744
-0.14466663974444627
-0.23555383232971416
-0.5099159554246206
-0.4455445146920194
-0.566187221947096
-0.4762230525469675
-0.44283717207004725
-0.3425695509100324
-0.2079688891339948
-0.26454568587039917
0.08042133663388251
0.029983752583955803
-0.08959117511562753
-0.12984442254592077
-0.03920937781630829
-0.08550690818966067
-0.1327752974002756
-0.1356444763598701
-0.20759569898704466
-0.27007810608895466
-0.04003547219721382
-0.07671471931290819
-0.11436118477135648
-0.04992400152352672
0.2806734723976878
0.36291018111262596
0.7544076951268319
1.857139652465673
