2.4720219406923043
1.608187124219617
1.0126163224900715
0.604807850906156
0.9064643896567083
0.9187508596839137
0.9727716245172412
0.4773683506164359
0.36674044235827563
0.03158912706590744
-0.08702543617870218
-0.1172741808919463
0.1177332384261417
0.14555557391605212
0.18301256918286601
0.053683221916250745
0.15712036365307003
0.13594385335834358
0.33434890256291105
0.2388120516813429
0.25479565291121486
0.12454583241152528
0.10622815588388701
-0.14297895899029345
-0.12623754692358902
-0.4554409463121234
-0.4866429725381487
-0.4203222143175711
-0.4473191649156807
-0.5045955536166822
-0.3506813767234138
-0.2650358040046713
-0.1465204682741632
-0.09918471047379163
0.2312923613217741
0.4102929417293788
0.46448495873064877
0.3189348474954632
0.44553584235856547
0.25714555706057174
-0.04450897512731877
-0.31982830212960167
-0.5541667870156173
-0.45262404863484473
-0.30538797721706223
-0.15967113575400993
-0.058132613407616884
0.3205143642426671
0.505869297497886
0.4699502472271705
0.7252186375656055
0.7652272729319594
0.5379690759593798
0.31111814203136656
-0.04449705929164305
-0.31416746286374697
-0.46812977907011977
-0.49390494574439847
-0.24185733321275027
-0.19292925620299906
-0.07852340283385251
-0.24100385345548947
-0.16545027437555504
-0.2967756498690943
-0.1526547703181692
-0.13087063929637088
0.29991173749003
0.6419301452830019
0.6326137909094799
0.3449487288819546
0.3776450473366101
0.11699644312680035
-0.13000296236017328
-0.19198358436284235
-0.23470830579820912
-0.4028753912422086
-0.3685177248344289
-0.33182945845631706
-0.3876540724224249
-0.34843256962798075
-0.39476897784567666
-0.3859735189545429
-0.275555875267828
-0.07411581490991748
-0.004243032904006849
-0.04740720925024022
-0.19097578751509836
-0.17314085805899948
-0.24590486300058523
-0.07081522010101182
-0.05340550857452908
-0.059936159850289106
-0.10615039052183306
-0.29148597488276784
-0.42753036269642686
-0.4287602778305578
-0.32498228386741634
-0.28030842606415884
0.03290351502863742
0.20603851786679728
0.41738916349038435
0.5833505053200827
0.6479561041890568
0.6032906752648299
0.4147898423121704
0.12780075505988742
0.3743961942962365
0.16521530282872599
0.07371912620314935
0.1616242821440309
0.08412969249909985
0.11956324230069992
0.10455823058346381
-0.2579078000388506
-0.2812595412378224
-0.09915572696162134
0.4102642013032679
0.443710799064595
0.47491289787554414
0.4753214341586318
0.3834450992311791
0.13360862061678314
-0.13441913400092387
-0.18265133883791107
-0.4441049717535599
-0.3894530484595464
-0.213008344281583
0.13357452126332714
0.13993109077869348
0.13276555904109566
0.21562112794630317
-0.18989877599741756
-0.3344557011122138
-0.32139073827529585
-0.26365841508547483
-0.5088931036452893
-0.5614289595695179
-0.6320780879040135
-0.6443964329471474
-0.6105839149445926
-0.5533745351271944
-0.3583946158445733
-0.3742354855252763
-0.38790861445278535
-0.46147495445516185
-0.24363587604470371
-0.07842693684924629
-0.20781350418082645
-0.12678346652102668
0.3798980868507057
0.44445009461996854
0.599601585822213
0.4749503354974498
1.1254911629844182
1.9357041967391302
2.842976831575898
