2.6710350619313092
1.818017506205134
0.49683648322337126
0.0006469518910172667
-0.025213566699669787
0.08210143019276372
-0.19053684088500678
-0.021007721261481094
0.0014636552184810192
0.19145911583745512
0.29507260035176075
0.5419060414491793
0.5675203574766939
0.24923989672748026
0.10761378385800291
-0.037079819019802396
-0.42466610050865317
-0.5920840870489061
-0.6590078877122143
-0.6170765528109603
-0.5843452078262321
-0.4898506893685659
-0.20539780888569026
0.09661708350432074
0.27573915828256845
0.30076667640358634
0.44995477820341734
0.5248430369084628
0.5013357701223825
0.5040229184724313
0.20919282276811257
0.13286813398292918
0.08468582095363264
-0.007939413249766214
-0.2863078758606572
-0.36164017290449135
-0.327597517651417
-0.0036628069434058164
-0.004741275952361956
0.24303306841206773
0.22512731685358156
0.313805778480748
0.10925215648451536
0.4831897533174935
0.6461596957362822
0.4910148017194321
0.34975886077296403
0.18212156726086293
-0.12455384923911306
-0.1797500197447195
-0.21614484064566264
-0.045739749526353846
-0.20828138598474877
-0.013419440965697915
-0.03901881617102865
0.09314663041038185
0.057348360763013195
-0.029885176084581633
0.08640288139403107
0.00451127623437364
0.02482110298899942
-0.02628919147798159
-0.271549585603714
-0.17842363243503356
-0.28375843727630823
-0.3388875016284212
-0.0008230063559320211
0.21602015699983645
0.44023577658744273
0.6388250094525397
0.3024772539049224
0.3373866853531835
0.11028625827182814
-0.15474618099466286
-0.17006366347038238
-0.046749242444921624
0.10062137653162562
0.23563528235540665
0.3068435235491831
0.12870332278476404
0.5522503806831851
0.40031567703944326
0.2813484260740009
0.24779843503496124
0.20701397933792243
-0.1664209342151376
-0.23491265647089077
-0.3066486606121963
-0.3364868688748559
-0.3267318853191352
-0.3103021669083833
-0.21386868362768685
-0.15454636947639233
0.0663843897433265
0.019888986745979276
0.28955134931495263
0.25397377760655016
0.030623712962768335
-0.021108692907440885
0.12610918483996691
0.03311419657100534
-0.2652395198658277
-0.2670765125774195
-0.3348154056410291
-0.05931212172400713
-0.3320331880698848
-0.17267022682480193
0.07093328155455858
-0.10055137704000405
0.19343165485229263
0.023829102181015638
-0.04103136291470699
-0.39313571250673174
-0.5178658754374039
-0.2479542864142934
-0.24384942727100145
-0.22031736247123557
-0.23480129525264437
-0.11422780547962219
-0.23297976081119176
-0.19321283558824598
0.19116097474822336
0.4275422392072885
0.6150549493713016
0.3699114739805287
0.32454862189403144
0.01653032598985349
-0.2386619210898171
-0.4059697899404481
-0.36722343312247197
-0.1685729776844066
-0.18883288428097889
-0.14440858606186113
-0.25994362206864297
0.12992197661263527
0.25538764556378835
0.24695626982809127
0.24163085718339872
0.6113092628433578
0.4853739620566886
0.10760090587461346
0.3665870636582854
0.1308345941318979
0.20062086240690868
0.15587001591548955
-0.005860578150429174
-0.024068211201560885
0.0618731868854151
-0.17813347549012593
-0.008784660913714215
-0.13552596764908664
0.0181311042638842
0.2100148748344367
0.36854881087261726
0.7387269019773665
1.8710128446275742
1.1425930375847977
1.8315167996413102
2.827235871214294
