2.2016476358487425
0.6396296936386385
0.13963630119223702
0.11815373858488587
0.15600224967702947
0.24560552659316182
-0.04354492928679976
-0.0883565371675944
0.08779966619038981
0.3408222774374148
0.3973118994622792
0.2652337238128373
0.7272393606141211
0.5805495720812903
0.9181061830608162
0.7194281808328962
0.536102871622516
0.2302808700361152
-0.16488413287097703
-0.3790091733786142
-0.3928666586085182
-0.4160736327433835
-0.4050084412985002
-0.43051505307928184
-0.18678446071772437
0.013000924913035394
-0.24716918057836101
-0.3056405899154586
-0.6006216025245943
-0.6469024225826887
-0.6398422855190864
-0.6416513128936749
-0.6333571669224294
-0.6325739433030475
-0.6185014605858834
-0.5604101444731222
-0.4592976274463284
-0.49234620977043675
-0.3317404823307404
0.03188115162369953
0.3791857848047884
0.38100053888519925
0.43048459422780294
0.6369233110657888
0.4937787737938607
0.25396964125618493
0.1361274320894158
-0.11632011850727986
-0.4186543848171461
-0.5065653650386601
-0.3714580954090093
-0.21598447427758405
-0.10413904442582222
0.17249250795630178
0.20160245534759502
-0.04120132840002344
-0.17510650527487415
-0.3653213674202247
-0.45498922160522204
-0.6059408656334324
-0.5577996555480234
-0.44909605073300074
-0.43846575432562274
-0.32685212469206304
-0.1311787704908144
-0.3097219905744455
-0.18785412177595606
-0.4484589427192449
-0.3426086776862862
-0.32475616163100285
-0.25120811246650043
-0.028522754245007498
0.1148403249822808
-0.049011878768207895
-0.18258209163851769
-0.18272101625054582
-0.21660633586674627
-0.2826621322642995
-0.09147202652701647
0.279035351178753
0.18334632162964715
0.07275188813874145
-0.11116474194698411
-0.13754638549746756
-0.3962117990188382
-0.27945299175948324
-0.20101441603039283
-0.26550905773994726
-0.26427484595928974
-0.14365556844329352
-0.3993892080627167
-0.2208149807564448
-0.16302821534129064
-0.3020350109620248
-0.15225901801868236
0.03280738391852933
-0.1254845771944234
-0.06947701959336738
0.29339407168016074
0.6697221135588209
0.6004151274275407
0.433818726241992
0.7947712198664614
0.7300249546016981
-0.007934202251046463
0.057814057681663034
0.053530974068121906
-0.09750893859714715
-0.3016024066058103
-0.2695335592937017
-0.1372292738109291
-0.26470367162866415
-0.004090468770191258
0.009627431292143385
-0.10480873723048112
-0.24521538240635676
-0.4080878729988564
-0.47946005095241273
-0.33503881576386196
-0.44861529562667457
-0.5914436699715044
-0.547867848381212
-0.5314510407513937
-0.5604521911264322
-0.3843381214758177
-0.3012022892499471
-0.3347757682335246
-0.22533369924906488
-0.22017849420895041
-0.2963882461861125
-0.20888670310535695
-0.35555492576847614
-0.34434708872212283
-0.2979157609059848
-0.46877118434727016
-0.607732593374412
-0.6162723207097871
-0.637819499453347
-0.6273085298134298
-0.5782526502683887
-0.5175093860728797
-0.3808575151347142
-0.4496303751865156
-0.3608942498008031
-0.23359622462987661
-0.3011446909801564
-0.19600461029949612
-0.29830771196006756
-0.42708449455643827
-0.5142047675953063
-0.5821277678560797
-0.4425780505540873
-0.3751818441564503
-0.27368781140592957
-0.10185425853969987
0.4358718481769114
0.3576873502071216
0.43165810510679414
0.495615514099472
0.26489654207082847
-0.24673117102616904
-0.16624896824904212
-0.14939452673348563
-0.2067396778838475
-0.43012183784072766
-0.31325902621590607
-0.2729623221331796
-0.3823749155821671
-0.26296347524754715
-0.05862222605695899
0.035331359424527475
-0.13932879358804895
-0.15806757548083972
-0.08190329474683
0.2762004199168375
0.31453703958562673
-0.03394173346089702
-0.09358845577989727
0.07020005816198349
-0.08985146971148472
-0.22801605359252208
-0.226970178723922
-0.13198168061218452
-0.12214936727424419
0.09570758452318062
0.021299507324577305
-0.4123886675367021
-0.3450899663854685
-0.3300715304023858
-0.4117234465657369
-0.39026207324735274
-0.27260157224982695
-0.26353885199905025
0.04673875667895899
0.3177654543060816
0.23460693364905727
0.12544616535524833
0.24067927020626434
0.13637434669641257
0.19062216421317746
0.1527630269347101
0.0441536295658429
0.12995906990338812
-0.01265529845207869
-0.2654997332677409
-0.4939012645669232
-0.5795804404163123
-0.6696515748564162
-0.6471892772561987
-0.6684144879241614
-0.6572033836788758
-0.6052657533417509
-0.38548123588234273
-0.14604976217367738
-0.2029301253440785
-0.015578608208777323
0.2513846739194785
0.4440164243659882
0.5225023824867672
0.6483906110599112
0.4352912131901723
0.04934698534235038
0.05813518880822299
0.018440450611272197
-0.32657015683517043
-0.33220876795497645
-0.17119417502858292
-0.07985165370098268
0.10874609372483557
0.22425685063561784
0.4094257514423332
0.34575825966742424
0.28051229710141645
0.10977865370734508
0.14816675657236966
0.0031477737402985095
0.05275722116026671
0.5442028760214701
0.42517051858826527
0.588610733043162
0.5292944301343476
0.36736947420024935
0.4485688024075727
0.2745403135960115
0.18848905400715454
-0.12971274654288567
-0.37273523548447396
-0.3922067042836429
-0.33780862592881244
-0.4435249529381238
-0.6028175474308286
-0.533451380135253
-0.561360633742849
-0.5164388414825949
-0.3858164532268378
-0.25710204249406265
0.07607709822030773
-0.04648945588355824
0.39994309164705144
0.5228331212181526
0.16085657841245038
0.16589480041848614
0.25243179179873365
0.2714987242490815
0.6849568103037798
0.7779671599988582
0.7372835349946996
0.6735831360682151
0.4518588246365405
0.47363361385037417
0.2849940278747818
0.3075041387709312
0.01463826281295455
0.05081222598581281
-0.02385457118154677
-0.08466271168800787
-0.15502112498391118
-0.3336886900105567
-0.10020993105177345
-0.031763713622221745
-0.19109166648744147
-0.25285035148888746
0.1229782844311208
0.1624298228830211
-0.11139299921118162
0.025441098204301626
0.12868177416832638
0.056477736800271794
-0.21227207050868502
-0.1868118675742011
-0.07272162726464448
-0.26280897451550644
-0.017247759723831302
-0.12818643334992486
-0.2484231366531413
-0.16848709918125537
-0.3279857782617901
-0.4955404033274209
-0.6405910966280404
-0.606718834412423
-0.6425988736858239
-0.6283840049579439
-0.5493453143846987
-0.3759535895509901
-0.2243753357558338
-0.1435942620719255
0.2713900157303277
0.24685508368204856
0.5446147621337225
0.5382304060965154
0.5564285990402357
0.3638374001757987
0.22129224045539342
0.21318507599609837
0.4350743679172332
0.5381357688021237
0.34714012397179284
0.3432189350717415
0.16527319861182888
-0.02520149309400599
-0.253494100827226
-0.2601612676488132
-0.0819139494718617
-0.2256634832899168
-0.029513058635808553
-0.035583920264476876
0.13057188614052795
-0.17363821217323494
-0.16454723269851423
-0.3792421343960255
-0.30410322162320524
-0.3352107877033238
-0.35603070674577064
-0.18503608517781056
-0.27737423284979545
-0.16655812650710988
-0.11545736125226735
0.1064343715824505
0.011323677540369337
-0.09195906798004083
-0.4325666709471624
-0.5693896876395279
-0.5630143214278691
-0.5993906049583706
-0.49953711455938343
-0.36867068766007405
0.034289096991931944
0.4052667472246144
0.36711429425173037
0.24359732305391646
0.10606233082984728
-0.04684900599977726
-0.387836060862228
-0.3788791141729445
-0.38658617691816355
-0.20448673397937944
-0.21717965402029904
-0.08659491703029143
0.5416120289741224
0.5803113100276475
0.5219306186393586
0.5215037501878882
0.3731534924433412
0.135120435868068
-0.13472497757306479
-0.18378436177248703
-0.042845741827583605
-0.2106945079468875
-0.007372957417113857
0.02373333163461122
0.10438325813603522
0.09452052264745092
0.22313312058024726
0.21173634737405445
0.22654148846783662
0.14558891896622883
0.15570396939031372
0.019515478505064743
0.017469311406669297
-0.23520160390675193
-0.35142901524668013
-0.3735053761988978
-0.23583704751165135
0.07002082352873329
0.10609531886154622
0.06738068024146415
-0.26549117392614374
-0.15366972267952406
0.055198897065202424
0.0035081606669209453
0.0931716647170473
0.4993436746139752
1.5053254595925833
1.8044536196521266
2.6655155659866083
