3.1815635162251383
2.1102072465531654
0.5696288765405613
0.23457762250226488
0.3060051540514628
-0.037569356268692955
-0.15446197820679541
0.08580393666207353
0.18087922948148616
-0.015380920745421967
-0.16169805321677966
0.05724698445562715
0.07078423286683666
-0.17797338103156302
-0.4615117780301321
-0.5194919800212343
-0.48871554317350885
-0.4788110839319841
-0.41772890754462455
-0.28979519664791265
0.2577060493427654
0.44358267375804106
0.31868996595509425
0.013475988622646762
0.016535164135773717
-0.3280468755594712
-0.37724938430550314
-0.3178141679891475
-0.38506108228640157
-0.4622953782773188
-0.5140542195187274
-0.4612170336301684
-0.379774193535233
-0.3920013348558171
-0.052941932113132695
-0.11987673655812148
-0.1320085456220329
-0.12301081993377383
-0.2037806469264658
-0.11985628567927398
-0.12720758246509012
-0.1694384419246242
-0.23276740946040575
-0.2611670750576329
-0.29844563347786934
0.003258082639350346
0.012821031260377702
0.0754412919037103
0.3184462696569331
0.39332353599886594
0.34221980791886153
0.33497858102058253
0.2719390711938138
0.13629458918799986
0.060977728200354964
-0.13056234873713934
-0.2619033263428038
-0.28278867714568445
-0.34968902881956665
-0.37783772540705673
-0.37235163387497083
0.03922906358979361
0.22901210068398647
0.22640864874161593
0.5638321220053597
0.6789643988418143
0.9180112349758827
0.6030248640191991
0.39688098751021217
0.01922878448967913
-0.052448107888550366
-0.27208593612872733
-0.3872847824982688
-0.514565795701716
-0.4459830063720124
-0.2314201989640189
-0.03630392677867156
-0.058728493906509804
-0.1656883821184556
-0.019885402441030875
0.17146381385210485
0.06342595855720279
-0.049936183092105346
0.10045287931316926
0.09565795596523541
-0.10705805762469633
-0.0011197155283733107
0.2641669707533887
0.5764174646717628
0.567086348737779
0.7715757032116168
0.9419827798224653
0.8829659509635885
0.4215237364030425
0.2060371369571138
0.3553612577513138
0.5200682322717891
0.16484111192481055
-0.02589130247717475
0.14007957826891893
0.4506744724268601
0.16409657629139418
0.4280306629020477
0.44479986764672763
1.527968845619322
2.3080608052428864
