2.754442497574524
1.4444662414752079
0.1809419380558912
0.06629794398878375
0.14237436937724623
0.10905163642738269
0.14666843681684705
0.34896768133618083
0.32632083077798524
0.23044559604562698
0.05022707303346863
-0.12205482478714136
-0.1851853173616096
-0.06742670194785083
-0.25179202813082635
-0.34893855778272376
-0.19795357962223814
-0.17288355209143558
-0.3725096080878427
-0.4071890500145592
-0.369054445556804
-0.335411438376531
-0.34752729638617197
-0.03431516859996775
0.12850100011531407
0.11216361135342157
0.524650270453427
0.7879356477637309
0.511807591439347
0.3141698386626083
0.18630829402615445
-0.13782743566069156
-0.1371796967865171
-0.2336872558113816
0.15685193743593406
0.026041909239632788
0.24479547498099785
0.19663132641667525
0.09760798347761013
-0.06582085529278003
-0.08681933414508725
-0.16302349690406326
-0.35345075164052064
-0.24829026767378992
-0.18005456782444196
-0.4033981165823677
-0.387731558998303
-0.30490595468989734
-0.2875740092789205
-0.4162028448507866
-0.48288502699684943
-0.3500277394985749
-0.37540455622605695
-0.4628340807788801
-0.27038680808846216
-0.10524137306258108
0.0058149966964498034
0.30240176852044665
0.3517722519250426
0.22208578806458124
0.3834728361722908
0.5068073843389894
0.6904714847507804
0.4517666577572811
0.3101643669628317
0.7789632759081656
0.8000156361987322
0.6508998070582063
0.34799691108952524
0.5033090601513215
0.3843159730218737
0.014765177068097546
-0.3330290133948077
-0.4223433458000151
-0.4512196616912769
-0.4590629215493658
-0.4496009781657826
-0.52409297883016
-0.5580113547798893
-0.5107042532722168
-0.49834059847096723
-0.3279638965390934
-0.06313322620461936
0.057252648560761066
0.09422583166410414
0.1561373096923463
0.009142815799807358
0.04159682266213305
-0.0503877372615219
-0.008755562014783669
0.020513351551699643
-0.0423712098461575
0.06448385967472181
0.21170268622387156
0.32105801233498443
0.04368464952836737
-0.17826714035156566
-0.13623599482728843
-0.013485011023473215
-0.205616985335078
-0.3089289258638692
0.20442876737945448
0.2616579777058945
0.21002516606049948
0.014241945859217009
0.06441640335751397
-0.052224340249412915
-0.14952720604788938
0.05860714269664502
0.2543503843322761
0.1956800280983485
0.6373320597681463
0.5670655787550462
0.6642542098649356
0.5284908781149009
0.07809025698109151
0.08778723148557022
-0.23251670033055372
-0.3921508064645354
-0.5030895154431239
-0.3491886454561546
-0.13369708523196322
0.14118218195562648
0.36757879961140316
0.35472485043270796
0.651260405199883
0.4706120591810422
0.42285522210306614
0.07117859351748923
-0.0225576877399013
-0.023360607743952877
-0.019721632034809145
-0.1348519692362825
-0.1060613725679469
-0.1431811357546825
-0.2984854853163681
-0.37775207684367396
-0.442742155697361
-0.21175056630897737
-0.19543352381211065
-0.31625906616323773
-0.30475292092240325
0.04348863941120584
0.1653323728212427
0.19562468697555602
0.5069052923466542
0.44588748870557526
0.3065180478735954
0.18433423754619682
0.05086790009269182
0.14715131797036995
0.18892256139753127
0.3028211403541473
0.09122369446972356
-0.10256491461387529
-0.1711737454385236
-0.24327405930181656
0.22412120717442519
0.25236941043845795
0.4300762722598439
0.48701263888134017
0.4893682597283663
0.07475438231139975
-0.013094291152653925
0.2165389217403325
0.23632700746379542
0.14469528086140515
0.1306752485798658
-0.026092789889925805
-0.04496076797156068
-0.0680137742342698
-0.15676031554726233
-0.18235088167184577
-0.26363399898384543
-0.38007171047457056
-0.5194150191768343
-0.553902404724514
-0.5307083924112468
-0.4672145722464305
-0.25829697247518935
-0.3687980632682716
-0.28871380285249604
0.13376495076432515
0.10615955646346387
0.1346705519850765
0.21987364586906832
0.44454986568179644
0.449752202698393
0.145060542985891
-0.0805164164237463
-0.15342905047002064
-0.3767079098522973
-0.44675881486451674
-0.3535574642132743
-0.2021055905528405
-0.06713609560877731
0.16332684395757113
0.14142759024903306
0.11814778477936805
0.158379535043621
0.17647515815422
0.2265918350652989
0.34249095236379445
0.21863033518199837
0.1176124339669079
0.23015990232927575
0.30187236098131476
0.2909751053419265
0.24998198582179298
-0.10403785945241861
-0.018180150913586268
-0.1192527313856313
-0.13360232372792724
-0.16557178858652788
-0.3340028317872694
-0.5667833929148856
-0.5520548566347794
-0.5762238049363784
-0.5145934723022105
-0.3460483724162764
-0.013111487280197731
0.14035247875284385
0.6342284091189081
0.709376875117894
0.8917204341187863
0.37237609826175133
-0.011219852904103322
-0.06262208720374174
-0.23065285798940272
-0.5160549183647505
-0.5082271452807883
-0.32478664053646
-0.333584372983583
-0.27822587516008623
-0.08512158869235853
0.18192451576831636
0.2679439015862416
0.38630542179327765
0.4020813050063108
0.3155131974738189
0.2567003228880842
-0.01464378453895221
-0.047551047327457074
0.1895881705753285
0.12674991281374126
0.013467741827478563
0.12420475044114077
-0.1440165131344462
0.04329503382737543
0.33787693579611333
0.3716410535802773
1.6204562252116503
2.5232048654380748
