2.52073934127662
0.5506934433831061
0.5018589685803685
0.5862413204702763
0.37377413442730234
0.40879780913123653
0.32233580363006575
0.5331089197876759
0.4933811227027093
0.33068754670195866
0.13448741497982253
-0.08536688514281954
-0.3126605013632222
-0.38660224746545513
-0.10935763125599307
-0.03434790488587025
-0.09306548291068206
0.07550452908377792
0.08395962272730528
0.17628250283378788
0.13310957265975965
0.07420597139498097
-0.13863658814260083
-0.2907582283769895
-0.23150762672153125
-0.0355239381723047
0.2857071452142147
0.2325517038817686
0.3936663682170919
0.405295460102296
0.27271218972327016
0.14248149265275944
-0.15469551412882898
-0.12676931483416598
0.05226902334267858
-0.11108159917243898
-0.277968524350914
-0.15154206747875687
-0.03209816964412704
-0.12668489523369708
-0.10480958889974856
-0.00644240046684752
0.10318225199513198
0.20393488335552767
0.29821622491035815
0.358450063548006
0.267140742390766
0.39408345018022106
0.4059126235785645
0.08732011011028007
-0.16259577577992068
-0.3379086991644491
-0.31503260877734995
-0.48345742093047894
-0.3269830916086094
-0.42372962612874443
-0.28194150231179593
-0.10309251559835475
0.14745146122620678
0.23283235413547154
0.15078113493713696
0.20338312664427527
-0.04277929780699685
-0.29598568370908906
-0.2312153326201658
-0.2700075246235154
-0.07672692332741637
-0.1092497409010299
-0.03997653247885202
0.0729844564415959
0.09212977593598026
0.14319528806961923
0.39611916488889876
0.3665766066590104
0.3300612041410931
0.2757053233670794
0.2985677472821765
0.26320204636182565
0.3271237022899568
0.012181040438934865
0.0863087151671924
-0.10211660087807461
-0.28676251329572455
-0.4005983173321178
-0.40523870855528377
-0.15754006750635408
-0.1916798691040521
-0.16882892800765759
0.09126575025300765
0.28238063931774304
0.18769473207487775
0.2229117361568449
0.21425794994074077
0.26960227752067256
0.3872589797299769
0.48157424049314934
0.6521572134845801
0.6047763768608214
0.6563153503091541
0.5323999180763179
0.2585677787330808
0.02381623503091157
0.08343979424592918
0.2701952316572782
0.39123862481926863
0.251559812184163
0.3575792518855817
1.342193185325466
