2.322053432385551
1.3963253256290442
0.7065080525980879
0.13964556967249286
0.203351991813423
-0.02171090582018609
0.10522636727660195
0.3867752582690992
0.6713819101465058
0.6337776503119712
0.3578261152999249
0.2310156810968904
-0.0027017576178127722
-0.3051536475628668
-0.2958660455782457
-0.3883338749856312
-0.2366764067650715
-0.23340872243948896
0.17730868488438833
0.13324029682402816
0.0669781170807815
0.10735736657523609
0.10613020505058635
0.009696281599983814
0.11969420755949811
0.23149877863795265
-0.19436257246345912
-0.2987662576917499
-0.12508516510060197
-0.2984991873725511
-0.36349993472811004
-0.2554678980362073
0.040617976245904464
0.10782023741818014
0.1642578966007483
0.03027737609465364
-0.1297081898462038
-0.10419420195317197
-0.24038075101879652
-0.25588706796394955
-0.3121560755519155
-0.4917236622098786
-0.3736732051614464
-0.38903058411757696
-0.1512002547311443
-0.19360141046476476
0.38797972261130154
0.40092004286502103
0.30512496461841687
0.34765483783384477
0.21458693082435387
0.643702973900846
0.9253777600751891
0.7094251955318376
0.5482854605778915
0.4261472913664117
0.3291182975669448
0.2872625876882178
0.2605601866730556
0.1073536891316842
0.4758966321593582
0.41288655573971067
0.5952732978907699
0.8840273188433757
0.6099575668514342
0.7946534202442166
0.43904438279559077
0.4415640395330057
1.4369606006859503
0.961894071042909
1.3631415222687704
