2.874518049768188
1.9956489452533044
0.7525158916963898
0.2483137013843918
0.08771241827021803
-0.33599164727327313
-0.3418957307983379
-0.5607108622924124
-0.6112297018086066
-0.5884379006016922
-0.5572222107158915
-0.40645210899970785
-0.3299083911823335
-0.2700763803338796
-0.33190440797248
-0.2169898788009763
-0.10491067831925993
-0.1314398671257998
-0.09790992788869257
-0.20939680077986456
-0.34820274077131474
-0.3506838549398119
-0.24737508876002323
-0.2790346516875236
-0.15524478521414198
0.01803214405785092
0.1712465919637225
-0.10852155781651018
-0.3349546212438882
-0.2702907788494413
-0.5186469134958007
-0.6041454152955914
-0.4805665632131224
-0.3510417466504706
0.06392313762024993
0.09103229041562144
0.33466084462867784
0.23844737191116705
0.006980125167065587
0.10215819949620986
0.3018776629193757
0.223251259997302
0.4261842067603565
0.4486138384762618
0.34069375725937934
0.40359050980681355
0.1568377311052923
0.3380562816850443
0.2011465052740663
-0.0321028516849321
-0.14218107619995457
-0.19965204121583935
-0.12189751254087688
-0.22811065450663537
-0.2420134642902021
-0.29997866273838625
0.056479424970935166
0.1159910961831534
0.025346587884413574
0.1480278595555743
0.13396768198890285
0.10331163881340366
0.06267304891203918
0.2732703357934494
0.59273186962505
0.4751829983220395
0.6375111273316637
0.6456527671785659
0.18682938711566766
0.4813271289705475
0.3564337523221026
0.19577423365715618
0.07641590790216912
0.12120390565936401
-0.0063685946707460195
-0.06624264396270552
-0.028944758023622286
-0.20421537363754405
-0.1839994787587208
-0.05847780374643541
0.20428769473434694
0.15065386438263095
-0.005893060566406483
-0.031392255738829644
-0.3034908978793549
-0.47029362787410545
-0.5196266889523193
-0.4185320415349827
-0.34760378784367185
-0.04808815033275271
0.10602680109304452
0.3191615237526909
0.12128083013527768
-0.19539748655385392
-0.04872372113482959
-0.08280566344219742
-0.07971645288311835
-0.1767807330114941
0.05422663553161422
-0.20170197439888893
-0.2969293950496925
-0.0963263609190591
0.03663234228173129
0.05167364445613343
-0.23434944325904794
-0.10407464613261486
0.35153228122852187
0.41044685642559753
0.22088741314914406
0.5640981887661685
0.6618172420349446
0.40113490894734805
0.3013984103683961
-0.040837281956865534
-0.1294440546321215
-0.3191902737910177
-0.49956289827099876
-0.41372761432187133
-0.48037518948268887
-0.20846461855339737
-0.1391186853262465
-0.07484533251288994
-0.09194560247128569
0.09407800185970616
-0.12618782934111206
-0.08089019410670784
-0.1500272521914947
0.2458575962275692
0.4008836146260055
0.012875340261522927
-0.20101381736783153
-0.20292090406858787
-0.022225473848159427
-0.44161869984003177
-0.4454719782531751
-0.5517004012958293
-0.5317501855331788
-0.45585861145368634
-0.1580036184670104
0.10443308803895313
0.18226218008128847
0.19920265602512544
0.2578145367054051
0.526499481441305
0.2950888086231196
-0.049798899421252374
-0.08799927435186661
-0.20864606752496806
-0.37595243333212003
-0.24386443291923376
-0.28806531460957685
-0.4341131753406814
-0.4711076543545878
-0.3563806080238181
-0.06641793474202784
-0.07597728837852114
0.02990093544637462
0.06586445864780055
-0.11399988431947994
-0.05418092062048141
0.10941445655802262
0.1272217491364348
0.06486938065736958
0.15958723976912392
0.356382525112236
0.5257986408384054
0.22542660522465818
0.37856907047603716
0.5590850269969906
0.4673047516904274
0.19949436303371537
0.2218444254184575
0.05703224723365552
0.1298089454520458
0.4034606411854462
0.6972902694691391
0.30676460894667656
0.8446376429087059
0.8476901989511281
0.7799711278422949
0.707823767397691
0.3403207113244743
0.32363611874827825
-0.021109002016919898
-0.25530587608455935
-0.37446750221890923
-0.32541138457708974
-0.3417082112557859
-0.33258608511840926
-0.32564087887772486
-0.30691875161771776
0.07319196854122356
0.36174592567882113
0.6239332658250577
0.5937414079064824
0.4328938515404066
0.763901110973583
0.6731436230007846
0.24253446969697012
0.011041567644283434
-0.3116462270066358
-0.5176549066173057
-0.5506170094141594
-0.5883302654274005
-0.6198554613606844
-0.4887305057267626
-0.07742287028659967
0.19744288298391777
0.48158688483210943
0.33136456454969165
0.44302444101209837
0.43148809470819516
0.35271715956722893
-0.0635079324136193
-0.553947215679242
-0.5610466312749705
-0.646270470346672
-0.635650007785334
-0.5495743860905873
-0.08902241553055878
0.36808890365949143
0.401793610372684
0.7420278538299186
0.4615725313713499
0.2894965863274902
0.009385513531394829
-0.03416115841348366
-0.2860220091557619
-0.21733095662919621
-0.438969412029931
-0.43196358874526974
-0.43194761156073325
-0.22517721172246707
-0.1113397529586807
-0.10530168312436683
-0.0642214281778799
-0.21306947856997216
-0.3289466739717396
-0.18998458625542491
-0.28213985869538183
-0.3959368004206193
-0.3381584755120206
-0.22120976654123126
-0.4279824231980036
-0.39005107354988344
-0.17010509559053388
-0.003793109492002067
-0.16500620113108277
-0.12109967892142437
0.3394711680193111
0.3652497747316946
0.07636750718983742
0.20682933017897132
0.4949034974940947
0.6157307434608751
0.4501915070671212
0.6356782304280255
0.4558018543838661
0.38755097582158593
0.10824407679373838
-0.17102129912255626
-0.2580059249442538
-0.16398036013089312
0.19789671713478385
0.13619130813939195
0.1260474056924219
-0.02021703491429694
-0.171808512402422
-0.25150931094409246
-0.1340774467041419
-0.09889489355036152
-0.062493535972891534
-0.13077315975552495
-0.1926132508973174
-0.4087620814487408
-0.4528896539611261
-0.39017753490317786
-0.49636071517678015
-0.5349056787561499
-0.5212189366847
-0.3815467838953761
-0.5698296265756306
-0.6180591812492378
-0.5981940475630396
-0.5802442617141335
-0.5659814512363761
-0.4161345827618276
-0.09746225957792454
-0.05438271247359938
-0.06002409783380158
-0.3158181672894662
-0.1717518125466151
-0.38965349079664646
-0.3126303792534534
-0.16749212455625928
-0.17735761515664927
0.11033477598492314
0.3160747979258983
0.5385994210666633
0.4115163261855673
0.31692714439889025
0.04738436281053848
-0.0802327278019288
-0.414736496457184
-0.45363378242681707
-0.519787687131205
-0.4991104832936577
-0.47867774007337327
-0.4811038878352947
-0.4457473102802174
-0.518583399813656
-0.3415230904182316
-0.34556734396972155
-0.4816639988448954
-0.5802487592489163
-0.4785788587692188
-0.3691870241422308
-0.2722927303896908
-0.1577560181880273
0.0944299140543785
0.08714732741700393
0.3093917103591951
0.17562584688617655
-0.051071836296249895
0.030962468192865966
-0.09466107597284124
0.0787311892052257
-0.14001257576121007
-0.3868718088189024
-0.44504874323345134
-0.3925356910859926
-0.4278726866563727
-0.5497883305499476
-0.6108466176537153
-0.611394055853798
-0.5184830582569246
-0.5164538272696608
-0.3469395929359158
-0.10887813275957559
-0.0317730347748032
0.06555963416541599
0.08953964099167522
0.2807398710007384
0.22880099789782626
0.034057622611561644
-0.06725464791990143
-0.1311464227597302
-0.07787422590849546
-0.38296373162101927
-0.5683133390441519
-0.38555861626805044
-0.337795693170695
-0.4935425897025836
-0.46621258253277653
-0.1387778756167659
-0.0058909229837051935
-0.08972337133215913
0.20406352842218378
0.5393820967366026
0.4511686864880774
0.41076777780223506
0.11200987962866527
0.1510224627914567
0.08551554595337785
0.22670346758943205
0.07001938409536457
0.11638661124988925
0.26177811341194235
0.12901828857735154
-0.018973145480586595
-0.04396790319353849
0.3795964061639394
0.40255263462977486
0.45908541960045457
0.3876484875146615
0.06656419654920898
0.12159846101101612
0.3969519148703693
0.3068331768610292
0.44951632332327707
0.9771833467542146
0.9219700484291664
0.7188180774541687
0.4983912869723437
0.06550889675488458
-0.15687965125913095
-0.3537456448579447
-0.18091534922382102
-0.33758039634785986
-0.2689406320863379
0.04092666374749632
-0.004242657318739851
-0.250781604364005
-0.22160251561595667
-0.2233278649202377
-0.4516465778569938
-0.3948130085991597
-0.07620813917340952
-0.026074090006884876
-0.04858007869751191
-0.027447670496007825
0.033003555577890586
0.04123679298511218
0.01790948524072189
-0.3633023761299019
-0.32749559624778635
-0.44899958996141687
-0.37856785947210314
-0.2480503092600208
-0.11007047738892362
-0.0883034920328386
-0.18755365427738446
0.15703234780289377
0.35093608338466586
0.2636697035638814
0.25080370423902376
0.43110409611882883
0.34115085523659705
0.012941051994464048
0.14908941742982473
0.08404231788409189
-0.24661755968326982
-0.37450603844260866
-0.24424755411210586
-0.1550624437988991
-0.13822219708296246
0.13692829139724605
0.2737654093015782
0.25333553045599455
0.3509676184612879
0.5523972443591688
0.46991896381808207
0.158066416178696
0.15052716270142696
0.08079750262905938
-0.2076300103237223
-0.13984075665261464
-0.034421677008955154
-0.004726310701040681
-0.1876034726755521
0.054393811498464895
0.03633428756830448
-0.2748320800151278
-0.29071559171118677
0.024154725109841957
0.1401520451948307
0.042631789509496865
0.19522999634543203
0.9907958280488369
1.4482561895269566
1.8136839955896202
2.70402005711935
