3.0995231633668605
2.403059208108842
1.4516751625830324
0.6696106540711387
0.20137822759981905
-0.027332448036623824
-0.23531715941135378
-0.13324137192761587
0.18303312861323184
0.299069511428663
0.12853442641633506
0.22497645013567769
0.27011421051111084
0.4714715783084935
0.28403231628869974
1.756407570618901e-05
0.05971228040895149
0.046773889192587736
-0.3823433454484473
-0.47033011259747437
-0.43079248148023574
-0.3690281650172166
-0.46909965494986183
-0.27685674365876345
-0.22688733651056014
-0.3345811746499594
-0.22208698811963035
-0.1512441909168324
-0.15482529595238448
0.07686114645979025
0.2999336786328869
0.2310134035749396
0.3441690558159154
0.3134264984613836
0.056181770066483616
-0.06837875759134249
0.033775854227662605
-0.15924683033564846
-0.1002909644915847
0.1509298981871634
0.16240431919738996
0.004713532366288686
0.14525526246618548
0.3714055421524193
0.25270905894723195
-0.02129536372810048
0.21286268084989712
0.2316169453807826
0.1386138422098674
0.04612425645893492
0.028984679408485703
0.3158445937957046
0.039998190985449544
0.01564494610056988
-0.06643783593269514
-0.4456428154594737
-0.42811086293861433
-0.4377764966885769
-0.459487887584741
-0.21770139208184514
-0.45896828321424177
-0.48010912579377996
-0.34709368152625886
-0.11207472987387634
-0.03674945389081563
0.24813902498296248
0.47751564666816615
0.592479487277791
0.5407654792046386
0.2626275621195757
0.13759049531176493
-0.05354589208616156
-0.41398567496929994
-0.5376923252245052
-0.47338531295129016
-0.4786762246184999
-0.4514810950876109
0.020963500941324265
0.30195321704205846
0.688301922159513
0.33240209782825847
0.3972078438523067
0.24273493586112993
-0.13248786208902907
-0.37021235416756537
-0.21396523663176437
-0.07810918492770136
-0.11120874934875868
0.005321463011090155
0.18769073157512883
0.5432038684246964
0.40164948886919094
0.4431506036684325
0.6365038946213887
0.9232968573123356
0.8577830174128437
0.4233009429745421
0.553851924018391
0.2771201664002404
0.0033377757591791513
0.17497079660124126
0.18441851179314295
-0.3185556433627208
-0.2521578781272953
-0.24307203121118826
-0.143123368539949
-0.3002096810821545
-0.04974686070121159
-0.01388538590721411
-0.10241925698725585
0.08989841750587979
0.31929141835146035
0.5435326592133003
0.27371650607462217
0.19756680687418604
0.5054312765548681
0.5298581351575271
0.20167845669203033
-0.06010010551965894
-0.4540516994541024
-0.5409675205744189
-0.6289575948534876
-0.6441031744102155
-0.6079063543800212
-0.5284302477219718
-0.33507688364507837
-0.17687345313950065
-0.0018337502799635752
0.18764538264579855
0.14464284394044336
-0.160995927464895
-0.19581968439330621
0.012650694335866852
-0.03649044584411498
0.18871803707568235
0.16404424932054984
0.23047897137497841
0.08640857924619816
0.24708448945964512
0.02709085025973712
0.04759369923685164
-0.039811086812166496
0.06899186429154847
-0.11394039317897664
-0.20343511465726538
-0.5039160721078737
-0.6123708739929448
-0.6299786204470468
-0.5789863259323678
-0.4945165622558614
-0.5133219868050982
-0.27131147765123487
-0.2318927342746635
-0.24439077561257183
-0.2710997858715226
-0.05296265617339835
0.19338510394973296
0.1866072230247604
0.29284218787474425
0.08069690526813333
0.29393157954554094
0.030493244178256718
-0.031754253898940155
0.08039553259142362
-0.06513099012451007
0.017151165577566685
0.23357804940299198
0.06813862900595813
0.05475809223171968
-0.26252081743693656
-0.4756821138558507
-0.5720204169090999
-0.576928630256363
-0.5251775798762397
-0.23730130495079194
0.045671362587741404
0.04333416637500176
0.18305651329922457
0.13903064215475547
-0.20416103568704025
-0.26873164011996187
-0.13277287021874884
0.07817628237080121
0.22382904624387612
-0.0992452973064969
0.07517518522517341
-0.021305562852970583
-0.14985593639221806
0.114399701212762
0.3258560887167564
0.0505298518967362
0.029106815865713842
-0.04381675433948218
-0.0875598416258786
0.13604391050730236
0.3540910216974752
0.12659991992423025
-0.039014166041507314
-0.15330049902932763
-0.2261423527008508
-0.2238903838462588
-0.3496289266796859
-0.3730438127942215
-0.5140242433123543
-0.511949608334477
-0.4082203396932138
-0.3078558924068968
0.00940788018379135
0.3054125059329048
0.36638236236437693
0.40435204664179314
0.4057481985089615
0.16603906293721937
-0.022435427492869864
0.04544991101368634
0.19103200850924174
-0.013529133468890064
-0.11264980596429897
-0.10632833511244011
-0.12141170618089703
-0.0783766685817241
-0.07540632538483705
-0.37112401460334477
-0.47064933008589516
-0.4216224338372193
-0.2784999892985712
-0.1285994314454555
-0.18346922747601313
-0.37395635364318913
-0.1362655709876439
0.01400319822512841
-0.08285889983166472
-0.13261416164174067
0.01508595984989114
-0.24372859207133857
0.19126785584007144
-0.00607267229257602
-0.17846722332227583
-0.17517517162101026
-0.3370749862589837
-0.31290070052784824
-0.1501698125975902
-0.2368565599458078
-0.354850543359839
-0.42973834480948114
-0.3693599616335439
-0.15387277638377772
-0.21921702312399516
0.0739787142868924
0.1234791065551828
-0.23611525852898063
-0.17458656908637626
0.2899754372998349
0.45923532402895295
0.4642496939534273
0.7512382404217932
0.8639144030054948
0.8669527691760859
0.5125954000702543
0.48850174847634475
0.5834781643811281
0.4980519650880072
0.40204155002122455
0.24327461781762982
0.03781249818517163
0.01731371664301773
-0.034530086214462075
-0.10835678148652783
-0.18008579726712892
-0.1428881286671
-0.3520453949259015
-0.34995571211331367
-0.20341250654167298
-0.1349460331961443
-0.09517155390004317
-0.01568675325379998
0.11476524196281335
0.1475607397918013
-0.20942439232384236
0.04085635066461446
0.061626678550575575
0.02168226615621527
-0.06412918849599591
0.007841795429521348
0.03684605583987244
0.1550779990472867
-0.022528613141677978
-0.19005557507795423
-0.03687471825980315
-0.1951691656445379
-0.25627743655463586
-0.3359232290831857
-0.1509423653646037
-0.04789863536362915
0.19124803005531288
0.24767399849818772
0.05232631362439766
-0.21703453078189772
-0.32065081144291463
-0.3736212600045554
-0.5662975737735525
-0.5871037135752886
-0.5617977240807666
-0.507222464175118
-0.4881162126394747
-0.34791246510674656
-0.2504176909660364
-0.2500358651471737
0.0013093282284533103
0.10349063129851221
0.043127612236590784
-0.05514306976461236
0.18589439787311302
0.1648288014764595
0.0037971381944722493
-0.25000393503419316
-0.4821986071941906
-0.567295312423203
-0.6180716336314307
-0.5841642181593034
-0.2077113162776557
-0.2080148824802488
-0.10451362656930863
-0.01093151181620644
-0.10890676510651986
-0.32021231511566217
-0.5264595794733524
-0.507484836675328
-0.5485586191529619
-0.2879442955299276
0.02543781311499682
0.025590439894572437
0.15909812854261174
0.08072680011955835
0.40690174861452455
0.329035045758715
0.23040592318323017
0.05966592445070029
-0.1788110181944348
-0.49018487924924536
-0.5231507114132483
-0.5564718551560575
-0.48304479550708024
-0.643812029594744
-0.5632310639001625
-0.39335815171426636
-0.26842628931929924
-0.33735336562437546
0.051412923817507505
0.15292725662288476
0.025986295279970872
0.18571430421827118
0.5238342089898905
1.0543820971560411
0.5261347255162855
0.1807196730758296
0.11024706626581326
0.037285949078192826
-0.04214219651906448
-0.2348309374662082
-0.39187507417237843
-0.5661770878304586
-0.6271348839040594
-0.6396250108645674
-0.5809408214482041
-0.3496590989030006
-0.1925127591159983
-0.014961643956374338
0.04776487035796162
0.2649703860313656
0.1811278946393413
-0.07636718060224756
-0.06482871715010052
-0.09280093315988003
-0.015520018993732343
0.04120668414200279
-0.05451517891399671
0.11405895656875864
0.13726302135045554
-0.11464070393760917
0.03586942218578948
0.4310001630500724
0.4380993614315656
0.30197790276187464
0.14084960839129157
0.12849415455452962
-0.0475957581452473
-0.13852589701966578
0.05985970417164288
0.16280208303344168
0.07669864075757937
-0.18576960269624576
-0.35639886062190773
-0.45672203244234466
-0.5079934076584205
-0.48679660747475095
-0.3271221828158777
-0.1454299595623264
0.23568897241358566
0.2858903782554476
0.252405944056866
0.2690901968761614
0.4673405363442876
0.32706589213327364
-0.07801172772794907
-0.22837506122241757
-0.3336523139736568
-0.3739018211009687
-0.30723469356096345
-0.263069541278691
-0.07875410637788183
-0.2869237107766093
-0.21481095783576465
-0.14508943339417713
-0.41899233975613215
-0.4103216442434542
-0.4898902540853176
-0.5171722660127513
-0.4981166150729919
-0.4840279446030462
-0.20412382788851002
-0.06470569305995355
-0.1004969435541283
0.23710869309983695
0.3616078186195518
0.5783291809584075
0.34218075747923304
0.5147426175782651
0.7272334619083239
0.9537001896662646
0.9700202724182101
0.9721526430693351
0.5685382472885809
0.30704726315764674
0.5704195973204996
0.25574459058309273
0.2437273556428553
0.10525298823342333
-0.15917854622450633
-0.2299503772870214
0.08196935624911494
0.1551421249276177
0.07612266200524154
0.3325348338552717
0.6578907932597643
1.0884460881779738
0.8179785558305948
0.7353816631614016
0.7099887316902227
0.6559408273904261
0.5271515899865841
0.25359421832682494
0.2073175353746214
0.12559021037983753
0.001731731519098001
-0.027163924057773348
-0.20598918298962632
-0.26431333443689464
-0.10626990953788795
0.07727870432523687
0.06507745743863824
0.31425548670823145
0.37076268633463094
0.5511715431535779
0.4771143648843612
0.08716080332479259
-0.4277728015171358
-0.3943443728105943
-0.5606365647665703
-0.6471898354901144
-0.6600501371976584
-0.5497770384634577
-0.4883683630395217
-0.4686381792838268
-0.3159679996463537
-0.2897726428704819
-0.14609615503956608
-0.0370409964341768
0.039915780471826645
-0.07838016767666689
-0.09034220960957895
-0.07559384607209652
-0.27167174628755864
-0.15661493517624936
0.11395379173865083
-0.020672607281488453
-0.02991340647960261
0.25315446721332047
0.38482493354372027
0.34086395989119733
0.1022951788793185
-0.167352171578096
-0.23196554985383577
-0.4306354259976952
-0.4567239473682384
-0.42134623110208125
-0.4257681260026773
-0.4269051818861419
-0.29917539901362966
-0.2000933168790726
-0.35884413175864593
-0.30750703759209697
-0.13888107383209325
-0.2238264122271234
-0.3141196320518851
0.0013729029827680428
0.13080120764838254
-0.24997859644381104
-0.2256998514485382
0.04340571607866228
0.08271556444700368
-0.01841476855716495
-0.2907970211388121
-0.23324753186345903
-0.48896985008876204
-0.4483519114337018
-0.4839624632048536
-0.438801318876997
-0.4869975686417485
-0.4373564708884832
-0.28736994538244376
-0.2143804730713108
0.004509200721332651
-0.03455919335665569
0.015288532577901193
-0.3124562663452658
-0.4319702562661569
-0.4816020610869136
-0.3458125335346769
-0.42604232919430585
-0.39076376278438163
-0.19823341226651703
-0.18378934039748507
-0.38655417546579673
-0.4959186012830892
-0.36681099141892926
-0.2641858710194097
-0.2917447019594299
-0.05015139786885425
-0.1844222436377867
-0.08323073906129896
-0.1295223958040177
-0.42060842791530784
-0.4967915541011989
-0.44261752519990827
-0.4748465966600284
-0.5654180958888497
-0.24929830384151996
-0.028139602378265405
-0.21796757398880773
-0.060867137510582925
0.39755388611239195
0.03146541094657884
-0.3688577871334403
-0.31805353429118643
-0.22423676675930926
-0.1808560768525047
-0.12473316114266053
0.1548893727898094
0.31963426581065524
0.16603450991685376
0.3401385509823983
0.751181355143386
0.46991512146581293
0.3077330525369769
0.34725008459218776
0.09265095812535473
-0.3280973989223471
-0.2531006258952222
-0.27667347991979874
-0.1923803635029535
-0.38419487591339774
-0.0033845076305107913
-0.19189571651975101
-0.3950980751197638
-0.30336875415891074
-0.23513112339699238
-0.24732987564457165
-0.14008298197449887
0.06186919463092011
-0.017960617721835992
-0.24140901694939676
-0.06525752798379969
0.089192971697721
-0.17048919690691466
-0.07841619914281539
0.08912866150632293
0.3106318873319308
-0.0026523204144032198
0.1965536365886792
0.3766832295184799
0.22825097623282165
0.05306101939601349
0.29087595831737956
0.450019395373111
0.007486327399342296
0.16130641273881374
0.03234174120652722
-0.11074853899744519
-0.3842099022888015
-0.4940229363183404
-0.4002013465410519
-0.4004056105107978
-0.4146942674414369
-0.3807509272771359
-0.14355811115674988
-0.07647043149559862
-0.18536853743042747
-0.30637957341497213
-0.31541300543805173
-0.47629357224707025
-0.5304623234034895
-0.395432711677282
-0.45031280959176223
-0.312437601020754
-0.4724769372847657
-0.2672182181940008
0.03414403070718741
0.11934452062688161
0.22757341654908514
0.3776766204981482
0.1675294895945426
0.44517045197937877
0.5713425545255397
0.17269332583993469
0.08011994126102973
-0.4104771392299047
-0.46272605535285594
-0.507583718454063
-0.6169501202260657
-0.6534975518102732
-0.6315353052918196
-0.5631136114704682
-0.4780986700756975
-0.1659141735997708
0.14328906470019764
0.35983062835952984
0.4723716559982005
0.13739374000697735
0.2993246462387805
0.1511735460447976
0.08910535904437134
0.29333327284548916
0.4384661638551409
0.03922809916393
-0.19559248606285162
-0.07844769634712379
-0.14144330772716718
-0.4041915362794932
-0.442543558813451
-0.3514917544448922
-0.42200031365546287
-0.4604981202065228
-0.3549800827555274
-0.12045835592449439
-0.1765984501743162
0.2199896961404767
0.2221732280681119
0.3846622624380279
0.34113448967401894
0.46415721661547726
0.6489105909626393
0.6645098394017857
0.4844399077880339
0.4568437584178138
0.2875739874113349
0.34544866873167623
0.3040154465544953
-0.03709518290054392
-0.016690939232519297
-0.2528216897788942
-0.24372418042412425
-0.5748553661102314
-0.6269463651743965
-0.5866959348582272
-0.5669354383606757
-0.4981045184855628
-0.48444676980179846
-0.43683552573444495
-0.34524513387702105
-0.05284536676163265
0.04858371353363067
0.08825949526977372
0.40061771339247776
0.4254694791558722
0.35987691299677105
0.2862072404578233
0.585906307968767
1.7281521311060808
1.616549727890473
2.498323485769153
