2.875148932967958
2.020904907813703
0.9240071727633076
0.6334534936104634
0.22769589699876835
0.28600146488773437
0.11186816008878486
-0.2806381643810595
-0.44810359270977074
-0.37271783453853
-0.4521504528025164
-0.5121268922455082
-0.35705119675218877
-0.269122796283116
-0.22995241363626284
-0.2825463251442438
-0.11375333175200442
0.1475996892502851
0.14236646793704133
-0.048833553701649324
-0.016958946587996016
0.028452016136401914
-0.1203701788209065
-0.10182181656133638
-0.004356284785367093
0.4322466747699373
0.735957165358845
0.9461158461369681
0.786410809708986
0.49930823633121435
0.19818968708305962
-0.11503413654019357
-0.36665477771717025
-0.2877241164266815
-0.06911933766721157
-0.042470979579300794
0.43998093219716117
0.34127620900915967
0.3052205895343547
-0.019937399598752736
-0.1164656760729903
-0.1941552253275718
-0.3689903106550265
-0.4644614418476112
-0.620285462502375
-0.612733471109874
-0.6385077854168117
-0.6297618930080118
-0.5408874793358054
-0.46169450720023886
-0.5449950580429213
-0.5625736188429558
-0.36288645746882087
-0.3853285911617944
-0.42064555991947217
-0.45538618145130894
-0.2517853543849746
-0.15371605341466676
-0.38647426136537866
-0.43043805349526554
-0.4300261759495917
-0.5202135455265049
-0.5021323422990864
-0.5180215942356776
-0.3914104502111939
-0.09978161867886548
-0.14373303627980116
0.3111157924356329
0.3848248541599498
0.2518470690377955
0.5234129597451258
0.19124539599459278
0.21138805817132422
0.23401951495568374
0.35974412304797676
0.11522667589921509
-0.286157807548614
-0.24812784183724435
-0.5703834326013464
-0.6172982414341923
-0.6535104665985751
-0.6455916343520092
-0.6155424464241774
-0.5043601081180384
-0.33669750080428407
-0.2213479148057913
-0.35358798073152276
-0.15436913116604278
-0.14712893474690747
-0.13271806990096569
-0.1978124365218853
-0.42146663232109005
-0.5259719655788333
-0.5144508001903427
-0.3707900821318416
-0.3935001512625115
-0.38753464071835675
-0.391389115610254
-0.3365159364407293
-0.3867893155356148
-0.32327936432474513
-0.4456974680889445
-0.4241734018049106
-0.24939434625613432
-0.36024883437997257
-0.4425386062885268
-0.13495770259022266
0.3855853086486122
0.5076999219877225
0.0664213216183962
0.26389268136647437
0.22627492080709577
0.11415153436245706
0.04968123852267514
-0.06295667422739948
-0.18210057214060837
-0.4083502065864746
-0.4265619604289562
-0.27917914069434246
-0.3357458578042699
-0.35699182599863843
-0.14821240229949817
-0.26066725158546333
-0.4058739443158321
-0.33181709562060635
-0.321583147705231
-0.17121284318605112
0.16895390841349522
0.4429152384398036
0.11965054706199363
0.28248768424624726
0.4615534465551553
0.5846923677083179
0.3837574380025788
0.2364457147318526
0.4942651100911645
0.8966874541115903
1.7192332379721775
2.9469077195888733
