2.5747200185316466
2.6716598925429182
1.0252391770273601
0.6086963898486231
0.5067650175717846
0.07658446752128834
-0.19961100358740647
-0.14838270880302507
0.14895097268077628
0.15160581071939205
0.18860762720554214
0.10574807783952078
0.11837573936178691
0.04634148522506465
-0.12190554169999557
-0.2581329248280395
-0.23510130491063053
0.01547927665986737
0.7054527528400337
0.30658116316287454
0.4228969746843865
0.6116506682148979
0.3196966601992267
-0.01860906192361267
0.0116955715115733
0.03683573363757797
-0.19205530372277602
-0.24891004902731395
-0.09250908263925917
-0.22344917710427614
-0.1669038139571617
-0.3139133966115075
-0.08277384591822778
0.07125498637504502
0.043630643449912965
0.15093753389401043
0.15455098566794168
0.15391426428096233
0.3204099590966262
0.7312597085148065
0.8782975758146823
0.5313724632611716
0.35301249334689033
0.19175579343604598
-0.053053146927542705
-0.39847711546781506
-0.47769895557488806
-0.523902736881311
-0.5059848101573861
-0.3247493155750778
0.006067111918733437
0.07821548824413005
-0.022261782792822205
0.002850038841516578
0.039887329918859016
-0.17230169528964268
-0.35980793789462207
-0.21049979109867012
-0.2789086217105575
-0.45043899318137315
-0.43611325423245606
-0.376544523534017
-0.2766034990145685
-0.1817598713029619
-0.15650342516518145
-0.1813133189698305
-0.2861133186365279
-0.3847312757176027
-0.3532724832884403
-0.511322486272126
-0.6011639934397461
-0.5050437736202049
-0.39278683229518496
-0.17386475849327554
0.13109570760171207
0.31919597570109703
0.2841741332732203
0.1810515370430964
0.10418465241843866
-0.01483067512195091
0.15566328527728757
-0.10718130311801044
0.007851280949965123
-0.07500596517459568
-0.24225259700369972
-0.09026846474587558
0.02595063820875476
0.009810350870760876
0.16803643146812675
0.22351262521007975
0.12773732355992795
-0.05243289778116733
-0.3829515424508073
-0.4060762017774795
-0.48797949959659226
-0.3524190140410044
-0.2483818015146615
-0.2819869392950961
0.001877472086108889
-0.07837373831308181
-0.1573665832607456
-0.225595621466246
-0.47396834067744864
-0.37549107092186695
-0.4450524709921988
-0.36702080802543424
0.0497862074702059
0.14940617023361003
0.2982088208845921
0.011093629310551467
-0.10343374847020159
-0.1656525171129658
-0.3326801565337808
-0.40106956975366437
-0.392113069272253
0.10291402994315513
0.06920477998517127
0.09271325358438365
0.036328823295882495
0.085204372478773
-0.26707912142880397
-0.16960150159061316
-0.1840663026202235
-0.526026248969302
-0.5597273085537182
-0.6195328982741772
-0.6111577067023508
-0.5689279702183081
-0.4483235462532109
-0.10415811712558432
0.04848900763033592
0.20973960407664605
0.32613156507358854
0.253826257539692
-0.0315018456123306
-0.17916111389094747
-0.2270833799181513
-0.07903096004600996
-0.09729564168299665
0.010862096443817193
-0.2633488526495127
-0.46327194295549856
-0.3801485821398627
-0.43509709451870493
-0.40000437875853856
-0.3122081595746353
-0.4161112696718966
-0.34507383325527097
-0.4687859487942334
-0.4334234710135082
-0.47079158039972446
-0.4851142950159695
-0.263436843390233
-0.20354899990206166
-0.2805265675965962
-0.45623154048055525
-0.42170548565943433
-0.4687845818674836
-0.5506348502383522
-0.4973866847957096
-0.4145077243572879
-0.329292185618393
-0.3583734062463866
-0.32006920387386106
-0.20918077164848892
-0.15735221144635603
-0.1827952494448054
0.0863473165486377
-0.15054049286424187
-0.3188194592764533
-0.3689589601822669
-0.23929001973536956
-0.40995736294265384
-0.3067498916531737
-0.42569470206994664
-0.3525084384395254
0.02305226007345995
0.2703417339880594
0.47088155160317136
0.3845537862180368
0.3595047597616051
0.17815347081129496
0.44068509166680137
0.33562967413521017
0.32967204287179375
0.4974236412202341
0.3225359977133234
0.4320236177290486
0.2630681857782857
0.15631700091948397
-0.12891533090626062
-0.4551527786553544
-0.6282803105408623
-0.6462506695874499
-0.6431737211612425
-0.6072166309518252
-0.27568292409625106
0.1224777980583941
0.5290077576626708
0.508330769204977
0.3759354263101735
0.31406690406672977
-0.004975749397935214
-0.36786275127462265
-0.4456235798037418
-0.5826375417923961
-0.6604693412148472
-0.6327105093941507
-0.6044549695844008
-0.56643794328493
-0.3821885401106502
-0.32170365304208903
0.031120843992520353
-0.03579101349669511
0.1158260843310236
0.34256336444512725
0.19147957461042775
0.25977723317654244
0.3867084494525461
0.14437035825584843
-0.054793191422831455
-0.2590898041965546
-0.37541823908646754
-0.4167045340138067
-0.22367962253490248
-0.22945740654745928
0.046485358485365724
0.2664399481425256
0.18086880842220365
0.12472677792371967
0.36472405323056967
0.5593432100859757
0.3947882408741924
-0.07860620027566789
-0.09611849040225873
0.05543410032504059
-0.3798261373491507
-0.32004466893664496
-0.12336594496350661
-0.11733913327553902
-0.3529027116098371
-0.2559915287709069
-0.20607798989951054
-0.2642365013418888
-0.13656318905604226
0.13379433426393572
0.1532632016339478
-0.013400329158384516
0.0242905017923013
0.1071710816615038
0.054689807370538523
-0.31618211584297895
-0.45916730328415045
-0.5381661462694969
-0.4819249397385956
-0.5657532788061348
-0.5384236300359833
-0.27566043718605404
0.14456235097936565
0.23153920344282608
0.211884040384678
0.41168399212952556
0.25411937354704794
0.01715203873793958
-0.27262445754495834
-0.29009262978223593
-0.3838762604824101
-0.42483827558778775
-0.45372519054121363
-0.37744430155554576
-0.2044594187609623
-0.21778397875467026
-0.10120383466911631
0.13656423926638994
0.03011912233662206
-0.16575610519290174
-0.16450520791587941
0.00942435484580173
-0.07878278801935967
-0.09027174474270827
0.2906014533908019
0.3656495536650973
0.3657582889283756
0.02398756401985158
0.11633816767532335
0.3567886617657561
0.12175435026416725
0.3972653774841376
0.18467333633302585
0.1401422595561398
0.14432574562012124
0.22693267293168118
0.08296601944390936
-0.003155477639386617
0.10591609644757882
0.047136311048475044
-0.10412678660076913
-0.2084795782102037
-0.4933850692289865
-0.47474927769310793
-0.43335937606599795
-0.44043499001399844
-0.48256613006487337
-0.45681441541182566
-0.4747096390470633
-0.4797442880926637
-0.4135352996351829
-0.3645078042882224
-0.1853025031657325
-0.14750204309825465
-0.0056041600475866815
0.10386217568500089
0.009149280202829124
-0.020968427346032326
0.27124959643554225
0.35038270373743874
0.20351838486613727
0.09386198851542582
0.02099408777927103
0.179456383572989
0.13073131923278913
0.2992931292779716
0.33210527993994265
0.16615794010350826
0.06262511412378302
0.2624534333478562
0.11500168893893614
-0.09744257006556589
0.04076267006839518
0.2770327343209418
0.05813954360871887
0.14851223659191004
0.2102447451404451
0.22597256135768184
-0.1287484629445914
-0.14585223404303882
-0.24004868996869888
-0.006591217894266865
0.1331479543971683
-0.04948121527491278
0.20460789118604494
0.3665329126834238
0.025354619131204625
-0.18603960343565906
-0.3481975975689374
-0.20857770955176025
-0.30465405239430643
-0.39794369919472294
-0.5115346344001401
-0.3319994279069989
-0.3312556183281583
-0.4619244399477097
-0.4011480694719467
-0.2314705049144119
0.0022111524123170634
0.24970116493086703
0.3045015627778721
0.01839145198133807
-0.24079469246513907
-0.4457371167184484
-0.48489235317886514
-0.5517068387533177
-0.5495687942860403
-0.2150694224022327
-0.23664732048506765
-0.2554262883373096
-0.08506248508823389
-0.13333320516262204
-0.12280704297412792
-0.14462388604260257
0.06200437183216567
0.12458115229727862
0.19648964411451608
0.38424520754779523
0.7370698444957565
0.4799217246300499
0.3571545925791815
0.25873982720807576
0.18021868964871357
-0.011886606907668296
0.13963871766467517
0.05265004877660617
0.08837364633545097
0.16019689413187188
-0.05170484036211054
-0.4609367134923803
-0.5373914121265966
-0.5728876179547626
-0.6370172975175308
-0.6158614295176577
-0.5961442116874551
-0.6251690872241911
-0.6431282896765318
-0.6192536970071556
-0.6252001813568402
-0.6242983659759851
-0.5784975941053696
-0.43313399231736605
-0.03200957425526729
0.13951822158556426
-0.048215310266786604
0.0770577486257189
0.07971834214279294
-0.13678115898798304
-0.024752121096230373
-0.10514969310404954
-0.09145352842585652
-0.12014176250031361
-0.022247090517048762
0.07306781831160813
-0.04400089028610432
-0.3209829351315686
-0.38595143888924843
-0.17302025642470276
-0.3422343827158927
-0.3804877185078721
-0.05692171054841566
-0.13004295998886206
-0.25862239271132614
-0.12227378781444442
0.30436149965940795
0.5726472671883638
0.4469120639762686
0.25798821464180455
0.2091459059524764
0.08012753268044992
-0.09903593442031411
-0.36386210376061
-0.29335245324489434
-0.3095463601740589
-0.3801488029206552
-0.1771087405731856
-0.09476498931041255
-0.12363627189480109
0.23889207765308673
0.08991231330910399
0.2607118332423799
0.18170373922966443
0.166952365434485
-0.010092206757870481
-0.2514589953620653
-0.31907385773381014
-0.1432809200070615
-0.11253522640113356
-0.23952250437000155
-0.24605218260596007
-0.2341215239337443
-0.3111994080414948
-0.1491229229405331
0.023192823513638716
-0.009414453942410472
-0.033065340661822984
-0.07024611283408333
-0.21346978677821382
-0.1830371109194744
-0.04715679483330759
-0.1720215197878755
-0.35913299685270816
-0.31300592698343155
0.10826581457929751
0.01044222721808774
-0.018475619495862516
-0.1617425699761802
-0.1437689628686365
-0.12166188205482831
-0.28693604991786215
-0.3087722397699356
-0.20926252926942146
0.14166009603864504
0.2943189435409236
0.47905853676555477
0.579115050214437
0.513452034688714
0.5046840365611593
0.4345252189776725
0.42972125427693775
0.22709950588089267
-0.08055337625740144
-0.08737484298283904
0.13942391630568818
0.17301267122616526
0.3465581518461225
0.28389155589027826
0.12268690125165849
0.012334975719319963
0.16818698983088964
0.4570608706927365
0.36801212051830345
0.8795616128304962
2.8581962105726912
