3.238208001521683
2.5842824001787714
1.4821131680146082
1.2097194052359053
0.9854594488201757
1.057175495361622
0.8278987319599318
0.07603888701466344
-0.019741841649045466
-0.38640889286319746
-0.38532551442912877
-0.5285379071396945
-0.4948617553628809
-0.3315374177879853
-0.15751727231623347
-0.24199965901777043
-0.12324318943762258
-0.07162277756825763
-0.31473094277390523
-0.37033441315149085
-0.6063101651953398
-0.5714180960861541
-0.2855503957549751
-0.0908311730338649
0.24303905240694934
0.4299393646746015
0.4760335929386097
0.2272476905788765
0.1471736059203954
0.2560490234322391
0.6246748228032508
0.3545978887784401
0.24337931264645907
0.38566690125714653
0.3571170080623801
0.06301958621411574
-0.035709339634402926
-0.20620907135384314
-0.21494118478538837
-0.23856670121830326
-0.010024455353006778
0.1687889702428388
0.5083290253653472
0.5200262196843716
0.6135167996087937
0.6383705272740292
0.5714551587614297
0.23920607635556534
0.2383415497053395
0.09492408134705022
0.20255376028682137
0.1223493629621566
-0.09636578323518197
-0.30745326678114515
-0.28599880018402435
-0.43052574025351187
-0.507800943938526
-0.3636075586067917
-0.3497274057992197
-0.42270051221224314
-0.3309451149475928
-0.13919002595369878
0.10884209728426353
-0.07722328348251795
-0.20733657283240514
-0.057893256400783244
-0.24585515098235078
-0.37946420149907245
-0.23303890701058383
-0.40585642928675225
-0.16511426482948222
-0.14106197525122288
0.08886596634825483
0.07736874513225667
0.032866965417477245
0.286843881394959
0.23871193407565372
-0.09138508209023932
0.14631727121561544
0.17262237002374214
0.2263275533201593
-0.035261172215281245
0.10536127493687919
0.1978056955006544
0.15330693641621718
0.2876920736308509
0.6259616078935403
0.5747017725292664
0.4317049316164291
0.040047035277160914
-0.04879139746776773
-0.4377912477209779
-0.4992181356054284
-0.44365653427558516
-0.3760557447181836
-0.01922847020541285
0.19983660507009038
0.5449782082068599
0.44482100740383534
0.4127898156339018
0.4657522115109086
0.6103680466360517
0.29866815398134017
0.12340983673570849
-0.022289162672936014
-0.2937714979969044
-0.43535819635679374
-0.3566593055237106
-0.005458092728571451
0.24146886121628097
0.3664443712603598
0.26785760436427064
0.2726265951323673
0.3640840671101542
0.03340812261172277
-0.11884725527863027
-0.32954828497434907
-0.28613269542118414
-0.43285674185749556
-0.5687851795710972
-0.4743482460323023
-0.16361433710423579
-0.1459727042105734
-0.08162716029365069
0.02309961924577364
0.3905268218517848
0.633709707430416
0.5226621668524409
0.7319533820816866
0.8574205040263071
1.1186943144258885
0.5039110174005917
0.2311058993612325
-0.2563283045199678
-0.49094243839178486
-0.5843947691717988
-0.6156897972112294
-0.5594569041947739
-0.216881839673293
0.02201932269642526
0.1956545064829368
0.09264990222923275
0.10952324018376813
0.2736674912957632
0.40969618487908965
0.27697092830250836
0.16037318775049658
0.1190161871048745
-0.14789379848351025
-0.1314269975838922
0.06542406243228682
0.11602246210951184
0.04360438970310532
0.276490925687469
0.33469903014769753
0.09172706525391405
0.05720563259670863
0.3983828892298509
0.6511522743523405
0.4632966925543319
0.14497736044171972
0.31854484183057874
0.14504963441048035
-0.17359175555570527
-0.13148879311048356
-0.3676929700307997
-0.4791274205254443
-0.4113745686056762
-0.08710192727086674
-0.042429345081037906
-0.044315235813358944
0.19505125632662446
0.5416293593286939
0.587236432338527
0.3668750505592735
0.34207940331495
0.42236501347173494
0.33992888676391686
0.09996889842847856
0.06300114481425212
0.26191436962450176
0.0727963227842966
0.12128565173662598
0.19782522256490576
0.0532384400040824
-0.1244904774611072
-0.1921343245683843
0.13955081202712227
-0.08490850505400138
-0.197683085982714
0.030007911194395054
0.15215998610156212
-0.08392694361759134
-0.03463119968432371
-0.21848741711695596
-0.4225841872441989
-0.49375000529279256
-0.41534397324554795
-0.11925120391402177
0.0081690824998788
-0.1035202097152339
0.02700574184654747
-0.05681797676636846
-0.27632439783922425
-0.06642076502067507
-0.23021445342252833
-0.19421774334391384
-0.09635311853437012
0.2623704817631015
0.11855863427243274
0.3201688137417861
0.24003893846216606
0.24471669783257632
0.15146833642219304
0.49903975494180763
0.7054669982963431
0.5359092237803006
0.5266131838907824
0.20021971564386765
-0.18395353468812692
-0.3599897353858138
-0.3180157048321457
-0.30247942228269664
-0.261618024355726
-0.30692754979637826
-0.06513544613982514
-0.018216918744781152
-0.020078543913720437
-0.057844285499030645
-0.102946572080309
-0.15928619908436792
-0.0630409869023294
-0.06681913275472928
-0.2296535225941423
-0.18289231684605556
0.07162826018408186
0.05012318147959138
0.05913768206728931
-0.1389316552164277
-0.23525741896552188
-0.16965163541882788
-0.14540099209509072
-0.42684516564456354
-0.3051558864677191
-0.3786950196740222
-0.24361111275508285
-0.09417063487713795
-0.10650003088275117
0.07223439490594297
0.22515742860239218
0.31085978837979356
0.13994373549431482
-0.08674082365668379
-0.2763507521562626
-0.31935516925551144
-0.3950783381330345
-0.4057850548338201
-0.4675254705520311
-0.396951318293862
-0.21972569036889622
-0.14700766503271934
-0.37470772098258776
-0.24869635317793737
-0.08903402900931667
0.454434687621072
0.35822350805161385
0.5067563479647971
0.40961324309007263
0.15419887546881295
0.4604414948555895
0.4109531731389182
0.303822334348572
0.4915941687038061
0.23136524672802028
0.06082425517303525
0.008219800340418804
0.05261139010863625
0.1467870678056692
0.1716148811254925
0.12592680547841206
0.24025060677133014
0.2549760063464833
0.13154942253083124
0.30565583698799836
0.13246004732254202
0.253087034134742
0.297009738188605
0.1382143920098191
0.06398453083281541
0.016273710922155904
0.1156418134578655
-0.0035732314547590738
-0.18691241563036398
-0.047895243341097404
-0.07796167108604979
0.1753044866444825
0.21537074436253945
0.3859205213616621
0.3709197585190245
0.2793404113857004
0.0035152043006330125
-0.23583748303166874
-0.41280279415103893
-0.5259549004661757
-0.5115142036036131
-0.29516346489934164
-0.25459650663210454
-0.2847918597485273
-0.3666969968519931
-0.35971977931315746
-0.25577246421598987
-0.044943726985845256
0.31406276559049273
0.35889421879410344
0.3728339828424485
0.22441244196270582
0.37674878395306466
0.4602303739757072
0.3674818938809823
0.7940232372243066
1.6508697004227684
