2.4609721017405013
1.1783474188071523
0.6135651295990086
0.10675754135811633
0.0052415886858017124
-0.09938960242428618
0.20804480922009672
0.4665403948317691
0.48659636294318165
0.372593329114531
0.15927488746537022
0.4320315878382972
0.2625085014836265
0.3197146073286594
0.3714667144673899
0.5929218520540934
0.4965821539671732
0.23411881631332676
0.1278919659122022
0.1961302935577568
-0.16461738050656816
-0.4796870444831689
-0.5757374339327717
-0.48496535206823
-0.5477561826151933
-0.579560688727967
-0.457090475785483
-0.20525303242354376
-0.17210818401189232
-0.12872901149561267
-0.15437668741528032
-0.22724454061891664
-0.05435812587990563
0.04694084839357893
0.02886161762602546
0.06975992675434373
-0.10536877075770967
-0.1361305172818178
-0.36318746338570285
-0.33423131006142737
-0.43141655558019465
-0.47752928521965066
-0.48672262995109183
-0.46542226413088805
-0.4157150410420891
0.03429115586166409
0.5431844124822075
0.5752631779106381
0.7309321085854307
0.7915429368854466
0.4933914810400639
0.24396173587874181
0.1954646258437015
0.32404224398430115
0.06827038697123666
-0.11218212479804257
-0.08584771965069005
0.18632335806284683
-0.23359696218290593
-0.019852827106788373
-0.12275305318171759
0.1022243514959299
-0.003877265796767837
0.27890216628368225
0.40386503662249074
0.5019082380471693
0.6608687302007474
0.6109082307192035
0.44425824718459406
-0.017826717735901387
-0.04932071528217896
-0.40730242958609564
-0.581050481755157
-0.6267611504820401
-0.6354024640997686
-0.5418360550054331
-0.3085259139808142
-0.07066734462481217
-0.01828454596894047
-0.06973430568396732
-0.3745275400735628
-0.4392184989981559
-0.508078946053137
-0.5301359854094909
-0.5502216781332228
-0.44923323414684824
-0.533207340948419
-0.5526244251753067
-0.48283435810569486
-0.3380793052964308
-0.014573361616299851
0.06638840388135869
0.1110060562396824
0.03780835006962713
-0.1335085952087003
-0.3606046098991822
-0.4045314002367202
-0.4846151513705488
-0.5201835913636246
-0.36158011944058144
0.014418435546139308
0.4773580366201474
0.548621319685433
0.6144140884272882
0.3628275835925353
0.2879589829695708
0.24826009389082282
-0.07156901155538198
-0.14588292999035535
0.0980684099562783
0.3668901632437851
0.4286502789309796
0.3398968364417594
0.5628926511931952
0.8298490017093142
0.7766116371163228
0.8128642161531439
0.938299432315237
1.0068704022579187
0.8068146345317475
0.5342307677684704
0.38670464950178984
-0.12196488550676166
-0.2410262767267386
-0.0430272777584817
-0.11342210048815393
-0.30937700920257816
-0.27480627873070795
-0.3392085734561041
-0.2482433412703422
-0.19635703681304884
-0.19633406631075578
-0.28532283371200706
-0.30903852441333957
-0.2379453641658562
0.031536240856471
0.09565627777610053
0.033388321107115204
0.45520704704286175
0.43174106171560633
0.1891258311398356
-0.026323706524527646
0.018937573175680456
-0.010623563488088683
-0.2265969482643796
-0.0662702644736517
0.25243930652286617
0.23193428225947021
0.23723277648656937
0.12496407818226996
-0.15460739060200857
-0.16144223370487376
-0.21644259081194794
-0.14025806178846645
-0.1528728844842291
-0.1144386326482193
0.13668411967477467
0.06408838331280597
0.277333934986298
0.4167330799978868
0.8209239999458776
0.5081314974222586
1.2955965100542521
2.6398722397220387
2.690910156687145
