2.9251702088448215
1.9443380202864002
0.6223249015090244
0.6919711936637085
0.6585975273982428
0.5534947914838787
0.8148019062454949
0.3721226050287655
0.6055876726425209
0.1502857353615582
-0.12548987332875894
-0.3533783766441172
-0.48713233905330444
-0.42640328784023507
-0.40002381711116486
0.04439456529598074
0.2980205690444412
0.3663924880017657
0.30294452942623895
0.3219231391659728
0.38111482233622274
0.2662976658582311
0.5147671107749785
0.4046175110895769
0.2851698928244353
0.006270003793292123
0.2278682212024824
0.06616868330528891
-0.08740209048072445
-0.2838287418584532
-0.0026731348854280856
0.3381325562708374
0.5447674490243315
0.5353386339038888
0.36961063074917244
0.4103238759305162
0.3918827864024337
0.20999430841401
0.14826941045821762
0.0539081479544099
0.09132814732428418
-0.23911848082535503
-0.4921850598725268
-0.5205528411256442
-0.5023450441375448
-0.43633829245732403
-0.42225809311659845
-0.1597874234344332
0.11655528912327129
0.2008414723545756
0.14841249897582576
0.060428623653781544
0.13582587405199265
0.10341985624165806
-0.20558851088971064
-0.18877001169980379
-0.31555035628575756
-0.32140589843150824
-0.5113739498889633
-0.5007044501036233
-0.6239215242390899
-0.6088672556117909
-0.544251798076032
-0.5109686344164099
-0.4861373602967527
-0.34611757402439625
-0.10640952703406126
-0.16745581567182954
0.13344019305980415
0.04732766591457915
0.2986444720128081
0.5256335254029084
0.5467720014239649
0.4304579275771292
0.21386943978816686
0.1604868116411332
-0.010830689525814452
0.12331447310698407
0.012089933163895838
-0.051741158959631495
-0.31664117952564586
-0.3510047031635649
-0.36068751231286944
-0.2854403948825259
-0.41053986589269786
-0.3346830137302217
-0.3440265026278728
-0.38992175244044636
-0.032778451462256775
0.10723795901700806
0.15454905566444155
-0.03133875405421516
0.07454067498435257
-0.14112250186937136
-0.23954227931737093
-0.4249086006159981
-0.4394879465607555
-0.21016522792012293
-0.20542352446692225
-0.14122453703804028
0.0013082800360453284
-0.04072529610413311
-0.2880264034886766
-0.10550542742563995
-0.17193159980063621
-0.009090533223738206
0.012366341413828863
0.13548883999035122
0.3319255612476092
0.23331712490947998
0.12250551927486963
-0.02491415924954088
-0.14620423172544028
-0.40034262916498353
-0.4471955481633524
-0.4924245747405738
-0.27245055186312417
-0.2341647165331633
-0.2880557444606642
-0.2686601586559825
-0.1835894777094863
-0.36782681802528816
-0.2946050284163695
-0.27721817022701245
-0.2938320029754551
-0.31957922725925525
-0.299831658181957
-0.05746253468087259
-0.01879686391002333
-0.11280928166151882
-0.24272891972713828
-0.21055545562158962
-0.379790169711695
-0.2578575930455973
-0.07108365762924684
0.06544160657307174
-0.09655327955774529
-0.21652298734728692
-0.21766940479484143
-0.3883456625851982
-0.36750974690279214
-0.3153175034715412
-0.22774009193943023
-0.39701570536392616
-0.39298320144376997
-0.43362046583005087
-0.2952344886637873
-0.05338664367262336
0.06358285030657296
0.16994033364790928
0.2266126586135817
0.4635766444354972
0.5374935248153567
0.6353098225996906
0.2938856476863799
0.22260125764252436
0.13769491052368477
0.04482253638698841
-0.05283304325689442
-0.018880272140526233
-0.02954559300552273
-0.14306279092640128
-0.44854927371492415
-0.3793124730094649
-0.20193831997423983
-0.015483020454183372
0.06716344923223683
0.07885474382603841
0.14832395475400262
0.026520853993048044
0.15068771237501766
0.009038366529751096
-0.16491686770688074
-0.1114852233602801
-0.21088748886842001
-0.3791186609343916
-0.5516660053365681
-0.5889642102222514
-0.5428522749549938
-0.5830517506775683
-0.5102437476189843
-0.42276923698981306
-0.22859244514361698
-0.00813140200950313
0.02573499682987679
0.4645663656441341
0.46437924243293893
0.2453192164689445
0.2485833697915012
0.3626362436825312
0.45828765836323304
0.532055901391561
0.14263447997333845
0.47440722069856467
0.42351566844882904
0.185746008922838
0.1943339025159443
0.05801500189599407
0.10711823482644955
0.14584473615573823
0.1405014857382033
0.31264269815721435
0.35552551071749294
0.1199075427615044
0.25796516345582365
0.3421937033303736
0.4786559355991571
0.4906842312740062
0.3687552402226424
0.09350336361399725
-0.08240190498190814
-0.3416656506959673
-0.3811565553560139
-0.298870075106617
-0.2791197434969004
0.3270902994689364
0.60106827569806
0.5292061552765338
0.35951149022555995
-0.09957773007589055
-0.12788279039127182
-0.39984887543708947
-0.5415431827835364
-0.5161298499974496
-0.20540804630897902
-0.24364675367183364
0.19783647456320042
0.0913890136411476
0.19633529197521193
0.19221259195158202
0.2979977926462999
0.2730876374174527
0.26702848333591156
0.01914776921134287
0.11535887266265255
0.039741705040701625
0.3744406235315073
0.3978990960996117
0.444615137714647
0.49335665035474574
0.6505215804627302
0.7626216342815794
0.5086522883838338
0.45917871761025786
0.20225775802779167
0.03077665736043067
0.04038310125474531
-0.07418333485067174
-0.0658441340649134
-0.1613267075091478
-0.40777228445079494
-0.4447918366868667
-0.4364230768783346
-0.32465078468779907
-0.01007062840349282
0.18221652222978935
0.35078218326180743
0.14822576256744435
0.2696036804739649
0.23147092770140865
0.13544384988840286
0.010563668741134014
-0.2714667184696671
-0.13413127324099117
-0.17473157904598002
-0.224363293943044
-0.21290443039812346
0.013403798219142948
0.0738687077268062
-0.05017738778085312
-0.36772304325481364
-0.3701836099620701
-0.5551168781486093
-0.5397739830832446
-0.5484544475231437
-0.2979308712448959
-0.13136623057869634
-0.17322897520650615
-0.2246377262168573
-0.21285646883769505
-0.19817664787449085
-0.1728384138343595
0.14838558897302312
0.04835611324312716
0.00041381128044326587
-0.07553298338938685
0.005905218131438517
-0.12138549142258981
0.07195908118829752
-0.08825426352192134
0.012101542166062296
-0.07187901182116241
-0.16295606683904107
-0.3461663011253696
-0.41803039654463414
-0.44780232034340317
-0.2478430558527991
-0.3994254326847786
-0.358754077694747
-0.496351040133737
-0.4302257505313478
-0.41974603415619116
-0.5133537477296997
-0.39415989426548603
-0.04593007957471995
0.38820107129556447
0.40591251386424965
0.21214619322296113
0.03328104521957298
-0.11039487898450961
-0.3485715671837626
-0.31324531354989804
-0.04197624793309129
-0.1169444898312062
0.10139760352017868
0.36276958634586054
0.26967358205863545
0.360777944996607
0.06858455330130808
-0.11844963153706867
-0.1545799295910807
-0.425014029042875
-0.4451291209867484
-0.37567740446082554
-0.49847226554624235
-0.4475881978452969
-0.24581771207493153
0.1664990611548266
0.1386237042144538
0.3786181531036976
0.2908501910931801
0.2198905386790001
0.34780874463302747
0.279367663809732
0.22165499959187096
-0.13886727334983162
-0.4035664508132958
-0.37991932911865545
-0.0545618599776887
-0.23927536500246482
-0.013270979667411753
0.2699872166685442
0.7015815405882581
0.5157776865381455
0.5653694735342987
0.482830986854066
0.47307157441107583
0.2680548570741823
0.23337263893767335
0.07644874511481703
0.27997449875320746
0.15718086261825515
0.043348550750136106
0.12368187296270139
0.053381372825866746
-0.26233881000808823
-0.11809342538612466
-0.315145452310136
-0.6200885675066978
-0.6316783904054657
-0.5936272149992274
-0.501623369711621
-0.38769509800617485
-0.04047989820556064
0.21411852984032365
0.43689409534015156
0.580737232902407
0.5829075214421127
0.7888231322564327
0.5288085730864586
0.24492624642863303
0.03929029040753673
-0.1105278857374069
-0.38654776632987353
-0.4983019682112515
-0.5124011204861743
-0.31248449410205303
-0.10444512665330596
0.05056525809086099
0.13354889506026946
0.1152939627656594
-0.09532563736377586
-0.3584059604307759
-0.35140028364230336
-0.37965898829149913
-0.5496514202191887
-0.6300654873939058
-0.6405420584075792
-0.6268968709335345
-0.6276249406847105
-0.5084616669342814
-0.2919026749387874
0.11728609451311944
0.23673819920034112
0.2570594768181107
0.5594323195553499
0.2257720320037523
-0.08282337602415224
-0.06344686494511909
-0.29610993426973964
-0.14447300555893516
-0.13400102525810897
-0.14056422315944062
-0.1143104267683922
-0.016016955711195213
0.07841317830042605
-0.19393022279342964
-0.19622697155254154
-0.2668101120895905
-0.2839297776956813
-0.20973419294326667
0.17537320514130117
0.11246557074015318
0.05791747049150042
-0.023078516544274508
-0.2680564020350348
-0.404701908776514
-0.44475273308939633
-0.42349216949380686
-0.4459321008630459
-0.4883895983728124
-0.6244837911108188
-0.5012397701229667
-0.299074561862147
-0.25647711093313463
-0.3884377623260207
-0.19572850443311385
0.06696623215674413
-0.14088276980878567
0.04498616031609015
-0.2114551942516616
0.03660025052813598
-0.05758308757006059
0.18829124035233946
0.3819558315641486
0.7589037037012593
0.5571006593811139
0.2588878292638609
0.042345321268760006
-0.15634095980550833
-0.44369507048581736
-0.5522965845743624
-0.5063337501045346
-0.3412581314462113
-0.22240161078053777
-0.07270292633201814
0.12191025986232229
0.08704476016029716
0.023290905208665502
0.3535448083287931
0.1644893234168987
0.3128080525421152
0.4180304316438683
0.30148309856067834
0.02242316555454016
-0.14256687332259876
-0.24337363452666216
0.03897824886258705
0.13355621234881154
0.14735664597623
0.2793024043986616
0.08953879078716709
0.16489231870974874
-0.06970991241959534
-0.31582087332119735
-0.33881757832196213
-0.4058910611671871
-0.38318227011176464
-0.1151921285536156
-0.12727275309620167
0.13011607949231707
0.44069402566334126
0.3146830561086724
-0.019747194151868985
-0.05505220831225177
-0.10006640360241748
-0.14540093417644473
-0.027708668002090264
-0.07476129780525109
-0.1698260121030407
-0.12024858973658081
-0.1890896486258592
-0.34559555408177856
-0.44871692088267845
-0.5306600859355193
-0.5835236521062428
-0.6400351259027199
-0.5685036919669615
-0.3731123356621462
-0.3079200604971206
-0.07853020306637726
0.18080523235607582
0.2358990957903503
-0.022242231135115365
0.054584780791364085
0.11274063104706256
0.15656456280349484
0.15603356127940549
0.10512975405164593
0.007108722607022555
0.34278910330501733
0.11966824900632267
0.17061247506142363
0.2657761222933098
0.4711173612913221
0.6881013495972061
0.4089570074285187
0.03716117320720158
0.09103991187700222
-0.4070462352368256
-0.46542114792546196
-0.443656214514768
-0.6112118390661776
-0.6336113042492428
-0.6453605851380995
-0.5948318556017627
-0.37709066381217826
-0.18083201650603198
0.34093040119080353
0.5286766015648817
0.664264496916675
0.5552184332147346
0.11349376378280152
-0.19548906145871747
-0.18569921141799306
-0.32890994401443163
-0.4883357765979417
-0.46273225734158907
-0.16816291660321292
0.10720678442851717
0.1621009721557345
0.4463999851774735
0.767518668540976
0.5004147422892198
0.7633075899564437
0.9821557204951274
1.0324297729154117
0.8497618292261665
0.4858286919500454
0.3940038413715078
-0.011994145823950086
0.04078928211093291
0.10030814683876588
-0.014376126503802156
-0.02329437587729788
0.13844169817099428
0.3154789024604614
0.4250110087232456
1.6823667857453994
