3.3696551874873273
2.641682922582595
1.5593124725016048
0.6374468122194441
0.6949873213780838
0.21466409743196624
0.05863901583284847
-0.15949345805574
-0.09851459980742794
-0.1718828852026837
-0.3674420600115963
-0.22916991212255022
-0.0988362520809779
-0.2036939208972568
0.05750490148342313
0.29075621860506684
0.13053075053310648
-0.20840796879234236
-0.008751069911852483
-0.0014653627029711513
-0.3413745337804406
-0.5039207868684463
-0.437268059596585
-0.2837316206029292
-0.5581693465502915
-0.38790203190111283
-0.33933442686733406
-0.3560409354056082
-0.4727905852515577
-0.46046827411437996
-0.49830806316130594
-0.5347158103809069
-0.5386074786305488
-0.6099733850404705
-0.6405300889369532
-0.5526709392372113
-0.5728104189983463
-0.6167906160425876
-0.5440710426132296
-0.572460677223225
-0.5889991733623079
-0.6335621129353499
-0.6434876817978403
-0.6621933003206517
-0.6346916889826928
-0.6084898881941465
-0.5082017434338784
-0.330690670437253
0.11939092659435857
0.36899607908353504
0.25622650548562487
0.6545403749271911
0.6558133543443878
0.6075798337807006
0.09940787110656646
0.09985209109701232
0.12004979446373576
0.05394662543349216
-0.09302741476853527
-0.3101857239065309
-0.35894108189819107
-0.4641965152608105
-0.4645877424183673
-0.6131510665652857
-0.6197224567392712
-0.6636249964030112
-0.613995208554269
-0.6189187221146197
-0.6283712596022035
-0.6202686249623917
-0.6044981751385765
-0.5731002861667887
-0.5435383486481349
-0.5077547801299602
-0.3571680192521858
-0.04761255461291369
-0.07275215948492098
0.16230344908222194
0.1016270839503075
-0.1387453207737619
-0.03606415650179173
-0.016021471698085987
-0.07555874600104462
-0.25324786173066904
-0.07246709334706725
-0.23311797172904758
-0.07159537176696573
0.2152648127216945
0.2358857555148305
-0.10993858928185563
-0.20698305280804896
-0.2845869742761584
-0.40779707122632214
-0.5001492567293573
-0.41568574402886416
0.024133321786517836
0.19508622277156595
0.23679617207609283
0.3340626086066726
0.23088709794256335
-0.16894815755068737
-0.1932569973662176
-0.047890668780525614
-0.05859780167979356
-0.25158288956322905
-0.40846386657183265
-0.37942614622407134
-0.48566213558346716
-0.5398000490216488
-0.49450884666271655
-0.6189360562991018
-0.6350949764086362
-0.5528628605985473
-0.358493088065688
-0.402071157929324
-0.2804349192939022
-0.35761836718297046
-0.5246418717384587
-0.5897455367236861
-0.6141901325046373
-0.5769641100361094
-0.6356117881713357
-0.6395708554453141
-0.6458920618890227
-0.622641024173868
-0.5340750521847419
-0.29901546139353674
-0.2151667575664118
-0.09204839266353237
0.161425148955892
0.27804990426409304
0.4484230953539484
0.05002981884680513
0.18476971272343568
0.16906985425008347
0.0009588577236862017
-0.03587410538732405
-0.27837216371667317
-0.2838255198433315
-0.4964903840272423
-0.5443230672393817
-0.5817794469351223
-0.4880985731658938
-0.44015668502665406
-0.5098204269480235
-0.47805914611277656
-0.5351228144160001
-0.6085159462956222
-0.584177105787747
-0.4792761152481664
-0.4296494579726413
-0.5169173881631517
-0.41882859720639765
-0.398634277940219
-0.3422764831514302
-0.5104688238886566
-0.5234050449205314
-0.40392599716509947
-0.2915438935037147
-0.12662636822310658
-0.17553832593017393
-0.3435410504919043
-0.4405377146167536
-0.5404434509368157
-0.6250630043368453
-0.6286724971753364
-0.6157688404654535
-0.5769503103143296
-0.4907177287194633
-0.416043501721467
-0.5104761187986389
-0.4115111788554239
-0.388059755566869
-0.46158955423038883
-0.6036289916158082
-0.6152320512333544
-0.655935923939897
-0.6598027932264205
-0.6392122021642623
-0.6093399753796984
-0.5906888769908636
-0.5925288595901514
-0.5106629444915578
-0.14899989121474333
-0.06556867999340776
-0.1957721337930064
0.016941173254682584
0.48753854499464844
0.826028147814853
0.6465248352680769
0.737815321147083
1.013437361094398
0.5603239109733759
0.11385774554644401
0.31895654335896906
0.44376494763374263
0.3029398658704848
0.27887834788216903
0.2290195185940065
0.12078114406256835
-0.26822154472044213
-0.36993895560924095
-0.3078947292355865
-0.4408568491431206
-0.6383550031040224
-0.6697815444366775
-0.6725991787610757
-0.6675994156771223
-0.6749263918382709
-0.6737881866328548
-0.650456838300892
-0.5728392738038128
-0.5966733267482418
-0.4731529869516078
-0.47723887227560846
-0.4312508199284255
-0.07928731400489708
-0.118856663419733
-0.29733619785564613
-0.4014275091109636
-0.5050168764378047
-0.49425976170110086
-0.4694247696658924
-0.49826276621980314
-0.505221670592251
-0.3239885767975126
-0.20528567411152832
-0.27578485172055434
-0.10861926821959711
-0.2411501463556457
-0.40897055468005106
-0.4803515301776915
-0.4471693001021466
-0.17464191268683027
0.14566094447621536
0.2751116152067208
0.053696360836172796
-0.07446651764661616
-0.12315954628956616
-0.17862362230039452
-0.2538501557181787
-0.3380753048203803
-0.5527699080817712
-0.5680472026193697
-0.5654005159633217
-0.48619820369344424
-0.4765221420544725
-0.3001622523477476
-0.10769744638029233
-0.20170625959810584
-0.2508222367784074
-0.3232019677989063
-0.4170654052301015
-0.5749206180126238
-0.6351439149161582
-0.5868220204308812
-0.5813995259457592
-0.5424670670777743
-0.5295458048478752
-0.5170000852176213
-0.36037246550500845
-0.3524158924363061
-0.3786497367294064
-0.2929985049286634
-0.10821796733572908
0.09226311626929262
0.20214805655583157
1.00539400516197
2.008894994249798
2.571426532915485
