2.932921878625761
1.777780046783842
1.0934101627286534
0.9104924645635687
0.19720181176032758
-0.16726229069283483
-0.19908332824134856
-0.2015628645087839
-0.3624753642856233
-0.09470420125989354
-0.058167827677433004
-0.06769802242200373
-0.14487641445576516
-0.18864072102632112
0.09028237447849619
-0.028743117444187782
0.03646547900488217
-0.23270664948580855
-0.17832426377601762
-0.3274785870001007
-0.35212193293357696
-0.1355042706221954
-0.08161091843248047
-0.057641494448478325
0.10107382733638692
0.4529697751618309
0.5234349229374053
0.14408134136698614
-0.076159369970484
0.08776171991646464
-0.2876228260020961
-0.4493472843626529
-0.4337655695859506
-0.3618699331836306
-0.5473363601611745
-0.4693133363751898
-0.1889837281509228
-0.12063648450175357
-0.08211077840602943
0.18904144970754988
0.04816129480573361
0.3650820084221361
0.35399825105096394
0.0734156650182971
0.5596970826565996
0.464965060916131
0.2593550854570471
0.13203892926113858
0.01788741563791929
-0.016448667614081147
-0.09700016928462529
0.07074447273579398
0.096061615006511
0.018576902089108116
0.15367399775068802
0.17047919758871866
0.1447872406322227
-0.02868517474347998
-0.18841350330882967
-0.11171993581364081
-0.07225322947654134
-0.12075407093782631
-0.34638391356633325
-0.3742588620095122
-0.3839067105496464
-0.38472379836618986
-0.2552058622888994
-0.04645860088015519
0.037066820642848164
0.06949345718643274
0.027793417330005954
-0.21684640827267943
-0.15294727908228078
0.1310028080482648
0.24490624133046157
0.3263425846262342
0.2950075917211158
0.17826856176305061
-0.08367436984859333
-0.22947562909864927
-0.22144836298858195
-0.22141367448066185
0.05062169952995399
-0.010763525523024509
0.12126290414120011
0.14034426424056012
-0.14855945647777558
-0.22994203501439836
-0.011932226328953521
-0.17191183301473212
-0.35330435120140047
-0.4831282763935145
-0.4326541148578854
-0.3625585796078463
-0.2559902860987413
-0.42598882207204447
-0.3339343923552712
-0.1921757175881399
-0.14469524109430876
0.07837137412398865
-0.026913227355404468
0.20291044181359308
0.37638893571310716
0.5264138956513211
0.4423701805257325
0.2928771429140492
0.28540607556909237
0.2693847675925164
0.16783485426303735
0.24251011750209972
0.42472322253938344
0.298615253649153
0.061628079561817706
0.43637161813277936
1.1139060048356952
1.5397259656282924
