3.035193964473895
1.4822537368095676
0.9776193439317604
0.9261566982635596
0.9321543633763207
0.9825389229252514
0.7214296604953675
-0.027910955910103286
-0.3383559291234445
-0.13778263908019173
-0.30048668615430274
-0.24178890780865925
-0.11511579142893291
-0.08391945762857578
0.002268122958359875
0.027196958580388286
-0.09565245463415561
-0.23250654306834806
-0.40041183895262
-0.3701489097169701
-0.48013119764884826
-0.482057692343687
-0.5285586298553608
-0.34066987574180585
-0.13941621343328248
0.0196093660760418
0.034656647781030614
0.060542594959954066
0.16364580240373316
-0.0014281462414093005
-0.28536808042172357
-0.3454695131236394
-0.439690889083992
-0.30918519529211697
-0.2494680652814636
-0.07043728582879805
0.23364986168689006
0.47010795730565147
0.5350714665271781
0.6128216389920607
0.7289012900155533
0.6351387291835443
0.5100832337315553
0.30044027048034017
0.032936778158332625
-0.06656653658945255
-0.27340247768702086
-0.17031209207065978
-0.4268847073145521
-0.6363067347427704
-0.5536961301089074
-0.4212655476551157
-0.47594761257268114
-0.4905112176586055
-0.15609531704655843
0.28933713089416546
0.39249190449067817
0.34124017815181396
0.4908696276214214
0.3896670002703768
-0.0006565035441210565
-0.35171577198757276
-0.5278115801974768
-0.5707178941630604
-0.5190713881679769
-0.21119738289070367
-0.20849348697178416
-0.17319307891120328
0.11702166232549505
0.03667450607270939
-0.11150914983865545
-0.09680695462062727
-0.36532329824646237
-0.4530732139738354
-0.49762747974136246
-0.28673622579895364
-0.23269968077434566
-0.3492657487865538
-0.16442153442405072
0.15962419275116957
0.1685246760198188
-0.046446725187261007
0.14883679411620832
0.24126590419707994
-0.16482892863651988
0.00936419232859298
0.1436483190069825
-0.05758099242798198
-0.2410966007571933
0.031077757949847684
0.27614079225727106
0.23332480093706376
0.2068820967950158
-0.03952206518106238
0.04922761739026238
-0.14474187065556798
0.11069202336367023
-0.05492612080444115
-0.0949315254076798
-0.2829165793785571
-0.41191363134166603
-0.3371055628209929
-0.5456040514399094
-0.59005002598771
-0.57119324056242
-0.511859510227874
-0.46017988234164175
-0.4066098204014359
0.054164132270653975
0.04741869779506325
0.2516766194572708
0.22227008412611549
0.4039941568249422
0.3695528147125806
0.4860949722389608
0.28116915679767873
0.10721567591732961
0.16494538877175313
0.05011869801473179
-0.2077621131491938
-0.2371786720588489
-0.12920889248716694
-0.00023003457921533244
0.0900959005309171
-0.13834437038571568
0.16356586203636436
0.28436405599033
0.35226184048388287
0.5237802594828351
0.49723006362489297
0.49703601897301386
0.28202423530529097
0.42356403147733634
0.5309440008382038
0.2394798955573293
0.03947249739385306
0.17937698295520788
0.015251229758639795
-0.29946995489305905
-0.2910571672322776
-0.4527624032491152
-0.5254648785887881
-0.6291591360282596
-0.5524333640378671
-0.5946027207340485
-0.430736678387143
-0.22041315927321747
-0.0873470021445042
-0.07681833080733269
-0.22742703475940917
-0.20156458322689974
-0.25025101440736164
-0.28072795479078794
-0.33200617449595715
-0.18027496082604022
-0.310363908077236
-0.267455678505341
-0.06567359127818562
0.09719589536783402
0.07212438393348419
-0.05916974354986981
0.12208219676889043
0.1417063117058711
0.03792644567930559
-0.08767502552096629
0.0050823302580147445
-0.040179818757845376
0.11257724376825229
0.10037010294595472
-0.19763992363554972
-0.451188756675692
-0.5009331821662117
-0.5675281623083994
-0.5942428518651954
-0.5087953600667547
-0.2822677302310441
-0.050825440815291056
0.11656705920032051
0.2777400380811933
0.08203220488522578
-0.2171408252049314
-0.28313913674235336
-0.5702729086356149
-0.676731035710068
-0.6722695902781759
-0.6718886751894761
-0.6745791613046319
-0.6658806084236137
-0.6506824571113796
-0.5318762370417813
-0.48313326591787664
-0.36032630848580227
-0.011641153486166345
0.14580051025056595
0.1089089164937711
0.09545323874780909
0.41959535523745817
0.44240078100848057
0.23776562841650373
0.04442119805109479
0.1336031045531041
0.35388405309801807
0.30090832622982033
0.3295778774797923
0.07673436622755048
0.16787339856979722
0.17166233781421636
0.02496011450235025
0.08533308564151554
0.1376016717855354
0.17726366887937905
-0.08259636826164518
0.10432844123476315
-0.18113337798599494
-0.32189822518004996
-0.3109942236885558
-0.15418626312145178
-0.27091758788313025
-0.17112965012290104
-0.295816870737484
-0.09570756346143505
-0.18494661483577146
-0.251924699721755
0.03917590108733782
0.1175296556371146
0.12409819284125878
-0.05825816855252941
-0.03968990660575222
-0.24595545934663543
-0.40608378452418104
-0.34638419953666166
-0.08193420544725505
-0.1695081533611803
-0.2591673584691636
-0.3894206142282517
-0.4196753994308513
-0.32037854083606776
-0.1590424243401829
-0.06196956471313164
-0.12874958206294052
0.3286986214379276
-0.046028886875903785
-0.018444055826922545
0.20534580375379186
0.16853680993606002
-0.021823059903810726
-0.03315899167736036
0.022318249559270864
0.1357277183449267
-0.22114479337978743
-0.19249948059163824
0.175552885497132
0.39861515543006143
0.48922842658409427
0.5621193477179101
1.2688134235528947
2.2641806357718073
2.810902253491318
