2.509707656802114
2.03847664317493
0.4844557937951578
0.2107346723946435
0.26602009990044784
0.23897676135454538
0.4355074844135397
0.2946628059532451
0.12572497226471235
0.24348294230287482
0.21228595114682802
0.02295816746459911
0.05507789303350075
0.22749022805438557
0.22594246238066884
0.37074250582727464
0.5624035785907391
0.5772834645949904
0.3478575103264354
0.4188570902851546
0.6321100876737562
0.9833793896602182
0.924342843211672
0.5770056934390737
0.4340468454949926
0.5620816554931819
0.6109041384399203
0.5408274835168339
0.38299729685526185
0.3047939630645473
0.08757801711705693
0.34906777559069324
-0.016674247067881898
0.09409479811145971
0.07834214863065447
0.18651456715007386
-0.07023936492702898
0.08006939960121118
0.16573494624042295
0.031146979673587705
0.10495254536140008
-0.038520203791560514
-0.15700860038363595
-0.15474331863133284
-0.20086554027212133
-0.04564074075027391
0.21416123223291472
0.24880410498084937
0.14246977208029388
-0.09372469172550402
-0.44637768615736606
-0.5129829446401482
-0.5700461246942055
-0.6622265721518801
-0.6707169086914337
-0.6680922158218445
-0.6634529530909259
-0.6295589035190121
-0.5860384341857823
-0.49091678958102714
-0.3641666699007662
-0.3863884848277629
-0.1666454558333329
-0.13323555376912577
-0.01383583306974756
-0.015365958789706036
-0.2744958412528009
-0.2382370014527302
-0.35589339161022493
-0.40627247856198634
-0.35191788164216076
-0.5485398808792161
-0.49439979274168455
-0.22648565311244084
-0.33261539940103635
-0.36882315208012706
-0.3319080529795342
-0.13934813929850587
-0.3002855933089752
-0.0815265256007427
0.10871156198312404
0.1495192789391815
0.014504587471788732
0.23868228592187812
0.46939269281968465
0.6357602706082544
0.5228962283239108
0.29342941877890516
0.2809154709367129
0.02926361149564627
-0.24248200369198436
-0.26863486923506263
-0.23952529984027326
-0.13523091256409092
-0.17721953545545477
0.0009364218999756702
-0.04833167211014067
-0.027791676363187467
0.0773407080400671
0.16611807910531629
0.14720754603629405
-0.21165850899071315
-0.03921736619317051
-0.1370464693875526
-0.31153453736105163
-0.3453443589465801
-0.31289451600330165
-0.5839510795380656
-0.6516482865116704
-0.6627821108706518
-0.6115391930105614
-0.6388566482527196
-0.571610501515303
-0.23100491746320428
-0.25366465969918683
-0.2568658378610429
-0.23084474632857255
-0.0682519776263274
-0.2549165782457028
-0.11083593920205037
0.012875277783238048
-0.0913230202329054
-0.08623877273820235
-0.04533132267134243
0.11272774963320753
0.1544412567622344
-0.09521521129542754
0.12912713727008773
0.09669427355677174
0.00509564152126174
0.07744405369915663
-0.021715049403654763
-0.020518364145091117
0.02699348960865333
-0.16237875106156774
-0.29968177023890363
-0.12943645830637218
-0.11272920206959214
-0.4143387612953824
-0.36457761537932876
-0.10116100418457585
-0.16257380924540266
-0.0719072278564914
0.22043210454290274
0.3981883796035205
0.3930035074799979
0.11968210326440998
-0.13049600843279896
-0.3630026251430203
-0.4982980108767614
-0.4896271072859715
-0.5616581351706502
-0.46341674405691946
-0.23710540978174355
-0.006335690802185656
0.13594035431038465
0.18862763626428802
0.16286711229605655
0.00545809544613618
-0.16572140629023013
-0.299114270106567
-0.1501426360906013
-0.30872302858831513
-0.455980254174695
-0.2956651478682809
-0.12471315330982469
-0.301542415382675
-0.12418326611633013
0.42045066649580176
0.9165232566104591
0.9001180357534692
0.7845743565275702
0.8742116522242693
0.7718297801988572
0.4260598530369424
0.15556455535516545
0.22549947603989917
0.1209101183098873
0.17650639228123222
0.22791483051438055
0.27051848381969523
0.041349829168106256
-0.13067625552722972
0.02501174099784831
-0.07715086441061003
-0.24278740527423914
-0.019602714047340375
0.49757512802809867
0.55692985932843
0.3603582310816461
0.1611268828226784
-0.12612919490704
-0.4754796433498951
-0.5334261665045592
-0.4930400203338232
-0.49089656948016325
-0.4035029034979736
-0.2051173240438029
-0.07643827824852789
-0.025730495034439138
0.0503974685197206
0.17274218495770777
0.3977298350472722
0.5260657993503121
0.567357341025155
0.5273252272349348
0.25735988452685676
0.06144875773792424
-0.13448349327177
-0.021376229271222624
-0.008415343405328679
-0.19078911986431157
0.011707004490657091
0.034838554764366925
-0.039156379139627995
0.12705524096952725
0.12890679048291986
-0.2834317687857437
-0.40088570151091907
-0.40905813126351154
-0.49456933389259383
-0.5490846976050563
-0.604955380246788
-0.5320768277715886
-0.49954652215153716
-0.48425528993552813
-0.3396354232874379
-0.21414999072721852
-0.1298808544895469
0.0833868844715866
0.25939370141793217
0.39085193715884814
0.1942484298147359
0.16300888465347985
-0.2296517759455461
-0.3370278876247699
-0.3468526307907186
-0.3141537965488189
-0.3383555383393142
-0.42565927820975924
-0.3149672811384492
-0.20109453992565895
-0.08454158594982775
-0.08681814349273664
0.03494492527148252
0.04930261273252967
0.013877001299831604
0.11544082348093021
0.04496443152466745
0.4234431985226914
0.692043626728152
0.9974943246812387
1.018225246167444
0.861955666057989
0.9040868858386761
0.8016536608185658
0.35078993372633593
0.18452385979239672
0.06548897415140131
-0.2322711441710199
-0.3678359542204649
-0.21803648085147853
-0.22885410052972976
-0.382394425992555
-0.41136322646506507
-0.0463910550303962
-0.045479025175831134
0.03822289569102788
-0.15283609376744756
-0.038492357765417484
0.10410274714258105
0.12060225004786274
0.15329406140936686
0.2713382480455868
0.10825663087912174
-0.184659956938948
-0.22278053781670848
-0.2216983728901617
-0.22339364517276894
-0.16841663326117928
-0.1424745640885965
0.06495940036582404
0.3318063979446406
0.579960278743086
0.263985598421963
0.14776953860089403
0.4200972649023952
0.4216310964248783
0.044227502910124006
0.02574747346752493
0.0337630256169168
-0.17450818057069406
-0.09820736911177175
0.11803327507069716
0.04399721527802103
0.27261363740713007
0.23130587594090946
0.02128439835560636
-0.261743216977236
-0.45477337673146967
-0.4912580729505458
-0.5792806449550383
-0.41462570198680493
-0.3679941073191949
-0.23103119924857163
0.011013832826815784
0.1578901944035387
0.34617432561229533
0.35843987798474564
0.4925258488797781
0.4071972712785483
0.13958042093533973
-0.03893304077716497
-0.15459062957703928
0.0524869442659841
-0.002179008282688466
-0.13505775601001113
-0.20275536160881902
-0.2862149244858756
-0.18739521087148192
-0.0359716873826561
-0.10045764774010357
0.0005402473933844298
0.026485174283911284
0.007753133842257398
-0.08350755869030757
-0.2089081144306254
-0.3911452540531022
-0.507406256494189
-0.5028288187219361
-0.39178053154533865
-0.4767664552125912
-0.34500593567468574
-0.23789881735088003
-0.2978649239843655
-0.20856355941046734
-0.07436676341405546
-0.09001452985476832
-0.24576230767736718
0.05858447032660641
0.2808650666730925
0.2600650383838453
0.40973865657265385
0.5481372201960117
0.34978422309540347
-0.05870052108408874
0.11440083323845263
-0.05345971041640585
-0.08656145317993014
0.07296469390303839
0.18081419631769102
0.31398773959506787
-0.10760988005622174
-0.10489259988168698
0.26963496866334535
0.5374761985268024
0.5355911590416933
0.19203204173330235
-0.2676823970284593
-0.36044744042198407
-0.38087330267584485
-0.39478004638857866
-0.36759434158651494
-0.06724877054950906
0.34822518335624464
0.6031382196416906
0.27631536469942475
0.37275729113110245
0.5237773810233175
0.2922740978505374
0.4753600690863191
0.3449102877750876
0.22789710254860007
0.04236461166650063
-0.265595697910763
-0.3669895689704953
-0.18845390077426205
-0.18666980843537462
-0.2091073842197534
-0.004252520149807482
0.07168763706295556
0.07270820504181252
-0.05329803561851176
-0.04041958783515598
-0.26308970764453166
-0.15545753950782082
-0.15312890825256098
-0.33710296375370585
-0.2168098396631225
-0.30583137026047447
-0.3659411195421799
-0.2926379842607567
-0.2386402077453671
-0.37479785260304
-0.3526248739282165
-0.21110754887310956
-0.10444822757086414
-0.1374149351360776
-0.22763611886774182
-0.26877044296655783
-0.13720676991920477
-0.4762289080063755
-0.4774730030049994
-0.4099004415504329
-0.3674215483477542
-0.40114062311465715
-0.11983376120747946
-0.1134899247379596
-0.15951690132974894
-0.08984693249793063
-0.18958337565747008
-0.42065275506391475
-0.5052954715471256
-0.35568167469759926
-0.30590615700722523
-0.510510536340202
-0.39299567369678867
-0.31999867405988447
-0.3681286638797059
-0.2823465727805585
0.1420498853497575
0.12339737883889601
0.1323381419318037
0.3339111819938879
1.2622115926828545
1.8173775814058644
2.375550764883911
