3.1038362508289357
0.663077176820861
0.38814886226139655
0.42569032401242557
0.4011622265580097
0.4339456297937667
0.23289094967398727
0.6221158808073405
0.2997693186224285
-0.017302420627357762
0.09616810028093092
0.2520614965994624
0.23026959943984893
-0.13943549167412883
0.10005687410812847
0.34144319889678765
0.0055751444743046275
-0.27154708936533445
-0.3297681796987091
-0.15214632427690955
-0.49714480202277467
-0.5711748683917581
-0.5699230524589614
-0.5622580289499641
-0.4050447286370018
-0.23738279526976025
-0.21703340505852342
0.11303840208869897
0.09422065180641759
0.020418023912081695
-0.1697561977298736
-0.13190554173498037
-0.15485182296865585
-0.050764146783419783
0.050801746256284086
0.010868804251981778
0.3333567286034973
0.7667475893546245
0.9391611963014295
0.566446559521439
0.4860875730324121
0.1790689478684605
-0.17949869282751274
-0.18022795834878136
-0.2107393493699783
-0.3768942554075112
-0.39550527245409395
-0.47567948641110336
-0.3583814495714204
-0.46902678886214844
-0.06288757224078945
0.0026010980785500237
0.11473141646972496
0.34806106473883125
0.3736834312591252
0.40653231201844575
0.29810205222782404
0.21422863811008752
0.1494987579233884
-0.06202387992317704
-0.04130650714641271
-0.06024549020296788
0.04094165155549501
-0.037857816019699286
0.10185568403235623
0.2547891722326149
0.2434369464201963
0.04351622257028154
-0.30548362952141317
-0.21480074244213487
-0.37774949525124535
-0.5763231860678104
-0.5933252634300108
-0.4865203150218087
-0.5210417559378568
-0.4599496871239862
-0.4049981407043274
-0.34043909394947725
-0.2823878472623157
-0.11783245157903799
-0.030321477705569255
0.018211294975487013
0.2345863046792005
0.46892628141811354
0.4078421477484475
0.4317126941359004
0.7359847067498648
0.8143262955304428
0.6631690290616771
0.38222669717050317
0.5386969053125434
0.6959958066666141
0.4037393306935456
0.5029615143312048
0.05807245988272447
0.17744407367241544
0.0852933702148786
-0.11389240853056537
-0.253723224578286
-0.3556568961463549
-0.20863976473370827
0.04331739167370774
0.2649353647647872
0.2149757382271481
0.05872023520923575
0.13273410153215515
0.18310448913631905
0.06525874726825953
0.20591338845399376
0.08325590525355397
0.03903167242331851
-0.1592184512908793
0.01195682602844439
-0.18532321731164614
-0.2788968159663172
-0.15995711095961862
-0.297105416930856
0.028684210512985753
-0.012824781361860715
-0.0230123211852028
0.029454832520474428
-0.018803435790720635
-0.16142047270559778
-0.3579706882955036
-0.24594670136211916
-0.14695607985069903
-0.14940058575899595
-0.27910963719716375
-0.10647821160506399
0.35539035521944895
0.3485541019278714
0.10976208339638671
-0.01366509084829004
-0.15084055549358943
-0.3085130423400282
-0.42307100222224703
-0.4213323354606686
-0.3065946091780407
-0.1984437531402008
-0.1781765247007231
-0.18041692068583026
-0.1708443972392254
-0.06372027868007901
-0.102111499491498
-0.21893516606972552
-0.245526042737495
-0.09588501355092105
-0.011150026351448017
0.21266193047513393
0.23188261661144782
0.1858799790219675
0.3081835100427195
0.07569227709142912
0.059969986875830994
-0.015662045018183357
-0.29317948758828405
-0.3500851624637972
-0.45271275398805433
-0.5069861643400904
-0.3332639283889285
-0.4146789859216813
-0.37670515604938926
0.22835821220312136
0.2920585661713153
0.4000371301631521
0.30684759203185763
0.4894396005300278
0.8602261672265941
0.8017380391719235
0.5823964570706649
0.38709771785669134
0.4027413432540067
0.12306635351096806
-0.16789573622774379
-0.16672536823185513
-0.195112291622199
-0.45167839813354926
-0.4749017327387477
-0.3341225907069181
-0.3365277013504726
-0.40567749308373513
-0.28844069473717493
-0.04097675638842668
-0.2436438732989047
-0.09806027482540414
0.018801914632725514
0.36269041612100694
0.9222314157948143
2.1091849601501247
