2.8492149583794646
1.4543498278902263
0.4038113806668059
-0.13233395825275984
-0.34375354128461866
-0.408041896901814
-0.5579612841087509
-0.5303597335658852
-0.4384821898868877
-0.3023915828462812
-0.17260262811930394
-0.1434665459224408
-0.3155273250337842
-0.21718261812246875
-0.42976495701596173
-0.41379742382203
-0.41737297123760053
-0.3664335144652968
-0.2422293271063931
-0.32966490793394243
-0.28633691279882223
-0.3692438654100575
-0.4184641691871278
-0.5156046504084082
-0.4290142967042323
-0.21649878288226487
-0.009738805037014964
0.02013649393453043
-0.017984553904919265
0.10584257710311884
0.16100629986849557
0.09130090575620287
-0.030062211984953513
-0.3182308859189231
-0.41199742331772526
-0.4943408110927139
-0.5586158352448769
-0.3529700110870214
-0.5479752851323441
-0.35763650970886074
0.006024380269798457
0.3909545075441062
0.48843416430423303
0.641203326191946
0.455708182910315
0.5649611387636112
1.0050784102282175
0.802339986909702
0.6704663131578427
0.3645447248922338
0.30180913791406494
0.02151831993709108
-0.2707479080304539
-0.18980548070893233
-0.05501000092320074
-0.43840223505279763
-0.44327337620910445
-0.2443686369411736
0.0431374795960775
-0.1659051976931969
-0.07088983982634689
0.6173986992059803
0.8652965815286253
1.0080992371181592
0.7269562868434281
0.367104235142901
0.5260825548905651
0.24897144160281048
-0.138473841331208
-0.23138639967499397
-0.4822736598507895
-0.5452344279914343
-0.510414711926809
-0.4371205040561027
-0.322713354043475
-0.11163265346074713
0.06492350181833739
-0.016073899924307078
-0.1061842728241631
-0.21311365882378375
-0.4185478404425236
-0.562343372656968
-0.5884032490184825
-0.6168828594591813
-0.6256076462756881
-0.309539098399896
-0.10855549801195519
0.00025664861350704893
0.7641467934178616
0.7800474424956277
0.6766124375101117
0.3943307529662645
0.16433421930342496
-0.24572456125446984
-0.37577055936148485
-0.528596528854143
-0.6206218034010387
-0.5998903620777103
-0.4794922577002261
-0.418624020647558
-0.1491052364068023
-0.1288197940047281
-0.06231614639767258
-0.05420188913519264
-0.07398061692961111
-0.1537599292370163
-0.02688877131747791
0.0732914100493186
0.18689592503867636
0.2421143173879018
0.07088007408466024
0.0975233751588448
0.6910984991199574
0.8372006018409787
0.8002159542503664
0.8047080316435805
0.8353601083540285
0.5791023476856844
0.2934062424937204
0.06249472778623477
-0.3213781849472743
-0.5089107631130436
-0.5924775991379507
-0.49722332853555473
-0.3861157267074391
-0.5194354874080633
-0.4382977488504126
-0.2115811312730651
-0.16590510314576212
-0.21331633762098934
-0.16131517080442836
-0.5087925139166618
-0.57365725257072
-0.5494083763940638
-0.5572944050762487
-0.6043585826769431
-0.5902343161227956
-0.4573003496684209
-0.3665767944606889
-0.1639448798592007
-0.15178193545001606
0.2974733123064002
0.30637727277438853
0.15402099340952036
0.21216546916451906
-0.12015135647937081
-0.3814351444782367
-0.35799615779146954
-0.4071703732394123
-0.42895247951156745
-0.3772741808186132
-0.34232263563081533
-0.2583792798719292
-0.43950840121523593
-0.4632368780385553
-0.36885102148694626
-0.49085269956224664
-0.5317922947204716
-0.4973073720069583
-0.3438384864288737
0.013415575849643258
-0.03897961360886093
-0.2213938882714579
-0.04762576843074107
-0.06450137680525192
-0.20467609786453012
-0.2129974754591527
0.0934313020778138
0.2003747836635642
0.09590527305281271
0.11049930319638845
0.618317088851315
0.7574557017519227
0.6187309957254533
0.5136494377444082
0.6359445192795217
1.4276339375166962
1.8461696662462734
2.5253613803228965
