2.9586957700590597
1.8041247568159293
1.0373800487265679
0.24503780730851155
0.5814678545876757
0.24063902739439114
0.049318143557739114
0.3895254488758586
0.05841031602855007
-0.45197113346862583
-0.3893620666138379
-0.4568782223013994
-0.5015773725623112
-0.2886478917160291
-0.05219889780216258
0.09501823732480974
0.3415022138850299
0.3538862270528539
0.09870644811501239
-0.0962729858243846
-0.12108999034588885
-0.09872918795726737
0.08091945162684688
0.10682780709691753
0.4840395493368752
0.4099576119999896
0.24187197830366403
0.1178868370190459
0.21359415487570332
0.18220282931729648
0.3154738175192926
0.14944632608611153
-0.16178344597370264
-0.21386441023125746
-0.4402436853776702
-0.49326377410953226
-0.5661143508058213
-0.3790322296076827
-0.184123419394152
0.026224328077709247
0.13850048133839288
0.08871436793308562
0.07444244636812036
0.0971875952653869
0.18378725952638486
-0.020440341334279855
-0.191620196320194
-0.018228017369317562
-0.17665962783264144
-0.04244175279263873
0.005859400452247088
0.0009344641172231993
-0.09204441791442286
-0.10397563425399958
0.06365948638945751
-0.18857764933168308
-0.2365865423975544
-0.32292279965237514
-0.16360677331671036
-0.10895085290714768
0.042591121053280334
0.24270976235350172
-0.10643342818425816
0.17853168327693514
-0.12489184726454794
0.00816461008364211
0.0834632371461631
0.07997652408773381
0.09658046059868819
-0.046636903069556146
0.10677436782003735
0.22175393436630808
0.3525653299475696
0.26295440070436527
0.05135095394230749
-0.02509155663671847
0.05051535411437302
0.13627389676056834
-0.0721146056033678
0.14662687011439024
0.27080986755664394
0.5072726492165016
0.496320137503103
0.40529843954203904
0.40847312380778333
0.23495553824090454
0.1922265642016623
0.2520430771911807
0.0024165380623953903
-0.005407684450441819
-0.09278121557467289
0.07489370352699509
0.02010581439896353
-0.2406384290903183
-0.17614640644830737
0.07431627497941273
-0.289182653465335
-0.33584429587612896
-0.2953012258240695
-0.37468556577679557
-0.46004688934219606
-0.4840370722687217
-0.3624055836837098
-0.29469406930595543
-0.21647966488142711
-0.11967340393956971
0.1513789159181127
0.30032239469967437
0.19731439952385377
0.28136667376991886
0.0034074006606548135
-0.053285574068064556
-0.1737165261311837
-0.2192701912750361
-0.3557192664320483
-0.13885304153261202
-0.12083748198221811
-0.18766275822841305
0.03392006319351082
0.23319707212207452
0.24026414104998395
0.0663341810041772
0.35154155967801537
0.30019243450383626
-0.0585628664498592
-0.22346684828791696
0.06391534371230756
-0.32175253678003424
-0.028094144157855605
-0.06375236278013463
-0.2727876315877529
-0.5508783260488497
-0.5928425701932345
-0.5359846481617876
-0.5946808849286174
-0.5521394092381999
-0.21252440288352226
-0.1379533281452595
-0.2662366843114148
-0.27913468836056854
-0.293263151528782
-0.07979526338943643
-0.012111122641469962
0.15424857325523467
0.39317241849531825
0.2473813711387992
0.359446413293506
0.17132142128389038
0.006666935781428962
-0.3084745505579798
-0.5020622806114781
-0.4523120161652181
-0.30767034939576554
-0.2733321502969741
-0.07143383707160744
0.16404583678159723
0.27120140281073135
0.1825528009475862
0.009130860539619645
0.2614695281937004
0.09459152104323898
0.22557535008038976
0.13485901010071843
0.382112628078741
0.401963996344216
0.4021767822617811
0.09549013807821494
0.08302469363210596
0.10800040172498193
-0.06808367765436929
-0.1931402027835708
-0.47923431830477736
-0.3935299098926408
-0.3249961839319061
-0.24873876258633898
-0.34114746957935393
-0.42072792671044046
-0.3838212208173706
-0.3881231521280457
-0.402010718724611
-0.3596390809497698
-0.36968394633640367
-0.1795244183604301
-0.043395191132246214
0.11603244723084005
0.20396244581062561
0.1539914148128324
0.04428179340634775
0.2473883223939619
0.18664652926859282
0.5283089211419577
0.7122190282042296
0.5529795215540159
0.2678362841013131
0.10048259418833827
0.03305038038000807
-0.14212688556958564
-0.06139184896669403
-0.021788676470148927
-0.21163368569511687
-0.216918334867631
-0.25582824117172254
-0.11532590905520601
0.2839115128752838
0.24650955740228975
0.07008631209022453
0.09182910774855635
-0.14919184148068498
-0.32155823250074167
-0.37660216377153666
-0.4380641338044231
-0.44662174142953215
-0.4774046600999582
-0.545503596150483
-0.4811022404054752
-0.25689812068552276
-0.00039904508933852334
0.1491817324723096
0.2884736501410169
0.5118624349166822
0.7564952291640128
0.7232859669178018
0.5907626957151934
0.46748280231879447
0.29326026309696174
-0.0136773859007433
-0.2587297446371618
-0.4769446291704098
-0.49353616051591986
-0.37659777582284093
-0.4581054927694892
-0.3344607980936236
-0.41152231291665076
-0.34213118188027924
0.000767789000930108
-0.12019818845064856
-0.3181108160505971
-0.4200389219882985
-0.5103107686546222
-0.5205424877744442
-0.5639825070592157
-0.5364503821370359
-0.524732685991075
-0.46275776543404046
-0.24438288372293437
-0.12110850696748932
-0.07900615884586537
-0.14674566421954371
0.01999877571996811
0.14558355258680267
0.18687390525882497
0.20067374217553446
0.19948879495595462
0.05215980531002562
-0.24484467996090498
-0.40883073606332687
-0.44925801485185746
-0.3622564338707117
-0.4671391123685422
-0.18464591025051458
0.11500160950715166
0.25524441674540943
0.22972430293516966
0.20766024512582593
0.08225347839026476
0.05330792403051188
-0.2904783235277153
-0.27487937780979355
0.015208602845203756
-0.016306794395157254
0.14856237711422482
0.35765193503314674
0.3744337678476767
0.19585066974963794
0.09732667199401235
-0.09585360251484576
-0.5051760119900026
-0.6494064047920061
-0.6460627266706984
-0.6250436274460196
-0.6158237653406045
-0.5254390942535705
-0.08354418939658892
0.18426656865189572
0.5184403199111518
0.5367429013566293
0.3195129451223002
0.22065440696372796
0.01222470674568421
-0.2913924147387117
-0.17713985607978278
-0.3887190965836067
-0.20815083734930084
-0.1659560597452039
-0.2366227801273154
-0.2290853901112999
-0.24822263681584866
-0.04199169551510462
-0.020519451971465208
-0.13303024437285227
-0.16294738230653671
0.011736623854109784
-0.03319293149487301
0.10878687845774704
0.24594763410823373
0.15696723191939543
0.10185766784319972
-0.04445063498864954
0.1391325418827538
0.32211193168126107
0.1559558639959655
0.26284377476805143
0.17114990042507439
0.12039683306381554
0.2882716910230594
0.08010257896580086
-0.14580303615103418
-0.34847255997166005
-0.4683742626842513
-0.49394283949748385
-0.478862175109398
-0.4777688968889391
-0.417134047863964
-0.4129696015995641
-0.4434303968357387
-0.49052699955874735
-0.25848421956184486
-0.22571785753331997
-0.2257949673718357
-0.07406245421478441
0.26121214134953963
0.37610822681944334
0.4007274173020179
0.3577426735788716
0.11723614997959542
-0.12770255711217127
-0.4519919799707812
-0.5847529355137171
-0.5871514542239897
-0.497661918089096
-0.4883524751496884
-0.3945711818527009
-0.24119541745134554
-0.1713139917748533
-0.19685446487145208
-0.3175093767025312
-0.244643468857079
0.13463707376383405
0.161081357261196
0.15971992140990132
0.1725122907585409
0.14722205380464015
-0.1824491759295661
-0.314629984552505
-0.5266914101133879
-0.5870123203742681
-0.5497149247576396
-0.35452665386112037
-0.25087870155101566
0.03614597843317002
-0.0030529788002521263
-0.14463399786976516
-0.07564259458893008
-0.06020248996037558
-0.29454477682711677
-0.3028663514199652
0.014845780373222262
0.13766020562552916
0.14747676046881697
0.1004073246659054
0.05487283687918765
-0.18604462214752748
-0.5289341296377059
-0.6657313111279026
-0.649380301132622
-0.6511966255707076
-0.5724129173055905
-0.3090728178832136
-0.04779098556811978
0.2569076649925741
0.4315028243498312
0.47077560910635186
0.34392626098674384
0.4684093517837381
0.5110405428438737
0.14958796990562762
0.08942847993767122
0.046042637068578474
-0.399221763372005
-0.38805077499344
-0.18145196818746745
-0.040616083999417296
-0.2006599584896438
0.060659745423039424
0.27736767802510154
0.1328529059556286
-0.04029356915951798
0.11459500060405159
0.12120675434327255
-0.13382293540274137
-0.11950938955526857
-0.3431388825292503
-0.19164679875543233
-0.34472038632099167
-0.33306599346396604
0.03411048705638908
0.37122401018305917
0.5016479787159326
0.5457922556302479
0.6619866499867805
0.5196824191253954
0.36614222387435846
0.07754542302695444
-0.45761533660981957
-0.5394699634191653
-0.5281628547326473
-0.6334745824143782
-0.6321851245298962
-0.4229137817015236
-0.4037065658005873
-0.43139415416791804
-0.1199557602027348
0.12396780970480681
0.1667902505250256
0.11218631181695327
0.09921303430206974
0.0749040362037644
-0.1735615419529457
-0.3856256250775413
-0.37916933848784784
-0.26635023956767545
-0.297685002746523
-0.08454962055403692
0.0022999608190245047
0.11085081692179366
0.2840977299391423
0.15788686615581637
-0.0337794383428861
-0.028613010541517103
-0.05860800054086124
-0.3966597761443871
-0.3610203892122743
-0.29707749913497317
-0.19718544590925324
-0.08633580577726219
0.023770412102732785
0.05602749834467746
0.15431065436926883
0.26299058097505945
0.05158233919569177
0.11556130222630412
0.06161478682774657
-0.27267667261720585
-0.44476573523435503
-0.3866693376623136
-0.22135696285451278
-0.35893005471272943
-0.3152073558401607
-0.02364827156349303
-0.026760008431763516
-0.027574319785324986
0.11674316025514264
-0.025905358332277584
0.06706166356671994
0.12572598961954695
0.16477707212681203
0.17040606775040623
0.2175037732163866
1.0707126145932748
