2.921037930756428
2.153283140682751
1.590349346126094
0.9204683937627753
0.8292435423627658
0.8951498131350611
0.6419414247144518
0.6219310325707862
0.8055183863368567
0.5559437213115006
0.43464093195334086
0.5422125762115451
0.7253462551514583
0.8317273204919866
0.8755717347928454
0.5173658779952824
0.35499211581974066
0.16721276754194458
-0.11624577652882173
-0.3127633773623336
-0.45011238222451055
-0.44233313789196926
-0.37662580628234177
-0.3819572511946241
-0.40443096647987264
-0.12251511716218344
0.06501486866495165
0.10588024724603395
-0.05249702376960219
0.2850461055540471
0.28318425540306114
0.10006244997450975
0.22782146588483243
0.0049379554555391
-0.2915652429935496
-0.40526032674654533
-0.26308498341415065
0.08505299936680455
0.19738232044778625
0.025183275687869044
0.21852218753780273
0.49585529847572596
0.09448416362291001
0.17202999225716897
0.043475842007868915
0.1577720158142193
0.008412222845296968
-0.20143503303276022
-0.13605284342801316
0.25004727149927786
0.3218868175111015
0.5340113790986688
0.4102801426687017
0.5021265644577596
0.6283928667336285
0.3341455068167455
0.00832155918881361
0.06198701545978946
0.30285529653262966
0.504708802737268
0.2993552811753718
0.07667088264870403
-0.0007820807896735671
0.0639837496956881
0.07782399896754733
0.3057833326979299
0.3862904313582076
0.387221595606583
0.26564399072319467
0.11245782519410064
-0.029199000427153288
-0.5232115218656641
-0.5451487623475968
-0.6187493129030275
-0.5743965206753063
-0.595511539742821
-0.41836069735317494
-0.2598069573980788
-0.005456178512363796
0.016471520144241136
-0.18211632228290575
0.015550846809653907
-0.0004441568841607735
0.02973124267414029
0.06801991357829074
-0.17178431966891172
-0.3530216178086425
-0.5237138062411093
-0.6040989428639356
-0.6451513416902479
-0.5975983896814547
-0.5451533502328654
-0.4523108199233431
-0.17539653639771002
0.059396051323626686
0.5409916325709649
0.3098475579042238
0.179530596453495
0.3169240275501599
0.09263653566778518
0.021362270950933016
-0.2674678016456866
-0.13609568456868937
-0.30461087823579425
-0.3141408774738903
-0.06636652787946362
0.1890456360723649
0.17870606535096056
0.2561645240500884
0.4168281389380415
0.4387610495944111
1.3854776928680606
2.9090391103392834
