2.509257887290376
1.6462312639890913
1.6098433439405868
1.0612965844924176
0.9594545705039332
0.8828250671106705
0.5994794496072899
0.8268032154409266
0.33901054993763446
0.09273076330279595
0.15340070339118095
0.010991046429217333
-0.10799209160353707
-0.2757226370809398
-0.4516602794424529
-0.30483464577398867
-0.45730639522821126
-0.48069933422096733
-0.39682757807964986
-0.10044609152224548
0.0924808556453105
0.18457796252879666
0.13387786793551693
0.3035151681910311
0.029551247841833495
-0.2622768727889344
-0.22356554133016104
-0.255974673408187
-0.37855115136565853
-0.3001718036587142
-0.030984164903463896
-0.06637877502565437
-0.28128609308516483
-0.42203408607671666
-0.27901154935084393
-0.0945421585577092
-0.044857605092698205
-0.10062657877834502
0.02924959899404167
0.10766113593892901
0.029641006791407687
-0.1474682401880576
-0.2790000939536459
-0.16421346294005645
-0.03363855316368369
-0.03854135603001074
0.12455195916080708
0.2956373529982753
0.18872541499472906
0.09377600242528439
0.12246935484619903
-0.4652575611839187
-0.4505581849771205
-0.40242089851571694
-0.4541000700824318
-0.4185456904548679
-0.3582008122294761
-0.2744517041965784
-0.38938053294635666
-0.29258669345591604
-0.2729443454354854
-0.41286748813747787
-0.48069350052269444
-0.5326296608458945
-0.5513801263747637
-0.5848350920055734
-0.6157758630729502
-0.6135111174026866
-0.4482044818120712
-0.3082581540823659
-0.22891174301375927
0.25147028997248655
0.23076463339414133
0.20554645322588605
0.32041314459827164
0.4011125556966697
0.10127373457974409
0.20091853530461068
0.6414157192887823
0.933888106820154
0.9682682346958857
0.4779984791788744
0.3828384854488912
-0.042866497118928426
-0.3226757195419028
-0.19724554804473715
-0.14637565968588295
-0.12351109955538153
-0.2700165381172547
-0.02098104182103422
-0.08170135703901904
0.10365869521328597
-0.06060642777204761
-0.19796949752354376
-0.4483362726313864
-0.5375374990714179
-0.6179144690558132
-0.6233992458573425
-0.6030038588131768
-0.5493851253696715
-0.4019448331186386
-0.16099900214991858
-0.3330124268470227
-0.2773454287491245
0.08582713868592884
0.10374678818149918
-0.12321623438652729
-0.08267625425120284
0.10551155874002627
0.18390495954282837
0.08606292665519832
-0.10728453643594882
-0.08375533242698296
-0.1364512158876423
-0.34661262244626634
-0.48552047044548763
-0.396754696326841
-0.08482032476056955
0.027013587317155197
-0.19161492529199198
0.22159107109297616
0.34440065918384266
0.08355741489063429
0.0007453357855068399
0.06817352776560726
0.22678961052379776
0.09389282854033687
0.0972356710611133
0.2784576014928689
0.24406158173887926
-0.048670910739659345
-0.15913973374887747
-0.05177281006680401
-0.4024021137605267
-0.5662639247984231
-0.5812350212784883
-0.5768695133106858
-0.5829997519763721
-0.6110857083355139
-0.5018437416276991
-0.25385731082099205
-0.0715646788758576
-0.0034819599672762935
-0.006977906885150986
-0.09966963242204474
-0.22016538944462516
-0.3389457542413056
-0.2708537320100297
-0.41739850208094387
-0.33718878740478797
-0.056296172103663555
0.12178709837698298
0.14883271738837123
0.21567579717063623
-0.03346131663275953
0.08168963243457394
0.054437064384658784
-0.13566168449453253
-0.36567112686221037
-0.49054639061816774
-0.45978068348591683
-0.5120245466794686
-0.649167190558847
-0.6425297178306768
-0.5824436469155587
-0.5198394396466473
-0.4500300668394498
-0.3032902953231714
-0.1394146590430625
-0.312301131176961
-0.3101521073568275
0.09579605318463047
0.1558998041545695
-0.21587501868248282
-0.49034857702987256
-0.5999524466084285
-0.6532765571911261
-0.6712065637748101
-0.6609309694097838
-0.6308110912897025
-0.5045016711866195
-0.012823270076631421
0.2489658866060407
0.5000026963239858
0.1335521934850631
0.021218132544406965
-0.01599037630694311
-0.27300937274549764
-0.44429908574018195
-0.6327834137125019
-0.5667003745312671
-0.5198841359543531
-0.6123032074493222
-0.5359617594533377
-0.3077194934331755
-0.30756764161679473
-0.3462331744220992
-0.09767978945728062
0.08387231267695483
0.01025150395511154
-0.1311041035988113
0.049949878641024736
0.13598089095377686
0.00292241431966056
0.14771224036859842
0.4792500331311522
0.4705911575675482
0.6258552599379569
0.4608194204786603
2.3405995374886324
2.3352511652717887
