2.5091720342092625
1.846767074445717
0.5667055783523972
0.015220690077833554
-0.3785446158185617
-0.2694925781106057
-0.2474083373158178
0.14279194505953696
0.3609630323271905
0.7036057100175932
0.6805516229259775
0.8883809465939119
0.43420166510043023
0.2463810452868357
0.1373921648752281
-0.0809467056678681
-0.10743096333965252
-0.39656446876219376
-0.424663155755573
-0.497893598564374
-0.4281482911457992
-0.3754013703184833
-0.4849827728901148
-0.4324430422551915
-0.33681590658928595
0.0032444478126987253
0.13242032865993048
0.2104623170983979
0.28820987566921463
0.23992922827276242
0.5153743017229133
0.35611324234808284
0.09249733565419549
-0.28361308280746744
-0.5983183576827069
-0.5856507048737116
-0.628130162730294
-0.5790976252239166
-0.40432409456290674
-0.20041936200285093
0.034178101816082496
0.02690708841540601
-0.06170045803148261
-0.19830115790904257
-0.30681503103182806
-0.2894055289428109
-0.06447833577087791
0.06415917832167728
0.12108382774880089
0.30099898695934235
0.3111524248223706
0.05716331003231001
-0.034289531785890004
0.19250138238328385
0.27483144264912773
0.03279961581487123
0.08522646531870604
0.37086992044527056
0.37656706041000165
-0.015248397272419001
-0.06906995608719535
0.31147054218470205
0.3098712567968004
0.0285643545418639
-0.21134335254574854
-0.44200236288616535
-0.5707434483058358
-0.6254325024448795
-0.6586365148830362
-0.5447825121256835
-0.47881172652049875
-0.3705465341443468
0.054371082031071216
0.1498922040997519
0.2540730551528765
-0.06548736038363101
-0.3076005770827773
-0.3593598104158737
-0.5035197448245303
-0.42286555924785585
-0.24049899609472547
-0.25863761478626235
-0.13451989118395247
-0.023646077551036537
-0.35715498933454093
-0.37367388828766945
-0.5062408614451095
-0.46854190614047586
-0.5359769545592519
-0.4280228268473496
-0.08967518788604611
0.036456557346777774
0.30326306538734693
0.3668178786604025
0.4647570210603428
0.12365486417706717
0.21522611075322895
0.34652242773851416
-0.05306512857624168
-0.09533634025975957
-0.1254907648724073
-0.2133717477240087
-0.42450073226262175
-0.4009790346369131
-0.30854241321862963
-0.40080499769741595
-0.4600294112864628
-0.3205366039349914
-0.09363739381877056
-0.13929461046585812
0.08990006919770832
0.005179461841409494
0.33674799360037344
0.11686313953468352
0.0520969195726001
0.2948583400279524
0.12279585690416384
0.33893103902547184
0.4193212365950314
0.20963528931252207
0.16410955689918338
0.09797733185637614
-0.287138473479408
-0.45024184507318576
-0.4030290847528164
-0.3408782869155622
-0.23504735722017323
-0.32161458908987006
-0.1589109380981063
-0.22149467765732633
-0.15952630708111215
-0.054072598705497965
-0.1766349141005712
-0.33762730739859004
-0.3997542550267673
-0.45104048797892915
-0.46730470224606213
-0.2519781073303279
-0.2255740496623132
-0.1732716017774868
-0.2716088530073273
-0.3912086643039674
-0.4951014212709304
-0.45365216190037483
-0.4196530663109761
-0.5121557229400102
-0.43322478260057473
-0.19292490138369078
-0.3551066992795324
-0.336667168791556
0.023303619978140677
0.16188760477771746
0.1645273342710789
0.05097450150145433
0.15353476930182985
0.06236254726184809
-0.10728082571437947
-0.06558131809176093
-0.10358351007359723
-0.08061974516934123
-0.12822595370092638
0.035534623804044596
-0.09979184630475857
-0.023072782324530583
0.14509693715211858
0.14615687500816632
-0.015591036572974226
0.12237154382148285
0.12869090496717928
0.02273986465207234
0.08624739380808721
0.4453934744842968
0.9623360014932864
0.6022078451452434
0.503524683401265
0.6758249233605126
0.639178873675357
0.3942540896189657
0.37671494338219447
0.2913778138886901
0.41112374740347035
0.34552980252354526
-0.02586944534012281
-0.04530049583087403
0.05322231927693266
0.04925302118491903
-0.27996219264245537
-0.5017953783321025
-0.44059079063578044
-0.3176057834761954
-0.3538605610333996
-0.32472460399036285
-0.12662496523911237
-0.11169200050642025
0.25185588424207006
0.23128194470279617
0.1583354278532213
0.23636700849761372
0.12073688276395167
0.02614956607129504
0.08930736934189532
-0.13999106804946138
-0.2051897436352218
0.10885525652739803
-0.0423817719375118
0.08765174232013506
0.3217324050740775
0.3102983995768466
0.1411359552625736
-0.16488295778811368
-0.15729183386475654
-0.21194540877681534
-0.1971962282066143
-0.11284789968630038
-0.010950272057092758
-0.08778175565460367
-0.11968693506196326
0.004914123326507092
-0.16134111202485335
-0.4412815002571304
-0.4807274876268868
-0.2814281462999707
-0.22264163965605577
-0.35459895686482934
-0.18322664752314166
-0.24533790030651237
-0.15129609052275517
-0.0819857322131754
0.19896337391860608
0.30908359043518063
0.10978850575738386
0.06737639582921473
-0.10348721042118114
-0.1942581375711636
-0.1180263618340639
-0.10687874960896593
0.05018321336381726
-0.028430450628187942
0.018736372724175276
-0.2234514479002846
-0.20437112902661325
-0.26188042208418905
-0.14763738665478154
-0.262708394967331
-0.0936547303616454
-0.0795035271562442
-0.2570191368224406
-0.11827532735642388
-0.19304279785366008
-0.12129785998691911
-0.20612242818203697
-0.10819064349157315
-0.15735134137665563
-0.05663160606028872
0.3080600728367322
0.11516514631093433
-0.03135480517602118
-0.1831301315634979
-0.08989552786308275
-0.3379423282774181
-0.44282448902731897
-0.436333667219576
-0.48683633677424876
-0.49164575677729627
-0.40331984564263024
-0.2514568687411072
-0.33709022589051196
-0.28692977069991177
-0.0970740521922826
-0.061490997837178596
0.11147864293180343
0.12709976298535264
0.06394044021463074
0.194755337302997
0.07983082918797235
0.06531202863348162
0.24646235906670222
0.06096449822706207
-0.16765146661042885
-0.24739240588363842
-0.06578446428049389
-0.05763853093091342
-0.08482278849898872
0.02703173022662686
0.0064392292160661
0.3488024411751456
0.40290336341083677
0.3794427199212064
0.4360287732639784
0.1320560882419538
0.363274304343577
0.35541813813248113
0.0073144496013199944
-0.011551307822184054
0.06381649371056652
0.08482202569585995
-0.034530276652796954
0.13776040339132645
-0.11418730977030955
0.03692813220263691
0.04331063844617089
-0.23269281424053712
-0.19258068208089718
0.1358368547703579
0.2273911943432455
0.24641633105499883
0.4260165729051568
0.2800489317094267
0.4426294823952305
0.2883248613851328
0.07354411551659457
0.11742675965660354
0.3385029486581139
0.308755362824102
0.18781746010961142
0.9035361707592723
