2.1134908050930026
0.725077854526343
0.3534731250600457
0.16686883144476838
0.002828584362065456
0.06748341873240027
0.12466140321158559
0.398676872972889
0.29915274524041735
0.19919436832432513
0.2805833364217519
0.28916242039407547
0.0010695589531518612
0.16200321994736555
0.1228449381636667
-0.05238299339802566
-0.006786653069532633
0.1653334431019593
0.3658105505358198
0.1284529818364345
-0.05845954485647431
-0.1859051579401284
-0.20047950471769227
-0.21192643106857667
-0.41133131390071065
-0.5143219560885117
-0.4184292462713789
-0.2579545535181462
-0.4134624010753767
-0.34860560564618637
-0.04085640434447935
0.18140246350395794
0.13043569059173865
0.4172846042993187
0.4756373840624497
0.6388190411256556
0.3795700884704699
0.38009004795089785
0.059979482847014265
-0.22398796851375202
-0.24107423310377762
-0.3564192814359206
-0.4903519186789005
-0.5790462375746963
-0.5367306239854042
-0.5282677743513247
-0.5080607286238621
-0.45724611225053313
-0.15310267953801815
-0.08613423889123417
0.13142078418875924
0.3999729655035379
0.8146693875213687
0.7771527095447626
0.7205551634165317
0.49074267851354947
0.22823107238806606
0.21916956001106636
0.05211264535306104
-0.13641077936988844
-0.3717958143648028
-0.5100093145143141
-0.42958229707617035
-0.43836661972701396
-0.13150720584737863
-0.00207011309178462
0.17051432422572033
0.11967734518590933
0.10978192440413803
-0.10200645312669021
0.005269729364173359
0.08961286706750826
0.14924846870785713
-0.015435042416053313
-0.15222993301023569
-0.013425188764460527
0.10026852726786217
-0.10640997947311759
-0.0393648698672443
0.24905284685339324
0.43814269986135157
0.4317249439974432
0.7571260419744221
0.428768547874566
0.5242200708728477
0.5801799925059473
0.5034294988316649
0.234467989692129
-0.06081890436562609
-0.27680701021278875
-0.07586990594495524
-0.3221188072942808
-0.466640149800851
-0.48731920197429623
-0.6013482250066668
-0.5193312712918241
-0.3791547490808713
-0.2764965178140999
-0.2761870387867802
0.05987350899706789
0.18464688046884004
0.14342490193987933
-0.03929566778710192
-0.020311687950926416
-0.237674583449073
-0.37903427520785027
-0.48677834273408127
-0.4286915858385215
-0.12337361778144207
-0.08957465484875715
-0.0132213760642933
0.25529243274181035
0.2930741464263794
0.03991013604019711
-0.011733287482969756
0.06376731630232946
0.16439501985153981
-0.02414880099304406
0.029683048701990455
0.5130151293435273
0.7649235596220827
0.8336188870890937
0.41002550858173903
0.24221511474383284
-0.026041100848456344
-0.09654010240395994
-0.3873391658082397
-0.5361341256261452
-0.6034490440705775
-0.5596524255309467
-0.20224738219996907
-0.2783163510392246
-0.36734076314017305
-0.18990955927905995
-0.11284273486827379
-0.17807215708265256
-0.2990963785582531
-0.2899526200735407
-0.1282683915485371
-0.1117245966861462
-0.31399359512037184
-0.3501063819500341
-0.27907740905047196
-0.06929674259357932
0.030419479928793458
-0.15323001429721783
-0.24954635023032168
-0.0030198317960064003
0.2047764370141716
0.14308545625335256
0.12729288437027775
0.28189404142635666
0.24894740486006461
-0.06651132060172371
0.05243251922084713
0.05068517470835865
-0.14971778505490319
-0.33989345590610287
-0.1993435259363877
-0.03128519429920151
-0.377960806439243
-0.30087577921366193
-0.3516180132892974
-0.35163895422784264
-0.296503532044996
-0.3022731153801903
-0.43851572918996373
-0.44143687504929385
-0.46953165122971385
-0.4712104766464904
-0.5608084120183867
-0.5349336365811248
-0.602766636449884
-0.611192348323347
-0.13997520801030094
-0.24820232384311502
-0.19097865577936157
-0.27269606482197073
-0.23438415149856962
-0.4147050449126899
-0.4623669153124108
-0.4403302224259239
-0.4306340731047906
-0.3795496278192878
-0.292054790767007
-0.38407827503517855
-0.3880542078492413
-0.5002803256119344
-0.4819392730910963
-0.5488272476389617
-0.5421296772771387
-0.3941894504011998
0.041178893288121854
0.35672643790666503
0.5436220194722361
0.9630636258672125
0.9159209257241181
0.5995942457922626
0.4500223295372433
0.05108482677563564
-0.4235293924500946
-0.5131201927010007
-0.43305795097658417
-0.4989735486815796
-0.49368268981010566
-0.21815210059751933
-0.051891189657158554
0.3026450582092366
0.10093331158691365
0.08455140217806134
0.5063213531716927
0.7736760770852524
0.43474823540957375
0.31912011440661425
-0.05639665608908517
-0.3819962486663119
-0.33755013166999337
-0.1936416938539085
-0.23527010263103798
0.092315968300557
0.47589250117683857
0.4746992672741238
1.0306953112928452
0.7128003118706834
1.930764171627251
2.8292285389036227
