2.6466797585961332
1.0190105419478546
0.18121307132507902
-0.3403306437224791
-0.35464892348695054
-0.48080570823077173
-0.36232333527265026
-0.4224050943880244
-0.1634290686008446
-0.04842134619910976
-0.25122148628258234
-0.03546804496735301
-0.16512252255534265
-0.2991454561349176
-0.4491633642780678
-0.4479677303844948
-0.5635070575409376
-0.5614705357452701
-0.5022165574579056
-0.46314492215801795
-0.5443813268762692
-0.4281053600479994
-0.2630851241751937
-0.23703481280950056
-0.39508833739838556
-0.32798324913755417
-0.3896207144190651
-0.5391428378315779
-0.3984312296339704
-0.567949720521082
-0.41808666309755227
-0.6361867469511353
-0.5432915949650794
-0.4654000488757777
-0.4386049023446075
-0.3980418699516397
-0.24698812449050456
-0.1031907363346849
-0.047716643671832815
-0.10054430480303778
0.0012330125206473364
0.3243033255579122
0.5479871455436216
0.8443432725688547
0.814398046180686
0.5033212773784405
0.4337414373970011
0.3333603811710205
0.15439373487662333
0.3537975118585156
0.057321646971137286
-0.2817189190824261
-0.45278783539337564
-0.47739135430462554
-0.5089642216473429
-0.49503526124386177
-0.46536912561588406
-0.3935665248567386
-0.37061349805272426
-0.4046626628257932
-0.5286211630760351
-0.41443930630239056
-0.4223979621422511
-0.44611423921751914
-0.45600066133882367
-0.45715634770399693
-0.45021941004428956
-0.26323772930427936
-0.18352136555050758
-0.03840260406382867
0.2745685778173177
0.31855488922364383
0.5888365894257007
0.43858424995802725
0.08247264412593358
-0.1950015787611099
-0.1667103794882966
-0.21615747099861848
-0.27604947767894494
-0.4582948329523997
-0.5000977121416581
-0.33500956038868257
-0.3678925344564071
-0.29304330592355865
-0.028906684669648408
0.08817166362833273
0.12083120221735899
0.10491636641654056
0.2001266063913575
0.21504743185166897
0.03443567212379306
-0.1407631978103231
-0.23647528635012938
-0.21798618941757497
-0.4452267666176085
-0.44825929715665147
-0.5299694935717663
-0.5686909736096686
-0.45525098065150593
-0.355243876591702
-0.27824457120737267
-0.0019084004688227907
-0.19277963280250787
-0.003724806650664436
-0.1932479027532099
-0.1103447847841933
-0.024587597334220446
-0.22363316246859744
-0.170370158885626
-0.3423738619691603
-0.2324866206614038
-0.4922233160982912
-0.1556132868055926
-0.34995804160926314
-0.2752967404107154
-0.09698319847187986
0.2614898211486363
0.4544761470639802
0.32738786462779634
0.33970175798634417
0.47311183639447074
0.06092166352956219
-0.2876371229454937
-0.3322959061269606
-0.4791335176877707
-0.668674391651763
-0.6138637425733013
-0.5749465982136144
-0.5776988916014738
-0.541800725717257
-0.41883173953201225
-0.29571097970044624
-0.3074163909542864
-0.27328492421397377
-0.15888736113327562
-0.08641606559255977
0.07029691270758087
-0.13248376405907103
-0.3734287104731453
-0.366165971083686
-0.5915732475671927
-0.6185885914408944
-0.5725730913490858
-0.577463016705734
-0.5114737537682781
-0.3962744382460851
-0.4017366536275915
-0.4225730748436465
-0.13020172084720882
0.030651202974696146
0.15654959598789098
0.3543241659902763
0.4423385233810754
0.8389608450252244
0.29945170810754174
0.21049888728751753
0.06686319053880696
-0.020869940963994416
-0.22726590392687074
-0.32505201755529134
-0.3862292232916781
-0.3987435631456797
-0.40248090397977443
-0.38274994857433287
-0.42508389592957385
-0.49558147089589677
-0.26955972274087014
-0.33053426120885077
-0.283981370115176
-0.20121816450511099
-0.11712931784510938
-0.25721258833789173
-0.4853695746339668
-0.3457321471552166
-0.46550247324347893
-0.2393163276883684
-0.02822115920114332
-0.28237065219683777
-0.023980217108376722
0.1610986360204243
-0.04151321546502962
-0.0663885310802147
0.07310642636323206
0.1732667544296499
0.1259865658224909
0.42196157293672865
0.47306472937679356
0.41045441004417016
0.2692635337625662
0.1435992214453755
0.21595820289749312
0.11757492759323707
-0.020618785229323033
0.15854009370343058
0.025456001407487272
-0.08588350047992777
0.152787988180335
0.39682278176693
0.624029315933709
0.09147805517777063
0.139043595654622
-0.2014186950152873
-0.15041611203609762
-0.20053350910231704
-0.06361230660027706
-0.17507176255695045
-0.12047576853803077
-0.10670932828310775
-0.08958158448135523
-0.08172633824415598
-0.02766110769548502
-0.3597162491037651
-0.2461681630490562
0.03850883325745702
-0.1017880023922707
-0.38283601816333546
-0.3178900043574331
-0.43843725235644326
-0.4054925861320611
-0.3800768474329156
-0.5010247980988181
-0.38454217818742653
-0.48358002893664676
-0.332407673288725
-0.12329646199973787
0.19382092580012433
0.21874329923092295
0.46255107748388524
0.39311067641900066
-0.0007406754585336239
-0.39533176727162755
-0.39965801939901846
-0.5350673394310601
-0.6257079773519474
-0.5483445452861127
-0.3352828047804285
-0.20883042510738825
-0.046173195464320305
-0.41470650207492743
-0.5057598702641142
-0.5695818713923764
-0.5053387448382332
-0.2214133722133459
-0.16723427033457128
-0.02541914002919854
0.029469117178241522
0.13447172873946667
0.1203033747382738
-0.03566139621889164
-0.07176014502887285
0.2235177465385677
0.09701186490956226
0.09118746883058604
-0.17882708319119045
-0.38680577483175627
-0.42688126801222315
-0.5178380177737723
-0.4959547585699995
-0.5798169793766745
-0.3838768800056782
-0.34383443370661704
-0.3169220266438213
-0.04396340863959336
0.10807608628221221
0.3189433683110008
0.3778976627713223
0.12024637920196968
0.032223874771705074
-0.1864590639767253
-0.32628282947666487
-0.42051419071053053
-0.46550525854906355
-0.3902576969642291
0.0019071532775356559
-0.0015510158245285455
-0.05352463589380396
-0.026426028475686425
-0.006540185116664321
-0.26067973355238583
-0.30327560249911545
-0.3608169770169909
-0.1747585840111986
-0.3058464564989327
-0.24072660487972675
-0.42661189374893915
-0.4057989894981945
-0.3453923377954313
-0.46829284447607544
-0.34759889266237043
-0.23408838931434794
-0.17953627717957144
-0.025447370117048118
-0.17577431757309026
-0.252772257511392
-0.44606328605155066
-0.5035929716918417
-0.5092009239341571
-0.42050002752025606
-0.483057508367454
-0.2582626993623004
-0.04950391410287547
0.09322395364402392
0.18269418678115523
-0.013402627804356637
-0.2984661346486286
-0.44284704847927037
-0.5372341078885343
-0.4590748069399073
-0.3480561516498919
-0.26069453835619805
-0.24803941256649953
0.3442275492414264
1.0093688220394226
0.34023163529341405
0.4418284671216588
1.2470561395608473
1.7836673744466158
1.91647401708019
