3.051481297071246
1.960730675452636
0.6145652387714792
0.42705894518285614
-0.10729555514721212
-0.328607292820437
-0.3800640184091846
-0.03876209906909367
0.11402221015473257
0.06444832489321461
-0.07583168752810732
-0.01955910565895902
-0.3262737421156974
-0.38597819591145166
-0.31229584378931996
-0.301833146519801
-0.2078859415245211
-0.18267275855109
0.15532611691596954
0.3546738426219297
0.24431087482443337
0.29821820697679535
0.36011832269711386
0.12575015872209638
-0.07924004812890628
0.11415456454146888
-0.12786728049469942
-0.11216143713472992
-0.1757879065660959
0.14832544669369574
0.23370337989225276
0.09109555547511705
0.33798417320362073
0.5079834631008558
0.14412628087968937
-0.15351691736922102
-0.311263828845748
-0.36149641848918435
-0.62774321932232
-0.5643550526508321
-0.3649378746833578
-0.13831466105416346
-0.08767724969327895
0.1956143205176195
0.6579301953788367
0.5645737540474352
0.6710069708162378
0.5479475104859255
0.40914466967662466
0.06800133649195839
0.06520867450872858
-0.2059088883230067
-0.46428482178061015
-0.4876299717146013
-0.508326094761751
-0.4509188321103973
-0.15975023480973694
0.20559444806134375
0.4441230409072713
0.29467374282339964
-0.0781672533072415
-0.0975169744575296
-0.2931195798665285
-0.36460043156826827
-0.38352815617773683
-0.2596424624387961
-0.09049630275967424
-0.2282438292188831
-0.28546326249606513
-0.27884966372894504
-0.3664662225463484
-0.4338209622965836
-0.47120598803081215
-0.3573718538481422
-0.06564387828142704
-0.11236916569443178
-0.3663066741835319
-0.12314179937584968
-0.3513776319656339
-0.44860057379396767
-0.4347458671819172
-0.09496830517071031
-0.1264011304147592
-0.32967223785371125
-0.1679303577397896
-0.18270847250365585
-0.10226831932953562
-0.022433328402130415
-0.0018671539058709996
0.0756125400934251
0.3938857375734436
0.4221252419358792
1.421677752639248
1.994986207268114
2.620195355660632
