2.708888027841379
1.2724522038212238
0.6791578667245333
0.5657693638161017
0.1498838394834603
-0.08622866827444775
-0.13723345462648506
-0.053714473903351156
-0.1993911915125105
0.14381207779133276
-0.05159432640084005
0.07322565058115316
-0.0007816860977591933
-0.09232103720902651
0.1027727531176128
0.0037670617771183856
-0.1048925141820155
-0.07067398188430485
0.0250305100788214
0.1345200561533122
0.10133487161003141
-0.01287702340717689
0.07039821155576009
-0.0038109018924074034
-0.14710190063112527
-0.2134431147159197
-0.2352018237303437
-0.16523633472581634
-0.0994295672887946
-0.19696922773169911
0.006458647148031793
0.02498468462693515
0.11179089169745493
-0.02183002034983139
0.07175493799478927
-0.10377341000333662
-0.2961043508472778
-0.31053042046614754
-0.02015441902202264
0.06927651705024984
-0.017687531777064947
-0.09570043001992334
-0.12155734581737032
-0.30821606771929977
-0.4419588818449691
-0.4567022744515672
-0.3347446788705273
-0.5075396967089647
-0.5532787912410186
-0.4462316379129858
-0.32502550843698585
-0.27567489102903164
-0.08223256452122785
0.0016601337325152787
-0.04606576486238634
-0.2187058306062417
-0.46157429415277773
-0.4385678618474449
-0.350375711801976
-0.39381335828389874
-0.03806672217649565
0.02831324425115922
0.057571170730696286
0.079293493556994
-0.1020266260775804
-0.13468506969493121
-0.44335103679894083
-0.4167916970646446
-0.5554083767118496
-0.4755154608471326
-0.33579551083348336
-0.10213999185794853
-0.06593086150508676
-0.03543997574382807
0.1369360885475921
0.27422246388785365
0.30624401473880847
0.2858964964740728
0.1747813607817419
0.22950684295275592
0.1490671160363125
-0.10419908653170018
-0.17047929423413444
-0.021094251362210548
0.22476886929918127
0.5623015854972969
0.422943440856708
0.5556483410596381
0.6057274071961065
0.4230600627762031
0.26024956401336385
-0.004597920724531135
-0.055919401064717045
-0.057847753157378334
-0.24466428823073083
-0.12013308609010842
-0.08960405751072353
-0.14185703883551726
-0.31023750781066295
-0.213459468544962
0.05758316570620825
0.07937973831576084
-0.1051777079780507
-0.046712586607357776
0.25549772599274234
0.07154902632440174
-0.0752167045140898
-0.042627618730107786
0.07819354203893714
-0.10237248506093544
-0.12886346919849845
0.17213358220194297
0.2702855767850306
0.11676798178561609
-0.08654659845287904
-0.34849700832973274
-0.4098970579693402
-0.5686349866962865
-0.5973167275203752
-0.5868800642767584
-0.5215115753782436
-0.37979394979367354
-0.2416956850424421
-0.08728446442668159
0.3685254198272727
0.6132623149122963
0.5889708518234451
0.2906917622909969
0.5616139057830293
0.6638975641934691
0.38713177053822867
0.22830538295422265
0.14600567594559
0.26386407267113854
0.039464519632710804
-0.17930640841220802
-0.3734655817091659
-0.4420865806526688
-0.5063120052171559
-0.4093634092139824
-0.28401819979326015
-0.30440350787285897
-0.2940578514362062
-0.1515077039658409
-0.13513043508966593
0.031879929667191
-0.3128017194162177
-0.4280144161074404
-0.48379127123831034
-0.5398894913885237
-0.4938406500618331
-0.22465637078628142
-0.24210178571803942
0.2679682917639893
0.4079799138741863
0.44204938610616407
0.36784435434347096
0.03417078767138948
-0.17091729542311151
-0.4227299601364318
-0.43919834158666127
-0.2447702764695332
-0.1483638280013866
-0.10506034210306114
-0.21786833844351383
-0.12678855060576533
-0.2118883665402691
-0.24196543931296166
-0.2726324862379935
-0.43419617913904207
-0.4016492050935674
-0.5937185991650851
-0.4700742487168632
-0.387024709892962
-0.455787815984922
-0.31566690772360917
-0.05807735510161649
0.054923369134325495
-0.4082787619987911
-0.29995184252058826
-0.3057236015512913
-0.5421040153058936
-0.5955290778438269
-0.41667977941582723
-0.4417411964150012
-0.4190801010188774
-0.1463743713983061
0.06471041719617565
0.11397680118779563
-0.016859539468245366
0.4329128334258917
0.3667267733696069
0.06021430214504098
0.2059408014448938
0.08548055642882946
0.18788371617778432
0.24176848571223952
0.40295754377983384
0.35060282991991554
0.15846187868060513
0.0690102237576643
-0.14507252795386782
-0.14239968820192317
-0.28527664894634563
-0.1729062634480143
-0.47489896086478556
-0.5672051109018243
-0.506665943303581
-0.2468786627367039
-0.32882324832654275
0.012550515408664809
0.4154908098166341
0.33836268561346494
0.1629727407457291
0.39666206020089834
0.2017887414680266
0.06357928044594319
-0.15073458796157502
0.010141508144301703
-0.4698703563098965
-0.4920154640140115
-0.37606214459792064
-0.3082544641531283
-0.25288881945604935
-0.36720359510782197
-0.22119550286870515
0.1461570521240646
0.6057242869813952
0.5025414266119796
0.5141253498594774
0.6968128877752163
0.6461268905778063
0.4527933527119393
0.34439232690391686
0.26558099161962234
0.08809636288976674
-0.03861079672000667
-0.3307924993727207
-0.1850657193242392
-0.1080080333181338
-0.25841802314841567
-0.0317519007435223
0.23967169772062213
0.22975024434631963
0.20352433150738913
0.17119145630017596
0.1141177384019153
-0.0027430035582824974
0.017898616760672503
0.16514403445699744
0.16418780549476797
0.0858186606296042
-0.013143049714535504
0.026892469600567792
-0.012989789481993474
0.18431187678234084
0.055857361543006134
0.0071068528961357735
0.29757218708671296
0.20991667426547456
0.6148037269105789
0.5033136647560111
0.29041548387977645
-0.06553008428995677
-0.10173330120939128
-0.3499497644333962
-0.2510296373622083
-0.33924578710199416
-0.20944168102876937
-0.14903758736835648
-0.05425534003590626
0.13357268757783924
-0.0033712418430807967
-0.047306452146238076
0.01823291160374796
0.44976630282238084
0.4297164527635514
0.3469213027137962
0.5486326752150839
0.5175999417830262
0.15208400951320955
-0.07529097095049064
0.039196049616666895
-0.12265029236634795
-0.3839511322812944
-0.5400522866998578
-0.6243790168698342
-0.589004146174603
-0.6312230727101076
-0.5919658260169867
-0.5715493257140158
-0.44256921401463
-0.1961293446008775
-0.12619247398643008
-0.3574163757022404
-0.3647734517781498
-0.4445805765144166
-0.35123154780176136
-0.3838228060250761
-0.34421495116505507
-0.16783911939140816
-0.0005327219438732156
0.07403287428232563
0.056888065239930286
-0.014289841136724935
-0.16832070673723787
-0.4368478713365809
-0.4410489220023981
-0.4889643841916813
-0.37242008360693113
-0.21910325630105842
-0.11655809770382841
-0.164502231084665
-0.36313720470569066
-0.44097492535669214
-0.5872228495605005
-0.5930100762711601
-0.51856193483075
-0.3597922000110465
-0.2822785730853208
0.08175798877588558
0.2541627771137721
0.2640570985991817
0.3072403706505823
0.46847018542894614
0.36421663627019585
0.09262848050556505
-0.27365167257035605
-0.30234726460365036
-0.29550667758984206
-0.27380621819847906
-0.2727523741503295
-0.34244768450670926
-0.4508589871318047
-0.46946447365601074
-0.5112689624172115
-0.6184324265312793
-0.6686482809809631
-0.6522614085683047
-0.6391224997446865
-0.5907230311994955
-0.34575637508744816
-0.09625384993677955
0.04132790401460329
0.04876781312088363
0.039448910050647545
0.01458308086681026
-0.1894672639758419
-0.23934765653493306
-0.14827174163665846
-0.04090143442890992
0.05789373634719697
-0.11016647858561979
0.11174099880615851
0.4136700033523545
0.37974865490048837
0.3877745123800581
0.06424926993227609
-0.16016365204021665
-0.2479321178644751
-0.4477795543853158
-0.4989924084001578
-0.5624973800959663
-0.5805499958189546
-0.5499871002389001
-0.49899082244451964
-0.40367169782977985
-0.0336460738234684
0.15543849015201283
0.31534945227067934
0.5195370832014197
0.19488352614811322
-0.02550881641362024
-0.13796919452376222
-0.36775599375634827
-0.5641647847533937
-0.5125188151079074
-0.5930470499686793
-0.4569464036900017
-0.16223609108875459
0.15654908766206022
0.292068149848119
0.20577637826590467
0.5341429644546909
0.3870629510518574
0.317127398571475
-0.05912666720967552
-0.08830717742347483
-0.3122565217778672
-0.4903715852685884
-0.3587891495392621
-0.16748416493168905
-0.04848104639175632
-0.14375380115179226
0.03246655983048663
0.1355690227304096
0.42415192035263427
0.43540558000081864
0.15818489386945822
0.005502356289384558
-0.2506396766909754
-0.41793991408118647
-0.255830529242668
-0.2857287087478295
-0.01746745405742034
-0.07469859421714509
0.15420257775845647
0.31400928587993737
0.35659179977011046
0.7631746168199928
0.6324992531807547
0.47805052180101915
0.365207740342697
0.07569544819357588
-0.12351853460969353
-0.14717421914794127
-0.21266246350167517
-0.061616416464740364
-0.031309898685769055
-0.15662933482084473
0.026180985573913462
0.05625419650362917
0.06221838719858863
0.17691876702281584
0.31128028694962107
0.3804977601488596
0.10247582331654348
-0.13939821931335095
-0.14997315464019356
-0.0804002161371482
-0.3130766365327162
-0.3518560596849477
-0.20208350201362268
0.005708156139823117
-0.3102156778024526
-0.273909271796553
0.059087485372081305
0.193666105838043
0.1674847848482497
0.014876175800545344
-0.026469943521336026
-0.13965379177816672
-0.5274807805103903
-0.616742133531681
-0.5955434400935657
-0.500565459135917
-0.4258445158165447
-0.20391526655943082
-0.07150899101238439
-0.06268031888202796
0.14860162921659625
0.26582984123173503
0.32764684918950127
0.29185914390879897
0.47285870509773276
1.055897465133204
0.7557011050012261
1.9810475394941076
