2.4109068775162084
1.960203392940477
1.3155431957029058
1.3934829833205316
0.6791255676020014
0.5839306648574824
0.21919071888147568
0.37610746776382686
0.49468511067573806
0.3158861234287399
-0.024068955325095787
-0.15761115716327212
-0.03252229974009602
-0.22244094173889972
-0.42394990472846805
-0.3783910274764628
-0.2478755032222788
-0.3363367253482795
-0.06680487335888885
0.4963974165000894
0.5952331205707251
0.5288992134664824
0.7306680664140004
0.3447907851253811
-0.06443954925685835
-0.2719319180670354
-0.18814209943032634
-0.37964202110659384
-0.44682813582666436
-0.41657688843866314
-0.27731687543403627
-0.2837228708293589
-0.3937110415829701
-0.256392008651273
-0.12573326316594702
-0.17879620286497055
0.004647178951447728
0.05164687593241046
-0.025664399091771872
0.05104802264066233
-0.06339842146751595
-0.28558035123252834
-0.4289427139627451
-0.3851377443001647
-0.4383306139832641
-0.46516960294955423
-0.5285051469406654
-0.4717353685883381
-0.4820440628981788
-0.5264364992936101
-0.454252314789362
-0.23223675981875314
-0.11875934096837171
-0.16064765429244765
0.1125278899315334
0.2890713612228646
0.05400576231402643
-0.05583866057141684
0.1280691454865217
0.19037804467106845
0.008857838756399006
0.22689803725090807
0.18134453654206006
0.21516059604166637
0.02382524952531051
-0.15353227368825417
-0.10410736825559097
-0.35503985026574925
-0.4059318154429761
-0.27178121867176463
-0.40821721080263407
-0.4295307721332722
-0.46176333417916515
-0.2950670073542664
-0.3687595135160423
-0.4400659944665959
-0.3626387055503395
-0.30556805034163337
-0.34708969731953543
-0.4891977303686512
-0.49323979483262415
-0.46939625910573746
-0.5122428831177988
-0.6111606156051788
-0.5619448320561953
-0.43609170767599226
-0.16715524661757464
-0.1365212043978309
0.13006484813971164
0.41566577158703755
0.4056289389994905
0.051092786222110775
0.20200284067397
0.18148159854499302
-0.05826450355974111
0.19711726169048394
0.09370126176585813
-0.09264465486129814
0.06765824165255907
0.04495455048649066
-0.1308201024155785
-0.46975056801567816
-0.5480978449569409
-0.607832395843851
-0.6027696374480531
-0.47920748053817785
-0.3514916805680418
-0.09406136583450053
0.07829085293364002
-0.06798418144193763
-0.041598333022434764
0.391232162923579
0.4804916113022487
0.06359716134296234
-0.181602933627381
-0.21698174721596397
-0.4222199398131401
-0.5985588273844957
-0.5308744683290332
-0.4071962298917027
-0.409833785097687
-0.2882124669428867
-0.028477911225268104
-0.2327696691697161
-0.058947462680889684
0.03532442442527994
0.22795559484758798
0.12191744139681082
-0.018866179212716938
0.04443596138632944
-0.05851424388033033
-0.14042461600182765
-0.10082556692662004
-0.2928381317722786
-0.01939725854907859
0.1432295925918492
-0.0592568616457253
-0.1373673330702656
0.06099931779923495
-0.007358508970438216
-0.23843876736703018
-0.12446002894425845
-0.1533892304119835
-0.12200604983321806
-0.17806579643822673
-0.3136835356261858
-0.2530507860293387
-0.4261286336070107
-0.2945745353399498
-0.35793789648352115
-0.47686707796096695
-0.354783637785801
-0.1838908596337382
0.07637859811435932
0.0074062114004430635
0.07340941946706159
0.13387517143556538
0.26300145305860134
0.15553127306106396
-0.10042593943331413
-0.14437902052341878
-0.04989811021083623
-0.13540560773270904
-0.13013637979183124
0.12514603228385757
0.37082303736173616
0.17698683765845902
0.6859069714175487
0.9188569031547005
0.9654450290249356
0.6320427163120661
0.17713148451387062
0.24126895245390823
0.148359774192789
-0.04278886431939333
-0.032303323250669314
-0.3629776796790123
-0.08588070667988357
0.1271534824014231
0.4086991400120683
0.2922430526644305
0.5301015802858849
0.5158692577570932
0.5499810928754101
0.5247238895681822
0.6914719176491706
0.4733976882900356
0.06634541380511083
0.11053783313879373
0.08066548695508491
-0.07817930158206499
0.007876640674967517
0.19174070962364054
-0.14150724340696763
-0.19407266251067012
-0.051186855144580656
0.13087629060091577
0.3045541890911274
0.42794269685098785
0.8090712150197272
1.4856599887325497
2.693029869196625
2.9703178783251003
