3.229590732415084
2.1057649980692945
1.2150760187812093
1.8507193590852222
1.4166928528146894
0.5620649953435968
0.41957851000689284
0.527672614236747
0.7029347982672149
-0.014573768729622016
-0.07346031285580401
0.0918569996215911
0.4201263772703988
0.1147007707956007
0.41166297437258115
0.35820651733538733
0.23941348217859348
-0.023426638961787205
0.03326412078825347
-0.09335018229778824
-0.17236177982444634
-0.1951773488745282
-0.24309419120463116
-0.3786311563051453
-0.09423737955749856
0.06447738652542956
0.21802593845202578
0.42311972104335616
0.2747333765870089
0.030806004323205682
-0.0004420454859934697
-0.03884749587352254
-0.056648043599554665
0.07224462316073155
-0.22388702020276152
-0.14537268015455773
-0.19183218882628117
-0.33252069404719464
-0.3843779401746401
0.010596503421129166
0.24075723316429076
0.19600548025132203
0.0656873839332619
-0.07550595715954223
-0.3663143923884662
-0.5275418303808586
-0.5385746514392431
-0.623999761279272
-0.6693195115351598
-0.6505787160693437
-0.6383993734255333
-0.5708458075030416
-0.17686672652010427
0.08040448532736122
0.27140280164668196
0.47911060895975965
0.41411131305755655
0.5622287420913272
0.6599350692125421
0.5283172431649713
0.31607473827622834
0.09417621655855835
-0.25257634305463883
-0.36588142556579983
-0.4315132131918332
-0.5481975182004821
-0.5986011903752311
-0.3603979773073489
-0.035431306146780694
0.16965595726761862
0.1476090773241845
0.222085155018931
-0.13789832587423845
-0.15952251211382906
-0.07542707615298083
-0.3802889572760385
-0.33334305971085776
-0.3263781362923692
-0.3642406197302446
-0.3772169360908245
-0.35601415553062177
-0.43789018848549444
-0.5267059106667513
-0.3993644636912119
-0.301499493277847
-0.07836098096176403
0.20846269854775157
0.2686372589022342
0.28764659204533605
0.031201691486306915
0.1368047569082328
0.026211554979890694
0.1582436135914409
0.19616272769830267
0.21805163431950825
0.18727205339257746
0.020218594001240597
-0.1547486883743847
-0.11727328699402051
-0.1804266750223663
-0.21890133270973777
0.031109480671249523
-0.009410981120387074
-0.0025961808921708407
0.2968610998986452
0.08945436811969498
0.04803029315146479
-0.0781679365773933
-0.0652427874990793
-0.1830578882090993
-0.2211093833214557
-0.3102686341550449
-0.27686238356839254
-0.21435439861316952
-0.22796422972595853
0.02818791609051463
-0.1498577085082028
-0.28624006765270393
-0.35639111325965
-0.5343222015736204
-0.6016737902868698
-0.5994636025202256
-0.6447358358162423
-0.49958024512522803
-0.18751990663669005
0.07292580690509087
0.41445069815232327
0.32510856880041594
0.18843739728752995
0.03301780493993545
-0.10888048620488322
0.004512337735411376
-0.1351122489412916
-0.2558818011390458
-0.20031890716469025
-0.3307159065666674
-0.35458022656064336
-0.4558724207175121
-0.4923465467122903
-0.453580596235879
-0.21748963246323538
-0.2908727485456464
-0.07412305819948184
0.08241313568041575
0.270369808378232
0.5351517618563575
0.4562396171686116
0.31985938839277317
0.12247400412460152
0.12683759393761163
0.05013605491634687
-0.06369569335840575
-0.04147480139645621
-0.01086153357610764
-0.06535798462270348
0.2077213208120655
0.2521207494482879
0.19874430490764528
0.4257268641238563
0.29224037074972053
0.11309289736199646
-0.11056026390970519
-0.2845244442393038
-0.07886950057731879
-0.19999103977981836
-0.007750322394988074
0.31663404124732564
0.4362590068737724
0.4566116170367348
0.20657339664056718
0.20278697402422707
-0.15142179615783036
-0.31108178780533646
0.009608365179085254
0.15115730280006834
-0.14004613115918985
0.09795010894761935
0.1222720457359544
-0.12071905274482442
0.051248942707372125
-0.06695620115414036
-0.06517597718778745
-0.2349761878918849
-0.19811944899173617
-0.16646889898365136
0.30392635298256443
0.4801049279843267
0.5951594705269456
0.4756550919997269
0.4806918715070547
0.06145209624629422
-0.07400394231836016
-0.27518940409763415
-0.4375656034994059
-0.5781998667361168
-0.6407384757998555
-0.6435664170043998
-0.6690049775348541
-0.5740466203492238
-0.18415364404287193
0.08112009884374016
0.14443891241475004
0.329730551318527
0.23877243988412944
0.07934099010760987
0.18614246858431038
0.40297791184321796
0.2924080016579581
0.4616724788397303
0.20263746007989458
0.6018771820300375
0.2939352964230073
0.19795877341574497
-0.02052787086672958
-0.2976461944311932
-0.3163407442710323
-0.3073630240185078
-0.38710835025538337
-0.3670994023281682
-0.024322233387263803
0.2075191487440109
0.3237899345123978
0.22477713881594485
0.43386910846798177
0.21938727213343945
-0.06045387848152273
0.13953839231827447
0.05276395578792259
-0.023121176072603222
0.30138442896122386
0.3384264136618045
0.16549830481651417
-0.06361920678960309
-0.3085907012497511
-0.38446133622705303
-0.39940422596884084
-0.24721243317912212
-0.05768096534926215
0.06460920088673117
0.21098718942174643
0.12167897190102661
0.07182827507685485
0.06114508044600342
0.10191893077319425
0.16223150315283075
0.0980550551111885
-0.09647952893854772
-0.17929671440566752
-0.16058438402945963
-0.06704879366862926
0.08987503726211521
0.04436814417572843
0.057703159161868856
-0.08315879632525247
-0.4506843673944426
-0.5395007537317857
-0.6026319973996606
-0.6711193005434357
-0.6854609598946262
-0.675159755508951
-0.6068016800945206
-0.5448519482679071
-0.14084757423734084
0.05117888481952937
0.17398115284750904
0.14005700050830638
0.26351952288278624
0.2806895084280281
0.23070610718060713
0.04269269111757845
0.05038916412621608
-0.19065792331615505
-0.2741524610799524
-0.2700674972835355
-0.26386974160937693
-0.4851903004493596
-0.4024775119463404
-0.404320583058136
-0.34946764351271264
-0.42180207291806726
-0.3373279844495095
-0.4594856144038637
-0.41210141667440425
-0.21192504275770663
-0.40325166546376967
-0.3933505412312063
-0.12567384513276203
-0.29430026400072795
-0.10471435717893107
-0.1039400771453991
-0.13976848544207265
-0.1760225802249601
-0.31690394455403625
-0.36357058028289635
-0.3401976465240182
-0.1030158335131457
0.10537148025253318
0.3470719042351387
0.1755174722120273
0.018898289913618416
0.23697790532881013
0.06833988707420457
-0.24070191350035008
-0.3485634787953096
-0.27501461832999874
-0.313939870431287
-0.12392458719648158
-0.24628882986833767
-0.35650410001253396
-0.4042733248767699
-0.30063281908153505
0.005466148017443939
-0.06451892198143416
0.08966467627191943
-0.15602226978349276
-0.43308544863646614
-0.6241852236485896
-0.671802291273623
-0.671596400759704
-0.6759440884436358
-0.6749505414689825
-0.6621496615207152
-0.4568299449199653
-0.380939767906594
0.08371831028772725
0.11226572264092649
0.1325190725071156
0.2949393701316688
0.1905538401247182
0.08759471304585609
-0.05299112501707448
-0.31941332530004796
-0.38930814546868997
-0.3826562166328966
-0.28443353791781956
-0.13025577268597244
0.08700744117321524
0.23490805512133173
0.6423593504750634
0.5144435611441396
0.3991485963489204
0.21762387001354755
0.15059931473802335
-0.026931382155046646
-0.05343423055434826
0.07582039844707089
-0.021572266985154243
0.24641986599061394
0.5494817720598326
1.2740493842787215
2.171395228505419
2.8315946076091687
