2.794524669014735
1.6802225803264503
0.8939148697678647
0.1912326675889473
-0.052892373805829784
0.0306402737751047
-0.04442287476280693
0.0637748841528033
0.0008671598428696692
0.1318152089002933
-0.32013093005561966
-0.37607454812764707
-0.42108982568640696
-0.2835702482927399
-0.3017146085616583
-0.04329919854003805
0.10811480863661593
0.20998465202382732
0.38137217207727736
0.12924323851400776
0.42169475780436017
0.7342141066511054
0.9908147434340436
0.6982110075515188
0.5159917836973065
0.5296843936328411
0.11947504524050512
-0.09760057519984222
0.04224645818367734
-0.106758349400631
-0.380411412434698
-0.44528826855282166
-0.26662687842269506
-0.09849838604800276
-0.05610012887671034
0.20221065815481576
0.583472213485563
0.590435115971599
0.6999908314489808
0.6138270390211803
0.8622296825466345
0.8754187191767481
0.52562770222319
0.19889944463948184
-0.34487328382578863
-0.45371236679606375
-0.6255588740828544
-0.6020251348804377
-0.5147297036922172
-0.5618928428318115
-0.3989558319961395
-0.06621663821437906
-0.09755312489312051
-0.0905177802644005
0.00036390132196317815
0.07588442693263886
0.211821247029103
-0.025897108482449083
-0.11016098524704976
0.06268280171542773
0.2801247660932036
0.360846994373173
0.24486834346802855
0.4095532282616816
0.5266479428930381
0.5361203693783955
0.31700396002930065
0.17286311431206747
0.19072161215285088
-0.0030454788273139854
-0.2924034842243448
-0.48913001200319095
-0.32940474120020014
-0.5411093273277965
-0.5529636929403299
-0.5134023503209315
-0.2578526436439401
0.033581187852768646
-0.029517012248287067
-0.1388351058526045
0.13500031928610867
0.1263535731645956
0.14618736502262575
0.08461039510762891
-0.22894626976315613
-0.2128279717649233
-0.08765457554367262
0.26302306698920097
0.16534762973443518
0.24399393917191992
0.44687869198174845
0.5197262117746665
0.3495355162642835
0.1073521844181149
0.19340812246456485
0.02595112523266896
0.08451549617493992
0.19360004408243736
0.05664745564744755
0.140582747697085
0.017110582879752756
0.12156253564778652
-0.05447839430565371
-0.09902651837117948
-0.06156318010943829
-0.24956945155016563
-0.335083783261955
-0.34509550082314777
-0.4368627886909785
-0.44934921080292445
-0.43440086341585615
-0.21330560660529985
-0.2426436025572204
-0.08078544919313013
-0.056837548495866086
0.2358327883585858
0.3056050096054893
0.12252600013515591
0.058501042645974
0.016126209185737705
0.09385463707722252
0.23436818462898945
0.515222765660339
0.720394184903586
1.9339391245214426
2.829559672468128
