3.2640523199707094
1.7358962607186015
1.1304204044684554
0.7903320563490943
0.8244975783150134
0.9651475302372671
0.48943984465328816
0.21297694875646545
0.06356346947645353
-0.01985445072197789
-0.16968912060058083
-0.22152163966536387
-0.11454744280895768
-0.266050502520519
-0.17402335867712504
-0.20646187594112986
-0.13709723006972185
-0.13150721111360975
-0.21565716843794291
-0.1864886025660064
-0.01569941240652406
0.1339622289941751
0.25614724184854176
0.23097989189640744
-0.018122155344951985
-0.0678345245698041
-0.17608859358047257
-0.44174517648164313
-0.5472598299222029
-0.5409208972444459
-0.5379509550235526
-0.4644666605522447
-0.2610293050000718
-0.10469226271163112
0.018869440601820053
0.07189738928917722
0.21890235850154993
0.14898761849258046
-0.10377463892925698
-0.04640880347086651
-0.3433823401212861
-0.27351076161245746
-0.40792930783604
-0.3709548052517011
-0.2741877222334381
-0.24192196802085775
-0.25714060613004286
-0.3098164404697126
-0.36613980306379657
-0.4097598425659207
-0.4413724655538561
-0.5618884960723642
-0.6066892350775495
-0.5754618710650836
-0.6049719477554398
-0.5285184310356481
-0.42337069896124635
0.04796504475001506
0.08071026856577035
0.09523873640828762
0.26664630045524607
0.3916980119713773
-0.14087840330790535
-0.2821243452910178
-0.34277330459178756
-0.3207860419887616
-0.38862291470060906
-0.2748354386209433
0.015676210077849473
0.04516512436712827
0.2242043020856822
0.11645936641863885
-0.025644608999276897
-0.2171289772759909
-0.3430937664118143
-0.21432882122073438
-0.2687922880483091
-0.14206413782516503
-0.25189109019106126
0.0945184360231518
0.14372771951279562
0.4115755045248306
0.24687960007197518
0.15954751958364255
-0.056709991292868245
-0.45921373202630933
-0.6016748169935129
-0.6690304284941577
-0.6702618309900561
-0.6749704046221872
-0.6283320732496098
-0.47834292472446993
-0.3028658655418892
0.38385790095545214
0.7296593146466883
0.9688743641563154
0.85643907644851
0.4992647630700563
0.3388310877216437
-0.00957954422286278
0.28287311009576444
0.27131958921526156
0.3178601848345004
1.2581411190319913
2.384763966237336
