1.9794518438107351
1.7387372470602054
0.9356031345647465
0.6826299836803255
0.3011615632371073
0.3663439981186203
0.14730529900426437
-0.1747557361481935
-0.3734919457103858
-0.2663025323843218
-0.4012042936673439
-0.3926940345050083
-0.41770048843885776
-0.466145535343218
-0.2981241130656357
-0.22106338185176988
-0.44284993161315656
-0.49385597678018534
-0.5157358672526373
-0.5235703781794472
-0.6145601522155459
-0.48258459978522517
-0.41889332359416653
-0.35320983839356246
-0.19081798038681974
0.056384796508577306
0.25231439525300225
0.15672079835100206
0.009072075467596474
0.01542614727093139
-0.014442527875134559
0.28610331866263916
0.19819829820987778
-0.14283900920772974
-0.18100109441772905
-0.5121710287431058
-0.594101534800038
-0.6196293827728843
-0.5572800285269686
-0.576845813584357
-0.5541030736233101
-0.2859430739554516
-0.024352657074375728
0.4595033833994251
0.33396186471802836
0.16844667916498868
0.07094848798165843
-0.056897993646312095
-0.21118982103097172
-0.2632812907882429
-0.48120678381086845
-0.5401178335498595
-0.4373346731549346
-0.4687634296332126
-0.33721812519659067
-0.09773779565188345
0.0914756682475355
0.040643153216692984
-0.06783131855029845
0.13131813014428018
0.12060268336113567
-0.16572336203142146
-0.31971117228770685
-0.18680177460584746
-0.39452735751028023
-0.5147382815609163
-0.2828964501528023
-0.21527506444989297
0.034467936345546235
0.09830231447890425
0.4914590723196528
0.7683907370212999
0.5378409152691114
0.4319509847308274
0.16308904059188534
0.2098651421570844
0.006849956173791916
-0.05454064445978468
-0.15189594786004612
-0.09621600466391023
-0.14758908207757482
-0.13126971616940453
0.18421957278127743
0.04657647885291205
0.28675915279789443
0.2856052910793445
0.11291446147635842
-0.04392432892312814
-0.1944616163981916
-0.04448715358792299
0.24160176547539192
0.5106381043544346
0.5393009143890554
0.49867458865647185
0.5120361273597027
0.38274901609478307
0.03780633698760949
-0.35176585119587855
-0.4651937771071004
-0.45609909809738314
-0.380709570448851
-0.10298973005027867
-0.11948639228673852
0.138470940442616
0.3489951383623825
0.1672306040322069
0.05496044006159717
-0.2739103575910429
-0.4495923525975474
-0.5574555936081764
-0.5783014318546922
-0.5054763626908274
-0.23467783600581238
-0.13067603148771
0.1487908676857379
0.17417791589446308
-0.004829697042728509
-0.1705112257786945
-0.23626950564294302
-0.2731581048806433
-0.4385279149148077
-0.3678419565449478
-0.20466689109673286
-0.05041371809764794
0.18562095150838887
0.39213673542362504
0.34807298333288894
0.2075023163049048
0.5544094927592302
0.12411048711571371
-0.0013582321755994942
0.1136998629369641
0.03883001678493103
-0.3234915852215493
-0.1752141964856595
-0.17157129983710828
-0.5346322920579298
-0.6330890885868063
-0.5214715923389253
-0.5357113633254456
-0.49542508865137447
-0.3511596534354917
-0.25675127348736326
-0.17817615422204436
-0.21927873518893148
0.08315312464645574
0.22459507706951942
0.011397051653976642
-0.17809883150411743
-0.059254426669226645
-0.3785932842317339
-0.297090544776883
-0.10618023719263214
-0.061856216782493645
-0.15463189760944407
0.13326266556622401
0.4030929091863954
0.33089535482535537
0.07436802151478972
0.30048655775349986
0.40962515791717735
0.3083550850220871
0.24539460322225848
-0.09062199543696448
-0.090606318141918
0.1551917980664207
0.2726163814129908
-0.011440268261826314
0.11557228251533325
0.16040926824375235
0.2318391462623144
0.02106872745568744
-0.35328637422886655
-0.45681916503342523
-0.5515257513256251
-0.5531150632180362
-0.4650790605938435
-0.44441477913195904
-0.2736560485889272
-0.02655927413009429
0.2147788602039281
0.3274220732259878
0.17447064001944212
-0.006624678936947848
0.13814799162315694
0.11460730395648888
0.11082456982388034
0.17187002242239546
0.06480173667022437
-0.20520407567705456
-0.1389726097890469
-0.16021677195803385
-0.33731362192895487
-0.270047745905322
-0.3017971691771315
-0.1358845017694701
-0.04304064257938256
-0.00033516499848784687
-0.21696255978732526
-0.27599034418722757
0.05821735466025135
0.17642392920483174
0.07587448500141214
0.13469506727091374
0.06064058164829955
0.19840348490808912
0.3218268418979531
0.2040489468945199
0.33360511871763543
0.5230982097347034
0.7444808262384244
0.6280823380051699
0.4872327662278987
0.07008266389771878
-0.06966622569373182
-0.23104829814177774
-0.36244094559212336
-0.24044915967730862
-0.2740164402669465
-0.0659258208699598
0.057830324488330365
-0.010629427004958503
-0.035399964007964524
-0.059412676994247904
0.2720779982917241
0.24947789947651822
0.03394134081249289
-0.036584147486363516
0.037006617228266925
-0.17083236691534165
-0.3266776304843729
0.02920764096856998
0.015212616382649702
-0.14940611726750197
-0.06686211684312571
-0.15005157982489947
0.021308392211283222
-0.05728807456900431
0.022823545373522824
0.1907937343840016
0.30108515132101754
0.344109564353824
0.2670238658023396
0.11473567962895259
0.19959584448829448
0.07807617735683059
-0.06334586484916127
-0.35294465886730053
-0.4541683668600125
-0.4361084942217146
-0.2489439475256141
-0.03798992893711628
0.03456426232833243
0.19870392699661032
0.45618997969389163
1.209769479587483
2.755253011270525
