2.96614552044965
2.245066562449136
1.2046487237668153
1.0085674351160474
0.8871769292199695
0.474372601077359
-0.07129338875775237
-0.16683102226005997
-0.18001153216367116
-0.4043342325168702
-0.3441711726904637
-0.09070856981745334
0.06533163672904929
-0.007988120886825434
0.1300089638779781
0.3045077450118454
0.022295461254449367
0.11286338990646705
0.3731675587794989
0.590510167610064
0.5066670175781053
0.35573690411367476
0.5239509053890126
0.41671850443053227
0.3192288743096797
-0.16086625508031593
-0.3630907924505866
-0.31051462074541425
-0.4811141186246348
-0.5213248280206131
-0.6483895943111206
-0.6394598675285115
-0.5812909858684074
-0.5441254990765598
-0.46372301291603746
-0.3988308721714191
-0.29117137445231944
-0.061443124247870906
0.04798333826537404
-0.2736353214588323
-0.343910496792984
-0.10447567663091617
-0.11210865414632498
-0.33580131654082457
-0.30558506148616194
-0.019466233009980072
-0.03495097234052558
-0.1678755496296227
-0.1430225683729206
-0.1726652590298421
0.0340284733704892
-0.020036486819532073
0.004700031036632302
0.10407600887755086
-0.2540774846189602
-0.043708079851211945
-0.17721238438965503
-0.3000286568657682
-0.48570108365679143
-0.27080711372405497
0.03210912420520795
-0.34511888363680954
-0.30462359274474116
-0.08812659011045565
0.159572024478557
0.03238902360263751
0.5396493956928388
0.9656255853047451
1.0454139604677783
1.008779595686994
0.9064484263708187
0.7648560238920733
0.8733316701425413
0.7986560953046077
0.5359448902050928
0.19198458729401902
0.1039881003658164
0.09038337305764177
-0.05279769653614386
-0.0986499128112982
-0.006706541001832544
-0.13259868740322334
-0.10348708754858438
0.018867337723592836
-0.1963484824735291
-0.267081200718164
0.05645601669888867
0.3238616567644307
0.31516194254553365
0.39746810129340227
0.5565152774423954
0.3398637274392702
0.7132815937708926
0.8400077038122282
0.890055403719421
0.6080266120058488
0.6854174793476574
0.7338027650585167
0.2970475822066092
-0.0015162844483229687
-0.14319652496079838
-0.2916169246151902
-0.22814676909508536
-0.15605680844659775
-0.4558330303742546
-0.574156637069335
-0.5755776132057169
-0.5946251681806503
-0.5618006009502308
-0.41025930707804203
-0.17132388050678393
0.058252442888322986
0.4066642135870324
0.42579113537349966
0.42206558686593076
0.15647620978007548
0.3021862473190424
0.2939957331180846
-0.0547574860263601
-0.1791060699161542
0.11820226534358969
0.324361109816367
0.18974605269793743
0.2472899402670108
0.07665373630362571
0.05145241771691811
-0.022538970621555854
0.09473367482382755
0.004610555132495975
-0.14412734985738085
-0.02685988141280271
-0.04898613963994436
-0.04236948471713031
-0.2704473328453232
-0.22426862538629044
-0.0250207029782612
-0.035151296548271205
0.23102521769313156
0.3099186168892789
0.33271896091641084
0.2745927570349519
0.2170139373008998
0.11116109194321389
0.44843939600579474
0.5371803685874428
0.457776709955633
0.7785177422395493
1.7155758107776309
2.037166886264706
2.9909996845434033
