2.4690183601170745
1.9374225772322098
1.3333258606699279
0.8181768332340762
0.8746120713513346
0.22390766313282018
0.1465607241875475
-0.08201039513054642
-0.3720781507726709
-0.5161308349530866
-0.5792777815775418
-0.6224856528753306
-0.6222048900357864
-0.5280329375022066
-0.2889073879272549
-0.08870566917676348
0.0987159968911272
0.18929184713585845
-0.10831606540114191
-0.10301692178579391
-0.02238822226059123
0.05777531686529547
-0.1464152525093365
-0.2538473002647895
-0.013605266228900126
-0.017628285491408713
-0.3494265399874945
-0.32220842040218234
-0.33609079546011933
-0.26987592014425976
-0.16649104005993154
0.1439245632030467
0.3432693651051455
0.4981532538974356
0.31670184452818984
0.13868005683212858
-0.16248957153628174
-0.1982221242518587
-0.16363505884717933
-0.0325302516920426
-0.058490503952888684
-0.001063362777448007
-0.18782526356507312
-0.2698256180258378
-0.1945507000265848
-0.24692864321430874
-0.2416550439048648
-0.20654141895985123
0.0793031872008485
0.005136042452215661
0.1952049036998439
0.47195726621580014
0.45337344535992075
0.1819536451075967
-0.05683777031297066
-0.004158627275872906
-0.14155600035679583
-0.19169065391548679
-0.1687463196434129
-0.042464971645449046
0.1532459390165155
-0.09362260790118992
0.07348907249886327
0.19499739429548035
0.15503299946889748
0.15722809843123808
-0.08886595563317334
-0.009998422611111946
0.06885243764159044
-0.09975813270865153
-0.2171868876853118
-0.311867241664594
-0.4874976086126668
-0.49695344664168317
-0.4855257714852952
-0.28620575538961446
0.011998315423893624
0.1541632277025493
0.43674921109717313
0.587948799526575
0.282604342096092
-0.027958420327552025
0.05025429501534184
-0.15633991357850474
-0.44154044645605617
-0.2587195011672683
-0.06217151434438739
0.08511853006971415
0.019847338731261543
0.17011290305239135
0.21148183127130182
0.10063518013032402
0.046800198680304606
-0.1547612590569848
-0.09183511166253921
-0.1791606988732184
-0.2323636359444664
-0.22374220859349336
-0.493293141509195
-0.46583911876320716
-0.6068064505499446
-0.6132091571632792
-0.6329650753842473
-0.5648803322069784
-0.3239596158674187
-0.2511067488209482
-0.1747707142839302
-0.2964322205333554
-0.08209679502120071
-0.11962104064251544
-0.3153422167067762
-0.1659384288549799
0.03952078140700954
0.10949592938643482
0.13956921909307896
0.19397658950693764
0.2787369722869748
0.021770082288762427
0.015913351996402092
0.10324805284955918
-0.015211022155228182
-0.35552794890446193
-0.3449698816019915
-0.4950100206331265
-0.5098194467198791
-0.6204455320969453
-0.4545720417166026
-0.2989030824210668
-0.2508407517722654
-0.009863620264810136
0.19471967771489151
0.44600692326616453
0.35871315118779856
0.3181626312829905
0.2821431756393169
0.20004206238671318
0.17641276040738518
0.27650104720838686
0.16975092042441797
-0.1953136617024055
-0.3169045536479236
-0.40510298881934503
-0.5074461740057128
-0.5688838119653048
-0.5089318116945394
-0.27410890403375854
-0.19473046848308717
-0.21113791237306823
-0.11487665326263485
0.23119684223901538
0.28653935809929265
0.2496529708817835
0.4881248132067417
1.1736162538825428
1.089514125872734
2.111979441097194
2.787395491655553
