2.8193126767509886
1.6522998678213372
0.9067555227990507
0.6090225583534253
0.2966578197093025
0.09494731987710181
-0.13942885249217996
-0.3375871190731903
-0.3198396457192959
-0.21124568238306862
-0.1495614424886077
-0.09532808465393294
0.1642086874953801
0.08370282222554093
0.13623676961584497
0.043765434746587006
0.004384822278961975
-0.3878400512666863
-0.47144162313587645
-0.32658317379486845
-0.12102892405868682
-0.39505907745776236
-0.30285191327148375
-0.3219251009789208
-0.3470215764930361
-0.4160091962162631
-0.24332031128831288
0.020142595511023265
0.3026056952411579
0.0511434499117176
0.36795890334328485
0.7240144830563774
0.5918881910157433
0.48992846464454387
0.4652434624362416
0.8267011285051932
0.5677716689353914
0.14948611804138112
-0.09181844983600895
-0.12044124859195482
-0.33343007800326574
-0.1457007825761497
0.03704681937000598
0.05885906957343501
0.413691569443592
0.64413436662145
0.7031882704668837
0.6324906193737729
0.3588271971711535
0.3067204502275326
0.18077344984974175
-0.1464125089606091
-0.17283249285991154
-0.30554860005908524
-0.39164315077163847
-0.29499870356737423
-0.08435601725482622
-0.10549546922092057
-0.1676775126042197
0.014384408046800412
-0.13186419521019144
-0.14715106305309755
-0.4907707462067741
-0.5140870218920881
-0.5299134371232912
-0.608590999890152
-0.5912671125356621
-0.5549895515818328
-0.4702157438184269
-0.3696328187818434
-0.1534678257772505
-0.17110895287549255
0.04947579180263939
-0.002819260303519644
-0.0395369536410608
-0.03594340265435825
0.14187916672795275
0.10860381212887915
-0.01905258579563629
0.14100333880122395
-0.025177386671795587
0.015200506137595715
0.2656028393559787
0.4169394676724554
0.34685486966629975
0.17584898899865942
0.5689852925410861
0.6175393826524919
0.47082913123780556
0.18937702114240795
0.598500958163232
1.0622959477328648
0.9060082027131839
0.6128080937605658
0.3635192428757039
0.22282157471950503
-0.09700042798745523
-0.16570404661759874
-0.2827686193478187
-0.5104202801562985
-0.6572568539517127
-0.661066941302038
-0.6701517397479215
-0.6293210050379501
-0.5033483101962961
-0.00018332243825314176
0.5499460670608527
0.7350017699468047
0.4017117249794915
0.44834293640863787
0.675259463824446
0.321942076151021
0.11638108403116298
0.1807545664556769
0.03211273373428736
-0.1815718860762635
-0.08951514537191518
0.0381157901219098
-0.22911865969121714
-0.30002863665568713
-0.02287885023770131
-0.10203228304037493
-0.2517446430650032
-0.4031994031577595
-0.3500187760152764
-0.43590407497536543
-0.3247631332633405
-0.03571449642654467
0.2626290459566425
0.3469764325514857
0.3058177005673395
0.38171397971012144
0.415367684880492
0.5183740420949953
0.468015919508336
0.1736670443742243
-0.13337388917863358
-0.37678263671619683
-0.5203738893649619
-0.6134761982225034
-0.6641522008076941
-0.6741637346420228
-0.6189228557907016
-0.6219064374341703
-0.6548636524398928
-0.5875619246554624
-0.5977759759154915
-0.496553056032625
-0.25143401463561244
-0.17458663839212163
-0.26558857049662143
-0.23783279049859685
0.3002135512291727
0.3389045353347304
0.12966938375512027
0.11693619928890353
0.10319769336013718
-0.11590208063317053
-0.4657863637595949
-0.48234064337705895
-0.46497593675295157
-0.5041765188203287
-0.5350532592971897
-0.47584609335991046
-0.4656053910493614
-0.49687154076985185
-0.4789401387338661
-0.14446837999821227
-0.19265647069529468
-0.3666314221279561
-0.19121404127495834
-0.2620559057556344
-0.17538411190542436
-0.01288572430690027
0.12116882525015615
0.19220411413463223
0.122882031867803
0.28749099666649336
0.24006791887693435
-0.025265498283924215
-0.14979262389342474
-0.15862546356737772
-0.3651890634853916
-0.45550745415707494
-0.48620280151588835
-0.29496762265847387
-0.1099024219059711
-0.1222354119828446
-0.23966316235525875
-0.16186234848756242
-0.21679624108595408
-0.46049977584317947
-0.5296072271648824
-0.4982864781040224
-0.5221490850465562
-0.5034373557934353
-0.2692425214162585
-0.12831471132568295
-0.115616968196115
-0.21014637516872736
-0.14542761674864024
-0.057970147722171794
-0.11371277944410618
0.15376257472708055
0.5855172906797673
0.470052575008832
0.46040042178724827
0.7738523766208918
0.9790343797385447
0.9422055326210829
0.5640347817908307
0.06245063710217236
0.12487082295145169
-0.2271711772432521
-0.3773556258973798
-0.2401996218085527
-0.11471279978219384
-0.07650324473198944
-0.2075083892901406
-0.06520427997750167
-0.13629248279172612
-0.09281188106046645
0.07022567463978002
0.18302183306652053
0.15986516765736558
-0.021359076760838036
-0.157951078721977
-0.10839148550379762
-0.24408888553764352
-0.20228971014630193
0.05194353735276236
0.426186320059725
0.4490048048136329
0.300902246202015
0.42366921604569674
0.8338408412097267
0.5304657524675267
0.2587585659019801
0.10506879286851367
0.14798040624094488
0.029889872490441505
-0.32687210566020863
-0.4162609706212155
-0.32199391219795426
-0.4296895444976212
-0.5950283389410831
-0.6223903512807514
-0.526382308040124
-0.5528663305967882
-0.4723209350856694
-0.4511246527563082
-0.17740909594277554
0.33668847062630536
0.5978841008897509
0.4715570570634454
0.48269345069650915
0.39040106305069655
0.061059905404383774
-0.18032943365578846
-0.03344870728214733
-0.11776828753884949
-0.2699126367190201
-0.447840569849675
-0.302201082580587
-0.040601934233362225
0.12517633716610088
0.08503218431282811
0.3489145177681533
0.1648665598756015
0.36929488471002514
0.12737150749434645
0.11299228839483211
0.3065851278575271
0.39584727122156327
0.175780776182069
0.5333342435988206
0.03748415859103105
-0.0346791315227738
-0.036071503711925246
-0.11247837019918794
-0.09917489649996569
0.07431886530441512
-0.0994417274577204
-0.1570540255754067
-0.40271541463615645
-0.38077887347790484
-0.42704755741599676
-0.4472821111503451
-0.31125979395368186
-0.16792387389715424
-0.21684290922577087
-0.09794123878628269
0.3164010211617616
0.11962976944092718
0.022489932660285872
0.36735075097227476
0.18976662828783275
0.20059531368855743
0.22067510570044968
0.4405954361745893
0.2827925880163972
-0.061382181617011256
-0.24337645503917726
0.1338360078373807
0.4740305508926077
0.4184274181660902
0.11237330971380433
-0.09292711911313156
-0.2279699321520594
0.16654766502172846
0.06907199679598364
-0.040189152451743926
0.14228004801141725
0.4492815284340631
1.114174679570351
2.1273771792237426
