2.3447086668204085
1.144695935039671
0.9920353240341506
0.829719957360135
0.7901034028862925
0.8425093463368544
0.5426190234842926
0.4851832788224304
0.27864033878104455
-0.006606014046516728
-0.4106468305963423
-0.49761120832038164
-0.4825708861556819
-0.5082615245641229
-0.26427743449854324
0.14699939400871687
0.3707270851578992
0.43007360099629643
0.37930343896025065
0.4824812198427739
0.46809367051886697
0.22431600850923794
-0.053425690719643315
-0.23156878238561962
-0.22109292580729312
-0.47523365793420536
-0.4100984323185338
-0.086284136578608
-0.06319318030382348
-0.3097840473940787
-0.21636181423146206
-0.11052808314196827
-0.22616543495864216
-0.03338307049652489
-0.0022825821361606158
-0.06832580315248116
-0.13826486436913465
0.03188986233724944
-0.11503154136044769
-0.19987683931055722
-0.2493344745523196
-0.2692800828953452
-0.25686000883121296
-0.1288394099374569
-0.23389435216671473
-0.09450381251369133
0.22625238005170356
0.3206417262013447
0.2810438230943304
0.09751748644965896
-0.06136340307319976
-0.24691050905486578
-0.23651231344841017
-0.34873851344566575
-0.4818101595818405
-0.41424945770573285
-0.45754524760928517
-0.5487522189459484
-0.4996300650106047
-0.20177096744963863
-0.23271561219986348
-0.3217190931777276
-0.2544550683116683
-0.1086472534305074
-0.01766420070240904
-0.07405336599550116
0.1308088310479486
0.2271265854719554
0.12914224189577117
-0.18255252762614083
-0.1090013614707882
-0.013580820553603323
0.1497005869457576
0.27317159244782363
0.15580805525369867
-0.167193630437948
-0.11103876808676283
0.05974363674164429
0.1450539422119097
0.48396781738033945
0.4260773088100922
0.5558739139942482
0.3713544915848509
0.14024361970598975
-0.12018988098057748
-0.426806915306427
-0.4683495096559147
-0.5776969192411017
-0.6329843035943916
-0.6272036341228389
-0.5535273904052649
-0.4428099034048274
-0.4678625644171279
-0.3617930861093266
-0.17618774747063903
-0.1252951854018194
-0.17750793529336606
0.0978561281010979
0.10815697950658809
-0.21852098044353985
-0.11418825961153245
-0.14479375209374257
-0.31477488742988513
-0.3287238658587641
-0.33808095945895733
-0.30238592245426965
-0.06594821447903254
0.4138960325884209
0.3826035136435533
0.47932938162801597
0.6480750778478283
0.48167575771966775
0.5197631921439791
0.5885086325585888
0.2980740321010451
0.15233594147516083
-0.23454090841331654
-0.047327520643067555
-0.433399914970921
-0.2735927315009219
-0.3710658071702617
-0.322073517296928
-0.33088893737613734
-0.30440934240427886
-0.270110017518399
-0.28516442500090733
0.00577012351879469
0.12192138004103714
0.0029138482549523337
0.08693910852976838
0.2903453535839067
0.11817727452305371
-0.14862532670674322
-0.3979199480459358
-0.20423252463112984
-0.16235448336968505
-0.40376439723747826
-0.4331887606728613
-0.254650389214091
-0.1309867500207449
-0.40413219575537307
-0.20714746374644233
0.14834588677771476
0.3140133258837321
0.2589670373187952
0.47084340506578226
0.474661134635993
0.36918174932950554
0.10612887261736026
0.6796939786853031
0.4841950273271316
0.3880431424461369
0.43675957421950296
2.804081883074572
