2.1429385377659154
0.6791429380217809
1.2431988722532572
0.4638817770097089
0.06287053465248293
-0.13187727973737595
-0.009578898487064613
-0.08997177388928845
0.1763420543430645
0.17109057870846955
0.08024269947709373
0.2802717270523506
0.26916233428341085
0.4716839315427034
0.648221317082175
0.522491903197314
0.15816079697932095
-0.15638439759303424
-0.08466299863888749
-0.3856805922857923
-0.34146984448757767
-0.3360991978728012
-0.23681706982068573
-0.31302312693619216
-0.36688822679565924
-0.20466123777791057
-0.011997544040885821
0.047945264960222445
0.6017817222981291
0.8277624790648441
0.732815114588834
0.705955754767935
0.6391380101617228
0.19130415646798615
0.1679802352926295
-0.05040834294260499
-0.4217329384338073
-0.5637353398793716
-0.6107157143872799
-0.44741841113169745
-0.4943074586734917
-0.5090753243136221
-0.3102954915048638
0.12940688989399163
0.4216677235037529
0.7412069875967466
0.7417267769059663
0.5512684615300326
0.5710103248456105
0.25402813509623157
0.07365084396236099
0.08065113043495864
-0.35257012819904476
-0.29128485272018545
-0.28794386026706653
-0.4687638667428642
-0.5214263192676216
-0.4144368600747754
-0.24659273530638526
-0.19827019381562372
-0.33315344433946525
-0.35026611115609985
-0.45416041859993417
-0.4359525375369879
-0.3072724104772506
-0.10384947025370717
-0.16363770610779016
-0.03849173507016701
0.05292649325860921
0.24863560284292496
0.12362056296720814
-0.05542530763552411
0.2957193892069756
0.24020002913374827
-0.14839769091740818
0.022435450112357702
0.3198744290019332
0.13484600431994131
0.05117530852489005
0.4152773834680302
0.5964071751512775
0.3955961813707328
0.4243683432714308
0.2096361452440514
-0.2233805916819973
-0.35775259540063764
-0.5679595144439868
-0.6258401418001394
-0.6528348075020587
-0.6484750417478358
-0.6153491903300141
-0.4491776314795083
-0.4129510894762498
0.027116616414353034
0.16063365406307495
0.22071899877599332
0.4453141456419486
0.5878744997292895
0.599020961765102
0.651105692279782
0.647386851976386
0.38929559941314806
0.1836579785222784
0.19045253118013672
0.16899313486351975
0.027268534398219968
-0.19735616661915
-0.37120188549958977
-0.4105157877145639
-0.48003702772571133
-0.4596631911452178
-0.2847206824712699
-0.1367575954069502
-0.12059327496733352
-0.05810414448400136
-0.24653852834036538
-0.051495447319414356
0.04128488856004031
0.396506859388316
0.3796298543604043
0.6132159586432826
0.8511860761476451
0.5825243804545992
0.4474485010299585
0.28248839355440525
0.47624381755112555
0.12038666276309151
-0.285471157283133
-0.06710038345197744
0.00038687938600434624
-0.18879897750261831
-0.2586056161109914
-0.14766148951846803
0.13920314818737822
0.32792280884916525
0.11436842786885115
0.11942658535443851
0.056430137357418864
-0.01141538659271224
-0.030387007980322234
-0.25431763842216815
-0.20240516985967694
-0.268806895658364
-0.3056025138012086
-0.40687693999154395
-0.2595024285891381
-0.27674923856770006
-0.31344759670844835
-0.330986693291335
-0.10488388800640536
-0.04708028952280818
0.25195057589976255
0.22130353593118712
0.5053447509721163
0.5186425123947221
0.7786058449886007
0.2844421183825091
0.2756368422456035
-0.07619101062195521
0.018638061709954967
-0.03631721329511439
-0.2507275301094145
-0.1122152836413679
-0.11533905635777075
-0.05803486384887624
0.3094353549809318
0.45656412231091215
0.30739189970104686
0.2079518394972455
0.21941780139513556
-0.17478062703975472
-0.4282639017216616
-0.5332220021627139
-0.41629266856035685
-0.5892789611705993
-0.5546548752313913
-0.42331369158686727
-0.380713825417196
-0.4924534321432785
-0.3155674742480201
0.010623789552441365
-0.0192026239099905
-0.16791969627558823
-0.09038168968991833
-0.03212612161696393
-0.3772656490045485
-0.514174956328755
-0.5660870933936486
-0.5295092929175367
-0.454452161087441
-0.5059550725043827
-0.38183460904898125
-0.23275820319255835
-0.27525784109603313
-0.10891269453737751
0.24936996798498479
0.6441433308516745
0.7460956889326585
0.4089060138883721
0.09701131795051432
0.1817362904490334
-0.14236048487284259
-0.13730619421251367
-0.04747956171568668
-0.027411922789825294
-0.2745387216941845
-0.33453139371275675
-0.3252446583816033
-0.20503211343425964
-0.11429177014489955
-0.20195495476819725
-0.07340228170778984
-0.06784783407474793
0.008027287742866762
0.025438942063056635
-0.11603671834000784
0.1377822334871759
0.03539417295686953
-0.28886293104264804
-0.08586697520026021
-0.031235721248633386
-0.2335454998807036
-0.369740858994682
-0.29253075612294976
-0.3214820637211373
-0.49541138935717877
-0.5534188839069818
-0.37628063899930186
-0.4806733579011093
-0.4616475528572509
-0.3299363168889524
0.2658645579658807
0.41849749365399236
0.2769094398313162
0.16735986013370951
0.38708100334582596
0.1156867901413754
-0.2409898149812545
-0.22930847849666014
-0.15566616372725728
-0.24593143842136245
-0.11132012806718872
-0.1634052228303
-0.030279391580795956
0.054816294322261205
0.1002491671815482
0.12430895195019542
-0.10073853228648799
-0.0017717581720816389
-0.08306834947646491
-0.1826912217336203
-0.31794302242395034
-0.09797994012241906
-0.015237989231548399
-0.02682574346367106
0.032448892969125454
0.34760788633419804
0.49228143550439263
0.42602204540466193
0.3374107694742414
0.13679133700841362
0.04532431243549884
0.1623756239405435
0.27151037484645535
0.26668460646584136
0.007775167860924248
0.05906099727741676
0.32964059659821854
0.10065262325949587
-0.22370269610923166
-0.2691017111673859
-0.27436958842553016
-0.3124245734567037
-0.44467378881993636
-0.4863543477409169
-0.28711117287507926
-0.37241540829941
-0.35642716755593895
-0.5063372335789298
-0.46758216662804464
-0.5499474656521848
-0.47561671423317464
-0.41334969885410433
-0.49382727531871096
-0.4714899188997217
-0.45394140096312763
-0.14690959790801605
-0.08647416118094009
-0.30478272492490754
-0.10179941469091813
-0.014909089594498437
-0.2635535866351897
-0.35639953674614766
-0.35606644218956296
-0.43402585240272495
-0.36574459212577737
-0.1929564680562994
-0.11611533399729179
-0.041927893491860435
0.07219994709491684
-0.009597663434739001
0.2190611974582588
0.2168903581204702
0.07769685285018524
-0.11878452162089648
0.016969254659474187
0.0899765182541119
0.11434544179294637
-0.0274834560459285
0.20961690612058492
0.2845358975519552
0.12325557087425543
0.048430228136501774
0.044640505539205066
-0.23803612804470253
-0.477182002035601
-0.41444386662389854
-0.4293866094867911
-0.39922659811597805
-0.14722634317623728
-0.009615067328886173
0.29300571473467396
0.4717747960726161
0.4844285955589821
0.4437914225599411
0.10213080614631342
0.24043332256981387
0.03996812275051553
-0.05365133566001612
0.21585763571428107
0.21555166837402095
0.06421275377159674
-0.18241831417859766
0.02394810748266718
-0.04557582771099189
-0.23150564865191914
-0.3052237419835446
-0.3415611934173106
-0.30946652672045527
-0.20936211675925342
0.0875871961675625
0.0015643679776813357
-0.1582250771215441
0.13554019316707644
0.0337810945750201
-0.14994427166704916
-0.3670714409925393
-0.36055420557017437
-0.31533136044369225
-0.4396719527685984
-0.32849117262321403
-0.19638019161882914
-0.03166271579786306
-0.01603102220981223
-0.024988956775730764
0.24178369063047012
0.11307072049026978
0.22896311388631296
0.20539066620573287
0.6675532291327363
0.7973320543673654
0.6048799254412308
0.7819059111725833
0.4790203456497223
0.1854624620726757
0.018082071122811794
-0.00802952629648801
-0.08841936747539403
-0.2045576208780847
-0.22292508402852795
-0.34490770677709537
-0.13437609131989692
0.02579729923648666
-0.02991835328647674
0.10908928733658163
0.19070780421990552
0.2777992262718777
0.5037061490843483
0.733546805582632
0.45304114835756437
0.4258266551075356
0.42123542012817483
-0.025037858359180487
-0.24059648719029436
-0.19338464461511873
-0.042285970600348666
-0.26178760445687455
-0.1164813035511878
0.16755926977000912
0.15394319516920807
-0.017191266795898996
-0.06666936677522206
-0.05707607769314327
-0.08988302816582283
0.03730208291693615
0.5236223834312462
0.6565874872618768
0.7185139174459332
0.7757244313732125
0.8135159406122932
0.6513972721759229
0.1522208342040533
0.07154815426084815
0.3002828560063241
0.2627046136710681
0.43119372044127846
0.6033244996769369
0.6866428592793248
0.4914631288780784
0.3802619800486272
0.09308384179187146
-0.1330029225095667
-0.4340269814437927
-0.609712373381849
-0.612979515843501
-0.5362923751182593
-0.2825493732849891
-0.14311504982740497
0.3588468632321242
0.6089050112286071
0.7593656482951083
0.478233948068045
0.6973742458501373
0.9471393297031154
0.7594377981471905
0.3642678145168229
-0.1696192200522061
-0.24174587324224373
-0.1986238496088618
-0.32810775465480424
-0.27261292160923367
-0.3548770414482396
-0.41540392331006637
-0.28645216133775575
-0.041532891740714284
0.09413734143318542
-0.060588161210089364
0.015596117616695215
0.41962974720693336
0.31833911837756745
0.32223466953937774
-0.03969016050537477
-0.483918583199475
-0.613123309367237
-0.5308730493983145
-0.583584981817729
-0.6164096150270042
-0.5052711065679898
-0.01892248716361633
0.1785105490702542
0.04498091289948836
0.18785703758578753
0.2941110970241738
0.6516431403912358
0.553071820972538
0.49211937244848836
0.3196128895015423
-0.04050134503780756
-0.11037251643070012
0.0012591346057893027
0.06352484291807381
0.14374852579434028
-0.039821249802400094
0.2036988138248128
0.30341710879778294
0.26627942737879606
0.03746521929179347
-0.016336309602211885
-0.42772787278537805
-0.6184839585868287
-0.6590693145238844
-0.6503951319511241
-0.6420132219909589
-0.5472320905682215
-0.3341641677014825
-0.21579910763680887
0.025299510536490266
0.13876463498292302
0.3592293709747828
0.5978941453863555
0.6740697004541414
0.3433682283104954
0.012375839321304039
-0.17739656472239074
-0.40965542660521825
-0.4018833905194876
-0.5371221206766419
-0.5145812685222015
-0.33747291288651293
0.058908806452091955
0.6050798103387321
0.9224106584045861
0.7921963810383017
0.7241841533161554
0.5033266183201907
0.34643088884246653
-0.11652775268393978
-0.25725749448119317
-0.16414816539265853
-0.09705999358692263
-0.3347793786450448
-0.3010459360069485
-0.3679720231484187
-0.5215991614677642
-0.5481883930443325
-0.5609558425855394
-0.2260671009736247
-0.17801937461954842
0.0698108764398695
0.060462584939831476
0.02704960189135175
-0.18129422185263921
-0.1935608812708205
-0.2433589874882266
-0.34791048946199643
-0.08752623047803332
-0.3165122109217604
-0.20796401193547487
-0.3021985547747441
-0.37809064132702075
-0.2631387455356681
-0.45960144412748627
-0.4567377690751878
-0.42747449679850114
-0.2893859153364846
-0.1960784655994603
-0.17957155593003604
-0.03554293317912538
0.12158361288371644
0.24749151657021606
0.12003628564545732
-0.04411672790582444
-0.25888127133031635
-0.31461815958572126
-0.41152415634542094
-0.41063323170025146
-0.5095018488944749
-0.5533025738939996
-0.2640280438834566
-0.12720039882384748
-0.2678161987626182
-0.04293510323421068
0.24645004640605572
0.1878968341945848
0.2569758176730419
0.35549822367347306
0.38114858368804105
0.7588936630369008
0.6076057745028892
0.7124047339717187
0.5640287622106217
0.4399867328450312
0.3015270671331616
0.3448176453142766
0.4918356287115617
0.3151149914596457
0.7249295804724498
1.1896744216563393
1.8678418218242525
