2.316690760327271
2.0366738542872316
0.9236289881435257
0.8594767523489226
0.8716377678019714
0.39239595393788973
0.4590789898930072
-0.09017537728669733
-0.1141637343270373
-0.09452341610101989
-0.03269473751572116
-0.20728985153384105
-0.09826820646251189
0.11192834954612563
-0.035403548678717756
0.029973592418638062
-0.021409678876456395
0.08170123642622096
0.19258231077847798
0.22082938648584183
0.060140531840613076
-0.22791389318683652
-0.42108999758747423
-0.35797009006967917
-0.33887037222241645
-0.5205855499024661
-0.49276448298343034
-0.42462785042254625
-0.3844991381830267
-0.27839852249532304
-0.22572219754402179
-0.18150528960079126
0.018308493207472076
0.07031000663023623
0.09271077997772958
0.41786822322878714
0.9772437211085179
0.43887083138952176
0.2558835529106386
0.2385266267288938
0.060940798783844286
-0.3342798382186547
-0.44838646550945693
-0.20514370328759668
-0.4920408116492403
-0.5089767999163812
-0.46942822376866644
-0.17305258115471045
-0.11976974635696103
0.016479268864949992
0.1079671482728346
0.33920287592593246
0.4262792211695594
0.14935918224966005
-0.10545115274784889
-0.4017734499233918
-0.610566839419048
-0.6206307655288137
-0.6412036767518565
-0.6163626414861954
-0.46954588661688623
-0.3235956396698956
0.041169137582320325
0.26973670927325266
0.13732307685250722
0.27026376332474045
0.1090030075247983
0.541023591734322
0.348458434721193
0.18451350405566747
0.08829595710767102
0.3087288061214817
0.4566197384919958
0.5536295810246374
0.20760937476826968
0.17604569523343094
0.21313256792355373
0.08330373693943782
0.15289618458522358
-0.3165146983726186
-0.23888892663769346
0.041745237786686595
-0.12463902947419636
-0.3042923838715508
-0.03512971397247089
0.05854723484936131
-0.0469984051025778
0.34540450547473256
0.25824243057713414
0.4692608187491992
0.21613270159935505
0.15637171414576134
0.09262979064209353
-0.17603207874439308
-0.2408716317885644
-0.06001332604484477
-0.14518742790567196
-0.2539488299999758
-0.10124804613883709
-0.3761145305752397
-0.471182833459602
-0.39549184026654616
-0.4367052161321716
-0.5109761704680942
-0.5500759546679537
-0.39818171124469737
-0.3133500904857993
-0.3034652742481938
-0.13393321339154196
0.031111103692840425
-0.0360406145138622
0.011964230923768415
0.10679433477002676
-0.02418408141881845
-0.033967593572727495
-0.05689179760710583
0.06070885473146925
0.24120901339603318
0.1822701854398977
0.018925744044600457
-0.1424130206803026
-0.27096164207097484
-0.198427548244542
-0.1551594784368835
0.045077264261003
0.004274306199297917
-0.014007581405686143
-0.2140992369407786
-0.17287689207287638
-0.5917121170659483
-0.6475718079865336
-0.6216342429376058
-0.5295459922461057
-0.2917126546849794
-0.16144598966316392
0.15148328769378083
0.0018639835126631477
0.004261570119175051
0.028632377968845435
-0.006900983937826122
-0.0011339355410515672
0.03564651574054134
0.09715584661048149
0.01367492100728418
0.052409554822153925
-0.1293346552308997
-0.4126729343495915
-0.46802222228993196
-0.5192441352251627
-0.626014579106182
-0.6355126316707449
-0.5038536168188288
-0.37854292314281857
-0.23748233766348203
-0.18256569130527323
-0.22044545062308463
-0.4340147641764741
-0.40215733402409515
-0.17912425420531075
-0.2066123176255823
0.07501151743037138
0.04554833228435207
0.11894557680665807
0.15569321373758382
0.09636169037266729
-0.13543134657790312
-0.3317671642876976
-0.4141121141230504
-0.5420495751463155
-0.6017268978813441
-0.5483628285535276
-0.5887299038736382
-0.4488392956187456
-0.2891099048435022
-0.34713205116351675
-0.33468595950741975
-0.20556844607403446
-0.03541871488302506
0.13790483457189606
0.305823517712001
0.19998497019235173
0.24388148541189858
0.051246282031714996
-0.0712536089892386
-0.2730585981342609
-0.2933779017131296
-0.43524553651844133
-0.41189907388014924
-0.34144614936442785
-0.1398278808782072
-0.24274787491280847
0.001939893850902985
0.23545650431637755
0.5510086518348458
0.48383277910142
0.1574653928924321
-0.08466132225067202
-0.36768801961400144
-0.5203598465721713
-0.48750437286008874
-0.438285127989959
-0.3052449378012596
-0.09351562190675
0.23989121479285602
0.05473428789846757
0.2893478189465196
0.26479297852595773
0.2921358441064299
0.09684593417890852
-0.135270239358252
-0.29826184957130286
-0.14318930069081115
-0.06577200376420644
-0.1743090159514452
-0.15520531230238033
0.03282326241225153
0.5579945353353034
0.9400409223959603
0.6435091386335613
0.46605742749207013
0.50180074616479
0.12245011684225826
-0.02602306550179856
-0.08349490758096945
-0.25905291644434825
-0.4741331620402214
-0.48655939797679526
-0.24412080196534147
-0.2413353244414843
-0.4933451787358445
-0.46616649780416153
-0.23083881644954718
-0.17725831473043097
-0.18358368221835364
-0.1813795170065039
-0.21637039418342519
0.04428075067489967
0.26735651848478015
0.2515070953720788
0.22988571031977711
0.2078909322228697
0.6089912110798562
0.321495423539794
0.08547963533932235
-0.04991751126125665
-0.16506539150697053
-0.1876175424227916
-0.3812121454642565
-0.3574601764163565
-0.21399010273741648
-0.3012292494161861
-0.23602808395081065
-0.2906026048368969
-0.42137740363640763
-0.5605909775975164
-0.3461961847844869
-0.46797894683514785
-0.40613960276790306
-0.40797756979407973
-0.33335993215153514
-0.2375030386356506
-0.18646164639219798
0.029606937467508643
0.26125356411219214
0.3897705171361837
0.8992228263909228
1.6061620659220746
2.6105983348947492
