3.161682221987643
2.057089173938011
1.197365141812032
1.0090034457890957
0.8026530734468359
0.1369807774363846
-0.15103763965748573
0.1815403562459802
0.210313635183752
-0.01056958220518378
-0.05904645901708172
0.12248417977106829
0.09589844998843589
-0.13151334395684078
-0.14089952100348435
0.26839231275613096
0.14667303990013758
-0.07306690244482184
-0.2164066575269472
-0.21801838605116042
-0.07159866115324676
-0.0618044407213848
-0.32428826689358825
-0.4753918605214733
-0.5252646471570632
-0.48142953450133974
-0.5107066508208429
-0.3097034533306897
0.2674142491084398
0.6713954332174327
0.48389770789325015
0.2992529938964227
0.26309322546948855
-0.15766919979240757
-0.4617467248386946
-0.4409866227025949
-0.4111558462031365
-0.4806628239501973
-0.3941058512014195
-0.3369586081055369
-0.1597926396272782
0.04548434420490788
0.09272545370264063
0.3453208879747358
0.31902558863327724
0.24630059347197297
0.11221750543340525
0.022173480652592614
-0.1345644374166558
-0.009263997599211704
0.06322085975508573
0.0015614054996230253
-0.3682750196873603
-0.39572159501884574
-0.26815577336583163
-0.1922633772517479
-0.18790309843723507
-0.035636017872313186
0.03654012453264077
-0.06574112429793821
0.09816878279985253
0.11403850878288524
-0.07510591795056365
-0.370821235144561
-0.39457012747872855
-0.24748321225303815
-0.16225824563996627
-0.26399012845657843
-0.25644148658125565
-0.3497687026767833
-0.5072735827865176
-0.49396013163111596
-0.5025339762846242
-0.37028950253894344
-0.07565963351694038
0.11063976136222897
-0.06272245596750603
-0.15313076055710917
0.0915512905543886
-0.01216417242243173
0.3102306785318485
0.4601520769064209
0.30762568505467436
0.14837904000297875
0.12481775651479643
0.26218878087388264
-0.031809910961627774
-0.126941102382786
-0.15929845709288204
-0.21371436418042955
-0.20490715751396915
-0.09170330940738236
0.024384083033508475
-0.0037212494406941854
-0.06550833283755664
-0.16291623334728023
-0.1055046082523442
-0.2950674579708713
-0.37763290179879083
-0.34739701657544253
-0.41185766127902346
-0.45444525871338404
-0.4658769844185082
-0.4698060713310399
-0.47387927613009184
-0.3527603336009335
-0.23541041726786904
0.05372670897308218
0.25214850866641614
0.5191888898096115
0.3414828221899078
-0.05448604923053335
0.003435188005535994
-0.16499732564318392
-0.09484295786250962
-0.27636676640581825
-0.10483310535395807
0.11937026428495012
0.006985823429112914
0.16458425188329762
0.3700007739556246
0.38463723993481524
0.37686416053537797
0.41881835045621874
0.15747942268288173
-0.15194547801814962
-0.11238743579370125
-0.23664096664443268
-0.39196119328626056
-0.4422196410255659
-0.3698631722361958
-0.17788376669316608
-0.433141982323868
-0.2877432221801538
-0.3961427796967322
-0.41645018577596615
-0.43112322803773484
-0.277939511353568
-0.07583250024729293
-0.023651537742254924
0.0008256607274020888
-0.025627285842522052
0.02569581396763687
0.10690429037950477
-0.021471934367780943
0.06071458748778935
0.0636383452020367
0.09945027177808607
-0.15520410244359428
-0.2266911639883944
-0.28201947099670543
-0.45254213329675286
-0.594300111867968
-0.5759847666867985
-0.4922391147405498
-0.4995251242860457
-0.5432736658287947
-0.3780046938422631
-0.06989988476121489
0.0960825149251322
-0.021004638175401324
0.21857901957444137
0.2237344498586067
0.047341192102224094
-0.16711457024168108
-0.07772818757743272
-0.05725573650789517
-0.24493210823626943
-0.13317865267584694
-0.07770167380053472
0.056387078060005646
-0.017192067953821444
-0.14456124072188314
-0.12005802949287026
0.1757162983943772
0.3575897804363698
0.08414122708602567
0.1942944771574745
-0.020318777008173305
0.004961597133799067
-0.0761120853910171
-0.238024696719761
-0.3626041767977526
-0.2820117263038371
-0.10823321690321408
-0.291443430452455
-0.059374786161834114
0.03127719646983518
-0.11870186911919534
-0.19407558092908084
-0.3833170585830594
-0.4166529487922407
-0.4437261727607693
-0.47853685801052737
-0.3534095730792546
-0.23740372169971036
-0.04863249994895358
-0.0038360237227472727
0.4542631549307644
0.6911353768875917
0.9859544561799063
0.7839256222591194
0.5385723194160366
0.5099485300231947
0.23408374292118606
0.13301567263867253
0.015759754956096717
-0.00026513555824014823
0.020006862782031565
-0.13889914271787018
-0.20471988996662183
-0.25108857678001006
-0.11944810562087449
-0.05628478933331227
-0.015367461704677288
-0.15444518915233285
-0.19596153489679569
-0.09559438576205936
-0.2521237304303785
-0.030189945938521978
0.049633019001107614
-0.03744023898466331
-0.0906670128429633
-0.036500210525443944
-0.06806836399239269
-0.4376938470717181
-0.5017971633933906
-0.4248690348116526
-0.581583773571196
-0.5458546819052335
-0.43922753124695846
-0.20301755884086092
-0.07456626140118638
-0.025118311086971157
0.20912427344286666
0.5574032276054939
0.6758662186577111
0.5469870026842365
0.49291797152449834
0.29822835550871507
-0.10695708958501438
-0.1904270522775564
-0.23991446842424802
-0.35377025799577555
-0.4871137274385493
-0.47208226190172087
-0.3346664554527654
-0.3462101864797026
-0.2636399822200898
-0.20310260372257538
-0.19195961610527623
-0.22110807649224185
-0.48514630541683523
-0.4248402416198581
-0.3780880725292064
-0.4262009663534274
-0.1380926357611285
-0.007320391445692409
-0.19759036470523728
-0.10977958677022848
0.2825310626793389
0.18829335712245876
-0.18441051547161036
-0.05515000605484388
-0.17188817950056323
-0.14278460844284535
-0.20700135230312133
-0.36206498996175684
-0.4306761680754716
-0.32239279397915754
-0.2416738304676722
-0.24652682601912446
-0.13474691380503823
0.03984193213691334
-0.0608271012516195
-0.24577341844438472
-0.27892668982965685
-0.1189503540849367
0.15707952103850564
0.30471549894461125
0.354586448607504
0.32544407210114035
0.22461914152607643
0.05627925312807669
-0.023472983550242188
0.03516241608943882
-0.14268796977086018
0.3043837441898083
0.2757972839215249
0.3467653425354241
0.2106281765189012
0.019133903785908957
-0.07574851857722176
0.08599141980837688
-0.21765188486785114
-0.36209672576013796
-0.3784166564241862
-0.3199790328667722
-0.24260837363627952
-0.26877464145237284
-0.08617276618454417
0.024730696830610244
0.08248042474392236
-0.04667185440372967
-0.050141886985348716
-0.30088175155971686
-0.2692185499367914
-0.026977674893264414
0.19462455269801382
0.25820455519179375
0.3411548854976787
0.3442339542758416
0.4390564964462981
0.36665684386100883
0.1597647410637424
-0.30720007729054555
-0.4156439560506606
-0.624691965407409
-0.6535614525469393
-0.6762555573907905
-0.6734083596964888
-0.6751911556865007
-0.6218189364356419
-0.4334121708750397
-0.31276456428926225
-0.12752073086676752
-0.13835062243983287
-0.2831858531862057
-0.42712150735091137
-0.5647704403370546
-0.5777313706525262
-0.5492318047649611
-0.5938919583161724
-0.4734234109080646
-0.20999516957438802
-0.07999083066360302
-0.04925274225608667
-0.13170579442696284
-0.10328915546493656
-0.1640762212088006
0.08970541194293258
-0.04134018423955099
-0.23150307509604295
-0.25654461973885434
-0.18361438747252257
-0.4018753036989955
-0.4570250952033298
-0.33262471934605253
-0.32823518519255734
-0.1693324408339011
-0.014794478207826312
0.32636570929019637
0.4671284051754886
0.43043522152560443
1.687402462006471
2.4768240211570633
