2.5056743537824397
1.77983914532276
1.1994390104664567
0.9438023830612292
0.43775590198817943
0.29229913305767674
0.11961554603206535
-0.17768561130585128
-0.33108209553694873
-0.2703283624587504
-0.12451771812471735
-0.18548664144361374
0.012086193011172567
0.2941910957699721
0.1988030308920567
0.2260877613729645
0.5318056790300688
0.6521846486967262
0.5000239870492628
0.22634012327296776
0.2808726140279239
0.025582286053371754
-0.17567603270929943
-0.39817726250377955
-0.5019649451148203
-0.40626862967483846
-0.26835910524911283
-0.33266089148308897
-0.3247573136913951
-0.31785028225457124
-0.09017730821232334
0.08602502133604586
-0.0508624461876852
-0.29542272100393724
-0.3157916472196307
-0.19251922717218914
-0.14026108834157733
0.17404728411901646
0.4610103080245168
0.5665304550173954
0.5811233872166492
0.6140438095346873
0.5008775048579517
0.675444260372292
0.7532245327879368
0.7565303392633231
0.6329860059262514
0.5055594489247552
0.5199442663839777
0.4189723685152249
0.21818566182467813
-0.0512571566253367
-0.24237188484395653
-0.3160717423743234
-0.45472194992251436
-0.6484082296365111
-0.6578986376146173
-0.3760570455514335
-0.3664437606919957
-0.3761853519890293
-0.13549345536091464
0.36001883166651794
0.6378589342074528
0.6771076102327483
0.6597372930266439
0.5984428574339644
0.2247478253156148
-0.29901091234225846
-0.4817524735999556
-0.5393822919121681
-0.8359286103616934
-0.8964938293877576
-0.6412584905715054
-0.5870993418054156
-0.5864903164217605
-0.4522573515725787
-0.08358360557750634
0.2141741349365695
0.03214373530759787
-0.1721891107401488
0.09689361470597412
-0.0021094154948735257
-0.2759227320027682
-0.2018797484686438
-0.16146693826604674
-0.21421703967104808
-0.11571612354142544
0.3959208852719823
0.8629194210626319
1.1008897811001983
1.2886530724264342
2.598232443487992
