3.875168234414525
1.476329648112867
0.44749801940943223
-0.24490147920404298
-0.5365695292998127
-0.7025621007401468
-0.8674171402916211
-0.8579962712106973
-0.5893947199547219
-0.09357367576028605
0.2560981393683696
0.4238359064248303
0.5283544119556741
0.4345894523691224
0.2981545671105288
0.2437427938048657
0.08294716988860276
0.24162244533757535
0.15210405651806208
0.43938808570112425
0.5185052115194158
0.35057996566477617
0.4797484735251792
0.5246296600632979
0.3367866926171597
-0.025380746345206213
-0.15401367280799616
-0.5109351812193333
-0.8043457105353845
-0.9693674025987351
-0.8816269781106337
-0.7348799425947383
-0.5603447975906456
-0.5588810406881158
-0.3596147743525967
-0.4320652877685053
-0.4042865320099087
-0.17864060623399802
-0.05451661831419398
0.23225271797663785
0.31321001729973846
0.24405860618981598
0.25419468080359503
0.364237532523631
0.17426105352094107
0.36139183346325626
0.4814411804491651
0.3343319146033671
0.1926660545985901
0.06308187072001187
-0.09416218152417402
-0.12277460424190312
-0.0860579329960543
-0.1751107147057959
-0.26198500376647876
0.002977529393521479
0.022493036390116475
-0.014104435740807069
0.35112316040713926
0.3967310903423111
0.2181946255529716
0.27187785573139517
0.19447460431836222
0.012066344700180047
-0.220059662163606
-0.07946245470108966
-0.01607051105956527
-0.12242752611654587
0.08692616715113244
0.22593529909083765
0.23123978871226022
0.031113126106497163
-0.12145511193725728
-0.01690505111832662
-0.29887164887518997
-0.3223263199572421
-0.004692919414715153
0.09804309598928544
0.06068428177651928
0.3719355507862077
0.4745557962276738
0.3748253160952381
0.1220956446451669
0.11596680233957996
0.02375457258339729
0.16633893611904382
0.2487698751800167
0.3642722332505857
0.4842516122985895
0.4474206583097511
0.3960079226314923
0.15019570586185582
-0.18073669757145566
-0.31291615001973666
-0.32888882116040874
-0.399948479422141
-0.31569999328779935
-0.2549229964634207
-0.22443476074687227
0.008760440601182348
0.12232801310611993
-0.0987886348681601
-0.2574813273139804
-0.17341468545484254
-0.3365906422814328
-0.5213491189091402
-0.5258727821206715
-0.3704710905581685
-0.12526059686541327
-0.06552181964373266
-0.1517886556841002
0.061442526385938875
0.1087620635232523
0.27250186280037875
0.126388901193447
-0.06262061434193326
-0.09847596459781024
-0.20439425647446952
-0.0960659413490992
-0.14604387905039073
0.1958223916206793
0.2481323941363365
0.4738290937915538
0.6308506311580722
0.6295882862466803
0.7023978508334121
0.6165645752481512
0.5344031562718972
0.341490995099012
0.09400893863639413
0.03697989169321736
-0.09867825585465853
-0.3802176703876574
-0.25478470220718175
-0.23136900862178422
-0.4755877701198259
-0.4682944377598619
-0.3477398500535649
-0.1705508395018916
-0.19272429628958956
-0.3143009884883397
-0.18557269316872632
-0.26517001281444735
-0.4867544826538713
-0.479020011286788
-0.19387882252369695
-0.13793475244072187
-0.12674046490032848
-0.14959645719965672
-0.14264040980697673
-0.20364674591738982
-0.3104136117964406
-0.21177897237783636
-0.3126011947051233
-0.5616025173279596
-0.5022516176288985
-0.34852679430474676
-0.5078164252811022
-0.4670584259706624
-0.1905072016370607
-0.023746888474097713
-0.33219248748667923
-0.287349436370837
-0.062310144041365804
-0.23107691555401466
-0.23038345571942342
0.018271398803493676
0.17011474243873537
0.23489600821213863
0.29443588937799053
0.5084202137439714
0.5548684454217909
0.4439295045698336
0.4210312570388483
0.19120263638489055
-0.13551205232161945
-0.1661598218834369
-0.2902156410959534
-0.26970506482327405
-0.14194521525153073
-0.18821774084046974
-0.34097207922938066
-0.3476804237307609
-0.5539225659543492
-0.5814897960852357
-0.6014643618403482
-0.6471660527453483
-0.4299349687657712
-0.3092048305237043
-0.44457345930796643
-0.3098258797656051
0.02060713026246909
-0.06546624032034318
-0.27597064477822525
-0.016528271523198343
0.045099642398744276
-0.10530311496699958
-0.3459837100785591
-0.36750569717434806
-0.5677030405746577
-0.5672401082370714
-0.4719980895756757
-0.5089124278107804
-0.2507999902992007
-0.1424073614710202
-0.12796894600351771
0.05552658213524464
0.06169212590873403
0.050376581369190473
-0.11150906860356885
-0.060702636767087384
-0.22757846314021457
-0.34872358752131777
-0.4007597001711279
-0.5810767570974265
-0.5348405240717344
-0.4151663120634416
-0.3273499304611122
-0.3560823363621188
-0.10124757041683576
0.16522782028198604
0.3287283396656409
0.35136478591851916
0.33041368629423784
0.3105049274818056
0.020650216997339002
0.03935897930343704
-0.039664338345613004
-0.08756784619686661
-0.1662063265694633
-0.3790557065232642
-0.629997266578107
-0.6296584983626649
-0.45474769103254303
-0.48828793746474547
-0.4883634728389206
-0.1571712350538037
0.3624108042262213
0.4519686317550959
0.41385795876439263
0.4275810303083791
0.4019809196549282
0.35808342738980187
0.26088088970083817
0.2740999579091108
0.1820927108847982
-0.02024198469360428
0.04097589045322259
-0.23972117344622665
-0.22087000792639236
-0.014437136250986193
-0.18060132526099515
-0.07586575643239957
0.11304542507891663
0.31164829826190926
0.47305002579376787
0.44303423317165086
0.32490095395396945
0.40368453830076323
0.18131275173091074
-0.07084518574792187
-0.3591335063695431
-0.6569726275573903
-0.8639671054507289
-0.8982098136428671
-0.7397297153314356
-0.60857019215822
-0.28719814232747015
-0.13380676475025502
-0.10881376497183003
-0.21836517582529372
-0.17117385481872313
-0.29884516434244296
-0.1628630408688544
-0.025738722638336892
-0.11042770145767415
-0.0830363938353173
0.30723762760593526
0.6717014528758667
0.7594457954079727
1.3502890858745333
2.3970336152037164
