2.5271426685545304
1.436759167296847
0.9318698341866941
0.7730799741641887
0.4354562231466905
0.1992732948046332
0.2852654741368296
0.359340729763149
0.6037038636264599
0.5781150145817596
0.511530337998798
0.3636697281847083
0.5851610688951214
0.45431851233925363
0.19754011614161532
0.3117408559175279
0.4326010846123935
0.25223655441703674
-0.0679848994485975
-0.19528926340278133
-0.3036539119068891
-0.21534456540758995
-0.24482177691015736
-0.20514766058437436
-0.28000480918147624
-0.080520120461912
0.08987618500865498
0.06467997395658849
0.38990984524327343
0.42139501569087856
0.43419916525802654
0.40363340450764895
0.2998063982628744
0.004490957139864357
-0.05723702292437842
-0.177079261137741
-0.47530520079117894
-0.810220324753711
-0.945258623982109
-0.9992135699368521
-0.9779368557489294
-0.7435728640533898
-0.3067829772801175
-0.2291217978751543
0.12279288381116923
0.3795107678504534
0.7486086572917513
0.7423961528616411
0.4985360161522941
0.2458705155490005
0.011471817257374187
-0.4934590876127713
-0.7549933176996607
-0.8695430207596477
-0.8818234425664223
-0.6711460290253841
-0.6458686995523748
-0.6599028968241819
-0.39459176762698717
-0.2905661445062854
-0.399201898823986
-0.21308464898882523
-0.12874347903313094
-0.11947910821246323
0.0759975672815113
0.24875262809364884
0.3239664732688791
0.17721108080908593
0.41771582605703467
0.5412519107008316
0.45173642435804223
0.3802845694581362
0.5833488861450257
0.7296662159102314
0.8053963087932065
0.6658397776109842
0.6404925722500987
0.4410915866709079
0.23588303182794898
-0.033726033413657444
-0.2620075309094862
-0.27113384608438007
-0.27037308339421745
-0.20463563783019387
-0.28605351841374793
-0.03079283123028643
0.04656276777603256
-0.0954744322612188
0.03016500716784857
0.035955135133542496
0.03530084642859306
-0.27562350546509
-0.3098027087815065
-0.1809179201116099
-0.06141904977380589
-0.17076884210730114
0.039657134854429635
0.11813400051358246
0.06172836540427698
-0.19088988029404325
-0.11104177649642907
0.08021380750825895
-0.15783089463843794
-0.28356626714744404
-0.37373300817045796
-0.15323694087515083
-0.22934520307116588
-0.29790955115165574
-0.10997176686760653
-0.12137564316563529
-0.3107800613354618
-0.23709084814262846
0.0031492178353729906
-0.056517707305335764
-0.2601444908204646
-0.26182374550878446
-0.17780631268998284
-0.39420922186308377
-0.46305609831366834
-0.6014366064175485
-0.6914174239838169
-0.6052028570474913
-0.4793306322417927
-0.21269158948815958
0.09366207166144033
0.25400094733079626
0.04811659429978271
-0.3105818924063376
-0.39778053026767507
-0.6084019962539509
-0.7490649482831717
-0.6784409186394059
-0.45287840865533835
-0.030076536438078352
0.1973071908763068
0.4323402544427075
0.5408708075216917
0.8458111948279914
0.9563613181704398
1.1656886877598853
1.1141188253822973
1.3553079053900816
2.335154005661367
