2.1035779966063073
1.1246007089915049
0.5766436805267112
0.43082350437887446
-0.09298546463457241
-0.21137873413486757
-0.1718498574343845
-0.28384125756951206
-0.301227721503511
-0.09452408409745254
0.07560677263400095
-0.06750783888927803
-0.350611221995018
-0.26771468806584336
-0.04185958068318718
0.14424374566297832
0.31818428306471613
0.48042555857971986
0.6142428874173602
0.4857705894192075
0.26327247973966456
0.4388681095696758
0.2966486424566416
-0.010644721697491148
-0.10251506729703702
0.007301827918713806
-0.18638896240035654
-0.3038087984020273
-0.08882240629776081
-0.03332243803316702
0.0035338318510061755
0.22233224590887468
0.28749096548449077
0.24800211260666394
0.09148900789758256
-0.07907814037827636
-0.23804390820280089
-0.533673332221825
-0.6723586525651197
-0.7016076254002898
-0.6123051835434549
-0.6329741924104315
-0.5237403552356029
-0.679758614493844
-0.7517699365476297
-0.8074655965545541
-0.6417509049307067
-0.669958155379213
-0.48352119497952895
-0.026150819123452268
0.08363075779378132
0.10430983773783926
0.2861257343304047
0.46053628015029324
0.2614870506286497
0.28660495134170116
0.27480317457267667
0.02686815647236198
-0.20604787070972994
-0.1243374217077542
0.02259359970523408
0.06711817809878799
0.03238796505581761
0.2413240442573545
0.24165255627486965
0.24539788285148167
0.11689381284407376
-0.12030224207965008
-0.4283627152144234
-0.6017364723053145
-0.7205929419780083
-0.7373287534259966
-0.7983602476803557
-0.769263819454974
-0.4393758570357914
-0.2715032160444517
-0.2732837643147397
-0.37802738499299826
-0.49213922438121244
-0.5177649043489245
-0.4237269187123534
-0.1670901287445658
-0.018966375249371604
0.17627016332796258
0.13252582011319616
-0.049895055136946295
0.11974115790602641
0.026301555245405842
-0.0259424758050081
-0.01371924422701333
0.29908942278917866
0.25503200643755414
-0.0330345879191547
0.16461495247509245
0.17814319306473467
-0.17272858348699122
-0.42165991770941125
-0.3519522753654156
-0.16446415702392475
-0.19459686107901347
0.0012607164183321227
0.12573783178957426
0.1214698035810436
-0.0206063341875864
-0.2440444055499808
-0.31779681492191353
-0.2434925455677255
-0.4514189479854375
-0.3419645741876054
-0.44547185925672533
-0.4095894414738078
-0.25575056038978744
-0.3224910150952068
-0.30821421187983605
-0.5286500446678877
-0.38427145145201835
-0.5558042064643224
-0.5828264034707843
-0.5105193121148228
-0.45430647795509577
-0.36534449369039435
-0.6723953787760344
-0.7921007119119033
-0.7868049418604227
-0.683847939854142
-0.8016840733657656
-0.7443751843183273
-0.7349164277366734
-0.5143156434698085
-0.3481817454069381
-0.05506456825959612
0.2982405874188686
0.5419772012230041
0.7124371127548608
0.6942947613385148
0.468141885650201
0.6576145088761532
0.7240174904582596
0.5287079638047231
0.5418155159461533
0.45156772122445665
0.15838154344692107
-0.08076182235901815
-0.09228981055651965
-0.15838049739964993
-0.09001483080062758
0.06860539148950079
0.23401299576536141
0.3542654789834265
0.5842802557277271
0.6181055907217256
0.6607713369508896
0.5888210820387833
0.5593099229842607
0.4466553568641054
0.4608800225013816
0.4258094514115827
0.1696397591763182
0.2619402068189428
0.2586080840509824
0.043521793498756185
-0.060833965221591506
-0.009906309472135267
-0.17932646035929473
-0.26796631226804485
-0.23450061947730053
0.0874400179911311
0.24789340083596484
0.2505116327538872
0.051679345777560046
0.05022831846101077
0.19509782014401963
-0.0077583216744366405
-0.2690567893270463
-0.426968470373571
-0.4551812218511935
-0.3673477259767981
-0.3959646113006434
-0.2463578119445112
-0.19263195516251014
-0.28255712784124326
-0.21727562162289377
0.11865250129581688
0.4055558674532167
0.5292325673500959
0.5651992029945203
0.5638830490657067
0.49151383394783665
0.4200457257612236
0.8554152529502628
1.471296506406428
2.1438602173276227
