2.470335945716671
1.783910027641538
1.2413179896297684
1.1167907059120843
0.744078690052313
0.6773057639044128
0.7076988005326049
0.7689795264931022
0.572087029210122
0.4090564575380402
0.5459965269138501
0.5074679254100478
0.6097482899778072
0.659192426553736
0.5696491490205157
0.4939812861524112
0.21748360050952845
-0.005413089028278176
-0.19060147240893255
-0.3212907332584543
-0.3014010188398876
-0.12177017974376599
-0.08288902277061766
0.03938296258458784
0.04470591298155592
0.044408116022236224
0.13640323196036758
-0.039131021245421616
-0.07377861631527305
0.11197662518972064
0.028403145423171863
0.09097828721494514
0.15143593170970593
0.02948299624533875
0.0014184621990563692
-0.10061627866461557
0.0737484552354849
0.2363619490474731
0.47764092422928384
0.47040295487634115
0.561848152545742
0.6129594022857743
0.4109233130533096
0.10825115079241258
0.15145667747752734
0.11347317735418795
-0.1667519849592493
-0.21523319603085117
-0.14306217607830285
-0.03620704897334643
0.021795845799360676
-0.022487238937673647
0.12127850374803938
0.37759244477773485
0.4046107736709094
0.41820909775784876
0.625942231626408
0.6935369479788199
0.7322367592991741
0.7142706247636966
0.7004353874969762
0.5527505702069314
0.2910264126822171
0.2659906332087992
-0.050534820281646776
-0.47670122726654757
-0.6417410634663173
-0.5083932830419039
-0.3886189385209349
-0.182039327216652
0.08486583780352583
0.41392721669231863
0.566688196521366
0.45274317780451073
0.37903875692804107
0.32533877519853505
-0.020357733131218643
0.03331687015757647
-0.059846341937136144
-0.2774707619899082
-0.3749434846663967
-0.2989643922097632
-0.3977109404005295
-0.49044379999263077
-0.4647765674942894
-0.16064541830641774
-0.08271108978816487
0.0437889104143145
0.2450399968606622
0.2998244790844924
0.4816548459522886
0.38923315168622064
0.4239182205967905
0.5124699881781462
0.4995100678203347
0.5150625003145427
0.45199049759243815
0.25161035930964326
0.401805338618854
0.4950317726845739
0.4692521610854752
0.6624984474778222
0.6517115919807998
0.7009772208613162
0.8424131601677097
0.9196566911953127
1.3709583776703034
2.25424356635505
