2.9052059876112515
1.7774305297652147
1.2139871268763287
0.7325472339295678
0.35225827398674125
0.24458809840013895
0.12055082028221566
0.04168189924424571
-0.1282892977038678
-0.13935395017953275
-0.14902946818167342
-0.27393550465463745
-0.09789227084011892
-0.17150489176662848
-0.05888680237402016
0.17929318708462252
0.11803690995961681
-0.10150184071248369
-0.010412718509946727
-0.020357716326009124
-0.2323172452516309
-0.25729076034861914
-0.02666631666144205
-0.03737196889860094
0.04044399972709375
0.1525460178574101
0.35387312746732547
0.5505511879503128
0.3968893055813526
0.3364409710431547
0.27543230758607523
0.13340402775655058
0.21110570880377622
0.2172810702925673
0.02141386446460993
-0.06886981431790833
-0.08063199754790515
-0.18760558616648024
-0.23967391258033405
-0.21413317163192794
-0.15209066642325136
-0.20232435552584843
-0.27734709599000473
-0.02853068872838271
0.3037221711948827
0.47755374539994905
0.599261103986348
0.5601133150426147
0.5036432955186712
0.0874815629807172
-0.011900972115409332
-0.12515450479986587
-0.30366972508768775
-0.5541416926445425
-0.648803023426567
-0.5792054638502784
-0.4289379828174818
-0.02508267712469802
0.12201007605549764
0.4034062514358412
0.8930821805164135
2.161369741757497
