2.529589332874478
1.8307449649238217
1.1407886823417606
1.0905121205426913
0.9017484313016689
0.5737929751727747
0.2725291960678736
0.1313066813856307
0.17363557734110935
-0.18182630230127358
-0.5427376890601908
-0.5305090944578313
-0.6299141901449653
-0.6671763989471987
-0.4555248696854654
-0.20732487789214812
-0.1689076477688192
-0.31584060610472736
-0.2948044388219896
-0.12572265648177652
0.01196578383874033
0.05371698995990738
-0.20049125708424248
-0.254031445059143
-0.2646476191659288
-0.3152180226070568
-0.2838660610465116
-0.32661174003152393
-0.10993227122307049
0.03967648582093304
-0.047372960474588194
0.08345509139854884
0.18608631422825603
0.12583537447835255
-0.05245370072650093
-0.16898451095624212
-0.05144050804140351
-0.07200326688612999
-0.15652557016834687
-0.0781250517473767
0.009185552686312085
-0.11014737392405104
-0.18076367215833253
-0.08316780233225393
0.03656355806034982
-0.19082120641459957
-0.12237583498799842
-0.10344278479767524
-0.2748111556889418
-0.14175704749671436
-0.27958425358165895
-0.20811039767416292
0.08074712980210197
0.12043671736636524
0.08863460573474785
-0.09128357522828635
-0.07027126740563228
-0.1901083883590512
-0.10844159082690552
-0.24799896986681405
-0.4363860596094411
-0.5348536989793289
-0.4566118318161362
-0.21619720409763019
-0.2808741998804607
-0.30309518174882233
-0.0240999892450748
0.05864012312092137
-0.12676234081216828
0.06884247414947126
0.29033947530145254
0.20759159914302192
0.2617588695902058
0.3971447204810247
0.4398456785479807
0.498063525824461
0.4321851099355534
0.3326612945890219
0.2173237017001375
0.11582942708092583
-0.19971493906698512
-0.33363300775204024
-0.415321381376086
-0.4505911791245629
-0.6867009331951581
-0.76786597211591
-0.6724786774576296
-0.490030477382373
-0.14299795823821637
-0.11194686612420549
0.15418737623853535
0.31278670606946557
0.25865096786646863
0.18295978268410137
-0.07271995153047635
-0.11076701784603261
-0.15527820113376234
-0.15204140831784504
-0.05224202907471332
0.1274059540740667
0.15111278085898888
0.027612766986087257
-0.10560422814613588
-0.4953854375860069
-0.5529458458863153
-0.5495451978671118
-0.3585377344381368
-0.08067714269328144
0.0513609446611688
0.03248428678316616
-0.045601656276429814
0.05158417495730876
-0.12592126052601163
-0.4062134185482976
-0.269966533467728
-0.4141769251720482
-0.6072399585162453
-0.5435324380665394
-0.2838589334657785
-0.33023037079832424
-0.524577390550071
-0.41463322466395935
-0.3044261962645792
-0.586967160413536
-0.6712672857615526
-0.4676075508717832
-0.25543106069551225
-0.29903420494317
-0.017204795466021064
0.09051547861209554
-0.13674102584043882
-0.2044964457684765
-0.33058697509587254
-0.5616679581344942
-0.6151704585221329
-0.515114242661525
-0.30342815984251875
-0.043838049999758266
0.10331230067506983
0.3036529855102048
0.22630056245670008
0.052780228839129244
0.040213685986962615
0.04643744394558785
-0.15483784258029148
-0.27442156225605263
-0.1460630884494829
-0.0758365835732145
-0.056410472076264755
0.009292283837660686
-0.1452346486473877
0.03890629949425457
0.15139234793733553
0.06062716268438835
0.24360515922584391
0.26244838501500145
0.07954319431776645
-0.012786905279012406
0.013488116133563273
-0.16621039764259177
-0.39881857812108296
-0.2787387185179462
-0.2329002848156289
-0.5140128339528497
-0.5703324538442741
-0.5833216322818708
-0.5012379867626253
-0.4441958572424155
-0.31495848763583834
0.04151166407840135
0.1401066406125177
0.06972686859531364
0.16008555185043824
-0.1068532849422182
-0.11965467946546972
-0.3164664204869376
-0.5913842914931781
-0.6369636445091027
-0.6428886193757919
-0.7415520007774667
-0.5249575801405437
-0.2292772479926281
-0.16630501040149268
-0.09373219320041802
-0.1809633498933406
-0.20259945707127933
-0.2123733387095975
-0.4554170820846398
-0.39729642417249184
-0.30790569793962436
-0.4620472309413413
-0.26102325648949737
-0.08384513653566211
-0.06376826278032076
-0.13900176055938518
0.016812934268585177
-0.01959494196025912
-0.11919079639434621
-0.1415934586671078
-0.06895398749923307
-0.4132152717330777
-0.5759070864392198
-0.37134947362610415
-0.16127944647712852
-0.30204204044767174
-0.20644432922592654
0.29529992489717277
0.5430786081778541
0.5256530412713033
0.6102735684564943
0.49267344566556903
0.28711606970254294
0.1577231406134222
-0.11063180980205801
-0.2223311255597875
-0.1606080647732518
-0.23962505023976766
-0.43852235918930715
-0.40977113121073105
-0.2510381228033967
-0.26075661558445973
-0.354495569824828
-0.22847943211729976
-0.15739850304666925
-0.26554603834270685
-0.17112353047577794
-0.2081000865457783
-0.18558893914284302
-0.022199853151640254
0.08526877346911343
0.37163123812767657
0.4188128145647489
0.4243568323662772
0.4480274577569957
0.44763262719618974
0.31006188856055217
0.4186249448367171
0.48993564328430267
0.5548958938026362
0.510332695483559
0.5240394456438301
0.5518320697652549
0.34537455168805564
0.4085192705252233
0.3584755997562285
0.22521942600469266
-0.16470872939700443
-0.49798368033805207
-0.44520474989171926
-0.20200415279890957
-0.372541788388006
-0.5028132690373793
-0.3048268587917004
-0.20396410463416273
-0.27170505241883125
-0.1856306101122789
0.18314733443270373
0.15172860511132089
0.2234602153542954
0.17781368052663674
-0.12803512302294354
-0.12362081235533234
-0.22779526126730532
-0.31392998516879506
-0.5866989259545632
-0.5690708906407929
-0.31085891559060486
0.06454151190187438
0.24917148177444626
0.3739396190955972
0.5478293855292719
0.6908900910806693
0.7108649788273923
0.7328507609393617
0.5939471179696322
0.5996086555056144
0.5751632050604172
0.47055380072832886
0.3806964040317978
0.28828462766683566
0.16669406857298893
-0.24303784475856147
-0.2627596495818368
-0.43308628001702754
-0.6962356004806051
-0.6841382999944949
-0.45681791058080484
-0.4343818099629288
-0.37694837176525975
-0.25793814728929493
-0.1352064988204968
-0.15275499098632717
-0.2669252651711656
-0.13635727137435907
-0.19433763626724285
-0.16257445179946012
-0.08668816857770575
0.04489412209802917
0.13662106208665856
0.285013526996429
0.24972079997417784
0.16251099496588683
-0.040722870320529674
-0.17282822338832793
-0.49014722021285007
-0.6066327458047343
-0.47773862843587733
-0.6151630501675163
-0.795438550987633
-0.7745526296960508
-0.6799863685744563
-0.4475567641499845
0.003667221937675793
0.30676649376401277
0.5042794155516485
0.5531700161869237
0.6028655328707982
0.429113078153926
0.4370782074580354
0.3887719477748154
0.2657129200422041
0.20151290151526968
0.18320566583629844
-0.00808132171174366
-0.11340982712827345
-0.23019209151938058
-0.2871655327491546
-0.34873882329678035
-0.4893538454944774
-0.35468858033854056
-0.4399720747451347
-0.2925163235804527
-0.14931424304221663
-0.041125059153964465
-0.07931825271378151
0.24563525399158714
0.32144225750278516
0.13868563991688268
0.17946488522011772
0.41275551837427893
0.40873327582551056
0.28786702435628403
0.462708079919642
0.625653312242083
0.33486671726555817
0.18797277364464232
0.10092133743325764
-0.28969837946846355
-0.5569635445487062
-0.456113238232115
-0.4156569021062115
-0.7904418319574078
-0.9841585515278138
-0.7648856311215857
-0.4473541806232357
-0.5101203646829621
-0.2930230239646946
0.29729057049685254
0.537723776283155
0.6617149141016025
0.9909730522156334
1.208876024256781
1.7752123083806641
2.5164541600188173
