2.5119082927103324
1.7463741247522897
1.1796233338035398
0.9247546785280858
0.7574461212669471
0.639863410190035
0.24279372782958156
0.25247823383013307
0.3423617252698923
0.2090232320191675
-0.025867745542481228
-0.03228564716775933
-0.14140959871251363
-0.2305023536591771
-0.47201961691043426
-0.7441036449536014
-0.8378904392278318
-0.8002665508305706
-0.659597930008218
-0.38389770153001507
0.08581026659325208
0.3786794451607542
0.49535380256785794
0.518532276212096
0.5316153859119293
0.6181164666668285
0.6080793972731696
0.4954860970963577
0.3487005582443206
0.20529729764564658
0.04620520515999174
-0.14732208389627227
-0.11098165329013113
-0.2731346393794429
-0.2147056874921942
-0.2674352163523369
-0.30358860808359317
-0.49897815540141954
-0.3955613980850036
-0.4026497975940273
-0.39959332880972886
-0.3500363631723781
-0.27541806392973966
-0.17264623423528963
-0.05767979967793163
0.09019959859853133
0.1601102700900231
0.15776908301540496
0.009772405703382173
-0.31400768208940744
-0.4030824018959158
-0.380723233728453
-0.22845811303267113
0.08139489289318079
0.17307888567519628
0.14906639435682426
0.008857665246875285
-0.1953527566175884
-0.2001008927297143
-0.3690812044944327
-0.2201646480894611
-0.2164734861638358
0.02121188772738485
0.2815627902274429
0.43030310372632913
0.5171732063220046
0.3933538432254247
0.1343802181470939
-0.1282203416055165
-0.2814580530463627
-0.2806523457457157
-0.2791132238526261
0.05298610992016775
0.40119528563523793
0.5615536983327402
0.6396521249854628
0.8329746271386291
0.7754885860711287
0.4799577495978607
0.017706516514275548
-0.28479500333399554
-0.6876477650126874
-0.9124764859835863
-0.8696512950561032
-0.7171461775577856
-0.5733114054405047
-0.32150997714135493
-0.10047245388101599
-0.12023308285128156
-0.09513177350961655
-0.1660847023648582
-0.33424271324102095
-0.5422885086767708
-0.5147938828956855
-0.28872430824089373
-0.33967781386317436
-0.0784968946396616
-0.07999910342932134
0.1930175749270672
0.30029483324969486
0.18173053916867418
0.09915404771538718
-0.24971568888165127
-0.43159524710601993
-0.31947482776638714
-0.38472009931416484
-0.3903341399754726
-0.5119350276921977
-0.49224845118279315
-0.7062024960586338
-0.7582331389614405
-0.583148925007991
-0.3592005124455801
-0.28992895229751325
-0.3364110056285483
-0.6051135336978353
-0.7072601550613904
-0.729989373007133
-0.5880082635378108
-0.20439915738388612
-0.25505373001734
-0.33044138309331594
-0.18155691418934722
-0.3461819166028995
-0.25778916786202527
-0.1298694033794608
-0.055762384667016496
-0.08458246430794766
-0.2324544836003107
-0.1123717544732501
-0.23699087433879973
-0.4830030170708983
-0.6741305900288347
-0.6582446532156868
-0.5154919060241749
-0.28094455800065865
-0.18746769209884576
-0.13991278960676257
-0.07516671496858925
-0.1482311980510166
-0.25574057822352675
-0.00011657708757510307
-0.15037424078963949
-0.30249762355420845
-0.39824239542854223
-0.4271187893253054
-0.2723738918054196
-0.15022724552937552
-0.04754347840076839
0.0479591605661776
0.10684512235277535
0.037309330801893
-0.08229707143478476
-0.18249434195484554
-0.03345134968205068
-0.09966810671117605
0.1073740674334637
0.3032427886967682
0.35804161415505614
0.273176711425865
0.05658532701371133
-0.21977539655012052
-0.30304238280677703
-0.4166807668251813
-0.560148148070898
-0.513431415957628
-0.35000576017362134
-0.19962507323133585
-0.04498449175417843
-0.16094551897041648
-0.18145206056202356
0.04977621702079029
0.1755487951870379
0.208026501960543
0.3678957477094613
0.46934006895996505
0.6387113509295878
0.6507163025988307
0.5475934076396707
0.4280542199867823
0.299943475522936
0.12021693682293745
0.10494466778152876
0.34105551675661344
0.293346805792674
0.18647361003747887
0.26661616652686093
0.3725739532386246
0.5646636203489093
0.5467825989507118
0.7105051253962104
0.7552315996905358
0.6319044559838184
0.540701884364144
0.4000467971098873
0.10063439676659022
-0.20329633187744575
-0.48305888780268774
-0.5398227035303079
-0.5115355415340298
-0.613061487948846
-0.47301265073298615
-0.42740433428982694
-0.2719387139441624
0.16813549678188522
0.3222129008381452
0.47499458744714296
0.6783361485843196
0.6535408473049802
0.3592989295756468
0.1397300746857953
0.1943947986430484
-0.01399527174805484
0.026481482928983495
0.3528083338527109
0.31406222250766197
0.264004509292017
0.24644584811400053
0.12230797951162929
-0.23621294277069987
-0.41309460378890883
-0.38368741045688065
-0.17558093152140755
-0.34126809702702093
-0.42573425769848955
-0.5055860301445816
-0.49861273442844317
-0.5131351174427419
-0.2337209985108934
-0.07963344204680342
-0.1825664713722785
-0.3665212021624513
-0.3873418036744176
-0.5789274636311929
-0.5945279700878088
-0.4113696650673039
-0.2734765839222537
-0.29720789654065877
-0.3678819598419082
-0.3443875756175983
-0.1213673865396421
0.10339131729075221
0.1479338094895841
0.2047977468310107
0.18523513682231496
-0.06315450921451592
-0.27559673073062846
-0.07612424509639737
-0.08010138040141193
0.06858524710312358
0.07045894731936675
0.014862296604936313
-0.004337706098424638
-0.06491263907476717
-0.11212473928061799
0.0006913063175472186
-0.09188216403222592
-0.30473654665331623
-0.32513411771194256
-0.498276505088351
-0.45318839090342394
-0.44845091545433613
-0.42207265396860294
-0.4829392770568317
-0.39606505074284504
-0.34598919861140826
-0.10113193059821263
-0.05215004836889836
-0.15948062201028182
0.02180830454780347
0.17906976702615202
0.10953794651678034
-0.014620835438692956
0.296435597602753
0.42138129178757905
0.39331371859417874
0.34818588333370554
0.4053765474921199
0.35928317837029944
0.20455113108286857
-0.1160024836636505
-0.4731649685972089
-0.5740488952954013
-0.7028035828970417
-0.6187513135941957
-0.3898921978862752
-0.2694849223658351
-0.1600814126346882
-0.12183122865400668
-0.17032479128028877
0.11279048533647662
0.1322462536623439
-0.04821309263914078
-0.23082732526456828
-0.24230295075660324
-0.35989585121629675
-0.26056492774889994
-0.3096764309220831
-0.10258195171703716
0.01594930162850089
-0.036332675806487025
-0.11908979408821174
0.15365657911237263
0.26206035941496136
0.15950406389066668
0.07566648608632048
0.016259525165271807
-0.22236869701215425
-0.4504995877240363
-0.3945997424949712
-0.11159667013818451
0.008868994349839957
-0.04051081436815761
-0.14962698345536996
-0.07019177089197287
-0.174333348438668
-0.13005396551237364
-0.1984844982964525
-0.18871962469374853
-0.3511778273326152
-0.2697561531540254
-0.28482283161730737
-0.022930018205858153
0.15466965467925384
0.18585501371616997
0.383071879117668
0.31827648244643264
0.5030844070763675
0.46872139711939487
0.41436611105550386
0.3330403143372923
0.21151300536164533
0.344346745007783
0.34468302657110117
0.27966698968357423
0.20503888650019336
0.16153355183590445
0.10568676188830439
0.10455899355363643
0.03308380426544466
0.08994234069833885
-0.005165554923591255
-0.29589931565886257
-0.24558928536654648
-0.1414291717516035
-0.17707706777215404
-0.023194179909248762
-0.05959345943277018
-0.1282822717115507
-0.26366327024103325
-0.21613437796323884
-0.13686413092729863
-0.1586296751158442
0.11836299725397058
0.38938742963402373
0.643555136532801
0.6989198958908871
0.8261201350742132
0.7072885618384366
0.487248340197623
0.12665267906539665
0.13273984021223328
0.1622957866447468
-0.14816943809103553
-0.2927873494560899
-0.4537086095704491
-0.5394623077062338
-0.3771383710287868
-0.3434885433070431
-0.03224246057918278
0.0204587977780055
0.0586498451248965
0.1008598901623344
0.11098514005763738
-0.1368558572682089
-0.07523481169149
0.15931395830132355
0.2611313113759804
0.3034714083588863
0.23593230500247128
0.40855041074373527
0.4313481055124054
0.2734754783090895
0.12255420111793383
-0.03839560838751303
-0.020586599471700953
-0.13315502419903325
0.12586931435327486
0.22776450373942128
0.20910113595925794
0.1173192285965369
0.2799244982683653
0.33247770631820533
0.1644095193025222
0.28776641217541893
0.2917243774870685
0.30734951775003766
0.8504119448867078
1.5926529030142038
2.4547433566777768
