2.9342189076163696
1.721143002263056
1.029308031536278
0.9437667608842734
0.7615162303228723
0.3934883830841497
0.09982099721274917
0.23692810709385756
0.22249824815625413
-0.02775678952269213
-0.05949853757888894
0.201217917148881
0.38985146112886593
0.26577953674358334
0.13574612255186713
0.2501665516338285
0.19156205252863956
0.29356884830807256
0.33440558899342865
0.45492860463296114
0.39207395867456524
0.16522661434890087
0.2737722966448774
0.27601989612932193
0.14571896312462906
0.0011052151072885978
-0.01648028299821519
-0.3208166023109032
-0.24759160143541908
0.11232840532677058
0.16948888134005413
0.08624145094503471
0.27790498631201865
0.34044658183274235
0.4328484450469227
0.3140899495699012
0.18486953521223848
0.18350153770542227
-0.10590061298268923
-0.30102203117483056
-0.27364637094822813
-0.5527646449024184
-0.6040342094487752
-0.3638857936149365
-0.2248527837114652
-0.13780852637394628
0.23109514057159336
0.49429764816910643
0.5324326531681911
0.3578246152350093
0.5378400852342835
0.6018165860248225
0.7072103815265672
0.4657153233834886
0.6228167795042303
0.87510749168334
0.9168377789461865
0.8148536906973974
0.5735270214366993
0.5754440228257633
0.3836447155693003
0.0475551783689212
-0.031397616891678984
-0.1964206677380787
-0.397177520530294
-0.29878773102391604
-0.395645836012184
-0.44032651939664735
-0.39098021157798846
-0.15208287675863272
-0.27876367931921525
-0.00956248246385634
0.44147026978064
0.6347029157836578
0.9210170356891441
1.551159823245942
2.691718482122085
