2.8381283164370674
1.7268979144756171
0.9828357494153943
0.48732579392315123
0.350827342205322
0.10992447350587434
-0.016005575789875947
-0.07773438714884309
0.0042702428536771685
0.12067666065137242
0.05032533225114569
-0.0840337665735618
-0.1701212174915271
-0.4396984916033926
-0.5260577408929318
-0.41842603895756203
-0.417599263040578
-0.48142642194765317
-0.4702178659135596
-0.25892614532830677
-0.03699503055767546
0.06414319465490924
0.10463951154063855
0.027493761352343354
0.15695775449352833
0.24891314671800627
0.15697675184791232
-0.07243989393706068
-0.3178595991970606
-0.2793693101424248
-0.2224373913169435
-0.233390066456599
-0.14841597334275197
-0.09593158062385207
-0.1072341533541238
-0.05974203705632897
-0.29116362707147136
-0.2161780775838401
-0.2503271547796651
-0.2595635052888202
-0.11679286491366994
0.03557116159335483
0.3072533976711456
0.30995644217681795
0.38701694680879484
0.25276869789565864
0.2779996741450677
0.2090678064971876
0.38851870539736616
0.3320255488019791
0.42827905488623297
0.5013427346095274
0.4606457926056521
0.4598341174620571
0.4055026248189886
0.30001665807224326
0.13045244187546404
-0.13111829666685165
-0.15573852421607934
-0.26037041911320696
-0.03324073066368907
0.019912896000811964
-0.07398547398687971
-0.027502585408457972
-0.23712857354546524
-0.507865823756586
-0.567771737951915
-0.4806520489952409
-0.6227963219736536
-0.5021710529168459
-0.2983572942447197
0.13121385111150805
0.25634383084461204
0.2301069798495961
0.3198893865743824
0.18586405381178264
-0.061452541397999196
-0.024371590890696123
-0.03025182192689163
-0.2412618413052185
-0.41989300282529757
-0.5065607363523379
-0.431362347389294
-0.38725333929767286
-0.20399010154508385
0.0857871119906378
0.2276430996118089
0.19646774120369206
0.22691619764413845
0.1946948586250153
-0.13052663655184704
-0.19486219732347165
-0.10766875881783544
-0.0957739648400326
-0.12677562789336308
0.06492218127323991
0.10515765249244034
0.09011839955129447
-0.15068443827550781
-0.3501456739590866
-0.26607951424331117
-0.21584316911290924
-0.3875815162057164
-0.4899315038961106
-0.46047271486597047
-0.26023642065640545
-0.40023873182247965
-0.4423483854490749
-0.24829177350675655
-0.24146855203244494
-0.44978433195895673
-0.4589054015456017
-0.3520799963169733
-0.2578668080099371
-0.23997883787113286
0.0338195443040794
0.06554459637123547
0.04698054513481407
-0.2721769483855294
-0.33293749424554003
-0.2938220784962317
-0.4797714969010211
-0.34388219183668145
-0.4518832506063456
-0.44274881824208956
-0.27586779581804666
-0.11036005316068957
-0.2356263772277989
-0.23419149518169974
0.08481970838283343
0.37438955395352247
0.3605558954368915
0.40327252846616046
0.4446530814432948
0.35614542713945874
0.14939883578284346
0.1379824921362683
0.14245490909290529
0.1827811998642635
0.19556888108599862
0.12881611842397933
-0.007101608339990182
0.20065710282997895
0.322561293230192
0.38001584035382846
0.3807037235806542
0.3045201437837583
0.07938386624393748
-0.4214882661150569
-0.5768605401368052
-0.46363990137689
-0.666717959376249
-0.7224014252786288
-0.6697103014010901
-0.4107134999750903
-0.2983158278149089
-0.13331724905755
0.1283412197915412
0.23289625025151292
0.3461852884516335
0.4454751039921668
0.3713064123853857
0.31133712895572857
0.08131548760539248
0.04471084862938529
-0.2596148021155912
-0.35452335073652746
-0.33744367620625854
-0.11905934908422829
-0.09327092782878432
-0.20387205990865723
-0.10918725916978526
-0.14355461719749915
0.04757849612010161
-0.14991063164643606
-0.3877219055685329
-0.3344103740314614
-0.39181541834320394
-0.2870042983474698
-0.11357151925498762
-0.12409081851109532
-0.09922082439562847
-0.21477640022123376
-0.342753516385554
-0.4395899318148712
-0.2727673014861582
-0.3619128049451474
-0.36378643766144536
-0.07406721719273178
0.11777542785228853
0.01944719680153561
0.29550255843399537
0.38086879103628357
0.36365727861519603
0.20918591716458046
-0.06954164789553682
-0.06823074858526974
-0.2165754579933418
-0.21573856682430795
-0.40057768345090117
-0.36476207076574685
-0.357553286813599
-0.5067953350192536
-0.33309126207911555
-0.20562214763234904
-0.20990866326689223
-0.14772050694085836
0.21021161425541973
0.3511840232911994
0.39711242047101686
0.2961116904122258
0.20949080586714772
0.030605276396127014
0.07227383131843222
0.11302512715799898
-0.014574887067282747
-0.3376884027992293
-0.281218245630062
-0.2788714008155917
-0.37056075213768647
-0.4157750213080228
-0.20814130044524867
-0.27493346708252375
-0.468543452066911
-0.31785216739379957
-0.22466930088151235
-0.2131460488175528
-0.19676514952360513
-0.2641654898884471
-0.20934120449820628
-0.4163372727786906
-0.4314578595403735
-0.49534236269561827
-0.2811305614381609
-0.09006023679588882
-0.16110488603812237
0.013783893011877525
0.026648823061186017
0.3130292425004972
0.2936825567318426
0.14196617057893013
0.15063859726854123
0.12439133991539636
0.07832450584770315
-0.08178054766399655
-0.24560451010081583
-0.15368358967479714
-0.0715486313761685
-0.18948331662147092
-0.08864953757568464
-0.027895676710126258
-0.08574892491823713
-0.3308740981799088
-0.40528150272911173
-0.41512678929862223
-0.5420061734267185
-0.4647729213573012
-0.43045868869067144
-0.48235290686303467
-0.49609470909249614
-0.44357252560126054
-0.5563113612969647
-0.5841401885929353
-0.6705364050506081
-0.5695445044377293
-0.39610331575249236
-0.31671127151411227
0.04125258981907297
0.29252967096812416
0.4034047160590544
0.5295474649658418
0.45631506434165275
0.20000900920124984
0.24639463831692487
0.30368460407471753
0.3499631526547612
0.14983442609859937
-0.15476251616616474
-0.24140025522552286
-0.3140604208797967
-0.3306802993253337
-0.19618751498619272
0.19559072577013786
0.46953685345103213
0.7256076827473322
0.6944905480547267
0.5965877762420502
0.5133492228447035
0.35821569588329116
0.01659946838952657
-0.2901395273329514
-0.5782222657951261
-0.5398681888833247
-0.5459946704407779
-0.5520763830228135
-0.39800198176328316
0.08297013160101364
0.2233899056430413
0.4982350190389618
1.2634887217435262
2.0570192593450556
3.173724458462387
