2.4659412648239605
1.7630509243009
1.3131999760862265
0.906049852877146
0.7843569749085442
0.7879536109851455
0.7537936571053916
0.6194005955974068
0.5133951236002174
0.4590613107426795
0.2698574603296673
0.21504263613553792
0.05213679358675039
-0.03128668477747183
-0.2778705079930775
-0.24486546241892224
-0.2687329234800919
-0.44966430414792014
-0.47002631698345826
-0.3788881808815007
-0.18902478059820121
-0.21119339061222608
0.034766199652625174
-0.027290146760758388
-0.29512987260092527
-0.4141373933027429
-0.4121180254878485
-0.41676937412566584
-0.25112080072426085
-0.23171868098553272
-0.01950098632379263
0.17162842986027554
0.29310893905703245
0.440120065401032
0.38471500264763947
0.4184103974671555
0.38158814524489426
0.034115118667471966
0.058477654550515706
0.3409497001484326
0.27158961147003025
0.1416808578072849
-0.15070984232536402
0.032497883535944655
0.04014283500626317
-0.010155076204594882
-0.14780422657461167
0.1663693350942908
0.31173801918052485
0.026101304959208267
0.17684871765155824
0.4595093865921824
0.3366818354724803
0.15676741766897614
-0.20594244140892226
-0.4425599270008039
-0.4784212033231954
-0.3902851539856666
-0.26460670167068123
-0.2114217073440529
-0.08616972865982077
0.28090330174266803
0.27897276807656435
0.5769063205354904
0.2949756322044017
0.19900737429644677
-0.15251124517001236
-0.2876337019748395
-0.15052434028414036
-0.21825671964261947
-0.48041230603252805
-0.4488059084475951
-0.5238810044805611
-0.4581268168006657
-0.021100143593946186
0.2899309809192021
0.3749878519830859
0.36552381696553843
0.07214124463999304
-0.2941033188788445
-0.41793362230031117
-0.595800633612772
-0.5228928231568296
-0.24254087301482405
-0.16988600853106295
-0.010019698938375109
0.13256799750125448
0.15312437637518425
0.31466486093534846
0.4222739361893287
0.38549453691848723
0.36523831172020094
0.21530459148094316
0.30879324922737067
0.35765303937741716
0.10489939194111499
0.19525311228022585
0.13641847592593956
-0.15022866607985508
-0.1832741380303047
-0.24691551921735347
-0.28673539211509963
-0.14954321720335378
-0.02698187925215558
-0.15584944666795836
-0.09990391660379175
-0.0628814755968923
0.13462797273093297
0.4020421733958096
0.5509261720081696
0.48450047454159617
0.3358508467784104
-0.013343711426425884
-0.3824077982633897
-0.5108296141753685
-0.5037587528855466
-0.4262828631931456
-0.5210616411689564
-0.44367119933466
-0.3625297046299441
-0.4441102744797735
-0.301475418710404
-0.41193151026982006
-0.34039497832601356
-0.3257099231875583
-0.3722676657112778
-0.46023673057933745
-0.2868685080523307
-0.16418981126944798
-0.32715791154015383
-0.2203535345268244
0.2009265659284443
0.4325016499069841
0.2856456050528025
0.5288260891948952
0.7760244640828019
0.8636368022315972
0.7564515830799654
0.6426393883550253
0.4843745991453282
0.14440039076944736
0.07061521668896727
0.3663204478857597
0.43004695867307485
0.20491327155048306
-0.013171573641148711
-0.1040032675845402
-0.3006227232289331
-0.5655351110191242
-0.6078263333086067
-0.645671474431083
-0.4901801204402119
-0.05473831707466871
-0.031561176840109714
0.040692038112823584
0.099117727398444
0.1884529096423417
-0.09728481695244853
-0.49939179976663123
-0.5359081675763623
-0.4913365900074275
-0.42725701496149615
-0.1989259305491668
0.03870371428189928
0.27734875667131637
0.10860100186449512
0.007683806341385602
0.030989131132962977
0.07479465704726351
-0.1015006818860342
0.006332264498660423
0.1305831651396333
0.33223426862487854
0.2981804321685462
0.11618518327611826
0.2989285899974085
0.3297020820675283
0.3888683816076801
0.28892062819795017
0.41092765803788517
0.21687191119574434
0.34154706660536316
0.31345810695581805
0.19213103841594628
0.05001693960323159
-0.17702191992885416
-0.5439321129379402
-0.5744556164209071
-0.4682531275620735
-0.4003280589226704
-0.3194171104764859
-0.2834750653837999
0.0679297240995753
0.017118822786047466
-0.09708425397839386
-0.3812270330744433
-0.31622132405115333
-0.42516094061186427
-0.3628764765487536
-0.07692376063932185
-0.04044480450083961
0.16205585162912714
0.25076810263986543
0.2754071059144516
0.24694767278755786
0.0962104050917499
-0.255365134138828
-0.3654697008956503
-0.2206745405764778
-0.12013456283269723
-0.19078121627900343
-0.10547177415245526
-0.13040778144352724
-0.2744860759409369
-0.14716550853879443
-0.12750534201236433
-0.12358096440749838
0.010677421952535689
-0.08214607481031157
-0.21992210170971022
-0.20453010037185881
-0.20997840586106306
0.10497912509029841
0.21610733575773783
0.027104757901927595
-0.09547969650574681
-0.10620875150016114
0.011243370097200611
0.014811961676921448
-0.11668665735762507
-0.07609981879631195
-0.4075329215511585
-0.4321981304290589
-0.38327236146226984
-0.10925028105603174
-0.09415745182432918
-0.04548592791225102
-0.10269094288045091
0.15865282546847093
0.2891543491782789
0.21502379524369808
0.16993006439042285
0.05237727175939189
-0.17589596934476479
-0.5366894480500868
-0.7497431800905365
-0.8285788522284492
-0.7920694880015381
-0.6341073365494488
-0.30892522716034826
-0.0341148701333949
0.03948799188630755
0.07351940851355566
0.24673498959539422
0.2004906092057281
0.023793930850356526
0.3268301113098116
0.5810810913583055
0.39676810156885584
0.3818272753153808
0.46457412328448644
0.31091143472038274
0.034718547879780404
0.11781650095097118
0.019281352942726038
0.19157212505159965
0.10509018247927879
0.7736705484710512
1.4296525976324523
0.6487828132900586
0.11062130006317863
0.1481625498050676
0.09908648059297208
0.01506260384162117
-0.11294363363150349
-0.25575670726445554
-0.4859149668374642
-0.576283369848165
-0.4491085730218593
-0.3421925599409888
-0.2577913389135007
0.05853138662108223
0.21304082168444233
0.6564458076961427
0.6648501308249873
0.45481819709898397
0.1957327095472554
-0.20587893363242
-0.5625043527346846
-0.6290227726983971
-0.584842618364966
-0.6591440129738023
-0.38235615618033225
-0.20051762728783437
0.29490067560054445
0.7307664555234659
1.1197415387918443
0.6688624552780473
1.1027677021068678
0.921854162164339
0.6911504018680089
0.2847773943544303
-0.13306603705577338
-0.3856186208247776
-0.36896113659198143
-0.35774208122190776
0.004539653583302551
0.34724147570127306
0.401488403609329
0.2615771163055489
0.26617611898583593
0.13002898269812962
-0.0348399736021872
-0.10141465535472709
-0.07238990662708625
0.20130695999238976
0.11073398732413205
0.04150401538101586
0.3396524163977394
0.4825674453576625
0.8318549889088657
1.3874226771675546
2.632439001410253
