2.405676300116808
1.1093902470407717
0.3899462604033616
0.17195643681318934
-0.044852637230628975
-0.2871735941333261
-0.19967323253762614
-0.1571169161367741
-0.3679558041376463
-0.36253883948658133
-0.4375981666850036
-0.48889554221086284
-0.5468468859019798
-0.46561297626680687
-0.32667234876150425
-0.23558630053318566
-0.17989141885017723
-0.09220988546667942
-0.23793698160753082
-0.2442807114458788
-0.24126623658137442
-0.1158044988465631
0.12040247153641626
0.07248003179596166
0.32247867845206707
0.5633808432610915
0.652473753785392
0.5257648396881675
0.35796222596343463
0.16220682806639505
0.12772472100256757
0.12929358955056255
-0.10426055670878272
-0.26048914174113597
-0.3023806847563491
-0.38805977661164304
-0.4488650188895984
-0.29902735804058145
-0.14574381022742136
-0.07209781355403652
-0.21479678025513066
-0.05694989865721638
-0.10198242490444841
-0.008942799321791813
-0.00801742959302687
-0.11459679925112216
-0.07669265870730424
-0.2407471277790037
-0.09028022962517504
-0.23589561616862847
-0.1851392806553502
-0.10372932122392012
0.09899618933070077
-0.010739663076011019
0.2362635377041455
0.41216080124628435
0.45882047927622005
0.4270234078315048
0.1713795585656591
0.022209760413088492
-0.19995174221242804
-0.2662923484950331
-0.309629591005591
-0.14551240381324998
0.2440768341614262
0.4532846543945064
0.4957348692759443
0.6061080308042124
0.35398181525891476
-0.035075318365213035
-0.17236770899098192
-0.20409860913831424
-0.37657678404749995
-0.41979140462577624
-0.36941390496809495
-0.19831788330961564
-0.23822832010258402
-0.28303092925941137
-0.09058562203059037
0.1095570445879296
-0.05192000781481018
-0.06970576316773747
-0.2213175094560747
-0.18246845727458044
-0.276274248182432
-0.4957562876050596
-0.5009593618018943
-0.569616700123889
-0.41340324264868294
-0.01574857530921539
0.03749821198876265
-0.07914799799860403
-0.19075556082054593
-0.02879176879797827
-0.10641833674406342
-0.35980186299301914
-0.15721509922276522
0.035996717290169025
0.07485525313358311
0.13847666300829253
0.14319829519943597
0.09080468809393187
-0.2900907569413342
-0.39780148691187683
-0.14543384928751932
-0.049077519660003205
-0.14533352880703745
0.05330641619046991
-0.02754947261054111
0.06284695664301121
0.18032625589713003
0.3321276463211835
0.12192012754449259
-0.036397910600122464
0.0878208686049809
0.12444111344025685
-0.18566147035469324
-0.18184974477651003
0.1386685924053128
0.07149059812291467
0.2492424361902753
0.316041174985872
0.2759066324705818
0.19553549530685163
0.27145179741863296
0.34516504023356487
0.14197328669407022
0.09002438513007185
0.10561077623253393
0.2132275214661131
0.06857833477939104
-0.26731106778817065
-0.14007712044906678
-0.20457556790370227
-0.29146208524271355
-0.19397120715233804
0.09055268142395104
0.019413221469710668
0.005603826509121006
-0.05292434550759909
-0.0012373333857658726
-0.3293049798460366
-0.5401932074798835
-0.5428748979961426
-0.39455284587501416
-0.14386813917080107
-0.16805358096911496
0.005978866266514615
0.042358467192501484
0.0006114687243196776
0.26637102441880733
0.22471323259481268
0.053755019284874694
-0.0014674442323786563
-0.09648404551137307
-0.07013249395611831
0.04699096838926159
-0.012450955781594941
0.32970227837604427
0.35114856000322703
0.19565762006478027
0.010847220956481635
0.028021530699791228
-0.07370318971697853
0.04402613737703064
0.026240939637232397
-0.1500262207334439
-0.14227128968829053
-0.5253041177597788
-0.6628532617064721
-0.5897581619561509
-0.4299715596611848
-0.4859738816246866
-0.2196621969228741
0.13719655018414117
0.1633995452144192
0.31969533383187687
0.6623017699415765
0.7349449275433454
0.5226416737685746
0.3062594631082515
0.01130266858775066
-0.23232412405014052
-0.5681939023168456
-0.7253738668860557
-0.6411832407848268
-0.4721921064047137
-0.38586421862080544
-0.16431502730641523
0.01508691801637472
0.0015728662447069414
-0.09353246341761833
-0.14435150008203837
-0.18198080554735038
-0.346511862946856
-0.299719429225406
-0.24834551261954776
-0.2814824419134917
-0.21022229432432216
-0.18376917837126605
-0.3103220864039398
-0.22428908926557953
0.04252520208915386
0.15395730302128238
0.17455773952091755
-0.054521202054387395
0.05641762532119035
0.011302742470552248
-0.19884895840190425
-0.35111580547356297
-0.3178202146823364
-0.36333758108277503
-0.4023774138067463
-0.18038680729784135
-0.039762185798873396
-0.08470821796547272
-0.20115203076069085
-0.3355166133538268
-0.3590838196650101
-0.599595487417485
-0.5293971475932409
-0.44407345968784123
-0.24199316840945242
-0.06452383965407964
0.04395061661900933
0.01422062173588324
-0.02132627441137707
0.26765516311684745
0.22634458003167618
0.2327862166633404
0.14274680441702886
0.016510647420716725
-0.057243896239789156
-0.14032974908559936
-0.25593058143827724
-0.11284073599183728
-0.15779041269212346
-0.18877131589022286
0.004477974132114746
0.24421688340254008
0.31085194970228397
0.1352544740956074
0.19531369531858786
0.27496729843709944
0.07701792450024715
-0.016396126404740332
-0.0025710712158361
0.05678457452906875
-0.07390882455484385
-0.2366966648505732
-0.1804784928336094
-0.20406922827715623
-0.22554177393198926
-0.12334330626126758
0.10050868996873424
0.10826320445625999
0.08160078682756051
0.023264469054836256
-0.15326421195877707
-0.057766293904702136
-0.22522056988304093
-0.332525276238797
-0.19428776209782844
-0.2531545469053888
-0.11639724221465839
-0.09957129647593183
-0.24124365860165167
-0.12853007083467194
0.028445021180254427
-0.08202046330833376
0.15868507798250361
0.4116725919765323
0.539695687431861
0.4458719276456531
0.42118649424159915
0.2595718711650481
0.04155058497966764
-0.19197105157291003
-0.4119074319177536
-0.46967172990707395
-0.3483995208407663
-0.08480097714880902
-0.0710795527471731
0.127670844185048
0.15350001844046823
0.2724643975280899
0.4827437172785223
0.394795934330621
0.16105785202965817
0.3510182159371699
0.296515214981924
0.2806304954749991
0.11949973104989287
0.029662160170927453
0.2700745167433471
0.40019346773034514
0.41279215693690563
0.41353080880872883
0.4652417161491069
0.46876988779058315
0.5270710168000903
0.5334869707313862
0.3892847603260697
0.20288559068111378
-0.12488270927115558
-0.16446303847016208
0.031332452576956736
0.08984818286113885
-0.023577417973205977
0.03965600521124233
-0.06742376994509894
-0.1990944897473112
-0.16691363846458668
-0.1030823443022996
-0.17199526519546882
-0.07304836489425653
-0.1655849993240876
-0.335235867745605
-0.42840999663208496
-0.6196269601621311
-0.6316632387051092
-0.49317194846111756
-0.27010891673470727
0.11062431536415117
0.31144503688136416
0.3785921996637879
0.2255333402967984
0.020210982685696266
-0.08534887554243753
-0.14646902640322973
-0.27604688091640034
-0.29249159853369955
-0.1272661889875154
-0.3498255895454838
-0.18391808124423314
-0.5341473246545939
-0.46830305019969765
-0.601144548548107
-0.3647367728518711
-0.3055635297314998
-0.25062438141892057
-0.40510796772629215
-0.35352119413693506
-0.4994594596148262
-0.4784459371727831
-0.4883784290863127
-0.2977065101733559
0.09035853019658688
0.10986406836872702
0.0007755558613929004
0.0965531367219763
0.28668930499954115
0.17704698502502056
0.17494693517523452
0.030213618062499913
0.2268628184528656
0.3265768924548435
0.22349315301301173
0.171180349773495
0.06003009732124939
-0.06946394570346229
0.05271867661832601
0.050141079364273845
0.17792557799501427
0.10303326841746427
0.3001541909789022
0.4891364005964117
0.44454387928135625
0.4117301948373236
0.461352021853665
0.40725981570283015
0.4486177631779506
0.33428898256626555
0.20641246922623815
0.1882062069555797
0.06817663950503731
0.021818420350036814
-0.12206610270196024
-0.30036764314184006
-0.18651778078128417
0.0011212473166123792
-0.14706828264686117
-0.0029106649958225567
0.33239913758943035
0.4776958299898342
0.40881255781512477
0.2795702698693504
0.08455292385060814
-0.11256773448997018
-0.4500321273038735
-0.5295102669636356
-0.36573493829048564
-0.5259823056651651
-0.34347323345351216
-0.22899551167799875
-0.10653621465055253
-0.065284727732624
0.032183222678020054
-0.17007121115541027
-0.11637354245561216
0.04381780891167612
-0.009150728525161399
-0.1325412961298316
-0.21814577544713146
-0.020601825741338266
-0.07608961851734103
-0.3426342296444641
-0.49807504160399774
-0.600848247336982
-0.671091675400385
-0.6293606015167562
-0.31102862625739364
-0.06993100076890715
-0.005681581796138754
-0.1525608613927227
0.12906082228383228
0.19351911238749264
-0.04330054069012505
-0.058820962833139055
0.205378015283531
0.15975818123506813
0.08637445785468972
0.16842593889067042
0.17311576599436665
0.007310045399186719
-0.03854986480368541
-0.25095259495139755
-0.5659767780595238
-0.6618267827882351
-0.5414173134623975
-0.3138975632816468
-0.2384084828244911
-0.15623332802153983
-0.11659977614937869
-0.14110181245385342
-0.3831497531742019
-0.5223963332093954
-0.4756294585870732
-0.4457846475912034
-0.6193382740891391
-0.5870083959410864
-0.5165241858206905
-0.33749868364559393
-0.11832216087855982
-0.22261476455765103
0.014648731506751172
0.06033635129841131
0.11587779123926194
0.30833213141687066
0.30489880355073
0.14652634710199403
-0.14490160243683609
-0.4016726933456652
-0.5000902446112612
-0.4915945231681889
-0.268801205761882
0.13010261753833602
0.23642312147515032
0.13767606488595013
-0.015241041784420149
-0.14149135423939696
-0.3624754312125206
-0.6126825729886219
-0.6597793311310551
-0.4519702835637259
-0.18776567855637877
-0.026294494542872585
-0.07388012137263056
0.18224010163518586
0.48652078342200433
0.73807116966613
0.7205917824986645
0.5460317594472468
0.4861131681735553
0.18587902569494374
-0.11391673472374188
-0.17006694030318978
-0.07477770769935393
-0.0760305061141315
-0.030835067778637662
-0.02493171969904919
-0.12200524304792416
0.06662881219380448
0.004624041256788415
-0.1545017729417729
-0.052407798717699475
-0.012433260905787655
0.07240130255765373
0.21203126263144553
0.604301998587758
0.5512843189764174
0.6488713009849842
0.7268167561300317
0.6042318184567985
0.4666434049880501
0.5580833101807705
0.4327213520254386
0.07031401560265849
-0.13991740404206018
0.1155219410345682
-0.0038810356060884343
-0.2424151319397558
-0.37233301615248376
-0.20363047761928837
-0.3772060812698142
-0.2440844206019409
-0.3547387671182255
-0.2584002728139413
-0.43419453362400945
-0.4506225348689559
-0.09228941601666267
-0.014514439966001162
-0.04946802363863723
0.20635277036371663
0.42533853419033507
0.5718620816035939
0.43103976478514733
0.28771720379263394
0.1811415148969232
-0.008171072461375672
-0.294774886083444
-0.2853952949168031
-0.023800461762192304
0.6944657518216452
2.15838624285677
