3.160449726049581
2.0410762533883697
1.4046682175058505
0.8902642789314635
0.7403217927000217
0.37518760185791505
0.01756374249862183
-0.016165623386184366
-0.10807993207160371
-0.0853499328615552
-0.3322101856892176
-0.4038474556810589
-0.3823518539613269
-0.11919006114803493
-0.0651139923875427
-0.02905760549227917
0.1590791666100741
0.4815740092726116
0.4441669962526074
0.18085932461371024
0.3812994629237653
0.5420127012422988
0.4489460357560347
0.3298083965486832
0.48470831371416123
0.48423616959214527
0.5293588654079234
0.49280646039793674
0.5515832725920903
0.5556368574495981
0.4206273048970647
0.325032442021685
0.23981809954754843
0.3840750852131638
0.5014609096319372
0.5330976179126641
0.2785113281233572
-0.12519552583785715
-0.038821456135955265
-0.24954990587774004
-0.4999188029880386
-0.4534185565445202
-0.23102583614182765
-0.3180564944558608
-0.3714897014585167
-0.2951672662831887
-0.23771471994360277
-0.3217154783350768
-0.3890769936966359
-0.20132722646823709
-0.139738673842225
-0.35189971085818433
-0.1947789630378019
-0.1808277022714405
-0.20441390040799906
0.09780350100854694
0.2860597336605174
0.4780897376342349
0.5292237455481796
0.5171572756216994
0.833856116682536
0.9589026037436065
1.0605543950989123
1.1703147889462342
1.2443364871674327
1.391464087072609
2.2119751529938894
