2.4171847268321995
1.5559356254575298
0.682858113224666
0.21116854899816967
0.08087296158389518
0.0797403329754981
-0.25500712824197447
-0.16818912169682748
0.10819491258481857
-0.023827415593139598
0.003128632553444784
0.10509024057662791
-0.09508658420058166
-0.4610177057864022
-0.4578391089253247
-0.47332752254712457
-0.632415009707823
-0.5520019269277112
-0.25772345849906797
-0.15730984739393938
-0.16931091123089775
-0.19852327370664566
-0.11846389072546562
0.009549487866435311
0.14650558426485694
0.11731797296239435
0.007781281238748598
-0.1921912123333114
-0.3644923078966954
-0.3245902973282884
-0.2760717082491428
-0.3926881588054524
-0.15856754498835968
0.08796932530963382
0.2318443568385539
0.19097497911777084
0.47815946870096265
0.6037016914547283
0.6591320105645571
0.49194943188391793
0.15034523480343762
0.16646589770768683
0.2114176041657916
0.018298079550770695
-0.18502778550583499
-0.0724225115357994
0.05872469996406235
-0.1291826421801942
-0.27869285809621147
-0.046863667138660026
-0.05077574674476239
-0.22600761635711364
-0.06397679519952165
-0.1307425170963325
-0.307425670354304
-0.5009310277631345
-0.45585270925376226
-0.5751832854268136
-0.5188417303154046
-0.4013107708005291
-0.18568713542267926
-0.06666541499372541
0.02361059396509322
-0.1401573657047871
-0.3151928203028871
-0.2815652841411166
-0.05137632214601368
0.03798546061623693
-0.20029661274553096
-0.17929644653035212
-0.3585391119353152
-0.3779994542723246
-0.48346640420710557
-0.41714999839120465
-0.44734016437106594
-0.36346963157437606
-0.15901867047883025
-0.24552008483242926
-0.10969050537836898
0.09639200346260321
0.11104163352502329
0.037539049186832464
0.18542144889012022
0.19411927413780508
0.07359227319669782
-0.1847185150928043
-0.15943660983536756
-0.44376702767091913
-0.5242874117589746
-0.49744835043055363
-0.3666464396545163
-0.05356981902796812
0.24111390909581565
0.3147751500629548
0.3768493599619349
0.4135402716297308
0.6035003554548591
0.5829284164386807
0.4122075025749537
0.13143967095791076
0.0818029696690398
-0.01432395284125239
-0.1444333420574394
-0.2726811025989298
-0.23589085320833877
-0.23546175056240712
-0.06155753366270728
-0.19375094758144626
-0.3573652903923659
-0.37725356267716015
-0.493673885835038
-0.48718948377148275
-0.6440910542336653
-0.6752631398635845
-0.6313282042622371
-0.5526468334550092
-0.41483105580060714
-0.026448462084299747
0.17819038094955073
0.09666459919062362
-0.13228957730635868
-0.02357303234128033
-0.13894725156236287
-0.17277953725221923
-0.06894282589896601
-0.10687728836080036
-0.3351426465612629
-0.2575980641353611
0.08903499874374636
-0.027886446286706862
-0.06732874603022489
0.0683320714546212
0.022508214784907457
-0.06598445019136094
0.08261301215076365
0.5006143424732931
0.5079183174602323
0.2669807827698415
0.12568250783853954
0.04448738870478542
-0.26302761201970914
-0.4247677741940883
-0.4075572061256243
-0.40579283263108745
-0.3776766619016326
-0.0874624826444145
-0.021139731987165716
0.14210510753553526
0.14085437173390908
-0.18781424449416148
-0.2790858768645724
-0.08784606660034879
-0.18451769594894013
-0.3014647665727911
-0.30512454292722385
-0.17932035741248012
-0.22142056299671137
-0.4891715378954907
-0.5567723378813805
-0.4114983337371628
-0.3895640698393477
-0.12102072326178556
0.5662346341581148
0.9532480940909882
1.384603871423904
2.52656039659478
