2.5691521431583157
1.5774751445919155
1.012757919153477
0.7855379575017519
0.5921393463624721
0.3102494467111598
0.00981525744966483
0.01468855391914445
-0.13064151278739553
-0.11602845279245312
-0.14342329870407441
-0.22672457035299304
-0.44358953462531964
-0.4529421569946919
-0.18982057834051608
0.05207203493209865
0.2236099753304272
0.37882547743634193
0.5818751581166135
0.562207109823548
0.5382740014805086
0.49768678340710776
0.29808570843219256
0.5323065675777782
0.6591292908422511
0.7024745415940153
0.6369931900135161
0.693366879466122
0.37705501750409576
0.25952774084305325
0.10983814704317812
0.017784757833719276
-0.16576350397298312
-0.45721022588912275
-0.4893088433934328
-0.5354787463274556
-0.3741119917339961
-0.527458135583586
-0.632856118270375
-0.6005157178319935
-0.3388374326403721
-0.15273763851827754
-0.2635965107330723
-0.207163331986864
0.1190349426465075
0.02745526553631579
0.16329445182959637
0.27608869229135896
0.29618294292850467
0.22199136201960354
-0.10619176768551555
0.08401542884332627
0.08256297808682317
-0.2109868963585391
-0.139125590645194
0.061381472071051255
0.06989034054449754
0.07060984045942698
0.02363181309037622
-0.21174113990186447
-0.268047771774261
-0.009562250956367905
0.17063479867352593
0.07764035034027932
0.2745199052001196
0.3601372976281195
0.19892535359434083
0.2622144702900015
0.24260047586028566
0.01135690836237901
-0.345559159779267
-0.527445933624866
-0.49352580256609446
-0.20195169870426305
-0.281685931262934
-0.4502571448771308
-0.5149938010864871
-0.36967457930773284
-0.388175681131225
-0.33756900653340827
-0.3146718259451968
-0.4061443658897138
-0.40073648401530343
-0.5285999896721043
-0.6270705132222631
-0.5542200738269285
-0.3155662259996447
-0.2055777013761816
0.12671574213647566
0.15407556377362444
0.11889074965471742
0.12946922635049027
0.02462227674610113
0.2170474113671274
0.21933562809502824
0.4710245996505291
0.7926083042134148
0.6732161430627285
0.5546053642908282
0.5339685065453449
0.30909864431674644
0.061073092727208456
-0.1717770593293207
-0.20024530514113748
-0.07390127620791334
0.04450316401188453
0.21375331211100318
0.2932288992683291
0.04762902339604189
-0.015098935754817577
-0.2522361228938236
-0.4328229148560712
-0.4008418120922334
-0.45793090933248165
-0.3581230900698753
-0.4134408516817838
-0.21840763550170517
-0.20410311659843494
-0.42241342511815594
-0.5486551695461543
-0.5612382848981983
-0.7400216645549003
-0.7381474935867663
-0.5216860675921683
-0.4074117397633675
-0.16373153156828474
0.047177202934860774
0.2806471006888083
0.24538340299377226
0.1228319663977155
0.2551318354531171
0.34081702696813776
0.3208397401205139
0.08101903966470675
0.04191197498920205
-0.2834094101405148
-0.1992253706606087
-0.3372899903797079
-0.20455868849490763
-0.15359426938118512
0.05599411213950998
0.12949287705932988
0.011158330591064343
-0.2642230031729846
-0.29250865381696306
-0.2822326184613534
-0.37469580894970705
-0.5637543149196936
-0.5651769848504682
-0.19763584762033146
-0.11951581907514594
0.07969269258284699
0.28689620023922174
0.37327679217874293
0.22765097705652437
0.341771268236414
0.47085414155046873
0.5152832130406515
0.26989233475055535
0.14240203444825464
-0.10973279953695836
-0.3612191800143244
-0.3066766349470003
-0.2737568678294658
-0.3772446815575001
-0.3955935131398203
-0.130221744921019
-0.014080818532209726
0.004193542947299287
-0.22901923970611765
-0.10546053325146418
-0.09429477783972663
0.10961252949239633
0.26791099115562267
0.3712790815778728
0.45261702410057364
0.6082259380601017
0.5800597315349748
0.4151899325540558
0.21782619745868312
0.34835038852152883
0.23314923831737047
0.05071485049964953
-0.10957596274729178
-0.09138990487334726
-0.13997506686306868
0.0600715736162579
-0.048796589054172085
-0.12723580826674946
0.04876396586332877
0.24213632739578417
0.23988824755556665
0.0901184814570167
-0.16680223552599355
-0.3253774812107573
-0.6818326575993119
-0.7815063661259303
-0.6403033743644118
-0.7076014950403204
-0.6070647912707394
-0.3496338501133482
-0.2861733926754634
-0.39244369953866765
-0.41107457682775544
-0.20220946292383338
-0.3468519666754702
-0.25886953864430395
-0.10636804195017475
-0.04885365179019381
-0.41523712478105435
-0.527981360572414
-0.4517515720267982
-0.4470425493491857
-0.3363939111911365
-0.24540282657646642
-0.1097763799869998
-0.09397932777033932
0.26107655828928095
0.39328773083898966
0.30306388779474497
0.32797345181158427
0.5708084129920169
0.8117145058319147
1.0103009842596251
0.8423701682042816
0.8134096779437351
0.9056295001367273
0.8939473633887689
0.7219027996860198
0.6911275584722943
0.5915595795553479
0.2751181718992519
0.10175118046707746
0.3765716201639435
0.49566040779977594
0.3524578456054911
0.188181295991474
-0.0022373975184912798
-0.32776490199016395
-0.4728445548241734
-0.4863565297163234
-0.2110506420599757
-0.07774584555992609
0.05157341530081433
-0.015812409807798775
-0.5325177979781673
-0.2872786063219088
-0.3442719274793545
-0.4413514447668945
-0.3381208538968617
-0.23894599898980867
-0.15786841176033162
0.029716496637799846
0.2342689250321296
0.4216670553480856
0.6135147115661949
0.5822690072990482
0.4572571205951705
0.5461248091349331
0.6471427153103925
0.5143127414169456
0.37150092682754304
0.17288517991730837
0.12537778336341093
-0.024499281403767253
-0.2135472689336289
-0.269786561766639
-0.45215018591837636
-0.33045398375332935
-0.2398643190724608
-0.06481818815141611
0.1989787657298544
0.655272241350943
0.9804294894463943
1.3288338025462985
2.5524904339041905
