2.8757669740163214
1.4642200397283613
0.9522099357922904
0.48354771161406296
0.33016360401809164
0.242070006216912
0.010337942890633764
-0.20775251484226853
-0.13300174923945296
-0.3530396656379762
-0.24982423245881646
0.16682494866444905
0.23268153903654776
0.1354108993530511
0.5469099847261932
0.818616341271352
0.6775984248581371
0.6625510372422622
0.7373027297803928
0.5893752244342743
0.35808444205474393
0.426479459094592
0.4372836936502902
0.14502372351898488
-0.12877468655514493
-0.3188924703162912
-0.21240760156960353
-0.2493027698848411
-0.12624441121460572
-0.009915087713049496
0.38501681722390557
0.5251762070946924
0.5674121326067988
0.5984612946036815
0.4701734808854389
0.15138607606352908
-0.0746421078328545
-0.30750893366753057
-0.30801821471196306
-0.33151417869088556
-0.4931739468358174
-0.3515160225862042
-0.2556758727163522
-0.2869489482537255
-0.343679467977318
-0.13462472275940032
0.008508600685993802
-0.030117846302598013
-0.01737330793162213
-0.01895426140324449
-0.13093707982366798
-0.3212018291789245
-0.3250953638122189
-0.0354736260995786
-0.16729694229464293
-0.3053456608126701
-0.46669579793730503
-0.45560462216205994
-0.28816431326307923
-0.31274261252834784
-0.09300144026318627
-0.003029669021904077
0.368360716583672
0.37592210157204065
0.46098552723312314
0.6121744925448075
0.699426788021757
0.41246684735977357
0.5733651005685393
0.7007078438893769
0.33983007031710655
0.21033801335614685
0.0974863644611263
-0.3061101230180775
-0.5264914315379259
-0.48365188728007025
-0.6953444340286129
-0.7019919480977193
-0.488414248546385
-0.263280929638927
-0.31759872594745725
-0.127011057862257
0.06132403105122082
0.2459183322047711
0.20722250109769003
0.13088359058396729
0.2351113790029296
0.26955264827118164
0.33218638020202135
0.3288892545242066
0.2172497830451166
-0.025682685034372946
-0.11366121829738972
-0.10619578139116079
-0.14369666046083862
-0.19091664374514028
-0.4461780425539248
-0.5223662675425843
-0.3932832832696917
-0.5166090548011912
-0.5254213854379821
-0.3144054320662259
-0.028401004274536804
-0.12786268139600493
0.08701252271998972
0.1773562176078507
0.1582840243899982
-0.011362533584461374
-0.11663656072098598
-0.30992236438957843
-0.23156736331564748
-0.46576220244259386
-0.5966988336085677
-0.568198273805953
-0.2523108059816022
-0.19563069618859782
-0.42567646773624557
-0.30381548257339275
-0.19799694829564857
-0.19660592130548948
-0.0857245417408252
0.10412485077438793
0.2971943463796831
0.5266504072884803
0.6408405862097751
0.5457156581891961
0.5493367744477707
0.6641889017049444
0.5043532182373721
0.6849163826782902
0.8256303614313942
0.8090495878046762
0.9106149327873239
1.0497436503833126
0.9378031994785012
0.876920391262535
0.8900817296251948
1.1621845753072457
2.327074502552093
