2.5486857601494126
1.3065537632967799
0.4120395181899491
0.10743612427032606
-0.11470809035986915
-0.2037163058564454
-0.23459453380914105
-0.22048574325336923
-0.32407381141486463
-0.551171110801242
-0.5269766284393094
-0.3091064167258525
-0.40739924814114054
-0.34055920049271304
-0.06158688586774225
0.05198173270902279
-0.08297930826479176
-0.22125660695657387
-0.22014311895782612
-0.41222580349796256
-0.20070902680460506
0.08798945629189238
0.07329742930625792
0.21567770037722628
0.34644742399271794
0.4890111510255081
0.4112998810662941
0.38353191314068535
0.61367053294528
0.5331202885662834
0.38580236396102746
0.32883692652839663
0.08247563109731856
-0.009501253624548938
-0.001318494328726683
-0.15378021174951004
-0.38956731159124014
-0.40013658804085217
-0.2468330764230292
-0.1258134751285662
0.18142617318112325
0.36330569924737494
0.5028133803331698
0.48318587074537683
0.3085011811694194
0.2635000143428858
0.12834081260871072
0.2376719472281379
0.20140205781736975
0.022947814218884564
-0.00484203672990683
0.29142073372012833
0.3226288264967415
0.4123587903748744
0.5030588102027684
0.46798017202265274
0.33876647040597757
0.06948162449565153
-0.010222638570056581
-0.33894080497938445
-0.5290397260928633
-0.5400790394490587
-0.38063330821656854
-0.23609218928094383
-0.10036085246510107
0.30340086333806376
0.45895523245570524
0.6305382975054729
0.6345533909025933
0.8025601350071179
0.8502460668454086
0.9730440248552723
1.0644028279706985
1.3791187793955082
2.0330496380951226
2.8823017099397905
