2.4174655211044227
1.7121930363395215
1.0224207303624768
0.6579178427425526
0.4554561139073111
0.38759440160334335
0.49623849891387206
0.5246281784482578
0.3828856842369528
0.09677440010837901
0.14051721189894592
0.18232358629029863
-0.13709745213948984
-0.12973941855581325
-0.08858065878661761
0.23271503651986017
0.2159510137156837
0.2563392875639607
0.6313813254787515
0.600607151297505
0.507984715708247
0.41423785015546655
0.1652531970960349
-0.28234603946512005
-0.39999785719350395
-0.2369071802871983
-0.2048722821265459
-0.07660679055385065
-0.2324360557321878
-0.08111761117586418
0.20131258967442384
0.38906238075678
0.3295540836766201
0.16895931653129154
0.033830359294825744
-0.2247232154498086
-0.43483958789263555
-0.44648914217404323
-0.40028680245526704
-0.6410147525116825
-0.7406235045576007
-0.6385990361247187
-0.47873963543242926
-0.5759306795154453
-0.47870717579346134
-0.2200703849461393
-0.13502820113232922
-0.19416758178893948
-0.030383473398175785
0.0017190672716396564
0.05612273779001251
-0.12767852483484582
-0.10516308838946971
-0.3101337095877262
-0.2912575458007603
-0.026054029643170558
0.02900591633807588
-0.11568636332967835
-0.03700711439840168
0.033053088287135296
0.07542439437218333
-0.225645933127295
-0.47794113794487464
-0.4754221121994008
-0.5831449630081451
-0.5522722188533471
-0.3223377256696526
-0.15503260530810517
-0.05332322835965605
-0.037160320130032676
0.41592685091763876
0.6001607957253248
0.5480053829081083
0.4517005316237599
0.40973497107508605
0.20087437929555377
-0.18430374518873377
-0.29650978472194245
-0.23357130351290348
-0.43943178253115706
-0.42832122624803215
0.024597773469100255
0.3049662588436631
0.18763430145817833
0.2503206436235101
0.15806631559573564
-0.03144596442343592
-0.299845837203892
-0.4577075511991972
-0.5349451443720222
-0.4509174906775872
-0.5046695687456793
-0.28680305254622723
0.0607755489641084
0.17210629493099736
0.2634048629636575
0.10459082072840525
-0.09733355799500688
-0.2680258037786819
-0.29647852462457047
-0.3667005543657494
-0.24734464665666792
-0.358691238527513
-0.27029374731473294
-0.3291299861162031
-0.2430094199166376
-0.07758861113537942
-0.18375972207277622
-0.15794951765717158
-0.09150498672301285
-0.30797458250518445
-0.5607787618354572
-0.48994985288417725
-0.2970159848375199
0.03449048819085361
0.0017551171103310243
-0.03005967666269601
-0.2394651312430267
-0.5813572347421843
-0.7125484605384172
-0.7184317898367891
-0.7496058220901051
-0.49109200743291725
-0.29960059747796713
-0.07524347579587412
0.22457116550085113
0.3888933452783122
0.2551797477180608
0.23763089165647294
0.18972302471591082
0.14177573754016168
-0.12473110408631843
-0.19860779925980526
0.14544280735508464
0.3371373926249022
0.23767024355171154
0.03643741680021683
0.2666867618325897
0.21512074504587184
0.08599998298798775
0.08637854446754047
0.4726443187855789
0.5323914958378252
0.35156140458860063
0.702797090313889
1.1866791966712245
1.5255959256751948
1.6175926814351327
2.5099549232860383
