3.1457041036298157
2.099450202585774
1.1627998730211953
0.6893018589850138
0.18455732089821797
-0.09235777110509676
-0.07052339832124913
0.03531265427759139
0.11728120698095805
0.15750405028622028
0.07082443329359203
0.1083789929319289
0.014448784496316348
-0.07515086591798811
-0.025184351237297023
-0.3365319626776515
-0.24695961415673234
0.15795421061416906
0.4593944252236105
0.5501883650912205
0.7899025035979635
0.9410753820447902
0.8548055142061175
0.6802290818523669
0.49514183454058175
0.18045181872249108
0.029690308126390612
-0.22521324998973385
-0.38348511194796137
-0.21720607760476524
-0.12010389919442543
-0.20024891658099572
-0.2469262789322496
-0.11987483971299821
-0.011483719178623121
-0.1489135276885973
0.031602662908738144
0.11401778216805367
-0.11025316015034439
-0.33767810127265285
-0.5672147158538654
-0.5873097871902413
-0.4003642010206907
-0.17893832691698056
0.006924941702424996
0.17544341092702323
0.28779349932905063
0.38294931216062245
0.2706753524531383
0.04078145433030546
0.03823917197671653
-0.001885690536497349
-0.1572182234600642
-0.38971262235410764
-0.27190948181460445
-0.4335576504524482
-0.4915442703037071
-0.368728796139209
-0.16797138996337238
-0.16238114175677748
-0.06629868549242865
0.16262023984197518
0.23723148783680953
0.25607594291186103
0.2753982216785569
0.1621974123034324
-0.2953896701560988
-0.4403821773735139
-0.6280902192474268
-0.6667634895515947
-0.690571820010497
-0.5294394799464974
-0.1857868643461711
0.06603453890625735
0.13870044163567985
0.3685340315834332
0.4430812519596108
0.4508480135794159
0.5077804075974515
0.31763622525303165
0.28076748494286824
0.09111625176977337
0.0626382186274519
0.013128601090541496
-0.05832083333569598
-0.04504490468459505
-0.26498062219977353
-0.4848392754953537
-0.3908371755893195
-0.38818182199447554
-0.6618209304814207
-0.6034550258074077
-0.2662032879813468
-0.20020130612982398
-0.42026636850922783
-0.2015912822728018
0.08676760183077319
0.19423854475385507
0.11829544790664058
0.4108614078845222
0.37281617251456267
0.13915489859702723
0.015067422521092456
-0.16899996010939144
-0.447114402772421
-0.5374243014838921
-0.49344029146005547
-0.4170357216759032
-0.13268530330106257
-0.0446767867396635
-0.0028088937726524505
-0.2939449455253793
-0.25367782648805115
-0.1373700073900974
-0.30432020497494056
-0.2684566499125686
-0.0841841614449903
-0.01647566857338452
-0.16486739378168452
-0.1153157101589837
0.06190955913748519
-0.0027227340875961414
-0.1614519543478247
-0.05750395782158671
0.019615803186456785
-0.020255390559106454
-0.3592074643021494
-0.3353774146379635
-0.08514234739008875
-0.2650554496342023
-0.3776710736945376
-0.29186544866063674
-0.2262105708838581
-0.13316885039529275
0.04585555525243331
0.17626007076803696
0.01383510422464558
-0.0021955619877943953
0.3254968432878661
0.3502779538810474
0.34247468360914984
0.24125075033816837
0.1819074119853511
-0.005955256457516406
-0.3538490370486243
-0.5008776695942143
-0.7155259082938837
-0.7826479400536513
-0.64733859795248
-0.22737894389832236
-0.10232353881093315
0.030450880331902658
-0.035437712173533246
0.006544404036439676
-0.12310148421738436
-0.21107710808424726
-0.12670453367566514
-0.15200571376426228
-0.11449557806659823
-0.05879289929087772
0.0002684025840887991
-0.16635410912761955
-0.23364122148548658
-0.19147011241633
-0.40340617348617136
-0.4254913152869427
-0.2079023027637455
-0.0794969611537692
-0.04517977173638553
0.12035514366531555
0.022490551101638216
0.19161975310223844
0.17337311028358943
0.09333980386646046
-0.0004214522338234772
-0.04498104436338005
-0.17241810869246132
-0.30407498773015235
-0.27357913986800236
-0.13327858929592157
-0.08413252331531008
-0.07678116101052364
0.02054203284804336
-0.07475578640141192
-0.3182774106132796
-0.28574935583407407
-0.38886348868614345
-0.2016813151687417
-0.12161460257939885
0.05242639503611799
-0.011414270050894026
-0.19574668397977926
-0.2963692620613918
-0.43197642220356103
-0.3962222720199627
-0.2296619170432573
-0.36278198801287775
-0.5075755472622923
-0.47821244237303606
-0.17294089437015803
-0.047165319847707964
0.03548505493062151
0.2049433579964541
0.22362074779242708
0.18482061398698843
0.03299081855632792
-0.25025362615797614
-0.29022914213322276
-0.4701460141576317
-0.6149315163889553
-0.4697136528935649
-0.17242504319220014
-0.14928080650917697
0.04782819951382688
0.32136241817017086
0.582401178616289
0.638751906135277
0.6275858482090769
0.5454647952389761
0.5114420920502967
0.3624782478225332
0.2385703776074089
0.16335483609428578
0.08637974855903403
-0.21236624527375442
-0.17367874158997643
0.12026646250547787
0.24986252231996892
0.3254383216441437
0.236975027427806
0.1958225006811552
0.0429204870092621
-0.00028270694557878256
0.13941837388157965
0.08947382768722315
0.1739079491235042
0.2508037396751732
0.27403778331922723
0.401643364311127
0.5113629598673839
0.47174980908503156
0.44858867935985164
0.29931820562777856
0.06887798082132697
-0.13792265526460964
-0.4015759074287509
-0.3909804435573866
-0.6354274363719152
-0.8614560865799414
-0.9431146775478733
-0.8603180664359737
-0.6321003562512761
-0.20840397294095567
-0.16527905088354297
0.1801478034009169
0.4014445141309601
0.45286915708056114
0.2899228094689457
0.33077336860727197
0.12234989137352514
-0.185948361421145
-0.2647525773459336
-0.16430191602489366
-0.0626924093787303
-0.16132151421560603
-0.06995385694909675
-0.0681951352339937
-0.36159435029956694
-0.4589798026280186
-0.24594819252841743
-0.05976753325200844
-0.17985324187667778
-0.29642061262889163
-0.1939985291482372
0.044681561563194964
0.0022227837875470127
0.19664036177749558
0.564169438110784
1.158043976433965
2.112810611844896
