2.547331485971588
1.2924198637291375
0.8722689061261767
0.6416512631470972
0.25038516523360876
0.2832157702647722
0.09310169424842146
-0.04548977513416318
0.10064946378112122
0.10669356454958843
-0.05155273280710926
0.15112241453582675
0.08958762226327871
0.22020703016832896
0.21618094834744597
0.2543735562042261
0.16821640537729468
-0.0007133591252705754
0.20020050271018724
0.0956709093126671
-0.04914092087424979
0.11953616934974046
0.46820653853539546
0.5674654070952762
0.4985716577396376
0.452577914505292
0.34716338657823476
-0.03420587161908237
-0.2582861894760104
-0.554724131923597
-0.72938878072778
-0.8465499094094727
-0.8366369522984469
-0.6578756271899439
-0.33380959697877055
-0.2928310207316387
-0.3361344675679058
-0.2107038282534598
-0.20491555944806666
0.0593208486421071
0.3519491265657411
0.36234185540605124
0.3148787468360286
0.17116212396518463
0.3589323503319893
0.4315733839274185
0.3789878133646647
0.10035774644036247
0.1188154277626273
0.01143598446179403
-0.1945604171468299
-0.4157566254068122
-0.36878011434187374
-0.22132796061784477
-0.06025749274470518
0.14466092676379205
0.3726614196910327
0.5026258227236357
0.547354667378679
0.40215735918713863
0.3005285337486649
0.1641450260077231
-0.31964253937517845
-0.5571320061245838
-0.5908419105215882
-0.4017462592904581
-0.4613745458312452
-0.26499974662320713
-0.019751937541659742
0.12918433302380675
0.005971541851122812
-0.174012832530597
-0.3258319529558802
-0.44637814124445463
-0.7503259009720821
-0.7504415169896455
-0.5747956714172974
-0.6199018140312704
-0.5012934934698284
-0.11113371884550248
0.19503278531184232
0.1623168184781129
0.44059274751844446
0.5559056809654223
0.5620201312890204
0.42220933095859875
0.13396689704684628
0.12010327566046439
0.02565715810290361
-0.13724619852421918
-0.2753523602724125
-0.20451169061427707
-0.08369549209836008
-0.385345375723043
-0.4919105363868607
-0.34341841904199377
-0.5865755251308108
-0.6715788634151699
-0.45903913562697085
-0.23780018422334537
-0.2014298860492929
-0.13420446361767774
-0.1865502317598364
-0.054937472381025455
-0.10619773562920481
0.11772286344317658
0.20054221433308067
0.2814879534441885
0.4190099326750526
0.45240250757693345
0.5020366755627046
0.5196622099378991
0.4782272593699348
0.3753856114373853
0.2079062250278575
0.38299778530897444
0.4730342037431458
0.5694834172107114
0.38714910387639845
0.32643137408926226
0.5708045769813742
0.46220216152321486
0.3431564473965394
0.4210452705843421
0.3961921642772002
0.2750916622799871
0.25029282133528447
0.1042498245136383
0.20460388763670884
0.2726305177571294
0.3254328290539463
0.1767093012478496
0.06798537307516239
-0.16927031305389278
-0.3313251293308947
-0.2812990444864387
-0.1904762773972166
-0.1875353352408379
-0.2006643267270903
0.02735530907740534
0.09066200546968406
0.2526557029896104
0.5098316813301424
0.6302444808518389
0.6417195417933623
0.3938867951669845
0.1921754700726689
-0.06978632155081568
-0.43575274366186906
-0.4973485687182449
-0.6116126435405106
-0.7375695487834816
-0.7090314335362524
-0.6977758271157019
-0.4827569058669321
-0.4105338499626936
-0.5028582951261013
-0.38112437049504305
-0.042956803729104785
0.08565720959858808
0.015468073488629143
0.18787784232489266
0.22702003331802806
0.21898988952680223
0.3279451017116786
0.4166725006840419
0.2040374187603895
0.00589565072189415
-0.26267815493935753
-0.32302925076413574
-0.269664928522526
-0.010315542778846939
0.26483692913633916
0.3397492348732395
0.3525799757753611
0.32386330295566584
0.07321485551012831
0.041310971639040864
-0.06193111866044947
0.10493532181429764
0.07780265809393729
0.08343050135312956
0.27428436760860264
0.19132479649873266
-0.1441750184030367
-0.19818634996957518
0.08841149074859529
0.02617586128475185
-0.16799886719630552
-0.11190178531501521
0.15217332266070088
0.18766692065937568
0.1113834253806292
-0.12342316397015332
-0.07728370455807561
-0.5061813049440597
-0.7167311705469748
-0.6167179268267674
-0.4411440568317934
-0.5914162368476383
-0.5523523791811757
-0.18516667610742757
0.007113600859495553
0.043228717702341074
-0.05137300370617674
-0.1928593107914826
-0.09219188408322229
-0.2654916895122463
-0.2365201857240983
0.1429296346596862
0.3379292423788504
0.35858622401628143
0.34470015846443613
0.23061814009663417
0.03640749110688218
-0.19882431221877145
-0.4869424498198943
-0.5591399382058739
-0.4245300820774969
-0.3264008381939567
-0.3800727907213186
-0.3273854767980592
-0.082598408059099
-0.020804227491188793
-0.004879885451130463
-0.21263428446390464
-0.29864799772422324
-0.336336907791873
-0.4327731163510418
-0.4701715960740251
-0.370511492398184
-0.1791752371649672
-0.3130294928009135
-0.1952623148340568
0.08640958878166158
0.1417003578894942
0.16078338447941032
0.48496326230232767
0.5964040248225451
0.5187398834415236
0.38233193557759904
0.017448217300413037
0.034658819193367545
0.01649161962938533
-0.10701489447662843
-0.17750497812463825
0.02783682385681103
0.10861837839910858
0.013320701444961173
-0.005353076274868539
0.10024439782018617
-0.08314592305325855
-0.26231304245578185
-0.10306829035867565
-0.15083176818424954
-0.3263859440139814
-0.18070061298758133
0.1852506022044899
0.3693070290017854
0.43365482591155163
0.5066424082533787
0.4205934435446875
0.2061790294839207
-0.17900784881912765
-0.2924742973266968
-0.14929356744822112
-0.14777342109552852
-0.152974893782583
-0.2820939686403253
-0.17974263580135347
-0.28376550531751393
-0.35793625412206437
-0.1554599036880101
0.18281642477723
0.09242691878939319
0.1233811235716769
0.28194124752125765
0.039023829889834924
0.031034003703618383
0.2290729526631949
0.37586950027109406
0.3125063821314018
0.2619616710881935
0.36199637622367714
0.4195787071093909
0.2890864996990103
0.16917398079120097
0.28044266815196367
0.08564696934450829
-0.15634298126066115
-0.23369888907381287
-0.42495772985349123
-0.4202899034744544
-0.3226776582137847
-0.2750120685384265
-0.391791521774018
-0.3775713112759486
-0.1705668542447966
0.003242329582379192
0.1756613130711154
0.19254219951024218
0.44543421868288846
0.5799660829842046
0.4763134503254497
0.4477137693388346
0.45770052796329164
0.30417610671571343
0.15722060012349606
0.09392342638967825
0.2703060255771968
0.17433376466413728
0.2262990259066297
0.10271189962399231
0.013465110108446256
-0.35404711036216835
-0.5588243447741905
-0.5674879987824637
-0.4697678673713114
-0.6055294229017839
-0.8456524622365429
-0.8359308573054127
-0.7192634458579572
-0.5111111263287293
-0.16995590700932137
0.38736471191241456
0.577015599464546
0.5466762776445923
0.6636310040814434
0.5577505707075672
0.2635660927373432
-0.0021331419026631143
-0.0465270817963862
-0.1770981979387626
-0.17185420116352423
-0.24989772263618848
-0.3763115577270527
-0.406449662670847
-0.24734457503641474
-0.20218629033955962
-0.10457537099729099
-0.17473692068344612
-0.2255918841442368
-0.2598209181710364
-0.13480066588946105
-0.14951914691853127
-0.33367018392946807
-0.13721557031514067
0.14939019491221545
0.08455523395048449
-0.1617614464572149
-0.00300776813437165
0.2952795011062314
0.4778070764217248
0.6218669092340562
0.5570100211534412
0.5818481274428816
0.6189547362220418
0.6736418743610518
0.3594428169897906
-0.03245231681215994
-0.29335461823139364
-0.5852320295651142
-0.7940680717294952
-0.7892981516998038
-0.6857669800044882
-0.5564992106794001
-0.5135246264948577
-0.48693064413989157
-0.3586628637658504
-0.21049723956531063
-0.1030861874605371
-0.28301496017940386
-0.2365811731014922
-0.26908645263223646
-0.18681987626396185
-0.29687611309701034
-0.20366010815252783
-0.06920942294858373
0.19366314472596013
0.1770882392377208
0.4159761174693983
0.40775206956515303
0.3403601890708713
0.399261791679578
0.3078953022325206
0.2063314326023802
-0.10059266220577563
-0.20950092370948262
-0.35128355950767814
-0.27311516860763846
-0.23618819358424759
-0.3548861841190247
-0.35262302081711616
-0.3805470233638931
-0.14499871380521903
-0.3612342566221311
-0.3666091764039164
-0.26094482364062127
-0.24152146199567706
-0.57673043638035
-0.6209758693867162
-0.43093306244956225
-0.27439903961235956
-0.3464405811571749
-0.1545562530577145
-0.10420187166279725
-0.16050040819244907
-0.014261088228490789
0.08221776430941821
0.03677751550533116
0.012157967762130597
0.20962657707081356
0.30217920223183214
0.3518682362763415
0.3387896984200156
0.23759037591232926
-0.012602030037364067
-0.08752834893897761
-0.0529461491835265
0.2900953561122743
0.3867997580592731
0.38709498120500435
0.4367741223163129
0.5486800358908631
0.4300844970251402
0.05251803269722547
0.0195533428615947
-0.08360028537928103
-0.23923622450819562
-0.2197181091276471
-0.023889120429597087
-0.18262375237003264
-0.41401511197189106
-0.348259410732123
-0.15865937766259405
-0.21638752751520607
-0.09199523422767344
0.061813979389721566
-0.12104514929052877
-0.4985545737252709
-0.6146734819940511
-0.5408256285139256
-0.7238966556527177
-0.8189206271856316
-0.6463657028731506
-0.28617993537163455
-0.25710892206881775
-0.07667436659727547
0.30963061907701867
0.5540873828044074
0.6242627594822403
0.5667736582767231
0.4201780501920216
0.1086081737670308
0.12994622443801357
0.18942269773072493
-0.00019107991703753296
-0.25921524481402897
-0.20698359103075062
-0.17987672260458346
-0.30327573738128316
-0.14274167208910868
-0.08689805159240178
-0.17807035182952008
-0.0897477226298751
-0.04234462780648684
-0.12058910411170184
-0.3368643581863457
-0.5046472441030718
-0.4436831147003401
-0.5312612813880078
-0.4165315181843792
-0.427720701493927
-0.17875006395312465
-0.06481853011988833
-0.05622961777476168
-0.2888558251070881
-0.4695425872943842
-0.4798041181478846
-0.30269195291440826
-0.4690781822689531
-0.5049030991107599
-0.25768378222181393
-0.16429243428265342
0.1392783932778898
0.31662616862369897
0.4299158087029502
0.3357180623785042
0.7697055272839404
0.8896493779022768
1.260118723954723
2.2337809629935994
