2.7561943309791386
3.077588305949021
2.2894972220545555
1.3563988937309885
0.9519113799479144
0.5508736403985911
-0.03704748369381742
-0.21592510242854296
-0.15070009717726085
-0.3960963189610198
-0.5110443766160476
-0.30278540934455805
0.07559201720160559
0.061945930009981325
0.03680290623717457
0.24185123544536377
0.10973166004120444
-0.03366963617621321
0.013048252110458444
-0.06499740202886005
-0.3724362584906518
-0.42113936542431407
-0.18273980866832035
-0.26854537987992544
-0.20313244158656157
0.10754844098844873
0.3084815531905408
0.22585416090287336
-0.03516424360692308
0.19149987000416002
0.1657375861634684
0.11012233678770188
0.300227407900995
0.3146918302021935
0.2916583959907224
0.23289161922672874
-0.04164167232680426
-0.01953828534871148
-0.1824152369839166
-0.29004691191400894
-0.07958352134646918
-0.034453748770397856
-0.17304086372959848
-0.002896203028245385
0.3086701627929866
0.269023275685522
0.37546105564881516
0.3324298973572929
0.20230255257338098
-0.046045990879288234
-0.10854266091488195
0.1786980832402042
0.26887103325725953
0.034394172229551656
0.2603830261515816
0.427049030754676
0.39054996875298353
0.36192097735043033
0.28089542605099765
0.10685442111621499
-0.026670621331554796
-0.156669862178599
-0.051807283061492154
-0.38076724279849516
-0.4557339354277194
-0.1809041013131282
0.0726858817129906
-0.02247623330077065
-0.02878660248267743
-0.06691848584759724
0.0431725046230775
-0.049261430742950654
0.10091187833250691
0.15405279580559245
0.250432034192543
0.0008333810159276995
-0.3056057165161608
-0.3328202880864958
-0.28871656551375047
-0.42222814137737824
-0.3212760453275664
-0.051369264361534786
0.13700055379103324
0.14478093392934324
0.28192288456656023
0.4252569066337243
0.2561078326122535
0.04717500970121847
-0.006788191995899941
-0.33196836375851757
-0.3269123922040646
-0.07600916003495117
0.1400587236998224
0.2478610756865442
0.44331300818439984
0.45726165003963737
0.1805089140424327
0.2180559910397347
0.23373767341760873
-0.18148849503224046
-0.3243973573362296
-0.05750425910908383
-0.14271467260334866
-0.2582981205742945
-0.055620193844842465
0.07227983723071484
0.011628333331052216
0.007740267920279825
-0.018293241741268163
0.19594231065835638
0.15154488214424944
0.06811606087505089
-0.029469962783918308
-0.17544097383794244
-0.14994635567423462
-0.03682594031942022
0.048648552613270106
0.04219308505077683
0.15295580659700958
0.1858190456539217
0.18991579570289793
0.08415871258791605
-0.16501664544658703
-0.04768647669238178
0.17382292539550498
0.28582614443092547
0.8087097493792
2.053037639437993
