2.487785559642586
1.7572321505393338
1.0349476792339507
0.4179508768959326
-0.10389523803280798
-0.2496338833313015
-0.2816171101764743
-0.1590350923762639
-0.1136759585172845
-0.09020243533263402
-0.024218800512412878
0.10541351530730603
0.15218964922278572
-0.0652528313651525
-0.026317601160414955
-0.09038185786424477
-0.5022964786448548
-0.7315819479137821
-0.7476698012533136
-0.6349033681900917
-0.6592060826713841
-0.5184880605245616
-0.3761786875901355
-0.43140559904767234
-0.4801199949225549
-0.29270081080003657
-0.3123441991339868
-0.20096068381374793
0.029610043160099492
0.12682578664130956
0.08927391758053063
0.009173148960468407
-0.09770773480814196
-0.3407042252758375
-0.5578582539437783
-0.6669780400397913
-0.5476160774475002
-0.32447496915665314
-0.38184643231136983
-0.12421514043852463
-0.06225615675398855
-0.07350006414570173
-0.19075761910116085
-0.2872311189585217
-0.2563219481055599
0.01155772504402707
0.00822604363578891
-0.052059685340440406
-0.08160298897984067
0.1501567408010281
0.22041530572116136
-0.010479286261043228
-0.24692432423106192
-0.11380547531173886
-0.14667647288742033
-0.32737916564301717
-0.2521816035505015
0.06492915660948874
0.06089659887388808
0.0426549774306676
0.33495613705812777
0.33830791934673654
0.08879891192468076
0.1267600647554398
0.03157777917153579
-0.33813110688700093
-0.37565828517569655
-0.4298390260117502
-0.4310015449750815
-0.2449258918097334
0.035807502919354875
0.13191795675575016
0.0912378800923182
-0.007035372563604503
0.10597589273724521
0.07558579087856085
-0.06417616811084055
0.06606633948832699
-0.058966195317157084
0.047976605529539945
0.030636372831645317
-0.013897736945394265
-0.23826361767535492
-0.4458800789987928
-0.3014352921505486
-0.2134187289285351
-0.3808403629957136
-0.3502477520818566
-0.08547858731277647
-0.042338012251838184
-0.007058697726630122
0.005720004974588089
-0.010639896604184025
0.11888977834598477
-0.06032880395158608
-0.03940869268293116
0.19179520215441478
0.236724577918207
0.29130901405704973
0.3678640405913894
0.41248056795494803
0.22893852143521734
-0.09879425228492143
-0.15666490911376843
0.13361144062119262
0.2639838014325718
0.2462446528139737
0.4242723971997576
0.41422868927146067
0.1008671724336224
0.0830097106702689
0.12547178632535413
-0.19149069661791177
-0.2626194917263571
0.05006961302792065
0.16582582141018976
0.3999315838669039
0.661835431088721
0.7526441223994464
0.7283608164007654
0.7262868590231059
0.4345912231296692
0.14223587042532831
-0.18190403931425353
-0.4145595448915264
-0.5865270967653459
-0.6083164305818258
-0.4834102584581271
-0.6120569852735783
-0.6681907719051414
-0.7173994200382647
-0.6323207956714727
-0.5499491984206503
-0.29375435444568815
-0.16960481526833374
0.09496537946682446
0.3842746753923797
0.37722147882580737
0.11576320251040474
0.11451203588580573
-0.09800475131466249
-0.42678587285936337
-0.5412262415326677
-0.5070406169170673
-0.2935943983645096
-0.27737872303354694
-0.24656195962089508
0.0015234186566378833
-0.1428946842808315
-0.014008562997752275
0.07354780971837357
0.09655731611721673
-0.20221278169310605
-0.20577800588167236
-0.2143812937274779
-0.19768086234130872
-0.3105955066419246
-0.14068892002790256
-0.2060324154329079
-0.3510022879335368
-0.34613792778623953
0.0059714053937060235
0.09751149829963639
-0.1082330710560784
-0.10092800250108314
0.1553960904142325
0.09049287844873072
-0.15429496366876838
-0.2745655816136273
-0.5067101921441782
-0.5972443472719399
-0.5691767626491797
-0.7119074058257179
-0.773335356115932
-0.7925709028125707
-0.5955204031509911
-0.5163252518662812
-0.4258981727719873
-0.1283523754583208
0.16842122281713687
0.17938217235543052
0.16750809728997376
-0.09976143363374632
-0.2698099449293901
-0.40457578986761006
-0.47716242906402306
-0.5094890740679096
-0.6942196972045764
-0.6750085684160734
-0.5295367067559218
-0.46008073884905315
-0.39995704487418665
-0.1716352956968416
0.08854336775878406
0.09644554936204645
0.28186327958377805
0.2759411475581401
0.3079782830366863
0.4377247694794499
0.2966286011371831
0.42635586235107126
0.46061736533283903
0.19483309019289308
-0.09066786395601772
-0.08277124806860306
-0.3966612674300942
-0.5578860142347045
-0.5144354893754483
-0.3146996058530374
-0.015704804406725406
0.14165059321758872
0.12223400086052595
0.10832053979109334
0.14233235074543885
-0.13335570864197474
-0.1186728050528701
0.1250063345602526
0.08800111117784759
-0.06891811273499919
0.08277318414165026
0.10708855114413156
-0.11554870907294328
-0.31239832706293114
-0.11158566218311165
-0.02627445217030188
-0.33815717041384247
-0.36172483446081566
-0.23550304964547053
-0.26294306701777664
-0.07722910846614384
0.17301964211898352
0.16390969643690817
0.124275428164854
0.30958672355857236
0.1920866459690151
0.08442948548886921
0.05363751103217068
0.34550264329772296
0.24682085879381838
0.024496324500840105
-0.13652206067912162
-0.17682535971802943
-0.3852031949539305
-0.6122254780965758
-0.6664571561765701
-0.5540828891648995
-0.6910790569738204
-0.8618209413942002
-0.872502328024241
-0.7329223516222202
-0.5065708219323035
-0.39423735180744623
-0.406121372403647
-0.3692987412093213
-0.3395819223560083
-0.4475044365353566
-0.377514576698482
-0.20415494197493778
-0.24748871000860342
-0.09756093869654524
0.05921838605451062
0.12465168318050808
0.13273842630335925
-0.06050494077758935
-0.31355563979564444
-0.2912093165915011
-0.32011448278193616
-0.549481675588333
-0.5172067372140503
-0.3952196113815577
-0.49322778529370065
-0.5348621559031501
-0.572412165981783
-0.4059468999580793
-0.40921446686097235
-0.5508536992473159
-0.364959289949301
0.009166666711341382
0.012903311942439601
0.30281693404526033
0.37985323491524164
0.4998632863894601
0.4087418140743621
0.1044883074086953
-0.04271265460053494
0.08048561132850832
0.2198068183094556
0.42676748763185784
0.9811491005558731
1.512522131364268
2.4773455819085357
