2.8966790071345407
1.50599936912253
0.6643609531422145
0.09926645468032076
-0.05568499715050032
-0.28187038385227176
-0.31815543806069035
-0.4989383273083908
-0.46307421383141034
-0.34951905007805784
-0.2709249760067172
-0.40876033531595896
-0.2707266317710039
-0.3256574364639373
-0.1796739584358614
0.03919194675587211
0.09644871414573583
0.5248484255611792
0.5500666024939596
0.37251400285066716
0.3900014974168542
0.1167887580590741
-0.33704375350571925
-0.4040792192048939
-0.2978572245621286
-0.32378726513149125
-0.3583441593981541
-0.34387562024496754
-0.36362301277749715
-0.5028714603463912
-0.3803976706831367
-0.03340294122671547
0.07894031312123835
0.031782896123488585
0.008855754512787735
0.08848628304777117
-0.24124431852703263
-0.3470123042668209
-0.19794273051183217
-0.10941909301307236
-0.33160136158861964
-0.4566853079653021
-0.3782947821058606
-0.13926869018515317
-0.27341156271391004
-0.10919571387749738
0.058037673512572385
0.14479659664482364
-0.07133954303620814
-0.21465790941362947
-0.13679573241624166
-0.4141765677604077
-0.6038890380898015
-0.5484474929931399
-0.35798096254638795
-0.41286925266823976
-0.23144049820466936
-0.11133374331877538
-0.3009870821866837
-0.16115952974570175
0.14572413708415397
0.16435535857361996
0.11232686537570118
0.10453565092715862
0.09758789025533485
0.12294786638026244
0.22099466735917006
0.44571985241109996
0.34521335431359496
0.3326066129288393
0.3046622513281941
0.19828162356789641
0.1099071683857652
-0.031885237705417235
0.009800446450591194
0.01932711561786782
-0.34454569604142027
-0.3406945916656826
-0.12475566393814774
0.19785530726314243
0.08308081550820454
0.23464236938594216
0.05294509870738412
-0.09238981379136584
-0.15720453978766152
-0.25589451908893224
-0.19720505287572512
-0.4756403015042064
-0.5477737197171508
-0.5513619587053097
-0.5675473570927433
-0.47807719183035124
-0.2399981129356054
-0.17383672449448886
-0.2391142996592188
-0.1762456286085315
-0.44643229935135037
-0.40139770199478525
-0.20815232513312099
-0.2144844217299268
-0.06776327093930365
-0.09632186588233266
-0.008670644147892365
0.0148462428962696
-0.17792643330346203
-0.1922143021930387
-0.06706367011948612
-0.013156002873087488
-0.007696388400784505
-0.06939930784295675
0.08502055824428872
0.20569306174127883
0.2923467579489607
0.3799397929498509
0.281179003776376
0.2148778943195997
0.16981435208551304
-0.06152065066947825
-0.0639152680741044
0.03695574569154039
0.02863660707618007
-0.12032627722036848
-0.455088446174946
-0.5566520101759685
-0.551872765187539
-0.46575424906384044
-0.13981673891072985
-0.1482513438561
0.07103330448947853
0.1898531920607588
0.1711393008766293
0.18024322342294347
0.022272871128154865
-0.38930714047369774
-0.49932975285827685
-0.7409768248036354
-0.7753468104470589
-0.7778445971509521
-0.6388895358281406
-0.3282493197432221
-0.33614112098666077
-0.3137024507491042
-0.15165129035481537
-0.2471580679914167
-0.14423713070616423
-0.1752584438116519
-0.039139856380633956
0.1372299784828208
0.2785912081695316
0.5258842785074238
0.6892808375828545
0.7314205953632784
0.6765769576285334
0.766312297368941
0.6383408040802064
0.32949076704796454
0.1352551761698936
-0.03132235517588493
-0.2396421220826064
-0.5218322253522013
-0.5055954545139952
-0.6355082396325489
-0.6049419524026797
-0.3251506881088293
-0.09952547776884388
-0.05245811888296667
0.07413220614460814
0.17250736354220192
0.19720673153096546
0.1223435493132491
0.312042711300882
0.3523357849566065
0.18181177170266638
0.21246922428869977
0.02264935388845199
0.0663295355762613
0.08309949091448336
-0.03633637081497091
0.04665184969791322
0.0225077971146964
-0.0247195370217676
-0.264129068110765
-0.1278521713809704
-0.1951999372305988
-0.36667320497909406
-0.5984291844303786
-0.4422227243384467
-0.11617293193634722
-0.1310452920232594
0.1693882121909172
0.37144116004710426
0.3800970791540206
0.09003542350062231
0.19857387468771695
0.3208785337694178
0.16914017148559637
-0.08489789008100708
-0.2872641861749637
-0.20384044246323027
-0.480194133258183
-0.5066239024336546
-0.27473069820793516
-0.34773046351729486
-0.439840825869721
-0.35063196648974804
-0.1411161655212366
-0.03038901132582287
0.3015979802663713
0.5349205236429923
0.4756825035945287
0.5335168960753194
0.4055023802071168
0.26913271791431664
-0.09041500862829761
-0.4235543061212626
-0.5428506215391872
-0.63325334033315
-0.6030085208601534
-0.3384516507067564
-0.2918881800219079
-0.3319288465987812
-0.08275535161049825
-0.0677468697143542
-0.0632647609874816
-0.002038569000393276
-0.014821547234240886
-0.028037734616302518
-0.02934845815195144
-0.09396537253178928
-0.23573685520650134
-0.41710004719678706
-0.5382250878720336
-0.542260227305507
-0.44471826224925276
-0.4230759467140137
-0.2672149098430318
-0.2567224123770277
-0.08724778183234634
-0.30527395028853865
-0.4561128457320362
-0.41872973445093165
-0.2525272097727847
-0.4052112532174851
-0.36568836240498676
-0.10274495410320314
-0.02726517421067018
-0.11923184488440337
-0.11930273199763065
-0.32309322272152635
-0.6511353533997158
-0.8608668682027246
-0.9531568000061039
-0.9914367743297937
-0.7844199378840793
-0.4211025169679149
-0.14076492004225521
0.017218605181893637
0.30149660674336737
0.4039384431428559
0.5993514402497073
0.48288126349679605
0.32387213160812994
0.17577973498752883
0.015904100868071456
0.08398776310074005
0.22986265161157093
0.2919952832505362
0.31687329614938936
0.225556943892523
0.03255996382291467
-0.025441130303805674
-0.2094975800456224
-0.3223154842831174
-0.3134371877520683
-0.28700121713890214
0.044816346412955434
-0.019656470807438077
-0.16115971166992252
-0.024891366957341874
0.312025553493953
0.19792630551432813
0.17042703801645231
0.2891639086786995
0.1758126138773767
0.050165141367833996
-0.12792210225256911
-0.3128770961694652
-0.44450277317507964
-0.4837934617893761
-0.41000941099861227
-0.5019329231166078
-0.6325772415068216
-0.5423830863408725
-0.3947221268952643
0.16842823558121764
0.12870013538739522
0.35128890920231026
0.06185123019403918
0.2765224890963107
0.28469050626740233
0.7466065903621225
0.6535803576822126
0.6950596968018004
0.5884646847473383
0.37096379780449457
0.22954351998189382
0.35409444987121197
0.25981576042494325
-0.010785058100620443
0.11680192356558677
0.1178979519432645
0.44988244799917687
0.7554994149229457
2.1192311803944164
