2.2489594828187016
1.4558216254226388
1.5623460171990928
1.0969227720576304
0.3734353816322525
0.3250279316046797
0.23067305886441197
0.13156739119401945
0.15683049029251944
0.12498254909490752
0.005061722589201123
0.33585497836633255
0.5077267965526938
-0.18401741899096402
0.6467153791802696
0.9136493908336573
0.7062376831128332
0.5838115271785305
0.33660110688958855
0.21348095939663425
-0.00651290131000996
-0.29916144273060524
-0.32643910620835054
-0.16860428133788483
-0.18811646753908767
-0.2613536813601295
-0.33067137792199386
-0.17639435971842796
-0.3763587279786162
-0.49438804405226416
-0.4632825816121903
-0.3641255197158489
-0.45777444720252114
-0.18512570183168317
-0.13021663091625388
-0.17598823334017255
0.08529482758765956
0.16649113731881598
0.5268614554057997
0.4192860030252003
0.4778884824995462
0.14855885051311107
-0.25933472421181786
-0.20924389208894165
-0.13595532147896433
-0.22876360497952858
-0.2608108853069739
0.14441999900712724
0.41577503037702856
0.4788718463257078
0.45625564116422007
0.4145393616920472
0.25788934994020124
-0.03872844249530735
-0.2830455568915525
-0.39991819165468057
-0.2695701684294822
-0.23379987187846418
-0.31534818218342203
-0.1745483929921545
0.06634282292916525
0.1580939846487307
0.07353314082970767
-0.07991315808013894
0.009736222377685235
-0.02367453983440676
-0.1912058008778617
0.045401284188571624
0.04918072546706265
-0.11380587178794954
-0.056423969318033326
0.28365019686348103
0.3776167320754437
0.27098967108010114
0.02110049059182898
-0.17074325922602054
-0.5369727901594936
-0.7528856476120506
-0.6717495275286444
-0.48880792215483365
-0.26802585291883374
-0.043092249921018934
0.14918356987265727
0.03331273312394085
-0.06177858177082892
-0.035270730101767025
-0.14677003012292095
-0.11400994422728625
-0.04906565189866355
-0.11220503045083793
-0.3665029190877423
-0.3989202063407508
-0.3216935629924316
-0.1472944397931017
-0.06023089322529535
0.06147395007103784
-0.011350473095348252
-0.23600770508782523
-0.21418852222331344
-0.19125648674162707
-0.12289253258504812
-0.2011096138832322
-0.20360880487696664
-0.021525695200841986
-0.04889444847133308
0.14458013681372456
0.2741657553433576
0.3671764722021238
0.1521240290522909
-0.01968430670546884
0.13880580462428319
-0.014862413399025342
-0.040584324274342984
-0.08554659279990531
-0.18681905939562607
-0.1238116900060403
-0.11772258621006315
0.3003218744998441
0.4049812549337861
0.4319629032355845
0.5317353254021456
0.5501199326619537
0.47112863600260746
0.15452684160724958
-0.09391402320549509
-0.06808309178363531
-0.03874565516860561
-0.40211579817466975
-0.45560328539513145
-0.2635704142161974
-0.24497401274878564
-0.31657869040656966
-0.5264530759158906
-0.43612383673102123
-0.21445185271532313
-0.17229775583145532
0.06316134813584608
0.2942940109129688
0.3911879046932926
0.19668312655230533
0.041819864853363684
-0.15096816103711863
-0.176781375567671
-0.3180884428777316
-0.18904162418639153
0.045210606881907436
0.15410802305083102
0.2146164551568578
0.07740448891033148
0.25274797083291456
0.2685998986956888
0.2811160281169444
-0.0017656938714629075
-0.3042729393813239
-0.3694747956598994
-0.2557309858473072
-0.2349999139661536
-0.0005999246366182442
0.04826456688157657
-0.03698483276747679
-0.189898113713345
-0.355579509089577
-0.3426633081455179
-0.42447226130158316
-0.32769506944918253
-0.12418602534696005
-0.006257729778000055
-0.014617846322109489
0.013518091773741272
-0.1663776301352982
-0.166062513417576
-0.23451124889608585
-0.05961664170941727
0.006425814655495119
-0.1773105657033518
-0.18490271121228963
-0.10522499972162516
-0.11049272025692163
-0.22463515905018192
-0.4082963548951386
-0.40640309153863874
-0.4895922914525379
-0.39557066057884127
-0.31088968796349126
-0.08721377616161247
-0.022006794154419085
0.17754480448252674
0.45369613828671534
0.41897935004452946
0.32855759248260225
0.03479204658099645
-0.10202018093116151
-0.10115764762722093
-0.2540532655120966
-0.22852572996106385
-0.2183271119985563
-0.4615127485173482
-0.44767389561407006
-0.19411072251193268
0.21668477289606447
0.2352616827424412
0.1849021623700941
0.025483526939351315
-0.18888187989307423
-0.3163356898361872
-0.5521958173781966
-0.483372882907319
-0.5371243728122216
-0.4752559742603095
-0.40735979417529267
-0.3208185049735623
0.046573915099831824
0.2583390207174324
0.3744190726265371
0.3473227893662488
0.36818503928702934
0.17640974322596903
0.22753912562185002
0.25222274800428246
0.40792045132244886
0.33785605615390535
0.28007635660874763
0.4632299477903235
0.6523596408087131
0.6582652319179606
0.6591745585710658
0.5504439446677742
0.31673121154290484
0.027882649865521955
-0.35051893482843705
-0.44517552684698336
-0.42195712660331397
-0.22244908994040802
-0.0660359022852119
0.3414919843491336
0.5450391848922111
0.4872968801190094
0.4906507047445738
0.3327387137249572
0.3326708095758749
0.04472096799668783
0.02910489650281966
-0.15068218322055899
-0.43327977718296284
-0.4900055206476107
-0.26697254237201623
-0.1771293323128842
0.1219107159574602
0.1966638092784112
0.3209867530121717
0.4006028064504304
0.40959727501185483
0.6410271633722463
0.5459044112081851
0.3301000355481406
0.161984154756025
-0.20666358250779765
-0.2844765348849936
-0.1480764045915816
0.09790524105831655
0.20591232884361804
0.23775869291618346
0.2231371577878561
0.06484154317661801
0.012592940593877115
-0.06398832981195719
0.11842683638212764
0.02742122032021827
-0.11134678854553914
-0.3295993618831845
-0.48636209091861443
-0.395224829086524
-0.11441498526603217
-0.02023466664461744
0.21477444897766135
0.33461750856947464
0.5887720530986568
0.7140615409355949
0.5399557225834191
0.3669783001244195
0.25124906757071586
-0.09850660812110523
-0.35128072243858915
-0.16455544352155504
0.08892790057397042
0.24495826702597026
0.37495267426388607
0.5290005171906476
0.551713048094189
0.6091194689819476
0.7054494370715609
0.5730133619761005
0.5877072073946442
0.41123905523762305
0.11147277410026556
-0.0953816611674805
-0.06979778884647961
-0.16048162395259455
-0.08945768280579677
0.18876478133140223
0.31683806801829745
0.30147483228677
0.3668930730452591
0.3802833834065789
0.6301131165398909
0.6233262390957028
0.3889952424098037
0.23866568321094564
0.03710012372625504
-0.13655420932429554
-0.06676033518118936
-0.012743962866096876
0.2766799880612873
0.3595943718650066
0.5085955500133463
0.6033873902508478
0.6434548911690036
0.48632849389822713
0.2694043405322875
-0.02260628370350839
-0.41051930689462307
-0.6613127900849092
-0.7838753391434601
-0.742688053199879
-0.6157434490765481
-0.5671414106268626
-0.7162519981185982
-0.6583020180646844
-0.599865349480097
-0.4240125104372881
-0.0688300439911148
0.01587581759387859
-0.03783926525412027
-0.15437891630954895
0.03216751201026977
0.10508746437493721
0.285963452498669
0.25277366353424485
0.30489361616094107
0.31633261533492374
0.19668951114647942
-0.043965235559965926
-0.0207011281818008
0.1322443213116873
0.05852517832434107
0.07586345959098034
-0.014361992293073481
-0.2864747976599987
-0.28361807480339746
-0.01158480103259911
0.018848304727341635
0.10339859579122833
0.058336726355501856
-0.01582771960184695
-0.05351046663874464
-0.3357690742750356
-0.40482605972686636
-0.31618508820623964
-0.028561198908483028
0.05322014480119676
-0.01488508603057866
-0.14147224956670898
-0.13189500210521266
-0.013167208213542538
0.21361916499407646
0.14749329448829024
0.3046637826061649
0.4602007404251036
0.322585357429165
0.5760025460611394
1.2317115535044296
2.4284376010782203
