2.451264241844486
1.260215581621873
0.6681216730053994
0.47466200828301
0.3699653819056487
0.23348189642897385
-0.08928927984510507
-0.06264052091008535
-0.11758563023844387
-0.29406083271137373
-0.27932958444277106
0.06816344333848535
0.09980749800913906
0.17883556425700772
0.33523769737783965
0.38228674335454715
0.4334569674604852
0.2178749671582754
0.11065677805607696
-0.06718370775048774
-0.3326163270654614
-0.41115216643903413
-0.30066667872887376
-0.44741756251598236
-0.6107939355294899
-0.5922086515791731
-0.3273971526450016
-0.16135323458066936
-0.21564228982962594
0.08388743050280137
0.18056199003508785
0.30433652262332594
0.3376627821862821
0.22538477997235098
0.2790185560093228
0.30868035834963825
0.3170665776303396
0.0037762599315550793
-0.35044836968216136
-0.4918367821906042
-0.4121696064855921
-0.36946233949500823
-0.12357541032350314
-0.08726360037321008
-0.2151307802548275
0.018343629983302714
0.06819957395473647
-0.19103624027778562
-0.15330528163864082
0.06288418799876196
-0.07357827322891698
-0.3361100868710095
-0.16480686258860816
-0.13318116733218005
-0.15069596337306546
-0.07790653399673486
0.36293356297639073
0.6047574403631683
0.773426943929615
0.6911573632749124
0.7064549800525026
0.53815623710097
0.255184273529414
0.18786457744183782
-0.1035035141399216
-0.13146115485311696
-0.22977097864517473
-0.20931901615049386
-0.3575947445966242
-0.37214749007732517
-0.11954124581648033
-0.21517614293315654
-0.40721971596899376
-0.3371628850260247
-0.4862149601913322
-0.5367938979438406
-0.35259385635781443
-0.2563803202638921
-0.39147502430013437
-0.5155437832550571
-0.3206902189894258
-0.45022641573314665
-0.5082339026293734
-0.43986402686149045
-0.03341748804747058
0.07395428353171046
-0.19675744907648443
-0.10407786258857223
-0.22460952717749855
-0.25518084193309054
-0.3982941508988844
-0.40266968111512036
-0.3182441524896207
-0.293371816926395
-0.024155805926070865
-0.104254883538798
-0.19016736274300727
-0.01924055263472818
0.1333087526109533
-0.1749953685363838
-0.11742525050576363
0.18608848038524164
0.09145537238337816
0.018130384311966702
0.23935478747533254
0.22900467624433077
0.3884645684399406
0.5286942942162275
0.5999157437310394
0.747355924622341
0.6896535932051165
0.39983711607436484
0.12947286311530407
0.27246871250595334
0.07588955202153697
-0.14428322906128058
-0.03225437416332749
0.16281931166346789
-0.08031211046539011
-0.0972926813794763
0.20849597083027607
0.0782939272589211
-0.0720749563952237
0.07463958701838838
0.2642631024898583
0.17648075929970433
-0.022322295717554404
-0.05244119353689529
-0.0008831174794273061
-0.358003418855366
-0.6133371967365949
-0.5017298790474323
-0.675603655313198
-0.7527668817556327
-0.5502791635942497
-0.35860606144883167
-0.3372615933775957
-0.3770830491731964
-0.0989108657667887
-0.10174338684340417
-0.2277346483611548
-0.13618525221826783
-0.07493945676441986
0.0875382505618423
0.2708351590078439
0.2998247471890714
0.34899534298850926
0.25401316033123045
0.08478178252323113
0.16518863168503428
0.16526364189713158
0.08293651496452543
0.22950089387727893
0.031883915249503604
-0.2307107099891428
-0.2786662217896414
-0.4115434220910179
-0.47462218519605076
-0.44729535325353786
-0.3360202123744307
-0.25296685850896367
-0.14992563959368832
-0.18214301727053214
-0.025086239545733774
0.11635783263245295
0.0814653468563011
0.17554990331544656
0.24813394716119733
-0.014876890981104817
0.0292738790059994
-0.11338046631190425
-0.17036543541042137
-0.24649536142140652
-0.23995616972590966
-0.22449148728753382
-0.06253193418926575
-0.0028438353736100243
-0.15141355482572058
-0.19760460555848733
-0.42020859509334235
-0.3423542295724143
-0.39239715071579
-0.6006434513513944
-0.7016490212891832
-0.5989202861499716
-0.36357254941304973
-0.4396565948613485
-0.30523760967562946
-0.047516911542421054
0.4191829563685314
0.46203012598184173
0.7169756929656571
0.8797945331534271
0.7726946541207048
1.127667478299908
1.986060267490858
