2.9337215547908295
1.9370241374861508
1.3892769556002524
0.9053179269008726
0.55275115475388
0.29061750934310354
0.22655969581736424
0.3197772852451727
0.09883936666053436
-0.2777030166051651
-0.3538795803357967
-0.35618939336874045
-0.3043588595546624
-0.21768540596398764
-0.2073747702881653
0.1520182286784828
0.23105345039255495
0.3321854192597962
0.3385874430963511
0.2950591368714693
-0.061599955275649126
-0.21588042150294234
-0.20346345278831546
-0.2947744520760571
-0.5342856340346155
-0.6087080048810425
-0.35002644756067036
-0.3134711599481928
-0.3941239910442343
-0.1930127267126291
0.2127260915860674
0.1438952231211997
0.2928814718440682
0.4444572073949786
0.4442970601448216
0.15465816384032877
-0.1577163205102364
-0.2766259558545597
-0.5128943571744041
-0.5462567077216399
-0.3859117949065128
-0.39743167655526146
-0.1830221562361317
0.26969191475677784
0.3978347754221111
0.2915616025096451
0.26239985180960784
0.08014911018262467
-0.0393501466657365
-0.274403414196663
-0.14514709939674775
0.18490350085670942
0.26194976212959387
0.18372892281116623
0.23933331833391464
0.3255056304203672
0.08941141934149491
0.10390894544991587
0.4624118374511254
0.6199479543706631
0.6861298432829214
0.8004828887347769
0.8281550724700383
0.6180411139165917
0.6594272637680947
0.6612991466451431
0.35443004087411933
0.026210606664944028
-0.059127170122007605
-0.22342526928169615
-0.09257415502686489
-0.10265559343554118
-0.07205123471274816
-0.16704308031662007
-0.12289554319378848
-0.22256116567837886
-0.1438117613820841
-0.24943957095967095
-0.48472030731962734
-0.5905203433984401
-0.5371407823405252
-0.4676961372877719
-0.4059499157364514
-0.09378198004203751
0.05581732524161187
0.15776360726546546
0.45996945001386624
0.5478323958111035
0.5578482762977434
0.4284083090826715
0.24999814033568363
-0.12398126386836734
-0.20323208111721205
-0.12152311235332997
0.20022113677019188
0.38711970328023243
0.2912587504503609
0.2597135470805154
-0.02490915209652042
-0.1691114763292144
-0.10349473249278596
-0.19142352718910133
-0.11724975713215993
-0.28622201277275255
-0.21701807326996894
-0.3371049796017554
-0.4180219687536145
-0.4035743276075385
-0.17874692244012547
-0.28841436752439903
-0.5492930011359066
-0.564199374926784
-0.4172563084448589
-0.3351779204758075
-0.5155447218570133
-0.4936577263728835
-0.5103955458232917
-0.5777561876753375
-0.7365232257756404
-0.6637364238736538
-0.5032740560694026
-0.2825294321333007
-0.34325432248832544
-0.10697572200268796
0.1797574401534969
0.14151556749555427
0.1082541433412986
0.1578206226306129
0.08913755156948784
0.1806745130110036
0.20698421758457514
0.18175911201158945
0.23133310331665885
0.0695372219808429
0.05476105787064596
-0.24054694241411959
-0.31170276068515024
-0.21346757489632523
-0.38705817509933227
-0.4475699673211053
-0.42690898315856257
-0.478478660124278
-0.44923190094066195
-0.32413169510978934
-0.10552854496482832
-0.2660041181071428
-0.4001892745477517
-0.38317046400512145
-0.2028161948955034
-0.22927316353288651
-0.034891145349533706
0.380359870536201
0.5785112918027168
0.6883743334863095
0.6922707722706477
0.6214529788091518
0.4447671578203445
0.24914957865848691
0.12738803932505774
-0.16821317512392092
-0.13623792966423076
-0.0059078586282703995
-0.14826065448027997
-0.26885086518638107
-0.08666928424092635
0.029091045622950777
-0.187141066929835
-0.2095085983629707
-0.11220947906598115
-0.0705019291244866
-0.17892942580081242
-0.0769559259550082
-0.15391016082745107
-0.13499637068878362
-0.17714252395172483
-0.15325757298636342
0.1142208425188305
0.041635384263508074
-0.10707557880773791
-0.21264396165262464
-0.029833538355659633
-0.011052939377197162
-0.017273486825390913
-0.1991772065511673
0.05098300725962812
0.10237151980806888
-0.07672717572850622
-0.15566622161083538
0.1266970867808517
0.47465034824552543
0.40253409527778095
0.4002470065703495
0.2885016407518097
0.055877376228290955
-0.15015428690196975
-0.027534472143316915
0.2658325399611544
0.32986297778405205
0.3975085644756206
0.6126653011836112
0.8142448671444266
0.8742545095805113
0.8231478120811909
0.9182022707304511
0.9786065126382552
0.8769776169616439
0.7133766350818365
0.735040131329972
0.6203771123596534
0.39212159026871835
0.3366138395054472
0.06640336592438856
0.12381744165541715
-0.15906639321296595
-0.19225439523511403
-0.12817367899726825
-0.41719454562350605
-0.5422759058751986
-0.5699535951854486
-0.5424566052243661
-0.39358404380097134
-0.5672237632144592
-0.4986933881254734
-0.3201634312039269
0.03443650912514554
0.3212398548283125
0.4958225875205346
0.7073902716348579
0.652260486234872
0.6249186595134348
0.4795020448438134
0.6355055087299024
0.6023647723106826
0.4680692596892888
0.42729926461094303
0.29653882933029707
0.05838424225745113
-0.10871914340354377
-0.19664000321437072
-0.28673890456954537
-0.23292269605407495
0.10617865617352344
0.3654250717336323
0.5194143567982975
0.5578671660368821
0.6371788647046209
0.6010605651160541
0.4313424170632026
0.17588085196692407
0.12709997136503812
0.021299900330835682
0.12728352318880862
0.07569030026074122
0.16939687330275788
0.04382236056583051
-0.023510465760079653
-0.026460418915151968
-0.15590433089389805
-0.37662221369149335
-0.3827359828296714
-0.05518559207145809
0.061132151098395836
-0.11754376844801462
0.03524982336276599
0.048428329645442254
-0.04364408530099645
-0.10964523087872367
0.11545040047043012
-0.02628572882149929
-0.20097109093741242
-0.24745967808340452
-0.3352838613940904
-0.36738530499724126
-0.4450685251530466
-0.22066341944484166
-0.16825091540643514
-0.13059137366990967
0.246090709083269
0.3885039005270275
0.36250504813919754
0.17524954637356416
0.23429039504378757
0.16561727770851284
-0.007532518760301497
-0.3240286473890064
-0.319608021113483
-0.08874307234854982
-0.2181076174304569
-0.1714334008073372
0.06792865709801381
0.08613011268554586
0.15140675827024033
-0.12750436702369425
-0.14197907747687444
0.0035689756445219543
-0.10228855665937148
-0.2723032744810023
-0.16640654159974516
-0.2421713753511046
-0.2802511866964921
-0.1586128436848177
0.285109721547357
0.4532940346873438
0.4996598719543
0.41482566864568504
0.33937028273253933
-0.0909656273915186
-0.244171309542362
-0.19608489264365322
-0.23592206387524056
-0.5141129308711484
-0.40699505657895635
-0.6104234865816048
-0.5792767005415609
-0.6148536244791643
-0.4808331132928689
-0.33560602513892496
-0.14507071603235266
0.17782997764623093
0.3932899718122896
0.29625030865551344
0.2366974579444289
0.12908805105699303
0.06082039911819813
-0.05684490148536139
0.048593023210827306
0.2129416392044386
0.23716518708873974
0.2444959717670924
0.18001010259012715
0.34370953932665477
0.38862873559769945
0.41443904750960797
0.12024416008276863
0.08736123512068034
0.2949811859740021
0.27915690360699175
0.3296936533257168
0.25417724811883907
0.3474081703161353
0.1466208036604016
0.24645067203985668
0.3552653345046708
0.2739464941013871
0.30474013900947566
0.03279168232986658
0.22884195611064403
0.18353021427461622
0.08554107338301015
0.22113650556697062
0.765134530250735
1.02382218816914
1.7687593389019025
2.690960271675718
