2.7551430136346036
1.9458189219801163
1.1208473052569499
1.0058647833146248
0.5909969646888585
0.34024481614980756
0.11678974684721115
0.23657757057931536
0.13010674482716317
-0.05755746359635243
-0.12466187171423143
0.10137346220771525
0.03558401359041368
-0.2581266722979921
-0.31305949899691177
-0.2498874880001706
-0.18521831335204234
-0.13910025554090247
0.30990052954150427
0.4108396836449514
0.390309111663447
0.42439729884752364
0.5559256955471482
0.36611016332073526
0.4619389418408972
0.5157685015004898
0.44546383208081525
0.20744790641430655
-0.14371724919184614
-0.06932321539975343
-0.10795474941863034
-0.41750562127867613
-0.480054258509187
-0.21892067934053105
-0.26752876394054104
-0.18942208891489787
0.08572063762364984
0.15882602652205396
0.19098438820889524
-0.04656409662094325
-0.14031652395752858
0.046645991991591286
0.16514467738046906
0.2545672458565007
0.3082815677506523
0.09353128897597814
0.25550290463318787
0.15923590372064517
-0.04672338547331209
-0.14803739196262544
-0.14102288381725323
-0.33436924701955567
-0.37419045984219
-0.33668039865025495
-0.12393670659322426
-0.09540196282576735
-0.2641589652064643
-0.2521070375047239
0.04592630023991198
0.2820645116798755
0.32314305541346855
0.35810546399800147
0.5937586191313101
0.7604921957266705
0.5527928540965694
0.4783733111313391
0.45273580404440444
0.32115776626648124
0.08593478632760809
0.3504238387106137
0.47965775271749284
0.2375204603849403
-0.11940458187501238
-0.03589992813946398
-0.21217344164751575
-0.5258778227694586
-0.7243155934385193
-0.6930037931081052
-0.5652212389128041
-0.6154028931219537
-0.6297609861189681
-0.38390865554613407
-0.16764755831937841
-0.2634315656847524
-0.3227370571101485
-0.1537818350809449
-0.053137876369594376
-0.15438147640640554
-0.018042551691377542
0.024742176465467267
-0.0241822989330275
-0.14610408858091653
-0.2663836035043842
-0.27568587534344846
-0.321510136834396
-0.1702566255468243
-0.19287583231087163
-0.21156118388319017
0.005048419047588944
0.11785630877106501
0.24805214988911675
0.3973453252701106
0.630080867520956
0.5322299710203351
0.2804551554062942
0.11286281249762876
-0.2578137978474578
-0.5013057683466121
-0.6005387536275899
-0.3976248082333413
-0.24327070459491934
-0.1470982653333318
0.016776730206459527
0.3754477997377817
0.568560461849914
0.6422443948862231
0.5616257559565916
0.3781823036985141
0.08418237000841627
-0.12978481425431893
-0.2384605052589545
-0.28857208568910747
-0.22967354061741696
-0.3840896407803727
-0.17451941617738245
-0.06405552712855793
0.3662251203713603
0.5401951280284819
0.4909946314557835
0.6435564793939805
0.6739768933119479
0.3511967801547379
-0.07432097161061149
-0.1400277293113093
-0.47407468298606076
-0.57053622329565
-0.4502941049589877
-0.47195847238781363
-0.3766095574121421
-0.45794362085352064
-0.30253320294441416
-0.3312350780344704
-0.45932089648217
-0.5592934676160903
-0.4771104650939786
-0.15938083377830173
0.1172305741439138
0.05362024375316408
-0.08491888369060036
0.2228832796738859
0.20448386315634406
0.046980525963025516
-0.20253819418678068
-0.17940862222854065
-0.1083053970328674
-0.3656534123879391
-0.2979698655077927
-0.08487808935771066
0.16398175614122681
0.2631925533443035
0.3192618072631527
0.278907997715178
0.113250749484202
0.06728532380646333
-0.21019283201206876
-0.6244376413367199
-0.7113352856886406
-0.5671718480281894
-0.6880149134650996
-0.4453026397695932
0.07894600717250601
0.40620178551490677
0.43373885285183206
0.43467156832422726
0.595186550223715
0.9090471978274611
0.973713933763536
1.6084057630735185
2.7041030512644206
