2.2343560209776845
1.3898513938330326
0.4060842484538578
0.14415748959400118
0.15156628284946172
0.1288546003611301
0.2982235579530403
0.22427117614692582
0.17665947960703374
-0.03742523962308165
-0.3057542083127135
-0.28662934411300467
-0.22461489662937326
-0.3567814328837303
-0.3446097248074892
-0.5081751935326576
-0.39451299826201425
-0.3711149121114168
-0.3269514157711971
-0.19253332445468638
-0.1109455455068081
0.04087326344140874
0.24955422345604125
0.227562561418376
0.3584335847723119
0.2527925395025335
-0.04567623336357965
-0.10254391940653348
-0.26791370229744227
-0.25611821727919404
-0.3622189122958202
-0.17849866037244622
-0.06811635949156325
-0.03544760754079547
-0.08206380011902902
-0.27931568939292506
-0.3995025520804348
-0.41645191770599244
-0.583643732646857
-0.6448150692823303
-0.4919563255288756
-0.3359452452703489
-0.17238859737744067
-0.022555761095580024
0.1740471747408666
0.3610255201691799
0.49147716674094283
0.4129261886649877
0.3412732110797108
0.28772361862162904
0.005824167529997391
-0.2690805215455224
-0.2545588252352894
-0.25101860461706094
-0.032266615841674
-0.07741991632146082
0.22685067564431138
0.23709881009183453
0.17577806549559827
-0.03821669450422753
-0.20560529814750433
-0.14156305405200112
-0.383232369320668
-0.2899414771535453
-0.1595253440124839
0.05673064250372939
0.09870028781508679
0.4236520126463551
0.5992005942481423
0.39023968455223756
0.22611846054356116
0.16491025418735944
-0.18543836953999973
-0.5114479021073222
-0.5620555873070724
-0.43423300933399134
-0.3320435718884082
-0.3638293028817757
-0.12274676811910724
0.010509881526849618
0.33674492177467735
0.43486759604707276
0.35642444958402125
0.20997058094583462
-0.2270810025579706
-0.40106692606395133
-0.5077459600134212
-0.6354487737785955
-0.59057024341096
-0.6163925862267429
-0.46991878394160774
-0.10662470981355263
0.1237736847681023
0.2772760490556273
0.37687475805262166
0.26466934109588586
0.1256557514881902
0.23206069491049422
0.00482660245786186
0.026209145206823124
0.08474673113416478
0.3318634176087316
0.2879729785620158
0.217369238986438
0.19730786829487723
0.07920913255434703
0.034827492521605885
0.010970136559448047
0.07276900160880735
0.09502961321223916
0.027892531993287055
0.06252738775607813
0.22747615899496135
0.2215079226499624
0.007934896913231643
-0.12917391133611472
-0.20323741613789847
-0.32108479682365154
-0.17108795781631797
-0.31447392207845537
-0.20249383052026218
-0.15442326716905103
-0.18610783636167155
0.03769973138849862
-0.031805666988539615
-0.12099427234962604
-0.30328317762989276
-0.3009053749431219
-0.19379235524516247
-0.15902087668398374
-0.19363313002427812
-0.16827056848389632
-0.2913450535831762
-0.2522180021822716
0.017845389933202938
0.11150256872300371
-0.07254578555317887
-0.01374386303086316
0.10277162151761318
-0.013871637548704548
-0.35389452386909925
-0.3452552478101897
-0.24118810573914992
-0.41428681857818545
-0.5703439519311243
-0.38646760142069714
-0.3653158802005095
-0.4810130221867592
-0.34733386807015215
-0.3283949642834705
-0.15015581360904237
-0.24622088213969923
-0.39662161888437514
-0.578484956142029
-0.7332939388101135
-0.638189507555838
-0.3332428666294953
-0.3676413642663467
-0.15431492729897306
0.2389975307996542
0.34094403630024056
0.29889775827216497
0.24742543197733174
-0.019850692776542223
-0.0818648271433982
-0.38646868875962936
-0.3394397437746165
-0.12335493569660808
-0.1970530361379834
-0.06043146566828113
0.10358786020597859
0.401712066671736
0.6253599495285289
1.334856078613699
2.348041440864314
