2.145240768192657
1.1613578792930674
0.755960662309338
0.3782099827214443
0.22826948236849398
0.08581121256467235
0.29571986451354015
0.2325379009895245
0.16441174760117142
0.29265619694216755
0.17775700248508278
-0.07231650751091172
0.04496744091284873
0.0634814715741793
-0.30087451615748795
-0.44890804624903463
-0.40325304983730026
-0.5253553842084844
-0.6053676421011858
-0.5089190098437224
-0.388968222326965
-0.47193199692981963
-0.39555868468225086
-0.4492313538664958
-0.4220010317288543
-0.38522693194467084
-0.08862159650845375
0.12103315384381982
0.4297915424407879
0.6105076131465389
0.6189159180342819
0.5765001992974488
0.3709432155259273
-0.04104394297174964
-0.09361268033015585
-0.21744638679304862
-0.4650838164863797
-0.4400776989644166
-0.25758279183714494
-0.25679954690238915
-0.2819324579860858
0.17977648144956235
0.33775236305659284
0.16841041290217199
0.05436639001080165
0.30467767146535046
0.1505760367124339
-0.12620175551605828
0.06625619796494382
0.2312071509554084
-0.08013001998749475
-0.3652195948122035
-0.3043954489314438
-0.3702471890157882
-0.3306548817829383
-0.18215128685970033
-0.014398870506995861
-0.016799581171842753
-0.13064313471934616
0.05971854017536589
0.11039923235380018
0.3313513623229327
0.18807476382908853
0.12385785343369973
0.41366475456227086
0.6220242577003394
0.5670277567422352
0.5169621140690095
0.4093918627301219
0.24572969125381633
0.03600589203716188
-0.1879541468655695
-0.4786022239393751
-0.4903639210654697
-0.46960657236361
-0.29886835928533007
-0.20251382313889973
0.25444977478068587
0.3050020056058553
-0.05396528469469632
0.004024511841133314
0.009878835485284863
-0.21834027945579756
-0.3692313234693861
-0.2783804911720396
0.13961641664233285
0.2563271178718666
0.21978650701873476
0.5780803416627364
0.85340633293893
0.8039367409035821
0.7019283668934696
0.6525636858034748
0.35357309374395157
0.19658474978277804
0.004647768365338924
-0.05135835404147249
0.2420393904485477
0.08174025440549748
-0.06553124394819988
0.019070999844526045
0.1863149551691752
0.06566261470855228
-0.020836195912501763
-0.2774727446548594
-0.2378599895621014
-0.24688255943152587
-0.2847535195019118
-0.2996177270091488
-0.3065111992025579
-0.051823679510132344
0.0801885706477381
-0.04550080982550682
-0.24410344034832038
-0.10806303519086935
-0.07347328181914661
0.042746561548741825
0.1283547178203533
0.24232886640964443
0.10020108391483457
-0.04089171670382666
0.21261870095453775
0.29390210207337825
0.4396879289686161
0.6287568003145739
0.799840187324925
0.8273822095555676
0.8626805330704044
0.9668590446148917
1.0864125248726484
0.8563056034702378
0.6261096200586533
0.4333231158586239
-0.024869697745885013
-0.4174037224092699
-0.6865031713217404
-0.7910376171285525
-0.8194198593908513
-0.6641801766321256
-0.6061320806196316
-0.40824679742984443
-0.4562195055560824
-0.3096539428210363
0.03689299894013317
0.022780373448671686
-0.20560191571063807
-0.5282190368213917
-0.6513043886023657
-0.6800555506177395
-0.5082212056948606
-0.3590168148200875
-0.0932403007876938
-0.006800811554029248
0.06657702634429977
0.01601342384608155
0.0568836673286371
-0.041625972270463066
-0.07700725842740623
-0.0012432004843993087
-0.09244005179777985
-0.12762456500627303
-0.1072504357729423
-0.07087848697639906
-0.05915221557675552
-0.39147868853218776
-0.621029906378028
-0.6618920158866419
-0.5173829703531889
-0.6044858071959894
-0.4933005082390225
-0.17589425272439566
0.1162056829598651
0.09949970547515793
0.18381103029645166
0.46521111766583345
0.59630421870574
0.5675910128581072
0.43641306763346793
0.27529927982332764
0.27602147886847916
0.350929355871392
0.33012919591553386
0.1957767229805111
-0.005312957937634873
-0.01021365390729596
-0.00816760681285093
0.08891664939594235
0.1833191069263973
0.15082998440027032
0.26951369268831327
0.21040459809468798
0.23130107035097014
-0.024123722814544994
-0.3397958088074783
-0.43266541612806225
-0.33733194703479996
-0.40439095557942994
-0.3601334132360405
0.011738116407219607
-0.04656507352418962
-0.16785501831628444
0.07665621584041948
0.15127509286109864
0.20790682647391215
0.2635603915499856
0.38797125173190966
0.14370311464863403
0.12768323091305317
0.006980684582242827
-0.07025978415811118
-0.3289060534173244
-0.32303026981669936
-0.08529658947675679
-0.14177215812360322
-0.02527973399320476
-0.10754024813218221
0.008036866687270522
-0.023912004701292344
-0.1314007360431751
-0.18699372152792393
-0.3447970800388926
-0.463718711606255
-0.7034007944834154
-0.7026194183937134
-0.7858852821872551
-0.6791268543593989
-0.41263589807515755
-0.32745257624999313
-0.11208165705815848
0.10869952865586803
0.3923882662495196
0.20329566150058326
0.22931081408070378
0.3927828415827061
0.43399090286698083
0.14315722051143895
0.3644128757161874
0.48754587637280905
0.3200432860793672
0.22299042301771113
0.2735295359109914
0.39039145958319094
0.24717500807361442
0.1682113990187817
0.410965430843494
0.2665416509490426
0.1878266247031309
0.11313886209973621
0.12928895696547893
-0.1404043043885782
-0.11571885858685213
0.0755395705862877
0.1541719397723195
0.2642738609856209
0.2359360675339206
-0.016217878997486807
-0.251614858695933
-0.25510516367833175
-0.4147787231432765
-0.6271588362400607
-0.68200987241573
-0.5881939829494602
-0.19690598997788505
-0.07537813966713608
-0.09647930229492585
0.010148193188846766
-0.02518551758222426
-0.2000932365948607
-0.1742435998080656
-0.23674408696654345
0.02921976540342202
0.0698274182741836
0.09743374915434155
0.44643466287599204
0.5776417449875977
0.5457164414445514
0.2759334266980001
0.18589740225408607
0.11818122123781817
0.05195165240242204
-0.34376328642965875
-0.44990668637013936
-0.29079267464616115
-0.3029078616295799
-0.23673914375739252
0.004592081066559966
-0.04544919370715328
-0.02818090793663672
-0.01688286071460575
0.03238976815105261
0.07764657340591422
0.05287922040370193
-0.09988837517999921
0.04928089608963815
0.16149608035952373
0.02635491826937795
-0.22571741299573655
-0.09514545395554394
-0.06989328045705853
-0.32387639114771666
-0.37172596738593894
-0.1944963454659206
-0.255273228614447
-0.39496650544537115
-0.3122842566297353
-0.33408668650012135
-0.21291610442469552
-0.0861792124968506
0.015712995996080965
-0.020048717888653443
-0.18113623073673163
-0.0729985071342595
-0.01711993913218294
-0.1851804083574201
-0.17853073382955034
0.019953881525852486
0.16525714231178568
0.0721582039936555
-0.019018448048004497
0.14406878274017035
0.04685725159838546
-0.05733674667440495
-0.09971478891497733
0.043739915064808454
0.0035677625673699934
-0.12687463397157472
0.06352998490791638
0.2402811366354849
0.39121016905085587
0.229016783959664
0.27160666293396
0.28942251312140527
0.26881192112752667
0.20576199771734224
0.08845670519834514
0.10595169435424737
0.06355462436677953
-0.062377473255169444
-0.09629961166494064
0.0025473908585694352
-0.13289621018240674
-0.42057935804440083
-0.43813871450029895
-0.40826694564695726
-0.45101228896480644
-0.31794760848912185
0.04362402963593598
0.40231487579880915
0.5015325337435592
0.6378898873477749
0.7827790295518533
0.7252152795728439
0.5274236666857475
0.30171186260601224
0.034010577471058484
-0.0012290214903707252
-0.16046524575236853
0.0012485865672626772
0.1897849543470681
0.4531648023504146
0.48034418553290653
0.5859629649470471
0.4993008102495644
0.3573851967817474
0.13100302860346186
-0.047836875088033776
-0.26561037915658214
-0.43903278212037655
-0.545766360163652
-0.3740084683036429
-0.32579141386270183
-0.4749626163110049
-0.41336122574438244
-0.18759100217297436
-0.2989351664083284
-0.3285885530610313
-0.5020529358311917
-0.5987092352726485
-0.45377525479431463
-0.5148018536529825
-0.24855676994135997
-0.25022086192919885
-0.0480597635901897
-0.0038758895913981375
0.21417707461655322
0.25824904929854
0.40716712799708543
0.41222049979707226
0.37896513453645475
0.49689984046163344
0.27363735635217706
0.062443950013556196
0.08686591832561191
0.05432367754542591
-0.02804088040366748
-0.14157274533595568
-0.10127639043364738
0.1423155783644459
-0.006119827171334365
-0.13718275040249533
0.05516029898662808
-0.11706987682846882
-0.45424087777521005
-0.47434027535146794
-0.4306942945018849
-0.2674285403835999
-0.0659493778721748
0.27801683185301346
0.6275643439825209
0.7736235101254122
0.7980153530445432
0.8028385542792554
0.5937972809680567
0.33839219173867585
-0.24363055351388563
-0.4248911108681958
-0.4408538328050887
-0.5016156291970532
-0.46413791455139575
-0.24685026081214367
-0.15813690734675737
0.13355424316350062
0.38616360238031255
0.6104445242331502
0.5459526509228837
0.4321492414176564
0.44949623914067705
0.2852523576173403
0.1935460574482266
0.41516243303858447
0.3724384784171532
0.48671076563169846
0.5375500605304884
0.5188321202581181
0.12399366675814928
0.14537598449077627
0.24880750103253252
0.012379190298769289
0.10006296744756277
0.4723447470966987
0.558742436772686
1.0479687013648478
2.0553540009409588
