2.7034529227279536
1.4020068809664452
0.8613405086441912
0.4197185206049457
-0.03806178326822147
-0.27535310474974806
-0.09286082758653473
-0.3160993112860787
-0.24655889353647595
-0.17499513245468215
0.13567727568156046
0.15705508485738826
0.06265069945041991
0.2971073014188993
0.18975217559217744
-0.057060980344081066
-0.011565776441460616
-0.11608053571514827
-0.10425318690047462
-0.18233621779476128
0.0763128614206676
0.07322948583989705
-0.11683742055073432
-0.01201357996160126
-0.024464633404368778
-0.33107349691669297
-0.5946696496363306
-0.7439576827199109
-0.9041714822144996
-0.972517321876614
-0.8783752560261074
-0.6891546530209113
-0.657892693989849
-0.4585133368938518
-0.3651248117615733
-0.09253792704743652
0.03195877236464533
0.23258732266384052
0.27456928512860124
0.4208190585610168
0.5363848637611074
0.5634166241883416
0.29444398355309914
-0.03899913255104993
0.11218697492867473
0.03135285392233714
-0.1965120588473924
-0.08325169809761448
0.08285775966837573
-0.1470302975083913
-0.3172238446089396
-0.23349801720579985
-0.14627460699528108
-0.23025318337314554
-0.1530546610106123
0.13349047174267678
0.19754315756532975
-0.10003869491960461
-0.3899350905661623
-0.4535469601385253
-0.6922378092286744
-0.7529953091581637
-0.6796275027278775
-0.5967233852934808
-0.39516135763350796
-0.24866571646777036
0.004706831303803759
0.19959947044672802
0.2574927906761579
0.45006754423248807
0.47158278517547303
0.4055360689669586
0.31916440656430545
0.184393309302409
0.012775763778442481
0.07142507606814479
0.24308192693215425
0.1755298913867993
0.17395583312359902
-0.03704212647559138
0.13219744023538044
0.17196142300375478
-0.0744929400597462
-0.10762363637949718
0.10698899911534426
0.2850533900130329
0.20213854609326343
-0.04704276482091428
-0.017957326978579574
-0.14563750923428093
-0.1979000467650087
-0.3381237489605762
-0.13604801478341372
-0.2408750600017188
-0.3507835879382988
-0.15242218398101515
-0.06526439499520495
-0.14511661213085966
0.07515483705130294
0.13136263442324678
0.3459573737655274
0.44065077790753104
0.5300251460459061
0.5229143960552206
0.3571903163110618
0.4281259708846827
0.20158857779705514
-0.25724573669804174
-0.3952247832580832
-0.2310976150824201
-0.43920081253502463
-0.3391349420065178
0.005338868803041924
0.13136772622424833
0.17574222052592894
0.2341250986826627
0.2135830884046967
0.2042331719532967
0.059633038069564215
-0.13528799190902335
-0.024784504580820987
0.03873610104595811
-0.07137179914648985
-0.2789841635580566
-0.13799908337504554
-0.26590102063272497
-0.2827881280790977
-0.4634976466828948
-0.2480572887523851
-0.1634661394638117
-0.3989571391066807
-0.39350233577655347
-0.14915743930261047
0.2660239646958078
0.3560358653434977
0.5269625709908974
0.5606816773251361
0.5059467564784186
0.3641757129058496
0.1958769375259779
0.330126497255216
0.24920140688052325
0.0767290231426661
0.13097179967706715
0.25578750118767096
0.3016863538728233
0.19950134236144873
0.09910360993892883
0.10056616778531738
0.03502420551000536
0.1073320188435858
0.028369782844989186
0.2515607229698262
0.21986183057827474
0.15498867106725575
-0.08701587122073404
0.045490791539747666
0.2752205376123757
0.20905673985469483
0.5690499539571878
1.2472509933742852
1.9703101552658526
2.910358551470283
