2.1255956947492245
1.4974427094453533
0.7588488283842167
0.4809724777183651
0.08559162687887512
-0.1411593797656075
-0.2840469298710706
-0.18171539630184455
-0.20422876971166623
-0.33904127570803355
-0.1983494284318919
-0.05169769486436681
-0.16592542063008492
-0.35302783306445557
-0.26567578365324496
-0.3395386895944525
-0.2560230492173276
-0.2517090635892157
0.027903375559025646
0.12062731588257238
-0.12482785306761567
-0.14986134993541608
0.03601615829845013
0.16510050933331388
0.08915480559104193
0.022964514129686198
-0.011189979263311455
0.09604377182085527
-0.20242396524486972
-0.35915671598070154
-0.33199777320152485
-0.3879870644295729
-0.46728030644268015
-0.4290948843333531
-0.15303798443462252
0.01861313289107283
-0.05313480921396444
-0.14479755539338443
-0.25039756588528445
-0.4731325999448943
-0.4189618065569633
-0.4389167184594558
-0.2798050283862026
-0.02972767351568606
0.0971384175960044
0.10512363862119693
0.04522116814549825
-0.04528336961234275
-0.24009392650328562
-0.05906309419687411
0.016209632374786592
-0.12440476473000496
0.026643999892694458
0.3625598893873763
0.5011750178302643
0.5835423074777696
0.6271204226236867
0.41875230966001786
0.0847025372619247
-0.38698812304065483
-0.5792225617332766
-0.625365199143772
-0.4900944281363811
-0.3958262828607427
-0.13888757529200188
-0.007046832202640723
-0.15736594353963246
-0.04129036080352974
0.028564825526836174
-0.1434819086773806
-0.17656250682045355
-0.027819223507995684
-0.1546204061795321
-0.02601578439614953
-0.12368559026190251
-0.18467543718607327
-0.22419042734919756
-0.26068314244202484
-0.3379735250195538
-0.4287207126055571
-0.23595374583209092
-0.1689340220958453
0.05245376008888681
0.06532326586589844
-0.05650216285624625
-0.32118759559476034
-0.4078106060588025
-0.5893789938106466
-0.5097262792648221
-0.36204728906737593
-0.6023934069076612
-0.6120581356007052
-0.5229180471756647
-0.6416843171981786
-0.5948576348445944
-0.4429397714026165
-0.35134496792930514
-0.1889071673423277
-0.16082386935693685
-0.20340608022618759
-0.19493179161397148
-0.23115504260216035
0.012624914721148068
0.10112235921146495
-0.007972170013531477
-0.034326666872071504
-0.018836683796700344
-0.23943209906679044
-0.1587940505707514
-0.2748399627673384
-0.4095645437235213
-0.30857445773981973
-0.3699318211490256
-0.257702800617267
-0.2021224326335673
-0.2176870280389086
-0.2947382649734234
-0.24347093567256622
-0.13317172667633537
-0.045848846476477065
0.017621313639809722
0.010030734899286046
0.1099439003789676
0.1708044893077928
0.21200672848487528
0.13944115011051408
0.19302153037018072
0.19831930243744597
0.09699095887055646
-0.07192525309674791
-0.2892128406761697
-0.29050468871581253
-0.26074914028917995
-0.4593420394233185
-0.4979947900431053
-0.3266616449145837
-0.256548663743734
-0.370299881385265
-0.147244359358149
-0.2636472971310698
-0.19782817675420025
0.05553151171604029
0.24141020831558269
0.44142285541034143
0.24807232364583728
0.04880488529774745
-0.20319204409949482
-0.524440152771206
-0.7234855655838796
-0.7178672300022638
-0.4377739746799698
-0.11452873142245668
0.04555425007769655
0.2002619787596727
0.31559477538227165
0.19967481817665486
0.023735199923506835
0.10950210200163459
0.036653176092439246
-0.2440193318058477
-0.42540560459006677
-0.32184791521781225
-0.26507246044063254
-0.28084924587183263
-0.16432353742374725
-0.274833866089641
-0.33918644094613226
-0.3316765727712483
-0.4779748159387325
-0.536366269666964
-0.4342685310939392
-0.36059626921920124
-0.39416089320000425
-0.23182171606338983
-0.11514593307763103
0.12279526805182313
0.10284977999352792
0.30181482018382
0.2499347553042579
0.12939760196253616
0.11072126518728273
0.3119143643594896
0.17989805091928018
0.16573968408353398
0.04497599728104971
-0.14925414471589546
-0.3493432495238445
-0.42247665182171873
-0.21580793266157436
-0.041073237686660914
-0.24356103281666353
-0.11587485320095887
0.03502732284438485
0.25205131705142964
0.3433394490231945
0.2414297537559388
0.2956995657217213
0.2378473713070715
0.12020124666715522
-0.052620241331746455
-0.269825217479754
-0.15374831373601877
-0.3420915343555687
-0.5217064211319444
-0.4525374376310999
-0.4170855059552791
-0.43656675259180133
-0.47361912780056686
-0.5277520796099644
-0.43839844736359784
-0.494107244163629
-0.38963252426066347
-0.5243821532182089
-0.5311674004566126
-0.26033828299110284
-0.13421399827370334
-0.23979726633865647
-0.08922914249182645
-0.06292117640586525
0.1271133727772149
0.10329518833844624
-0.22822535831964713
-0.2533783747512336
-0.31808176113084996
-0.5279024362592745
-0.6102740133159263
-0.48728045233844103
-0.11051962273091029
0.06880677431371608
0.19004660108762023
0.36302381041033865
0.5271146649387203
0.43969103720485475
0.36450522233827415
0.30990241361735943
0.4354496438309448
0.19666066943370708
-0.19365446078263931
-0.1805638576269081
-0.23439948613557313
-0.1817457213906982
-0.10079308693171933
0.0934463809533249
0.14632691972752343
0.23509674097539376
0.4147925755108975
0.45750180630052467
0.2656252295594219
0.1968454934267867
0.24932635161820893
0.17180506460750883
0.282549824049654
0.29126274451672574
0.06733592753033235
0.009435642949442075
-0.06220431438362338
-0.14792005198863695
-0.06227832231647749
-0.2318884136820332
-0.1335204660507818
0.06497285451166096
0.023327601993759002
-0.05068545954574772
0.16137299495904986
0.08937110555336729
0.2403133639469249
0.23719075362221545
0.113741594904432
-0.07803393904299448
-0.0565709712045605
0.10422110326819303
-0.07909605344444141
-0.3312328283650724
-0.12070697114328643
-0.12609364694460257
-0.3510251923779917
-0.21307425814162095
-0.05811427762170384
0.1619400099277827
-0.028383414808351784
0.09639124331972024
0.3362362499773915
0.5508068767991765
0.5447971664064623
0.5032351399022551
0.385866112318333
0.35000625803972496
0.04611411608645031
0.04624034188840383
0.021266338144296747
-0.00935973109196327
-0.2953067123886026
-0.2659836383287048
-0.1727651979283979
-0.07000730910227188
0.033301995321331775
0.07996311422126548
-0.1612166323921357
-0.3516203028115477
-0.43822090667564045
-0.40831746072389563
-0.4542915535144274
-0.4815384147069896
-0.386278449714161
-0.341767517074411
-0.16863528300311648
0.03503844646356258
-0.07838938375199911
-0.16458921384397707
0.024768347763182992
0.16134905015067724
0.022617604232407634
-0.16629631322383967
-0.09534693796100152
0.0038418294054120986
-0.181034462194889
-0.24027655055025532
-0.05458231304227129
-0.13541383319048603
-0.23569151648086242
-0.1343340678774098
-0.3376821427560828
-0.2806662850699068
-0.31032789424804536
-0.29809131444055614
-0.14199912722688637
-0.07854115149153107
-0.00541368444442402
-0.11143473999786321
-0.028164327808427016
-0.23097274849789273
-0.29096429319931494
-0.17072876558032102
-0.007597579309885595
0.05226513207517458
0.02104950733159035
0.09997743463806874
0.15243830962039007
0.0894768135656558
-0.16887945704973972
-0.3539407405991905
-0.37169500027277247
-0.4767409870191478
-0.5505025548112312
-0.63977036885693
-0.480166514546054
-0.49936430258749115
-0.2940160158494144
0.10580372126606002
0.15507670155854728
0.017486527114185677
-0.018708113530151664
-0.11604470353537852
-0.35614266849027054
-0.46727061060804614
-0.3360045934017047
-0.4199536890617794
-0.42863809428443705
-0.18724407524371278
-0.12252228317054681
-0.18593319826840862
0.11880081724198344
0.21428174272417597
-0.09066276285461317
-0.3492492876170927
-0.4375670377129692
-0.2761377301114967
-0.3074522729172783
-0.18242124536462387
-0.062286536551896865
0.036974245368615245
0.13001285200048773
0.11175873050912573
-0.07811469918704307
-0.02396437385750942
-0.06375508222081651
-0.4004083795511858
-0.5182162306820177
-0.3755612311333793
-0.35993249550680384
-0.16240145195643255
-0.021545860331705448
0.13745825556444807
0.0687686901266916
-0.24884907260399672
-0.21288886851770764
-0.2844724194749782
-0.4760000889707092
-0.5953396606765893
-0.4030140289314593
-0.351198534591522
-0.42337919468429225
-0.23957809858345652
-0.040894340634214404
-0.26959299622474625
-0.20419645550947824
-0.3122134361925364
-0.3600513540150901
-0.20772339196258924
-0.043626213022514765
-0.10296858721817392
-0.06004704513485043
0.19383600689265365
0.27644310627796065
0.23690781950981352
0.24733631041304413
0.21214862290795702
-0.17828329461145373
-0.19832260422486714
-0.14529817393378058
-0.27004691847359225
-0.45380511987956357
-0.43130203442662074
-0.0405281752905818
0.17563231789330833
0.19630487041355713
0.8890157983509831
2.408812205200442
