2.2762277854404034
1.1037108146120547
0.8388552619771875
0.6627289456861027
0.5516161313249333
0.30423946040759914
0.17754575003610934
-0.020139269943722976
-0.17514360993599948
-0.16814408419665025
0.08461147812916579
0.20358786160652267
0.2768792437429897
0.17327611948658356
-0.03672325085803878
-0.28155226456462895
-0.5592514156509916
-0.6382183725893694
-0.5391354560842946
-0.4437274577533736
-0.45951321738722267
-0.4111438269773907
-0.1853947468821707
-0.14970005044493198
-0.1442141785383328
-0.26495221079094977
-0.3152263515571145
-0.44290139352316016
-0.4104143509872571
0.00658523291977183
0.16722569244892607
0.12367711347554441
0.0850046921833692
0.15244215659298843
0.012955603121996406
-0.2178518661475788
-0.398459142953056
-0.25980320079873387
-0.2818387734409649
-0.3286984032661365
-0.10534770057038031
0.30297687991060634
0.34277264043105654
0.2552149735051798
0.15801711269422158
0.05063047562868009
-0.31458015900825864
-0.649908752546567
-0.656471679326086
-0.7845115090524735
-0.7706154659739364
-0.5071631192528556
0.03404888161543276
0.407393073269849
0.5185820074670148
0.5464129745734455
0.5163397331879732
0.2795340326993675
0.4573524102627194
0.5833286773343029
0.5633967083784852
0.4363668392776266
0.267980350685631
0.33379577638109653
0.010871241743499432
-0.25650274170585563
-0.1915655979706443
-0.19772643816098232
-0.4692659662979492
-0.4347795261436743
-0.061301004217591666
-0.06694092335442632
0.12378431032801558
0.46814520761612566
0.5112997430460124
0.38852619120706056
0.29272050208856687
0.04945086632963083
-0.26641443057046055
-0.4073887457371858
-0.5883300551180406
-0.5731358932256899
-0.3422710784435807
-0.3860295288513499
-0.19827358380009505
0.11943605745679023
0.21985977319731648
0.35690966728410234
0.3983383874384136
0.5148892397116518
0.5140644855714769
0.34841963371378687
0.3465326697488276
0.36465810054288833
0.24960563417475415
0.011163482794627965
0.03325111398812193
-0.06575628327076546
-0.3253705481807658
-0.43700401924011806
-0.3580661917258382
-0.6539095519757272
-0.7744767105093558
-0.6007691540390697
-0.19776270569352455
-0.1914759704120373
0.01908415463347851
0.18185928983029642
0.12018461047120776
0.09612793415294044
0.18585274884713354
0.3925922705277086
0.4521158511148123
0.3843490472517541
0.14224055001465405
-0.17406032151447828
-0.5219052558295875
-0.7262494317889031
-0.735229432386952
-0.5693427745658443
-0.6545003505721924
-0.5420758974252333
-0.3269108769581202
-0.18086102558530628
-0.40488788716108387
-0.3812826517222389
-0.1611276736697448
-0.08600693666698025
-0.14672162210554893
0.047580358925756315
0.06533091075436742
-0.011851492135648956
-0.14829618683981716
-0.26194036266643367
-0.17956741841509885
0.02204789511785196
-0.13753350408676812
-0.44589102963538885
-0.45676576797157203
-0.2840835276310766
-0.46749292389634955
-0.5230791413278022
-0.22925243782903584
-0.018829822178026798
-0.14662669983010426
0.09099202268995821
0.34582224488484625
0.2844351091488133
0.17680968343910988
-0.1621404590042915
-0.2512443138195691
-0.4441758386686904
-0.5986365825532934
-0.7297492095709848
-0.6298314012830828
-0.5502222468040006
-0.25259407001906375
-0.171771285735931
0.03632570951038905
0.14268419874847318
-0.017476185015672382
0.09725601421184771
0.05335188708387929
-0.24228197666032786
-0.12895286538795708
0.050316872828148396
-0.07589677869374561
-0.21101303836003357
-0.049985202335869894
0.10390527906653152
-0.031710528784301646
0.00014535474360734095
0.07563911165975502
0.030396485684560586
-0.2078534737565734
-0.14435597245694493
0.07021133680401125
0.1486705067396773
0.264212376034349
0.24748892097001757
0.17341351824019968
0.2585274020083287
0.09642753063064309
-0.11351108749035488
-0.37287403560450455
-0.6698239194614882
-0.6941571798841507
-0.7650687932916654
-0.7677173433433088
-0.7978075324146692
-0.7163697540362548
-0.3949654943046356
-0.3218898528325995
-0.01294709417863554
0.3155410905988768
0.42965420755209893
0.3902055636258548
0.24967809538321134
0.2146677320998486
0.0018311152549468912
-0.18664681438201264
-0.09843137774685733
-0.007200227973977645
-0.057468406799498446
-0.21429215589058492
-0.03661017050326443
-0.074273850920903
-0.2611089606046123
-0.26617284219591425
0.005213565934239959
0.010429453880489103
-0.15840849772452328
-0.46908485063526545
-0.5026577440252583
-0.5498939337333051
-0.6576914523694162
-0.5295668009365911
-0.2420242220277141
-0.06352963841309002
-0.20281357141535372
-0.018769283419639217
0.06573691795968882
0.13914105688267103
0.09619949796024331
0.21695308049311648
0.3798905688507204
0.26463343445620985
0.38874690367117526
0.46119403196476394
0.26713889855832906
-0.04291621768341166
-0.26706704743017606
-0.290982171545499
-0.1703291045180648
-0.20442853602444935
0.006748307886941808
0.3502365245210745
0.43081879236186216
0.30042286414377567
0.18936090293577792
0.06375025108475912
-0.16854609402518794
-0.6005918953005158
-0.7246679085744572
-0.6772678159235853
-0.6702988288938163
-0.43938256381285135
-0.27860793685495255
0.16545303336990175
0.2931343678307815
0.34271127692770864
0.2826878076468809
0.2003785058851096
-0.001760593195461518
-0.25608965338752876
-0.2597702101748735
-0.5058103630467927
-0.38432166021110525
-0.1484940956792732
-0.14872624392774458
0.03596088016577477
0.24524037220475128
0.22066927418960405
-0.09016748580660192
-0.05468400800389548
0.04656471894854248
0.05758119050487273
-0.1912094557688534
-0.3618785379195289
-0.12296625229061428
0.00423284322007421
-0.19072959501297276
-0.17027019066073523
-0.22180356182939595
-0.40487724089937177
-0.552072563358709
-0.4313075142354114
-0.22898913511116784
-0.07992252964183337
0.07482793134910805
0.39169829929356126
0.35020639114469465
0.26465546507755416
0.5012774643049746
0.7015289974447159
0.6465295378447199
0.677657390106994
0.7260000272590085
0.6568199484725796
0.6182673445275239
0.5952138780598424
0.6095213755375841
0.9789132866698476
2.01840164871475
