2.959611126441528
2.2542099741898496
1.3826170782239824
1.1177256808935003
1.0066160823299084
0.6757540689693964
0.49738367943524664
0.225250430591831
0.06258766780158248
-0.22831642885286935
-0.280485392447437
-0.37361354729902746
-0.3786485582029151
-0.4610960207516849
-0.09210415187678687
-0.027576078498981534
0.050070470416153
0.11556807124464918
0.5306699883832598
0.6874413121866358
0.48993938886664795
0.422659223830701
0.4053317512135795
0.19095878228045962
-0.11462558297181243
-0.3250770532957699
-0.30928784942124354
-0.3999893718500974
-0.4147292484598618
-0.334611571782172
-0.14518741186520356
-0.11523155852858005
0.2618586234647644
0.3576226511668912
0.4591590411055411
0.4491324140640603
0.3200141116963275
0.14048175085386486
0.08943129910318572
0.007172379333349017
-0.018991190350721023
-0.11260207921281709
0.003650930217022114
-0.010617240129146081
-0.263409392984178
-0.31069237715457204
-0.6071629804662916
-0.6649185472771104
-0.8144628125153028
-0.8176340103386258
-0.6584191608814074
-0.16631362336633929
0.2977606838243737
0.6224503949238774
0.6980147603091617
0.6847063374276049
0.6472044391013488
0.4183243501016994
0.14941548710474242
-0.12271511862782626
-0.48514210822166287
-0.6762349308831516
-0.6430854955466189
-0.5443717125991595
-0.6917394903289448
-0.4755121912002742
-0.23907811648449911
-0.13786470225018305
0.0701493746422439
0.26251450870592896
0.4320435625817032
0.3534084596059732
0.15352993046473581
0.3424073363697057
0.20857900234994886
-0.11090541881598316
-0.17935956672141234
0.07420291503953963
0.12160684700714518
0.020456577378441525
0.3536128420539477
0.37043719514158135
0.3475991641663359
0.24126525536683924
0.4737375655748193
0.47546429844427246
0.25246743004891925
0.17575768379613319
-0.06377377914242464
-0.3667505266456267
-0.4708588470722662
-0.3471458888560468
-0.4291859848004497
-0.32238174144516707
-0.38562706229016874
-0.11481826083259764
0.22141672328704098
0.2990193052707971
0.20291206688593652
0.2554514502451678
0.16549110325470046
0.030185211639886193
0.14427975547952154
0.40646442723196285
0.5610285162757788
0.4903627772622763
0.3927394806431422
0.2756146914999412
0.09452460138853172
-0.21112975881015883
-0.5055224105319047
-0.4941142646476279
-0.6235157964051481
-0.49603405154150115
-0.36837398392619675
0.06004816493648076
0.057460240644251294
0.027524063573246604
0.1109277810872069
0.2986868019091902
0.14270605177379309
0.30711248351798387
0.4086633388440282
0.43249075212793336
0.44931807266978835
0.33572359962298315
0.10271787367717553
0.11125336423425551
-0.03454564015555557
0.05742969072304435
0.16431144573259115
0.29684704879249696
0.14718913007858608
0.260510136920872
0.4835946317872056
0.5068813499000484
0.3772847506648858
0.48522075824339994
0.5334590181821969
0.29310706525717994
0.12459316143938731
0.024142991837212212
-0.34319577015543595
-0.4107029899479584
-0.4031519065124244
-0.43291601507477295
-0.3542454737933976
0.08074190780171951
0.2558412106322755
0.2565831701172523
0.18236483247141771
0.36188396623337377
0.2218399267357148
0.24390988819210183
0.3057574285671613
0.629350823415518
0.8276904260046183
1.3885604802605207
2.2921575086108503
