2.441201836255335
1.2688127869318686
0.734654548214195
0.585157812567005
0.4849085666677925
0.3476953358970972
0.28511538591498753
0.20908759476329883
0.18403317813285772
0.22030780271163578
0.12909366983498977
-0.04668988884981908
-0.14280964431681617
-0.053693203508533044
-0.22510061057429093
-0.3138744430682846
-0.3100319556754636
0.02241271183666847
0.20420950473940894
0.2742822711612802
0.30136255982948873
0.3050852418441985
0.3551890310495679
0.3566391692714543
0.23420326494594038
0.024551684860418435
-0.21600495712628676
-0.42818861563141225
-0.427120378467866
-0.699197820818634
-0.7008701387244076
-0.4738987200211944
-0.44832273357101493
-0.20796186359286697
-0.05510542747392117
0.3632534024223083
0.42622028610237733
0.36551137408107337
0.29199875935856706
0.12468515036987916
-0.1615481326902032
-0.15062779565691628
-0.2384660826792333
-0.44215621001049527
-0.5865722863968902
-0.7602495805494331
-0.6764897275489529
-0.6415967984417053
-0.5559770910573759
-0.34389696444588747
-0.33121265898908536
-0.19075565064643263
-0.011089822301961181
0.1954395675485658
0.17536610546249676
0.2634509092561983
0.15573475143650706
0.2591914624640907
0.3240019765672036
0.2710177687223084
0.33731996234943074
0.2759894230401601
0.1690458050474935
0.0641684310278315
0.023923340530187152
-0.16874081623516343
-0.15469317907446503
-0.22764570275788792
-0.1296955927104131
-0.283128467189584
-0.26438053420857804
-0.3901824608179167
-0.18598129144433748
-0.22106139771932873
-0.1614844672257704
0.11417387760160996
0.26135309694722053
0.3829708388307295
0.32971882782102124
0.1780919045244014
-0.04578992279587601
0.1060263850832402
0.016201371023259206
0.18375617092877472
0.2879697259399751
0.362424976367836
0.35381865392923095
0.21983631432172193
0.05161298110125476
0.12781301976740012
0.03394595281931853
-0.18040931145849096
-0.1654072193217494
-0.2223123603380498
-0.029129438224721346
-0.07838781253409646
-0.1313836019589876
-0.09076251252317635
-0.15243805138293295
-0.15670126633401765
-0.004880877508097783
0.07511212308644294
0.08794699900845637
0.08641545445360864
-0.21948145082454265
-0.48503337305386524
-0.5678922159601384
-0.6901714646160857
-0.7078247859502577
-0.5254804678986561
-0.34777407207145844
-0.2570415317472032
-0.412062383308696
-0.353940990224764
-0.24902651399535067
-0.39005072752431397
-0.3807470125530877
-0.14319387826363383
-0.0682904736277738
-0.010718513852906453
0.06875011634037279
0.03881565540015784
-0.1608557763274381
-0.2324884872753835
-0.2742101414095455
-0.020847368481679618
-0.19299044317112524
-0.19991699789957929
-0.19530227711221448
-0.29682472698071394
-0.31549986509107747
-0.23945076427559459
0.044842767325753485
0.28728959769885826
0.424592439366161
0.37340363103786867
0.2715577208661387
0.06243231598226878
-0.27648406478127246
-0.370334373452022
-0.5208169024933569
-0.42740217716604517
-0.505876848569793
-0.32161434626271096
-0.1657256510954836
-0.14843135280856343
0.11677524888282059
0.13643652473000323
0.0373913348871348
-0.17709130275287127
-0.400041990260955
-0.3902362991421491
-0.15968417071758625
-0.1116204626859625
-0.01076981622762561
-0.11101620924618617
-0.24709892110186166
-0.4204820892580591
-0.48813123794064855
-0.4987952096455785
-0.20483848429312682
-0.24458364008385122
-0.13135682757182307
0.12208899261032809
0.4370542610453396
0.6181483181300869
0.5250012745238073
0.43078431091661806
0.3796273124767766
0.23015492612491828
0.17225158266797425
0.10405160864370001
0.013248140633587589
-0.1086099677697863
-0.3660163267317305
-0.3072789293191402
-0.23148058571324517
0.020876136095567384
0.0029116668759755528
-0.10527291546545524
0.06756251947968737
0.1314460886659036
0.10454780707344268
0.3535798595326279
0.4743504923265399
0.3795400013932213
0.13344463013576774
0.24996003056420735
0.3805953215042882
0.14987666844338188
-0.14901361339187097
-0.1621543477571377
-0.36045169593901843
-0.6236929844197626
-0.8960252523962856
-0.955204806880884
-0.8951853013942956
-0.8378679495450305
-0.5980807977148069
-0.47442733652604036
-0.6024071732931975
-0.6592197256057641
-0.6027297847022948
-0.42460480887003166
-0.4754717185292659
-0.34444751392064565
-0.49386845399153506
-0.5863979875897671
-0.5475595751801495
-0.25712483313569306
-0.1377978468457883
-0.2006111817028482
-0.1962022356289254
-0.060270656019888284
-0.09388125094098516
-0.038936676902680815
-0.1549138743421309
-0.3277920385186904
-0.22058441344374993
-0.23310344750589207
-0.1293255877556539
-0.07184877662917921
0.16860635546901995
0.04423236620836791
0.3423040600555833
0.5746666744847617
0.45019567064180893
0.2998852433456806
0.1435291672803262
0.02807906987717464
0.1435018100661826
0.25942460271616374
0.09345164847793005
-0.14570244161599188
0.033454589709501034
-0.1809440113982683
-0.5624682492980693
-0.6390412462518489
-0.5416526392911692
-0.28060006813944166
-0.2271064540876353
0.22705979552927005
0.47283745229363106
0.5178773109648475
0.3329979379527073
0.44942861941565443
0.49179724695279076
0.3849570227781241
0.3100361814139212
0.2137805180133049
0.26699994032429114
0.20525850905425239
0.48386432096706217
0.6170908971910597
0.7923373951171856
1.0733962082782167
1.4572148415385864
2.3703327153133054
