2.4835505387921355
1.3931120574797269
0.4294679254148109
0.03291113776798875
-0.24802496329691237
-0.36978608047081263
-0.29146933730394525
-0.19972613379547438
0.02649616066006114
0.2845004972501933
0.39318100225067815
0.5948175773273652
0.6429973127989222
0.7504097447844056
0.8493074054080063
0.9821477294510509
0.8615797916032971
0.7200094560008233
0.4355308086610066
0.11744051645253437
-0.25904160910603224
-0.45402413345510456
-0.42448903345974187
-0.5021305544597179
-0.6805073485831654
-0.5468527115619698
-0.29696324923150336
-0.15522458673695294
0.04108514966558999
0.18689103072447003
0.0615843861816492
0.11749474987594791
0.005568541777196127
0.19841872093093355
-0.0840711172841475
-0.38957711703589326
-0.4190735906289529
-0.29811614933164743
-0.2560885225545827
-0.08830668739749063
-0.007202591064040238
-0.11439555983355398
-0.11946850916331325
0.1861826648617491
0.3580271414567922
0.38410555006266334
0.3812760255621134
0.3851709631637657
0.21890903180818333
-0.010386444986269762
-0.2075439376440841
-0.45288462787759015
-0.5721449777191188
-0.41809026203828653
-0.4461463891328281
-0.6154149749609082
-0.47613092227367987
-0.26491326605517385
-0.3142486332791556
-0.36361424692058003
-0.13925899808586087
0.052085428789743746
-0.11120994056378922
-0.23158393038704753
0.11116014013113239
0.22531557261278198
0.05306556507361273
0.21264024578578009
0.38186147993164754
0.24319088713085737
0.22609909358377914
0.52621190614993
0.3950601496661142
0.06754945399594153
0.12847668872355025
0.06390039315661879
0.00014343797566085913
-0.14834959863453487
-0.36239785077924314
-0.3588775043251615
-0.15669980012072926
-0.28656901332000606
-0.42262532107085055
-0.3335883456042899
-0.40726199511968053
-0.261417889841178
-0.20683979447347817
-0.08556769365488112
-0.11878429208224821
-0.17225391517194952
-0.2138176663927275
-0.03803503527571233
0.006226977579614666
0.03666563579312683
0.13823378432314043
0.046784384094674565
0.22696877968544502
0.3522842733056255
0.3465863267773967
0.44576662419081536
0.46111373266096706
0.44769680595457223
0.36313346756491366
0.19472425248851596
0.009412944913715698
-0.2662120740294771
-0.6371606559499636
-0.7976029343873545
-0.7730038254454717
-0.5176458653189611
-0.3121928553351214
-0.06768409113660227
0.4184055443061771
0.8119159305220186
0.964941538958135
0.8314034620063897
0.6154588400782133
0.3912224371592016
0.021803937120748157
-0.33340625298561044
-0.5890523189069578
-0.6221088767993221
-0.5938168023377738
-0.6164024615065271
-0.41033685612374843
-0.10071306643349003
-0.1058455649197595
-0.20961704612365523
-0.16664874058781512
-0.2769902457351228
-0.4563463873184156
-0.44663475188526786
-0.3267750533669522
-0.4686458652009958
-0.5919924287064757
-0.5110421584242417
-0.1856436465916275
-0.15135276972268313
0.1129711716805666
0.24986209523717334
0.28974292177025174
0.3123512078524771
0.27640784929157136
0.26268374725720967
0.14282941687737
0.043991072584408375
-0.16696266209163657
-0.05029310382858535
-0.2003774155753185
-0.40381717087984237
-0.41314029893155624
-0.23480567992088536
-0.21459318711494346
-0.4557766405750074
-0.4225026745645118
-0.5819046651126802
-0.5803093748265661
-0.361702534814922
-0.36127955963794955
-0.19488713603022842
0.009416627272647816
0.18607896348066452
0.3365770325222186
0.3105249896995773
0.146333503544243
0.03750552737992564
-0.1667000057926659
-0.4291364639000714
-0.4475394100039694
-0.3033624103439299
0.01871277961684619
-0.07201093134194214
-0.30446466560305613
-0.1253007053742224
-0.20927784644624328
-0.5614441807876065
-0.7326882662875593
-0.8228154665904154
-0.7664794822272927
-0.5868161385698187
-0.5093482291488044
-0.29486245276820605
-0.23377228465220162
-0.3161305176567013
-0.2779469502715274
-0.10689343201847071
-0.11688641800469637
0.10100859497602886
0.20345358760268317
0.3058661658459682
0.3492465517193923
0.25947407370929665
-0.03485033950754396
-0.12150100518049153
0.038680944011770496
-0.02954048603275294
-0.22826626293639796
-0.3296238404940412
-0.13428995046452355
-0.11583743589783363
-0.1175133497304692
-0.07321172656233599
-0.18130411783571623
-0.30491925415327104
-0.2671258439055448
-0.35194565786244664
-0.47431249005508497
-0.5157820508574268
-0.2638064717369592
-0.14825785087439425
-0.13333642451670502
-0.07681125887568858
-0.10986594048652062
0.010311076528315076
0.2858315931958678
0.5920866134858805
0.525165432609912
0.3812314144800296
0.07898069721023894
-0.04538637572660616
-0.310449578370528
-0.6312258513801734
-0.6111581185824898
-0.42761995443751977
-0.25338627337466346
-0.07313576965686296
0.17517298217519653
0.4464955813893214
0.5398782483377957
0.3941385233504508
0.4652769048903483
0.3270387087011002
0.06704295423490933
-0.1692298869598321
-0.4557467757776742
-0.4831994187232661
-0.32659900758258503
-0.2564993099231375
-0.08677047522593428
-0.012768592160444734
-0.14687135273196839
0.016612838313306916
0.06503418600814169
-0.006347958868958186
-0.17996719570644276
-0.005121243909077361
0.1478380564664081
0.26639296982694055
0.25265248492866565
0.1091624762499916
0.015727451867637805
-0.1532827870245701
-0.08241932439119902
-0.14381299792695976
-0.27861724367983776
-0.2399933849857514
-0.19063648705701405
-0.05720085339595534
0.12651572003017028
0.21130903498328746
0.2937999449899113
0.17188436933401172
-0.14353398764852038
-0.3315637318923362
-0.4301553111223538
-0.42562984644154245
-0.6003071780953687
-0.7636934477253539
-0.7578087398007296
-0.5967635161811553
-0.4905548058201433
-0.07952020200826335
0.369430396977839
0.42270261677204835
0.42375516854170436
0.5274842144302494
0.2590366687135704
-0.040751258109162525
0.06579026151913861
-0.11061958965036094
-0.4060904641050835
-0.34739164152159774
-0.22681967650700563
-0.2911540660198492
-0.3540568434719188
-0.1886470551643832
-0.02806369601801232
-0.032986596976311844
-0.2560106037357777
-0.11918025667381435
-0.16917258357940768
-0.19541951985411138
-0.2520024412816885
-0.18678234333291965
-0.39818283191343784
-0.43554300317580713
-0.37103840441517194
-0.04837987229349626
-0.005060429599255152
-0.020462433016018872
-0.08721122802523387
0.14471780401106582
0.13102016895453616
0.169251650823877
0.25043188364146196
0.14558334351482244
-0.01506128010549384
-0.1421349945301341
-0.3210813399098794
-0.21357107076592674
-0.21459570670126654
-0.18434575355500513
0.08708345903846923
0.23607298813888264
0.294933915766499
0.1722780830304424
0.1455076870117631
0.023577553399124793
-0.3656049043255478
-0.6355877753925532
-0.6278562417646599
-0.7060728629686521
-0.6337864376458039
-0.3106535380212788
-0.10955719471016766
0.14671431275813177
0.17990496978704767
0.26260312342359154
0.12064677477586615
-0.05631263627684777
-0.1802658950735472
-0.1408550975977706
-0.18928195695562494
0.0827863473210012
0.2132099689456864
0.460537875161953
0.5572466268639219
0.6381032791002625
0.7225716377663067
0.7504622883068838
0.7959272856170374
0.8040288386702079
0.6068525616122931
0.44612408988065744
0.11675800701559456
-0.2072425639771443
-0.2697804782640343
-0.47198181673802614
-0.482481546454945
-0.5771581674633842
-0.3578060407181836
-0.30694130985168544
-0.22808731522924
0.06300128517453496
0.27696682334106437
0.21167036471274966
0.26510528228908536
0.24295947241799207
0.13197486384198842
0.21369807533004015
0.12788009500740835
0.008965771539965972
-0.19259096585519833
-0.16278035352929449
-0.16398617582453884
0.011549106625239417
0.11983136335033294
0.2120064776189791
0.3043651880458293
0.28472290400399103
0.21840371349770485
0.18736357393479322
0.014367896942341758
-0.10967977403576895
-0.27679671656119775
-0.19494166517432504
-0.3247794937756619
-0.079280910614411
0.21565245726847868
0.43809394708814764
0.5282619155235173
0.6022736926914725
0.44080103355104094
0.3251189187644314
-0.022603818126954417
-0.5157586745115712
-0.6949862092338
-0.9429638218195058
-1.0161356916858957
-0.875911539899568
-0.5857617127290665
-0.4222858971376339
0.03192376254396102
0.4491440205684987
0.6228200639424478
0.6226065721784462
0.4809909883573576
0.3560070900000775
0.06938296414889378
-0.32553843390248927
-0.4825204498124829
-0.5237547131459448
-0.6746841403284282
-0.5542845797109631
-0.473597837549815
-0.4886373574361541
-0.40231798560051457
-0.054197376382012566
0.43082486083630733
0.8894178077851236
2.002327806646319
