3.4091957411387885
2.395784184114726
1.5343533183768983
1.1557118519046676
1.0061289918213263
0.7891240467724054
0.3142808792536418
-0.20367739606173416
-0.3428590586296453
-0.27571698115068943
-0.25183820124531353
-0.38711195237902435
-0.08751315613999294
0.03040264314892695
0.033332360467614494
-0.08267607313053697
0.04859623402919895
0.3482882488409328
0.2709179651884512
0.4255473565027581
0.6069623960573854
0.4749073786038797
0.18993830857149735
0.23591243130759965
0.13770861881562427
-0.16809334415844573
-0.6126075556778625
-0.7140504722813084
-0.58196868886571
-0.6075774562631757
-0.4190983197139921
-0.07676423275376602
0.12335710815087253
0.333924915305664
0.4428595489884042
0.3311481657396645
0.5106968010903282
0.610535036188408
0.49692677742891506
0.11860170264063682
0.02742266413772043
0.32792181321966907
0.31825441335537624
0.04502364981945539
0.23794021863669032
0.2779797444599723
0.014089806247843647
-0.2684612558843468
-0.31564527047901764
-0.2948896721772392
-0.15356101941604328
0.07195311879166938
0.043658194301218214
0.09978055478797322
0.07472337453121078
0.26893249330919794
0.055825773074558285
-0.10880556783405837
-0.08709958726692033
-0.07236884110116636
-0.4139369348875695
-0.4388866027481185
-0.1802336780818855
-0.09940238288603102
-0.16453987042822404
0.09685742852231356
0.4245632550595694
0.3990850061372332
0.27345753416324775
0.320056513095069
0.33430729839389806
0.32850635770285025
0.14736147690850615
-0.016397238385792275
0.1325271123383539
0.1472067960703096
-0.013374830309533988
0.09202103507697708
-0.17966540576232287
-0.39536863143231027
-0.3360671477597795
-0.13650562758344398
-0.2231472976819742
-0.26156046636913133
0.12352929119236847
0.41652232688355567
0.41775342182634057
0.24078133520909786
0.2786626927970243
0.2744171818423193
-0.11633905045640028
-0.21926623443996843
-0.025286471314641724
0.18775056685872366
0.058943245507562025
0.3577825650350514
0.4874739243396942
0.3956511059608389
0.2933919754505039
0.43752298114490207
0.4533094097833577
0.627526771653237
0.40537486580572807
0.3050180198431835
-0.046375545239880085
-0.3093588642115827
-0.6338842538896798
-0.8772088312105715
-1.0068706069986346
-1.009595968879704
-0.7922390258890095
-0.6119756577693455
-0.3898644094633062
-0.27469301532997037
0.030244242540845262
0.13196112150783257
0.13064082020966958
0.18110683830286686
0.1626145564338447
-0.008999064754425834
-0.0716637635486409
-0.12048804518516998
-0.1973998690160236
-0.0745569336437645
-0.0827430878894061
-0.26280333792606386
-0.1796235948821916
0.06192228020535882
0.11919003770185764
0.0207486820705663
0.3741407922227842
0.5131971432895127
0.4838270933236004
0.326658613299933
0.27768778850843384
0.04030110920049384
-0.31042819533473226
-0.4043673732133368
-0.4271705379378678
-0.25309898677076037
-0.1282196083103749
-0.000795779919248174
0.056212786933378986
-0.11605528376889632
-0.27903309329948406
-0.18916585761719482
-0.2017789074176387
-0.23621701057111397
-0.3282874490023104
-0.3221025922164586
-0.10263709481343658
-0.24210845746191495
-0.3947645964073091
-0.19403222417986277
-0.22059841867502716
-0.1764460211230246
0.04841496784275277
0.19530589051029051
0.2750467064943329
0.24451327735961914
0.06398325262706514
-0.2614285812038537
-0.2912124664161364
-0.4923562123762297
-0.5441846688841395
-0.39978339806761654
-0.14834220925057118
-0.062254003613966706
0.10883716299155127
0.2600084127886501
0.33431733783414436
0.3756715552410983
0.15978572131433946
-0.055055300171849404
-0.22935715316710076
-0.5817885037698645
-0.7276481844585462
-0.7229400154260845
-0.4650514942499304
-0.5395811589670204
-0.43826168004120775
-0.1764737098844792
-0.09820929740999089
-0.0052739724647756486
0.17659948248685464
0.1460349886819287
0.17362946083598682
-0.05399130586925471
-0.27841191526384595
-0.2409831970572103
-0.5385811225976309
-0.6818298598830241
-0.66779328990363
-0.38856064294049864
-0.11533875445807573
-0.0490954379957473
0.08344589280991979
0.2006574318083963
0.1715113720184455
0.10889754102098442
0.2854949626790191
0.22754817424939414
0.2325049309379286
0.22640679730147475
0.10767167925777452
-0.0145482216898697
0.13015749862642276
0.3731017664278663
0.27750645269854113
-0.04036064818355699
0.12928138395759528
0.10685703395225164
-0.25111961583836456
-0.3164538535424351
-0.09739866157647534
-0.16630078776162086
-0.12557822049210107
0.18772225398115538
0.3239651862794376
0.20098461415101015
0.3549071837473895
0.3637715701701576
0.5672725917194877
0.24760727599412832
0.16876385971131513
0.11859403070704733
0.037584889199159054
-0.32972566535093045
-0.4813619831298708
-0.5348034882187575
-0.38489016800518827
-0.29956332519356677
-0.016865641629032434
0.06598672698232695
0.29383232262041054
0.37146356795422586
0.43705659976333017
0.4014107963291327
0.22174295858966403
0.004658361841176001
-0.056656983443835414
-0.03969382151360932
-0.09983440842601246
-0.20232085413945697
-0.16708632662534825
-0.38889204444806597
-0.45809949017832113
-0.26356946176383766
-0.08276028269700894
-0.207954984386665
-0.21986606049326
-0.11206013743666546
-0.22654209247136364
-0.19950202817958415
-0.2280704396945357
-0.36161943716998185
-0.42157248677393866
-0.5029330692813475
-0.24061538756435924
-0.0022407790765975946
0.06493629952066975
0.38524601758815563
0.47655306537242004
0.4222229259143768
0.35041510563331496
0.4713143336510127
0.24007217700491376
-0.10085131156356553
-0.5029108971249917
-0.7242314493423638
-0.7524494032605267
-0.5818400052468683
-0.5580450755180365
-0.347675489505317
-0.09140518127486136
-0.05238186341639042
-0.1973418332928419
-0.1839381352579641
-0.4042847084357763
-0.4792693359259347
-0.6271713656548243
-0.6067548723374817
-0.6667586404347092
-0.486846247245493
-0.2476921267127727
-0.17198112121707956
-0.02320794052235544
0.09470071363548026
-0.023226923784329345
-0.10462892846280188
0.2609661192714495
0.2234357517770459
0.015324301533004257
0.10061836098732037
0.1591086659224055
0.1248824478727113
0.27043273870009077
0.24352177057931673
0.3831705583866826
0.28237050011201237
-0.13259435701114208
-0.2031083951593376
0.02991298053277111
-0.029727512296587655
0.012811414703805798
0.4226600976530227
1.1323648113046427
2.3870007605497925
