2.7910536447085423
2.129008607456725
1.368915468688137
0.8685227439529256
0.5819630392048691
0.5376755559344644
0.09058027190661547
-0.25578001268585643
-0.3562202568204721
-0.5451380414769499
-0.6089406932082191
-0.5198722964430263
-0.46180110048528394
-0.147756417008506
0.2018022032456238
0.1682442917301234
-0.10501756846540472
-0.12448476850441914
-0.10924780498635601
-0.11221848457739605
-0.45564547623993784
-0.4380297422600503
-0.18277243954381311
-0.20597903033711715
0.004953267430053772
0.3555997961021765
0.36108996604555305
0.2586899992067564
0.11738591882116371
0.07186313088066498
0.09179710009970095
-0.09211417037507696
-0.2853278989601342
-0.13344697587230567
-0.3179329230588413
-0.4705481149466869
-0.45653589007559475
-0.5189984596769296
-0.492648821880695
-0.3537155799580022
-0.14978761495967602
-0.0122779270943277
-0.09649203215512454
0.012659044305872233
0.08184919973705578
0.15375572936988907
0.09358470596177522
-0.19892040313970824
-0.2795655551398676
-0.4223355349483812
-0.4405769494195965
-0.5215353819260681
-0.5544266095197252
-0.5080679974298579
-0.3445885488382616
-0.04788066708888293
0.3376369631616244
0.45771953903690354
0.567294153246304
0.6075563663571908
0.5245924181881676
0.432591984383839
0.37479413331733946
0.06642645710679385
0.027229352637660246
0.1316520779596511
0.09905987327527652
0.2631156679348805
0.06738573093692354
-0.13937861629225476
0.08390134374385709
0.04819367081780722
-0.21878014605098783
-0.20682013376884373
0.026532981035693216
-0.01415045718302682
0.1680296340899361
0.24483037217235037
0.18055229204335885
0.11899484959172768
0.01440494485116613
-0.2630358053480384
-0.37274322785917885
-0.36689167549780743
-0.4375650682192764
-0.38690910327185535
-0.5656217027141702
-0.4902134965973836
-0.2740236902860262
-0.10480540024866822
-0.02901668940540547
0.09543690775010685
0.11741487584251709
0.04235921425752945
-0.06451124819461124
-0.22838188343354676
-0.3350246869839882
-0.3425516062699998
-0.17320386551530928
-0.13847705983106434
-0.171431645286965
-0.04747620570006198
-0.20642906993642232
-0.18944880340487563
-0.19392568300290314
-0.2649080438024268
-0.34639187673657296
-0.3443603790913872
-0.4535552277213229
-0.2822640158794415
-0.2760782465420277
-0.25126653305316027
-0.288749194401711
-0.13110001051558742
0.006363983759881069
-0.33487833828329
-0.48838557351896617
-0.4622686926948883
-0.47986562946060474
-0.413093103244178
-0.20738795446066277
0.05582125121972771
0.28480494350830365
0.5539447275518685
0.46558267402481907
0.5711836759607437
0.48431096218972325
0.23356692243795216
-0.0070246002635903065
-0.44267843450348615
-0.6118995678619544
-0.528912589689426
-0.5376278838517854
-0.29424588606783425
-0.11792409109563676
-0.0683090341082791
-0.04202133302297039
-0.2162557767454838
-0.2824671685001759
-0.1174724731003242
-0.28154928296635917
-0.10986806946337027
-0.005971848334924236
0.06987562129291854
0.28580547411768714
0.5001746560352822
0.6377693960952733
0.5202858766915717
0.2964078364142567
0.3181053559862021
0.40369705222255214
0.41572681628402175
0.4061408848761256
0.5133895272853788
0.40098691345042764
0.19121340189263925
0.05597049900470766
-0.2439760984478125
-0.3450393461038521
-0.25494386449216677
-0.42915710455896716
-0.4556473182592336
-0.2490357173221162
-0.2645504291124959
-0.3696408345209306
-0.3715008983015377
-0.2190566417390385
0.063202385050658
-0.018074697607745053
-0.226316750609655
-0.13935408553103187
-0.3913202318554825
-0.4609324362336228
-0.35845392785608526
0.05303245426548474
0.535054033603785
0.9211275680168991
2.1827441203453066
