2.9630075930369797
1.4379794054857291
0.7224126670742456
0.5611277422846126
0.3874551104406452
0.2623189105099365
-0.027725606477110615
0.00852747994904101
0.19875002927353305
0.0795162237901409
0.2218995106912526
-0.026099344898732245
-0.36852669838003776
-0.39031463513800146
-0.5999021784113746
-0.7382247320633608
-0.6904190292247463
-0.5010887854123895
-0.505993890859239
-0.2691311881373949
-0.000907581330043197
-0.13112175414406116
-0.20247070288652796
0.00550691999808296
0.0585282473131207
-0.05170572324126649
0.15871962174722154
0.1424986358890524
0.09818992208564094
0.4153197092650884
0.35377921987951155
0.35859535382935964
0.37307101937962056
0.4592782974097577
0.27459958288621233
-0.08628191813793264
-0.2887186702605664
-0.35925913626070727
-0.1200933811150701
-0.08432053324929598
-0.1710438714462603
0.1730262748994222
0.5545149100350037
0.5703018238634938
0.4162236033703929
0.26914858658838253
0.006113750296668938
-0.3905885645234226
-0.5814875328835113
-0.42782539771152034
-0.4231223139097565
-0.7433409853341877
-0.7275796713123861
-0.5200415065553031
-0.5693506901724971
-0.5108369877298073
-0.3024519146476869
0.10590150801427672
0.3724894207418733
0.5185860888435693
0.6014246597379093
0.45768354536422023
0.5376136120318825
0.44926766963631576
0.23270742075602002
0.29130291688830334
0.24441698113718413
0.2087888851553599
-0.019525161799938462
-0.15719363667765515
-0.21466198000104852
-0.06324998788415538
-0.1720845543067217
-0.3618606320922146
-0.25441121949729795
-0.4205115383298704
-0.40925037837427225
-0.30092549742623437
-0.5283164923748996
-0.5796030987772942
-0.4591795533930303
-0.17272374061654258
-0.11805334349198131
-0.1886031305237269
0.03421299542741992
0.11701587937129385
-0.06778173355879441
-0.2006765294898973
-0.0001730349585922341
-0.13553618779946242
-0.17711442153267745
0.13943808100639482
0.31728965478210935
0.27634707276006626
0.30918040069785485
0.2894111576953806
0.2510032540645552
0.19701452840568048
-0.08364855364701783
-0.16713303780077018
0.0041501578577416804
-0.04406749871710505
-0.12119308259238656
-0.2554786278929184
-0.21203229585515618
-0.2389432422086259
-0.116778472080543
-0.19969884882109823
-0.28630002193643933
-0.10017418950011338
0.08140945331308695
0.09054278486836032
-0.0648253792880875
-0.03160574797655324
0.253642352340932
0.2539224301634053
0.13046307083337116
-0.17656107040780572
-0.29657123383405554
-0.6742920160327389
-0.8005015608229824
-0.7838003178558683
-0.6411387389023988
-0.38209375973250853
-0.05708157461239354
0.11054442820899232
0.11903457045071984
0.27773319002797836
0.11437556533443763
-0.25335708624863595
-0.4978109653737123
-0.7191070683089946
-0.8000674312552901
-1.0764657465022995
-1.1252197977242797
-1.1264917816236597
-1.011781653624684
-0.7828245621724773
-0.3790977895034809
-0.30630088473351275
-0.1857995929677972
0.11363685195664297
0.0926283297712927
0.22616747868019454
0.4540709066050432
0.6551165249458637
0.6217835679697079
0.5874107438053754
0.31650612184756416
-0.04956685330842572
0.05638874148176928
0.019991339311499753
-0.3512124425466513
-0.3921464979844828
-0.06710511761529431
-0.03382678165964986
-0.3036765361122444
-0.13089746415849174
0.03837442612228781
0.0195533160048883
-0.03486991094592313
-0.15586446836766804
-0.06558167819341233
-0.16996832227304903
-0.13355479811348558
-0.20712004773154521
-0.4363617264222754
-0.40220577672773333
-0.13524190206369338
-0.24708458625836582
-0.3291358735517579
-0.07637251955989144
-0.08650838750098419
-0.24427391391915768
-0.1755584289539423
0.23886060568300915
0.32703549929882336
0.2278355240180402
0.31201183937756827
0.17690102270147928
-0.26541465758594385
-0.46153095322886545
-0.743699467650921
-0.9080804626495205
-0.938348587110722
-0.8761248543209267
-0.7976053709777438
-0.45362785430439845
0.19143209953358645
0.43794825138040167
0.48965298127025064
0.8553080263525884
1.0590405587902498
0.7724646405637992
0.6285126515203558
0.6980956913277568
0.430925468470245
0.27503777580978
-0.062049257696619856
0.0046312263005015555
-0.02034181636340312
-0.3747191177189743
-0.3365679477859293
-0.011678893182273244
-0.06342569385844578
0.011740144423047718
0.41284098115900875
0.6784459627917078
0.6222650300476115
0.30924467242749565
0.3882286773758334
0.5307411956083802
0.347918916058313
-0.07578717987229097
-0.16504052896766683
-0.08897728047398397
-0.13828175643648533
-0.4686588969161516
-0.5405209682484093
-0.4896818310433776
-0.316770857823068
-0.16836512448486682
-0.16586558831199208
-0.2536521185765842
-0.08937611339943181
-0.12457267062489459
0.05739722571348162
0.4027315071557428
0.5679315307596333
0.3995726214714386
0.3578074409932948
0.4451628819613173
0.3554291444785154
0.18961180243963394
-0.18451310988361114
-0.13622807856772168
-0.07041958573383654
-0.07604834422642735
-0.040538431380375765
0.21468768318787057
0.4620713836917894
0.462527018320582
0.32530559451565955
0.3877116336627271
0.3177696464551094
0.19883049240540487
-0.08917181809434137
-0.0966931385442223
-0.10789223040212415
-0.3181931113224607
-0.27898119080091643
-0.08902595085926138
0.14964919693637735
0.08745479258360762
0.07356591266433264
0.3090454395723697
0.41785491136968705
0.3221728686699899
0.021751240049477455
0.17383878463176375
0.07036458503224309
-0.09023850366883882
-0.3549643818558621
-0.31792581275859694
-0.31155785361549926
-0.20977181717906768
-0.13368160656767777
-0.1791798227017341
0.21027767667569433
0.3219896402730997
0.17969077289888147
0.488961735570731
0.6519461490058799
0.5133483131502127
0.14079929812726924
0.13567988065748135
0.4205998202766997
0.48168419654218814
0.452317874354811
0.6591234504941821
0.7059529241617789
0.5424421466067838
0.42764614867064477
0.42080440505187966
0.690274945571086
0.6937344433682093
1.3444186866175292
2.507900593629186
