2.1515899411576456
1.6078783370868994
1.0664412134543022
0.5711254698110076
0.5102687055044951
0.6831405780355941
0.3593850233850014
0.36784681920896367
0.21217893288998832
0.06036154343637244
-0.43095318408197664
-0.6461518340032067
-0.5881194999615188
-0.38695118229241265
-0.33404421619643015
-0.10185690527596786
0.2992694518022542
0.4645539080076061
0.5723669703918118
0.6438518240614616
0.3851597556423692
0.12081826049393152
-0.16451257487304727
-0.34158767082426517
-0.43182097481687526
-0.3953219816149389
-0.5323740462618299
-0.5967401998597887
-0.5457832704772778
-0.584143122928219
-0.576423855383722
-0.5597628207965003
-0.5055672332996425
-0.36566941163586064
-0.2750578341391134
-0.10760211417557682
-0.2741207380882162
-0.21316124124938726
0.011392023348113524
0.17785216921427216
0.058806698830782295
0.2171578326356258
0.08288285509327989
-0.1491268203415934
-0.4678700807599504
-0.5877779226823269
-0.5240061726594507
-0.34189171520615325
-0.1944525223485636
0.27582104462047663
0.5133842861785263
0.5923415331752814
0.6659633585534024
0.6128200008141388
0.626083828818944
0.5250461231152509
0.34513865932999765
0.3694455973222766
0.35135168712643045
0.3677595607593876
-0.006228715464991288
-0.10302087033078809
0.03136112557292991
-0.12428527319029885
-0.29378767693046504
-0.1331757331111838
-0.027102308012587714
-0.07662712060164624
-0.2532357066595239
0.008381784374917694
-0.23754050502268154
-0.28136638494414323
-0.11235747672471862
-0.044138728317262295
0.10847756364049943
-0.09639460013213746
0.10122272274544594
0.19528579902701187
0.017161811822408744
-0.2147195961725635
-0.15653916758871209
0.0418604978827551
0.15056384986881471
0.2614315173837919
0.14917986567259256
0.09530349300590345
0.17245640564069234
-0.06981676731437828
-0.34521440494501243
-0.2985059510432741
-0.06825980481904306
-0.31506893442427863
-0.23241422395540415
0.0921148322123963
0.1379595598200495
-0.1572385358543157
-0.029509473094315255
0.31706959374727306
0.32778981284535924
0.2155274794401106
0.07778471578958511
-0.16478648653154493
-0.4533577925069958
-0.5820375869212302
-0.48396607584823936
-0.2929966114742338
-0.25885405950600293
-0.14510972940088734
0.02985078030889128
0.31512446670929645
0.24671971251125144
0.021976330048286127
0.23408332601860862
0.38525434280107584
0.19921533504537112
0.4517594636572886
0.51616292029516
0.4340289483457988
0.3311023142145111
0.2713890368671447
-0.056957826786588096
-0.2702313702719138
-0.38346082172844115
-0.4486853141671976
-0.390827711460871
-0.3460623304729861
-0.2659615928970225
-0.1743924961572197
-0.2985192711534636
-0.02790133594005841
0.16820813105898116
0.027706797323922963
-0.1818232526014791
-0.007611886239903895
-0.16010699375554402
-0.41394775474499684
-0.23402983850547318
-0.04082296752122097
-0.13480339213344772
-0.16367420053445517
0.24911404994110925
0.25789585983779884
0.4825867590051907
0.5989957118519457
0.4386842963133872
0.23723945951904063
-0.030833613659343402
-0.23667570176073757
-0.3818904765428129
-0.3176968210098857
-0.34260950950557667
-0.0452172432226101
0.08499864391211655
0.26765712616807213
0.2691482979143774
0.513076595503402
0.43762170709678827
0.4405197212892856
0.3484905875194043
0.2514329053473577
0.07706432660269141
-0.19087407980332294
-0.14247644217349897
-0.19629209279135468
-0.5267288925450433
-0.5674048556268912
-0.43665787693534686
-0.4514977266031732
-0.47165863657111523
-0.48432027674500533
-0.3486315227515956
-0.01932684905143412
0.04148296037619086
0.294997697149166
0.19598242427488974
0.32253800095530855
0.4674927365369814
0.4679177325584624
0.29296866498060736
0.09871621641104493
-0.15686162373386642
-0.43121516467014864
-0.4801262741988055
-0.6107682359592799
-0.6821757919864586
-0.4786204664524466
-0.3623486422039269
-0.31316305702644
-0.3086591108513069
-0.47277517600636493
-0.37652727101404415
-0.3903916115437723
-0.3216238598997151
-0.25156617599023096
-0.026656203820172846
0.024976469575901446
-0.14617865174295522
-0.31971228528996015
-0.34497852339584983
-0.3264011239160924
-0.5874069467683782
-0.5958130186852458
-0.6277778704608333
-0.6941064066381546
-0.5549308952468106
-0.17536798660247907
0.03653966681411698
0.24483450909880428
0.40235307443726037
0.5195156512213229
0.37896540358510783
0.19144664541632223
0.10551608747114917
-0.2926989048877651
-0.5517637861800326
-0.5475674652411238
-0.26247679474961005
-0.20485653262966821
-0.10784425603127831
0.1233649776582893
0.10766051360568613
0.22444414973188376
0.061490417945292794
0.0934364141030387
0.07903441225933061
-0.36529110393211894
-0.48500843326831516
-0.423847045346324
-0.4437603194880039
-0.29374959850717636
-0.20053644661673137
-0.1745334595940679
0.06572700199058189
0.16521026058524566
0.31819939798123204
0.26844145054960167
0.130375392576629
0.09028433732242921
0.1083996513398339
-0.09975003808539674
-0.35640101245783545
-0.3494283899827855
-0.1649523785931737
-0.03743100863727622
0.0015139381330488283
-0.10626483815734333
0.1464973146544677
0.2351737703984955
0.16581637054557166
0.3335235134793198
0.31819975482952834
0.2274676640145608
0.10942069218493972
-0.07985610457713588
-0.09167401696263008
-0.341037620070098
-0.5978850390899629
-0.5109650009943006
-0.5320029542139844
-0.5418750144517487
-0.41532037216493845
-0.16541061867976212
0.041112868161817195
0.09828122561194166
0.003298136294352885
0.04100313665180662
0.12276761735191875
0.2377360366452227
-0.03701489434400815
-0.24495909467373486
-0.16680999613371267
-0.11009567940035207
-0.36835450352609383
-0.4050496854325094
-0.29039644076733323
-0.07871341871760001
-0.23323502118645967
-0.2297917892979424
-0.29347122245685736
-0.11245947175708097
-0.23181480290772308
-0.06539445602527473
0.18080131698097165
0.13881336952108714
0.0808533395157192
0.020531273536186882
-0.04170666933890069
-0.2905618072804359
-0.14063347866017722
-0.1819953571757526
-0.3858312748620253
-0.31538114490477365
-0.09581887133647658
-0.17596724408566092
-0.1352365326337023
-0.08838702488899117
-0.06702743985952964
-0.23743617377829668
-0.19292382265969754
0.13361345951384862
0.27788680042616143
0.17470040626455102
-0.07768669047762292
-0.14610638571772527
-0.29985291311688067
-0.5217024266349579
-0.5552742845683025
-0.36991915293225824
-0.12300115108758719
0.07124857320844548
0.2323057750368308
0.17810274397167294
0.09232042441304492
0.12581954663661432
-0.08170238821303373
0.03169546781044715
-0.1483035982785531
-0.08245944475679141
0.09687757619398675
0.07875557047723618
0.26018956814153815
0.2815724473809458
0.18734895691169975
0.022284580450401874
0.06555454119283086
-0.03312819909275425
0.15480477782930135
0.0759942982371435
0.11899560282797805
0.15311090452045356
0.2695105261229713
0.5250345665831588
0.6100827676017686
0.3462122812563089
0.4125187646991519
0.4801117560974784
0.1509787705779616
0.0870158931228765
5.3298763126289825e-05
-0.17218388342079458
-0.46280881870525153
-0.44276104337975175
-0.15894014710321366
-0.25132895109442327
-0.1097300703508566
-0.02245390481337757
-0.024350252841338522
-0.3352121061371426
-0.34860175250748615
-0.16157418768769863
0.1578071507757094
0.38720429008216806
0.5846195473172986
0.6098768580166513
0.46341244381047486
0.5901601646845741
0.6507245406141599
0.2734040129614129
-0.03186199323026059
-0.23802502655752392
-0.2881214034154938
-0.540696860718521
-0.5392564940707226
-0.35593477839691867
-0.5057137546373273
-0.6067532146860974
-0.5677027385320162
-0.7132210621739645
-0.6494827134706788
-0.4688257260802769
-0.13305080978644113
0.07197726012196855
0.10051800456598978
0.029310392450216133
-0.22150280640569744
-0.17442797041064795
-0.2786663707420363
-0.1346633090591953
0.08131954960995282
0.3098826707002071
0.1405140788290084
0.03407205677365531
0.3485121404324117
0.3007532873818934
-0.016688163167337497
0.0970017461692102
0.264877758716312
0.00976641535426003
0.0013630689521180305
-0.036348521703765665
-0.12141802966644462
-0.3556662140257444
-0.5377436218497497
-0.5505259987124289
-0.6574768177481746
-0.5427799365661318
-0.21740364529773745
-0.00512415519384448
0.24539249450822617
0.251616053555048
0.1432160608304391
0.12661218805849633
0.1875275901925257
-0.01570366793906477
0.012697876641603786
-0.2716780614579343
-0.27760774541337613
-0.14405386295411304
0.08398734829512891
0.25300026029406686
0.13766622374086007
0.2009262389719011
0.07147433865758875
-0.13958323516289398
-0.05478806124501167
-0.14279089000552977
-0.347149212023141
-0.3259011319184255
9.872306751306653e-05
0.08948393233554436
0.28757137075524236
0.2798702474793971
0.4511041860185852
0.4597958851062924
0.22448755938748868
0.3348938937744094
0.18614730653622272
0.2621204873552014
0.10357956660497494
-0.22309592074391527
-0.30005443128503734
-0.26628741455020133
-0.407814612073645
-0.22375046225632717
-0.2923058002872207
-0.3852092255155921
-0.3525470431964104
-0.44396931417547636
-0.26485586455789556
-0.13296606725724472
-0.11503276317991351
0.20780163307996383
0.35679789456413086
0.34804919534780493
0.2341115648899988
0.17747229076145266
0.01624203840814985
-0.32583055064777167
-0.6509458780727893
-0.7743328536957701
-0.6338879929866003
-0.3348144733750591
0.22182580194468415
1.1167667357561668
1.8915711857493
