2.3147573038522538
1.1698728265969183
0.7229351739978623
0.7083256957386138
0.4402749959265343
0.5834858102113903
0.7373110170412975
0.6655918266264311
0.6783910666134263
0.5650443675067207
0.3218352240160685
-0.06241023733464736
-0.18333875925790255
-0.03934932504308562
-0.00396377649956026
-0.25374990839818967
-0.35786887630230674
-0.31766955995206575
-0.19302248195494973
-0.1708139940558831
-0.01082450650101538
0.20269293906204625
0.19795029501493652
0.005029883654305903
0.21044985788990436
0.17772045314385945
-0.02120422437599145
-0.22242195006901067
-0.2878889589673145
-0.4108003536398391
-0.6717625935878166
-0.8471316189671251
-0.6990427267474263
-0.43981646005288055
-0.5470640224441472
-0.3627656815531426
0.11607646036151191
0.3376460062162159
0.18852640625409783
0.46815122069120857
0.6948257567030448
0.6705437254040171
0.6582565407484172
0.6154127990610325
0.4307465332580375
0.14737234825708714
0.30468330390411874
0.18004126142739835
0.12152677025650008
0.44881649093535225
0.48600106373601043
0.3032417636885917
0.28427379269085074
0.28466551771791226
0.4656772784692743
0.47721886385997603
0.23210860404279438
0.3360009966963249
0.30682814067570024
0.16371003658826977
0.06744518861011439
-0.02140597929379778
-0.30798678423062364
-0.20968332159712666
-0.4389061037117695
-0.4616634721710997
-0.36410165787621956
-0.34967268581994526
-0.49026668287264347
-0.7898400329614323
-0.8088869819897343
-0.6670598824655601
-0.7171414551851156
-0.6363136371405675
-0.23665565233237582
-0.16964002156972194
-0.3021742214686875
-0.2480892554890692
0.10038425311644
0.2114988233336752
0.21889826232965948
0.47222453113215834
0.5472752417918331
0.5833732478270881
0.6505111064237471
0.3308400060579957
-0.06508570798134343
-0.10273522586050758
-0.1759164258612895
-0.4752384518227017
-0.4869497686433961
-0.21311216184824983
0.1282587248305213
0.195658921079441
0.3277722040202735
0.26580361318213874
0.2020137122334851
0.0013163488055956893
-0.24570674890449512
-0.22827622032838848
-0.2626461091913272
-0.32677714000992597
-0.36552807874146687
-0.16608244996534793
-0.04945120408595184
0.02775803608856752
-0.01882741691307767
-0.08765281325009876
0.1045662020963163
0.036786931101827326
-0.20265379233377467
-0.1803676675587323
-0.2671340569455515
-0.5649529819885752
-0.694083733981
-0.63505048243108
-0.38611498779093634
-0.32912618026836793
-0.28694996459803374
-0.2400738190694255
-0.22944127103722972
-0.015629263866912865
0.06307963945386384
0.09404135069514608
-0.020011566860482704
-0.054105776021278175
-0.12795065174115577
-0.24664801513926574
-0.3514663904911081
-0.217482510607014
-0.0639224194821108
-0.19344096169553762
-0.20788130928377338
-0.08527598908342661
-0.2906380700309855
-0.794448212237056
-1.0244092669812948
-1.0536604632638895
-1.0841521422777722
-1.136579216628109
-0.8880236778773976
-0.4010945823402749
-0.33238730737541344
-0.10347123982921606
0.37630941187885236
0.4846984563421212
0.41206540846285633
0.338232560752995
0.6955003969145495
0.9436650975063757
1.2663306760982942
2.581935949650772
