2.8381362556806975
1.9369848209143157
1.5064471781675663
1.1605386908524788
0.6511484093105496
0.3482467890640449
0.31605715617840596
0.03876149523617144
0.01619093016365022
0.14320483654608268
0.2146406632844093
0.2180459632819125
0.3945098144501511
0.3632964460626568
0.5165220142824143
0.7084239394121593
0.789964332777091
0.6464007643765632
0.3362543232390803
0.3907265748035018
0.4412390762341383
0.065056843496407
-0.05969799979166063
-0.10775043409920088
-0.03733034147396558
-0.3840430688283826
0.09152392999648906
0.15413686240326577
0.2091649511242309
0.3161314465405306
0.7011614200989628
0.634689912519932
0.8845716799711967
1.1549102345012519
0.8768964632234988
0.5281069220894951
0.31819585733976496
0.2715099679019044
-0.05077938506382129
-0.2764676587183541
-0.30305431598998955
-0.0602163412412241
-0.14522606231311413
0.11261070858236216
0.0481055378573681
-0.000725153379619814
0.24726727988707514
0.2841258906777284
0.6386017304260393
0.809288158849407
0.918931177344814
0.7992388535204951
0.7690387617574703
0.6173618400227896
0.26963740591609314
-0.10454245022338249
-0.2124146750441062
-0.3316490448856954
-0.28872183515328176
0.03182849676816558
0.13403057199690463
0.15008103771837553
0.27437954931877967
0.31859250600281397
0.10864539939810691
0.10038692215791668
-0.046619603263957754
-0.22377568659845606
-0.4432651752135081
-0.5850062602083496
-0.48705949264048676
-0.2808416664604058
-0.2740735601392793
-0.18583719623764192
-0.1896672038782625
-0.14351396857803242
-0.08919423975567772
0.11814270138604387
0.13772144797948482
0.20003274375677757
0.05879963963514089
-0.12805055454593567
-0.46692279635337597
-0.6431036462080545
-0.6635576747600276
-0.5461203110785229
-0.2553538393932443
-0.19270565231800268
-0.16999793519765863
0.0683640791237573
0.027703550959955553
-0.1450160130626995
0.05473921313328687
0.05907420156143363
0.04315711408903151
0.2124936081387126
0.3807741626923579
0.46486643619291834
0.5533912414655668
0.6575000728618177
0.5684434063632501
0.317057002618159
0.15925737655675687
0.03602325939231599
-0.026196849361163715
0.060804950664309576
0.07314642633493135
0.0011727138580346352
-0.2602723529533123
-0.2976650667095313
-0.20431168338228795
0.14721670455887637
0.14347346123740767
0.006091633570104126
0.13776169855225048
0.07751021752971503
-0.06299018717900215
0.017455118031281688
-0.19435603806310023
-0.05420029265458956
-0.0820918131482701
-0.28695583382400924
-0.23893612789477028
-0.208508906119161
0.005320100327855415
0.025110447613940504
0.10664859658196563
0.4338821554231276
0.5691866226036937
0.6356935159647074
0.5925373559363167
0.4338307963743445
0.5415949608253533
0.4654418444890763
0.3280196890225264
0.07066801801264169
-0.32161039485444665
-0.5380528178930216
-0.5749839298846436
-0.48436293710626965
-0.16167571049202667
-0.054085059192615366
-0.12940401067109839
0.20361373785811734
0.543645559676124
0.7631313356111908
0.8501347386235794
0.7996272504387383
0.7373211342659194
0.522080894549503
0.1191650742678207
-0.0160122331304921
-0.06639977454504307
-0.33443178388360123
-0.6490399619109916
-0.6700700752187873
-0.6684959897528867
-0.4947470985961616
-0.1411861416601136
0.10566581601565905
0.09555168039486607
0.03470386718910018
-0.08120345047984366
0.017939293308403072
-0.02716587144913523
-0.15262235336904106
-0.10059260060015629
-0.22378563564015957
-0.1431162916501268
-0.342843222916696
-0.19594895321138991
0.15052783543309525
0.2325635003044784
0.33238486410607876
0.23176901503370642
0.04437991988150922
-0.2498944770650918
-0.3434946749586995
-0.21027813949100851
-0.3631249867428744
-0.5050436738423558
-0.43836245783847
-0.41075992182963156
-0.203407794187722
-0.1390152501317816
-0.27697102003045887
-0.043125449945892715
-0.013436081353638682
-0.20579544785366358
-0.2192027605375855
0.07494671550514852
0.016042183900754244
-0.3497714009728312
-0.4710510685743705
-0.32975514831457853
-0.13858564326821968
-0.06661771369026825
0.09860535345337351
-0.010452963781345664
0.10379657523759189
-0.1151145376804632
0.47404847079514706
0.4197303612038319
0.49629405481284095
0.5566781912327117
0.5536029715192801
0.5773279183910832
0.6013079043690505
0.4407333466202765
0.36198781530708585
0.4275449854750766
0.16124397510012617
0.14460705347293684
0.13654885628731975
0.1821372916792478
0.07158139239408222
-0.1490003988787858
-0.11568342522609668
-0.24887160645327439
-0.02722283614610543
0.061185787420951376
0.11500990742601111
0.09928171767900615
0.3753161175224133
0.47881172536467015
0.5225682968305481
0.602675130848986
0.4422240142959
0.48236355491525923
0.6246564657628927
0.5922423084960241
0.5208922146697251
0.7381554467294812
1.4467109304103438
2.5138846047266012
