2.6776271894194985
2.0083531771596204
1.048327273176942
1.006814756185908
0.6478959454318204
0.2892943878430433
0.12861398928381745
-0.0887989305634139
-0.014023658501859403
-0.04309097974950439
-0.3288604084022003
-0.28046684325374177
0.15018718175356002
0.1989374975456832
0.1998087684350008
0.38342006153526054
0.2966474455144336
0.15634563517077393
0.3589869258245485
0.2534301591581372
0.48165077531442735
0.5640317409737754
0.7098785847617898
0.6643996329877583
0.5840884161423328
0.6220602181814953
0.41163167193198785
-0.010804065890902407
-0.2738137701228731
-0.22170043427719044
-0.37230779802824593
-0.28813006478780834
0.21348730078876904
0.4445056214431007
0.5332240875382657
0.6046371425362087
0.6218759800695068
0.17566694352452747
-0.2458566266948164
-0.5878858841861475
-0.8484855513556415
-0.9735726758495906
-0.9133252312090908
-0.6865890792604372
-0.268291375074521
0.11302751644592104
0.24517751593982892
0.17454811408198406
0.05386185699174605
-0.04083316256133482
-0.29443680623095086
-0.5092954573498389
-0.5621121884934747
-0.7882235691723669
-0.7988185881992147
-0.8527676511372676
-0.8534068913155888
-0.6881910584354315
-0.5612440144268529
-0.5243135067305268
-0.571387333547033
-0.5081662113836763
-0.34062311046180316
-0.32942265545786015
-0.43338582783813895
-0.38483086519826315
-0.5515824608292471
-0.6117854145731859
-0.7567298564098632
-0.725228169199873
-0.5958071937078332
-0.39981709569964574
-0.19317016472423235
-0.18858740020804793
0.15959402035533213
0.37965083993447046
0.4635906293298964
0.561067646669505
0.6604154487704511
0.4923928781055427
0.4966149935299757
0.45594359125156586
0.6652192047692823
0.5569002869564765
0.521953726524163
0.6950463713751164
0.5802208675625536
0.28728217211269014
0.25881797503343656
0.19417212842299542
0.2925348989340663
0.12256630458214582
0.01639903125316341
0.11382281399995378
0.38831308830241706
0.3239837656272763
0.07497613652979647
0.1450806115834335
-0.026000688346326344
-0.3832748851721325
-0.46503246371736
-0.22740008825904645
-0.25573148623978603
-0.22409307541034768
-0.09747365808355611
0.280245846450917
0.3873329753780987
0.15280567093724298
0.18007899311899003
0.08459666626502717
-0.16481888913173723
-0.46529945524981153
-0.5556537943573702
-0.6521643458112756
-0.5992883729144344
-0.43460226907086424
-0.2921005320642251
-0.1445751626137746
-0.059450343862397205
0.016946463477790382
-0.11273437880801801
-0.37056562865148246
-0.5580156453064368
-0.6028412609119583
-0.5985986165201806
-0.4745300446933066
-0.255168582326286
-0.15793205307938377
0.010295434230802725
0.15520225701629217
0.16215892191435927
-0.08857866709270369
-0.272731381156083
-0.1694022401254843
-0.15847514803131904
-0.4013665750098904
-0.4658768006855014
-0.4062344067822497
-0.5875656145890604
-0.6347840061335389
-0.6197031678551204
-0.569563551478323
-0.40287318277393225
-0.5113383481393687
-0.33417613115449163
0.019040728929540004
-0.015555146730911464
-0.10096979948162293
-0.13955605763281395
-0.021110004165758783
0.06707938053917928
-0.16008304258711156
-0.20550594891413704
-0.032798645932338194
-0.08901892196242588
-0.18752100000406746
-0.11011407472414637
-0.13471428264559854
-0.34186723414545983
-0.1652313552327326
0.18733238728469342
0.28123875226784745
0.18479757334573893
0.2804750310488314
0.4483235315223265
0.19785105555241422
0.027998950642476705
0.30170443979897565
0.17968573436342003
0.03499904428095986
0.224992018121322
0.13869631049434847
-0.1147634112628531
-0.20284572897453032
-0.03021951393034384
-0.2280455152412714
-0.1699923413154932
-0.10493669292585348
0.2287561585647726
0.261030193359031
0.25559221313828645
0.15387253885689808
-0.00820159538076698
0.1147612586356287
0.019627021252337763
-0.11881738644152605
0.1230461198918176
0.03938365412697788
-0.13447440025602292
-0.11507752810727963
-0.20719566070279744
-0.04547322450656166
-0.08654926120723948
-0.07029365429472487
0.047014543230987374
0.04807373628519272
-0.05974685641897532
0.17133423083035806
0.20730007947516574
0.11038610140993255
0.1586610601172817
0.006072831453009933
-0.17452716206411809
-0.2690123976136118
-0.47250481783937875
-0.38369427278003215
-0.37666710716662893
-0.14214530545731457
-0.20369577101065348
0.009581892784235204
0.24261311625589155
0.15568993967071273
0.23895397738096083
0.18271895621751932
-0.18350933646132406
-0.2461106030352157
-0.005770496988975636
-0.13587036196664995
-0.4909660489779874
-0.5208274976224085
-0.21032951990408336
-0.18260307713519888
-0.36008413107981224
-0.24008369477630612
-0.2299207459958318
-0.43073411274819823
-0.5363341348574517
-0.40392096185992793
-0.1671306723653742
-0.22327941694372044
-0.15132029799679497
-0.26507636606503404
-0.17586059617704838
-0.15652271236742124
-0.4544284433910575
-0.6040753004081146
-0.6095322382075297
-0.4468237128576747
-0.21268275004603324
-0.09099602861993997
-0.1184817039753812
0.16976274699384167
0.1912239057174293
0.15460408122296954
0.3255577352919017
0.3727676460512492
0.25253277947021757
-0.04223515777560924
-0.012052882384418744
-0.05471515021610616
0.08668593556742248
0.12383444229149457
0.1278269471528114
0.21548068032686363
0.2196320851221033
0.1519621070865742
-0.10824799618581858
-0.10626747647209159
-0.130533132957816
-0.11308166907099426
-0.3593736137142241
-0.3871419814130972
-0.1082801950725904
0.056262719090335485
-0.02461977269809927
0.004329335524651141
0.018980309475463752
-0.04658608660774269
-0.10069554706821542
0.07943910877170332
0.4867748534591137
0.5617500712277028
0.40951751955836024
0.5769394621177899
0.6809469464491379
0.49337110812080115
0.11457316545889425
0.012299865683752841
0.060507301382284405
-0.2912100142622574
-0.5670086171342886
-0.6283299367867066
-0.615446187769929
-0.8044606728977184
-0.7457339275076548
-0.5924783454801954
-0.3339596503928754
-0.17231629126717357
0.06861088893749073
0.20069871145091672
0.5779194106090135
1.0248909300911526
1.6006082137407083
2.3974403422634185
