2.1458767740805986
1.2872316808638125
0.860215025490189
0.6483474309213002
0.5333629739304354
0.1734500962123005
0.17576405969819994
-0.08642037692694891
-0.31976725199324624
-0.3668445149788664
-0.432172890312298
-0.7149984579898023
-0.7987338464408538
-0.64444840875099
-0.392788217771784
-0.46410199539679936
-0.51490089307238
-0.19516239563374838
-0.035707840311900135
-0.19938952632673723
-0.002235035963683095
0.4678513049817235
0.7216308980771997
0.6445074030822181
0.7292020239610675
0.7414888338306855
0.46987685630433057
0.4405314327136421
0.4942163737047258
0.5617195491413266
0.5030676074259148
0.4238403279257524
0.20717135469187448
0.38352238958647966
0.34169685723849536
0.09126371648744568
0.17055137411274346
0.22757352685722074
0.28569434792834786
0.4169034553808794
0.34242712254143876
0.14337570883109976
-0.07340889250776426
-0.10969702357906021
0.027059191655646783
-0.13715716110007153
-0.13842269338270072
0.005144774000867624
-0.12684052269325155
-0.25548147315490166
-0.1749695754546642
-0.41608788165823635
-0.4135227753617726
-0.23861202222224756
-0.003844718599574007
-0.10552115947419233
0.1094268457989149
0.12912381695394295
-0.13399923630303867
-0.15968774780985914
0.04335348146318162
-0.02163768454013157
0.033259286488416924
-0.052903075165214086
0.17040880557113253
0.38916151191912096
0.37209162459267725
0.16629449746399474
0.23705079600293943
0.3762876363644688
0.17947861538021154
-0.0021439547665212753
0.1387656847994338
-0.018456143758949467
-0.19921648755088664
0.005743130451042302
0.055515133529181
-0.27516652365460575
-0.3020324280600342
-0.17904081700167582
-0.3602698240190304
-0.3727109061185824
-0.25141426514231535
0.10790870832432366
0.4196175012893885
0.518089173784443
0.7496141935322618
1.28835971662622
1.854057194764254
2.710449043905134
