2.6279532111861426
1.6582717906550914
1.1443417040869992
0.8333580321559855
0.5313958883888535
0.2647739907367551
0.40449066392307703
0.3771829856539491
0.11404303632880217
0.16693858467557798
0.31279280786384256
0.21762757182311174
0.06652590733981667
0.25272542116001095
0.2873974962843325
0.3888307765291455
0.5184705860127141
0.5133114460563586
0.35762585380422535
0.36136506347060005
0.27999481657318764
0.2077630442997874
0.4828223815145059
0.45053564608401137
0.4326139932646642
0.5299661394139895
0.42734088141919174
0.3809332040678841
0.25051738771935683
0.1958061290890283
0.16518030818437
0.20067157421415788
-0.039037189906027156
0.026254706725565614
0.48475081282242677
0.5912993297408681
0.5968304449765062
0.6349294807057865
0.520891356320916
0.573112743659614
0.49267901414129756
0.33790655855608104
0.23067385433102833
0.001816845565889104
-0.3702606378346295
-0.47238763902447
-0.6041004965464408
-0.5711964878163993
-0.5693592396773386
-0.3956426124394659
-0.067084302263759
-0.04082742857946403
0.15076545135821812
0.15750829471688818
0.16852911631069972
0.335961279594051
0.2720803445747925
0.2202118448850281
0.1128720961101933
-0.14093608147138353
-0.1268396248157185
-0.23616483871541497
-0.2789268405698397
-0.24958458087720944
-0.4044657039370285
-0.4481265195962708
-0.40434763054257206
-0.26305777137660813
-0.09743080584610476
-0.1013996262443245
-0.10314545879059593
0.017593295206708888
-0.22709717735873525
-0.4428302911265615
-0.35317106941906473
-0.08235614083019904
0.007314656927664826
0.22713215055618605
0.4496670291913067
0.7100688003754139
0.7830585784253274
0.7630187378996098
0.7081049203587365
0.6125266003874167
0.13925612121238687
-0.04354335683504673
-0.1520846249832429
-0.42888741200896446
-0.5695261556652087
-0.5584514873316148
-0.7308546035119492
-0.7739252263436786
-0.5728408621595922
-0.5860391607880795
-0.5237208395118965
-0.3458528113429253
-0.23734928480116718
-0.1717171430875717
0.10573492423319711
0.09053887946272766
0.08122447544196063
-0.05953642864363594
-0.23577768792730872
-0.5611980559477665
-0.6370539361343106
-0.5480391072659315
-0.29907778334478974
-0.1376252623563261
0.006150011369704064
0.0025070527733875624
-0.13968231538407266
-0.3219076169997119
-0.3476436591377478
-0.20649336742466984
-0.2901028414651968
-0.43959552050322304
-0.3637686127915892
-0.4128064268032447
-0.1310464406379505
0.007988282346898775
-0.04698611176851606
-0.15901529514168478
-0.23731737122563767
0.03433695865414234
0.04131909374653922
0.21580332988371895
0.2261419499603232
0.058571710744326634
-0.24276793967019225
-0.2385711574424535
-0.3636958835839278
-0.3481325155979402
-0.2045192014017317
-0.02911032075430083
0.006173617074210998
0.16784993316601884
0.09670114581953082
0.1733521558719652
0.25334370499513725
0.2832117571674906
0.3686867923945554
0.27772054574234195
0.053977342470133
-0.18642607228451546
-0.26461245702615666
-0.3651316857792038
-0.31743389667021876
-0.23376599895609046
-0.4498987955930185
-0.33092854670848243
-0.20259012855825012
-0.22842746539529088
-0.030485352575459645
0.18037424301052996
0.10352080722569318
-0.09160810191367583
-0.09253423651275611
-0.32776331660976415
-0.6593186304095001
-0.6125257453587589
-0.5770925005259376
-0.523053005302351
-0.4175858975397704
-0.17319055967413674
0.19396286986858394
0.5820647982745399
0.9468601610882924
1.4248181675151275
2.427950523621565
