2.3721473408897866
1.3685259256560005
0.6084191567461842
0.04657417447395058
-0.3274968248063752
-0.44065450425100705
-0.38103279791324907
-0.6326584360497893
-0.5583701186867246
-0.35160971696755217
-0.1854339038825718
0.10465235550751276
0.1724844384553087
0.0488583972255205
0.10963093997186509
-0.1225080455162707
0.06321362160873922
0.01954000908167806
-0.16254754685057285
-0.2931194106497852
-0.12894938051602542
-0.14745124534238688
-0.2645861645807724
-0.1494379071666317
-0.37611188824383157
-0.3247033215182827
-0.5503205337213208
-0.5406369211726352
-0.36506324626346015
-0.3648612482242566
-0.4046289357667243
-0.27340818887490664
-0.2567657404064633
-0.22811008281595074
-0.4300293223478741
-0.3129697233261281
-0.2243084731490101
-0.21849456992987684
0.10778060251347268
0.2044355242067921
0.3819825396664418
0.250719681955126
0.18038841228286112
0.048649535210957606
0.07127592392027707
-0.02209261105535717
0.05397990025302446
-0.00908955324636065
-0.0758774038218529
0.029751028491370915
0.14262270258252144
-0.012719114839636692
-0.10597438462078833
0.15114209917839924
0.08440602034616236
-0.08918595186837375
0.05137782086642663
0.2914695873653821
0.21960228607537163
0.13825579069003974
0.2359155188373956
0.36895623559117724
0.1858074670263391
-0.07781627459292391
-0.28375877281186546
-0.22644205173727625
-0.6292403581281713
-0.7767636303962457
-0.6347944674193221
-0.3337632003760338
-0.2347166566123433
0.020919192641662837
0.48079569463972366
0.5901134848196453
0.5725869743723107
0.6287431894707289
0.6169651083525279
0.3873767152324339
-0.09240364746026741
-0.17858194911638592
-0.13848795630759075
-0.13417833407240687
-0.006439172661019314
0.2841881070605016
0.4246887672644493
0.542762293852615
0.7386164380018362
0.5318076845333353
0.43262698163115587
0.47746805715483914
0.3145288779230707
-0.1803039568318208
-0.3530933306392233
-0.2788958764785373
-0.422449568476059
-0.687675441064388
-0.6209121707242603
-0.4182598028752805
-0.41315666603957657
-0.19322159418847654
0.15327735686705113
0.23715572394739082
0.015633680434508045
0.1791564634718314
0.20206305825560938
0.42038072689022393
0.2334727076728541
0.010394676778860277
0.0669099039136357
-0.09218356063095025
-0.06362633140642902
-0.1798233728596309
0.14068780434677683
0.16772725211050088
0.03426885276142743
0.3377622357095575
0.42890203940437344
0.2832497603019258
0.42798448019527513
0.5430429183299189
0.27463988301728176
-0.16028873240255476
-0.12351572659385258
-0.26944629954965094
-0.6713979855635762
-0.8470979153208331
-0.8733257480364838
-0.8653297407040897
-0.7142774875382456
-0.41952879130538245
-0.3920997157958624
-0.4307118607045084
-0.40288169983331434
-0.14763184191942058
0.27065582632752594
0.5767047523394944
1.0188297999389508
1.0486059272102888
1.0619502468012305
0.0009488865075801822
-0.19848197770572373
-0.17851778227506276
-0.09790684325695376
-0.2326688943822473
-0.21489014413979785
-0.2958515169643537
-0.20205986625841238
-0.24715554566655956
-0.2427168775265449
-0.45446299787861283
-0.36734329814290034
-0.08480711781513206
-0.1466501520533504
-0.012568996740345268
0.004181569630806731
0.047911656079164665
-0.22666895511719656
-0.10402505505292281
-0.2066517470722092
-0.531319541247854
-0.5594758721807385
-0.4062676919339641
-0.60998692470143
-0.5615696217712381
-0.5267753216355396
-0.6020638838475854
-0.4624761771336364
-0.21123952862745415
-0.10383085725991276
0.24045622188854754
0.21799666342552132
0.2711584289308755
0.22892819919599564
0.16273905524647395
0.24572625459858646
0.4093243184138432
0.35909335771668005
0.1852111583378211
0.06193410536546447
0.11048081697123056
0.04155904496711225
-0.013444946617805811
-0.00473654528637622
-0.09180904232945224
0.14242988140329288
0.09835977835777687
-0.19914126642578261
-0.10970114921905905
0.16564712693451844
0.039237603511852515
-0.1917671983170948
0.0009390036214796758
-0.16834820393708286
-0.24605501554292633
-0.023152891490437782
0.2672231035571645
0.18961252866731262
-0.0013110418270778981
0.18295347520196467
0.26026185300754495
0.32709862779688137
0.328642397659522
0.23053435438759895
0.14610946876663944
-0.09552551022091309
-0.07366882465952154
0.03211194795042368
-0.16573828806746974
-0.48906223437024365
-0.4398328009894034
-0.5145910539227933
-0.5344008521057798
-0.40567299980658145
-0.37985349098302534
-0.23716973734029095
-0.297881773590777
0.08020476596692602
0.2273726802192801
0.08977014327636741
0.02806436594766991
0.28362689031831295
0.20491596053968292
0.009389825392338652
-0.04451781253277077
0.1347707687175541
0.06928520959948704
-0.17688271483942208
-0.12167477929977345
-0.23215312156868345
-0.450919158109698
-0.5055955810519479
-0.5935749385776252
-0.34234343447520105
-0.32729447275602197
-0.5483540930039726
-0.5683955163892689
-0.2115071830979638
-0.176914067257238
-0.12463134038862564
0.11424718005556997
0.23119293604868157
0.37973485813448343
0.2858517008552785
0.367014626668994
0.5299392795513624
0.5419560598351336
0.5122437010836706
0.3782690559637604
0.18805230989379962
0.13669534800802377
0.05429549975497253
-0.17472400156136644
-0.3895809903992061
-0.19350511256022115
0.05883234241229067
0.08379958678752725
0.02479214025765618
0.02836933871934271
0.011590163587128752
-0.14418230617622685
-0.023925256003231365
0.028103632336430033
-0.03383335196612921
-0.1995916896226257
-0.07776303896916939
-0.1860006119712941
-0.1043141369959216
0.23693706480905435
0.4059348027761593
0.33747342376963774
0.28282377107258183
0.046699181024789954
-0.05550711639775702
-0.31774282483392663
-0.6911812644329488
-0.8284461165846952
-0.932135812304355
-0.9553457356466343
-0.6537706803568923
-0.7338105252682317
-0.5627493782170603
-0.08891197893123312
0.12935397230484533
0.2092648404203308
0.37454015743682284
0.522192832667675
0.5568287399535818
0.3453868112262066
0.06277887321964361
0.019038222225494117
-0.20428405320921653
-0.12605738306951988
-0.46379899789851187
-0.5636714427463656
-0.38398382395145725
-0.3714275510130369
-0.18855613839812152
0.09737115925464424
0.5315337117549228
0.7776826654586271
-0.021995007383884935
0.2516253670221153
1.4162441153795242
1.75970875391087
1.7619243780325715
1.1962998836344512
0.8405722370484565
0.5996038192504086
0.8242293912555602
1.126532731135863
2.1093233453326397
