2.5303440745314605
1.5180977930342834
1.0346441838281826
0.4320291849232828
0.02123965265655168
0.008354448900672145
-0.04441058056460734
0.09608036187115168
0.1612472332580182
0.023209778425540128
0.07007593601939259
0.07559206875856445
-0.08211323196059514
-0.01697555179315472
-0.06775661316920777
-0.34929835545104254
-0.3267624131627389
-0.366745612342542
-0.465906395661719
-0.42961471272168955
-0.44928375412966826
-0.27153073623558205
-0.2230527095460362
0.04308382677377902
0.15345378798265194
0.008763970438019379
-0.2628850055355952
-0.2508901557381316
-0.47144299294869674
-0.5420760649728311
-0.5056879977839557
-0.28330566363987836
-0.3722710779326439
-0.4749285430427039
-0.23005333619872703
-0.10789487747758039
-0.004678427493398404
0.08408213178396418
0.0793976557420546
-0.026938498496773856
0.053563926365184936
0.2128851592826775
0.19324964482020746
-0.03365143508455771
-0.2530994277758715
-0.3404581862502757
-0.2093264858316648
-0.4230037292640556
-0.4137984112473281
-0.1084254874096127
0.25204590036059893
0.6276121796289638
0.882575595535474
1.0075963358911506
1.0302303556804713
0.9018556599845363
0.6884181445442958
0.5333969272586502
0.3419382208733124
-0.08205384523276206
-0.2987019878918153
-0.2753965147395792
-0.2966608376001753
-0.33915482293906
-0.19770938995218085
-0.07644192164909414
-0.3344624723500167
-0.41674110613159376
-0.21248433503491712
-0.07675313433291676
-0.14481593554189998
-0.23848621354699795
-0.4125378146362341
-0.38047952150236397
-0.4193925426072423
-0.46872544049798837
-0.39378401570049637
-0.27718722301412946
-0.3801239485075405
-0.6153824569303146
-0.5581300940888153
-0.35228664258023595
-0.3835666020250994
-0.46491884345550716
-0.38321652748842766
-0.48044046498495246
-0.46212139439345673
-0.41771833138908393
-0.13622608253236812
-0.010287855770083117
-0.16337567396629737
-0.06867512226598207
0.044169148947508514
0.021508830508279803
-0.09593009030174318
-0.1320236218451916
-0.42695645905277807
-0.5232238289484296
-0.4564827330734796
-0.20250690404320953
-0.1020993795128819
0.11159313652924266
0.27008085090969525
0.17499955738789125
0.005405941615773703
0.12012923805337886
0.1958392862968436
-0.024608125204526547
-0.21717615832733833
-0.1784321753346597
-0.15521369975898053
0.21672051278804558
0.36482533228469627
0.3137823913309386
0.22940407118626605
0.05274877397874777
-0.22863102542380415
-0.33092035765629335
-0.40858347003112067
-0.2791865681836767
-0.2848797376600033
-0.13979224311884894
-0.07603030704229236
-0.017195807450575036
-0.1312796103488175
-0.3278602420134268
-0.34511143471739797
-0.37209178338139587
-0.4733510317152023
-0.4776198353447696
-0.4317493905804232
-0.45845031843068895
-0.28227888016535013
-0.08300488163541062
0.18090649411955562
0.06103712991193562
0.0901936051699233
0.18086597100473695
-0.05713148548531154
-0.08808296957082547
-0.21893057091219215
-0.24555426966962918
-0.35294745607536304
-0.554578345858271
-0.5054719891797403
-0.3643594655856233
-0.3564761990687492
-0.20630589640746858
-0.002684592101070955
0.008931613469990567
-0.04114859107901915
0.18584795227403278
-0.021467486860109353
0.029505832101660325
0.07258785020951737
0.004971073814571451
-0.23646119079377018
-0.3746479776929624
-0.31355220897054237
-0.30109166141291643
-0.4636812566892923
-0.17852817751404143
-0.11288780487134645
-0.3795549583735517
-0.36295363656995633
-0.18705697992840062
0.011164963237950526
0.05378242436005863
0.0789595946391583
0.16699484040357127
0.20024554074079473
-0.14198337283170628
-0.1795196830442125
-0.35649245440320004
-0.3804210809683792
-0.24083719519453323
0.0007340875698139578
-0.12046230972869305
-0.37964904845333985
-0.17739921459542315
-0.12313289220493276
-0.26677175877902026
-0.2541764868785551
0.06520008558547055
0.11098547379574139
0.3928004810383415
0.4375400418006673
0.42795576071470093
0.28830986414012744
0.1046914708105351
-0.06992099777468025
0.018722697926288206
-0.12532738349226738
-0.19616391547204398
0.10721631261571483
0.3091623287779518
0.34261875542475534
0.4116025803334732
0.41790670600732976
0.5391578333854986
0.20425578682551732
-0.22145018347851314
-0.46495134291487783
-0.4677212943284919
-0.6142416389194546
-0.6043056394855311
-0.4875052579400516
-0.16289597137053358
-0.000618689706254321
0.1249132302876713
-0.12340459940624397
0.022829862990309563
0.10158591554318819
-0.23843197463889823
-0.2487572734999859
-0.014499157440670866
0.12374046232419264
-0.050408856514883874
-0.15803959141425164
-0.24463006091859743
-0.1453150593728297
-0.2315940877542982
-0.3660242912732142
-0.30525456145722357
-0.21276543554645536
-0.19777294122527242
-0.21324710353573942
-0.2930831461130494
-0.5193017406676773
-0.5020315107474679
-0.32545813709769816
-0.2513012040484928
-0.1508314826182682
0.15045089961403132
0.31358829358494134
0.3351381824847595
0.30812969794366335
0.4153336148578599
0.10370046813723563
0.07636565391082242
0.2345010991016955
0.3264416696052655
0.31086685349694027
0.594575842093445
0.7580412107645851
0.7569277145618996
0.45158380117043045
0.46045166064617127
0.45820934547605846
0.05940174961999731
-0.43231274200222686
-0.5390172247715662
-0.49116723203160856
-0.3679156598080774
-0.3575420853462471
-0.5375211977859942
-0.4606911704056296
-0.5153694423800391
-0.3992377415539681
-0.12911979697419568
-0.06450676306810593
0.13991190903857648
0.09632103706605243
0.015726351808740734
-0.042534750246263575
-0.1530066330749245
-0.2092911984541321
-0.4045482850670605
-0.6469922355602179
-0.598209089433134
-0.28558740755302137
-0.43862600026939735
-0.4579826289852163
-0.21805791258280804
-0.062410038324209036
0.0706765956613587
0.0810915467208978
0.4022550157853839
0.4932495362512997
0.32206191319868577
0.17887210025588574
0.003069877605176817
-0.09207201824554792
-0.11259549385083338
-0.23046275233465918
-0.4232709519828315
-0.3663074568815169
-0.3316608383242697
-0.4125453449589115
-0.3475108346327633
-0.4262127951207577
-0.5348536787612167
-0.49119759562953336
-0.5638078596462843
-0.5974190010590505
-0.6493829152973044
-0.575448341637394
-0.5008757794622416
-0.35997483866591057
0.09025338700801498
0.4328205373323293
0.5288577799867579
0.7225466321859422
0.7647322045840281
0.6735906300151564
0.5673465256702446
0.41536563505454294
0.3648828915778017
0.07171442921029007
-0.2368814982059316
-0.18606972750398482
0.09251946171857742
-0.05324896159424818
-0.17663808578330265
0.16967210518571538
0.23027950984063694
0.08113857338682434
0.04036897875412886
-0.016024291276263515
0.11109424044087952
0.12171169506487332
0.20974252083365497
0.23346828815997958
0.10973404501923899
-0.017152505831901314
-0.13720043212957886
-0.11324163709237775
-0.25901096800160567
-0.11262135908521934
-0.0846646508874401
0.17645092589113767
0.27927427669829724
0.14974828212641642
0.15137955952139545
0.10105607366890804
0.024287394040571373
-0.1126012216124393
-0.23597691706184182
-0.44774924913820363
-0.6142030619845538
-0.6257916294771524
-0.46105575096947754
-0.367367364697567
-0.2917875113070107
-0.2643898371819235
-0.1292843252522543
0.2186577359561743
0.4096942599868248
0.37630019906994316
0.388106185938149
0.08717908562876484
-0.31870004376714467
-0.4567000251301698
-0.5500640600039574
-0.5149932635424692
-0.7327920715001562
-0.5995009332215604
-0.533597116475466
-0.18609158514421628
0.3195679669157887
0.4809841254282731
0.5050024496097136
0.4241460375774716
0.2330461774195424
0.14549804531340654
0.20054171008147434
0.1894006041686528
0.18946730797272557
0.2134113037398319
-0.13247553083652414
-0.1617582496065165
0.0020945717676495047
0.006036381303993185
0.06881035996385355
0.39395567376216917
1.0037793813060816
1.6326832218191296
2.689909309247985
