2.904501505505836
1.651891208780648
0.9452573558049576
0.6426351150980175
0.033067913572252014
-0.18131950698242977
-0.04837507329198752
-0.06525171290913442
-0.18691235206190082
-0.016718058850645298
0.05657577241235391
-0.07908550966706947
-0.3360495002084108
-0.41399561627639636
-0.3628247037718608
-0.3060789822661487
-0.38497622848715163
-0.445937167542354
-0.37615012663618985
-0.5157943584457556
-0.49701174492381434
-0.6504909118029284
-0.6401711199284492
-0.6322672187196171
-0.6480034778849063
-0.3826229535721626
-0.3371770365046809
-0.47489887307875117
-0.38082330251302715
-0.09952693394920814
0.020968073648628266
0.03632082446819841
0.2283238670187087
0.26322460067631853
0.22399356389815767
0.23661676080025149
0.08950364503487036
-0.08553559614148616
0.0545578215791815
-0.1439950954423417
-0.4335882366158186
-0.6145751402359644
-0.674833443509258
-0.6578970439643331
-0.5363027953772856
-0.2919775112708473
-0.18627738960589285
-0.2255177065615091
-0.2206193020238114
0.002118948076061179
-0.0982482079593399
0.08437972449868618
0.07248702080694096
-0.044597229041144486
0.07889438542415621
0.06657878963851414
0.3272312925623938
0.5807069111269082
0.4590854691889524
0.2939678648512448
0.13591347560984324
-0.06919222145399623
-0.375102301955654
-0.48345996720881734
-0.35762491062077734
-0.07958014217446369
-0.18989350655888015
0.004775071844587434
0.2759763336968489
0.23737371729978268
-0.0077822319553077605
0.04455444410735919
0.09090024177529232
0.1058764181024566
-0.09255963490995549
0.17124868691323983
0.42925293431413125
0.30675125448055207
0.35836500671394306
0.5322839572366539
0.5734677888669144
0.3943636719884191
0.1862416215103888
-0.12448723712465523
-0.29611594272902486
-0.5870591554017425
-0.5587393265144437
-0.8879598685262685
-0.9969416532479236
-0.9394284332178567
-0.9013623584919351
-0.7907245749913782
-0.48361365905526726
-0.44749578532123774
-0.5067768945057753
-0.4062089612889785
-0.14787333621433443
-0.05196082697527643
-0.07286632700893486
0.09925149983739469
-0.14480342239504312
-0.06064392435999779
0.06197266099920788
0.19889340197185057
0.023759544627964424
0.33457220511698177
0.4887837180569722
0.46231214566717005
0.26282665381238146
0.49662979916104777
0.41400730372190675
0.053099368798090636
0.0244563662652469
0.24865134484495383
0.1251446860644704
-0.252586412153376
-0.33015752235768414
-0.189179873570265
-0.38297837014162234
-0.5083689243195916
-0.44808429046083775
-0.6638580552032554
-0.8058187131684212
-0.7800577539412519
-0.5828986516427611
-0.6534780309496178
-0.5330914943702548
-0.2598093042898083
-0.09923932600647659
0.028800435356446934
-0.07055231826821604
-0.24673700562420794
-0.2987582620812297
-0.17343936467454893
-0.23116586442990064
-0.2040559430645721
-0.2539058748797799
-0.29290124282352115
-0.1827103686564374
-0.15748112686889373
-0.3866996218489722
-0.3272542178957358
-0.25766275163846664
-0.47399556781776414
-0.5807369730613742
-0.45566533440672047
-0.18984654191305822
-0.2610160521392146
-0.3960981229984372
-0.2526413331825802
0.07191005237360709
0.06402344136743945
0.33204330406897287
0.27148580830725666
0.14512046522523006
-0.014804680445395952
0.019167492344602157
-0.041200426440620976
-0.3196774029048033
-0.13294165195289553
-0.047098165102948994
-0.107184989148943
0.05011919014984542
0.1553262935901611
0.24693899557992294
-0.02711164331758458
-0.008544275666275126
0.3713588204568709
0.3516977044717799
0.10973346628982937
0.3390187850590655
0.4236153225801752
0.14356699904003797
0.07532774332949566
-0.03812428599932465
0.051727304101646686
-0.28370116395983547
-0.5184145570414553
-0.5468358868872134
-0.38418215785822324
-0.4820040752259399
-0.29175310799162163
-0.15790530192455665
0.04248275949214907
0.46517855910602374
0.6789449257106345
0.7960815401654262
0.7784023585876041
0.5803499472625226
0.5418092214843115
0.3948542928616285
-0.04755539218564263
-0.19300536575314184
-0.09121739550912154
-0.10649133757585783
0.04169186297292546
0.2565376660724918
0.24411703129685314
0.09934398591962389
-0.16439780901729673
-0.19038066560734912
-0.26821838346126176
-0.5330137358208248
-0.5303986444828983
-0.47424580972871944
-0.5043026282255486
-0.33902858247530254
-0.0006971994293496278
0.07781767096499151
-0.09597891006956599
-0.0004212414592449278
0.028700640808206494
-0.14904858867063128
-0.09799095831558455
-0.38379818981695357
-0.388907399841415
-0.3645292943955914
-0.1809265156893311
-0.04242130230916698
0.25941116318794866
0.28764696447815163
0.3316890338001397
0.3832730258928562
0.21588372843380435
-0.03305876769691991
-0.06397598039554434
0.17222525454356127
0.14930981161719842
-0.021306025455712925
0.08294002884753938
0.10772620595628382
0.03381453549315563
-0.2288219094740768
-0.23309623866868115
-0.23769589819670814
-0.08547340013336474
-0.2227112430902472
0.005424517417838324
0.30371036366286003
0.47067046159137665
0.40128335065279774
0.5475297365978582
0.5751433700687026
0.6764864487335699
0.43184536731135714
0.1879273739135925
0.27205460381687524
0.11576114593452283
0.163783010781013
0.2952441947722841
0.44237167012977907
0.35199015738078054
0.07014883538049096
0.19133383150790603
0.2129164382841648
0.38274987017451684
0.2758322638437451
0.032581604770713465
0.050613531648784196
-0.22337681502471085
-0.6339443414584041
-0.8183931837998539
-0.7111563223001766
-0.5926304502037417
-0.3989900946430463
-0.03629821185433392
0.2233044528230211
0.11214650249405222
0.25537702124778594
0.4419103376256042
0.4660179606454689
0.2471713323306087
-0.12165464544928653
-0.19991413153433674
-0.15611111660620694
-0.20808222423665643
-0.011835693139431102
0.05548867966268238
-0.026879371111944512
0.11970999926498488
0.21402628656673142
0.47062194012406344
0.6274371197654439
0.6341319314346305
0.44439092309329176
0.4300711198963868
0.3187484626346499
0.03988369763643244
0.10214423623507955
-0.002854050192764324
0.18336855140027541
0.1291494101805856
0.38052128401971436
0.39090755459492627
0.4949654626136691
0.6242964184766819
0.6609873561895878
0.6353229648090429
0.5167533765006496
0.23924797766189948
-0.06290583203704019
-0.42843428960111807
-0.5965014936885765
-0.8819195004565712
-1.0212739737074303
-0.9409852581173533
-0.8675816587327644
-0.6267341276248497
-0.26104350325326703
-0.15751357327958107
-0.20848858251902827
0.03150443893415339
0.3581034225467429
0.42723342591927665
0.4778743755795743
0.5602308089837716
0.5115487696582236
0.17650880773182523
0.18098205742675305
0.1793130215427665
0.4572750334967735
0.5000232261728951
0.8273222296185766
1.2208660909018212
2.5433271547721508
