2.511698476250885
1.53953953279145
0.80806413969776
0.440870949324026
0.18027522030423113
-0.027313088955955314
-0.1308249471255001
-0.1753198869714158
-0.12483198016909526
-0.19594535600164448
-0.04670844371404189
0.06849508854842314
0.16085089214206394
0.27599612836813364
0.3781183204462119
0.5856477368626188
0.5517718098981051
0.5100545034829002
0.37113281614325166
0.08707662116505285
0.12393756592108957
-0.09646392038164772
-0.20252614225711443
0.004390742401380951
0.08918815732731233
-0.030657485187513857
0.190707875337078
0.49236230604295284
0.469080998748258
0.3480832251922658
0.3500033766973601
0.13669361205364375
-0.33734748116706775
-0.5782768993777788
-0.5262520977429431
-0.4602159622111268
-0.5457841859232122
-0.273683928368431
-0.028715293658175878
-0.19171229427377914
-0.3478848809576027
-0.4561384751295275
-0.36944881845071503
-0.44249749510456626
-0.39990327999844655
-0.4704153265183004
-0.4100039958923709
-0.40977523116354186
-0.5767268966612289
-0.4952083641745408
-0.34103328466363947
-0.3702185109443447
-0.3383710985493589
-0.11405452915742585
0.19022437198582248
0.21250740171925447
0.23111055704387237
0.25524366601086096
0.15409527477462745
-0.08437047988518226
-0.29702560995115723
-0.3176363236100303
-0.3212436474760022
-0.16632912370578504
-0.025481085244887382
-0.1123947163838785
-0.22943290240934905
-0.4654442463878304
-0.4818909130285091
-0.4756652870553449
-0.6671596184657095
-0.5872452986304981
-0.512815913400494
-0.7102194245503681
-0.642267325430428
-0.4662666783285371
-0.48452917077287955
-0.24778907435581413
-0.1752491614905493
-0.08168836612171199
-0.15758283003041834
-0.45529205384014837
-0.39491671638502973
-0.35898303361811096
-0.39411955242104824
-0.30459063886641763
-0.3084984285488983
-0.45346313688480056
-0.5336323855042149
-0.585659632276114
-0.48307729288836887
-0.317546924658397
-0.2647349834122076
-0.1793761233573852
-0.03982068522098288
-0.06748381916560736
-0.1696433648338321
-0.19190160975850865
-0.5172356962900346
-0.655406757558518
-0.7159393568172493
-0.9324849966612939
-0.9445988068481987
-0.7314721920726521
-0.4971448291789694
-0.5760571712244499
-0.4136141294577635
-0.086809257156344
-0.04448698037899553
-0.16246858253777655
-0.06746430296983646
0.12515052779542113
0.27701793717951534
0.17066296745327697
-0.06887324118776739
0.09641137874515138
-0.039691801155316155
-0.1255814784117501
-0.34040383044627653
-0.30697855808584334
-0.3237020880851219
-0.5217967727983316
-0.43889126340567813
-0.48122423221692257
-0.4664300824451417
-0.25777947061673945
-0.17685933108652796
-0.07378440436864836
-0.18837171172886127
-0.2081131047611825
-0.35271764775817643
-0.5881445826889815
-0.7312486353263725
-0.770371966995392
-0.7407731516119768
-0.5053470298079483
-0.260174066011715
-0.20987052419653085
-0.026363033611860244
-0.06990494532436849
-0.03151490761844511
-0.03635756901701974
-0.018700803331726808
-0.14112538751020282
-0.2007554092696985
-0.047417290036806066
0.2495521603841205
0.2903454782568086
0.3699335722838138
0.5814679897743826
0.7355131928053712
0.7933632209210053
0.47549558781271356
0.17962301159828567
-0.09278612817610064
-0.4227872613292281
-0.4916397960159536
-0.5435941185602121
-0.31908306997469715
0.043238424814007116
0.27375518976331337
0.6271562956111459
0.9557705306529248
1.2639636932324763
1.6749226102675399
3.000827545673214
