2.8835596868178905
1.7718374410635078
1.0592562627079487
0.7858963276173345
0.9032667377891914
0.5881292882437166
0.38569052794044967
0.08418351555605075
-0.023463886573275756
-0.41397673767868504
-0.6130330472388597
-0.5880426447783265
-0.38290560604803153
-0.24794536168233863
-0.17456074905275093
-0.046808697996024384
-0.055824723449960555
-0.055262298258775884
0.028548221903801924
-0.2431062239078557
-0.31450575527654406
-0.1245931376746446
-0.1781133634229275
-0.269984685721735
0.04949490512949921
0.18184633699977737
0.13420062921658713
-0.11371489162864871
-0.020179047085536382
0.015877115023404133
0.029339638220440292
0.18957108324811944
0.23442605744752046
0.28176246522897846
0.18611308999476883
-0.07387059287508967
-0.22114055031083782
-0.36861543223678156
-0.3950484371433703
-0.2775105869940479
-0.06465964197567348
0.04112492087854869
0.0036120058949133897
-0.17788279715135316
-0.2546585379023721
-0.1621150507914153
-0.2284638808486313
-0.4748422881350714
-0.5726032857827322
-0.4694393925432134
-0.4034956461475237
-0.5142718812943451
-0.4948244793092499
-0.3182229732732753
-0.07710399098185496
0.02694524799955003
-0.11186593299686134
0.04827371282354135
0.4158644086337412
0.5495886307403987
0.3093964359820584
-0.0255759085320085
0.007774955899936898
-0.20196752943315294
-0.4983945353760387
-0.7332716612474561
-0.5898680361925349
-0.4201652672430895
-0.47570827054645753
-0.23689994920070656
0.13092020147659386
0.2678922245691455
0.2624978168874456
0.43553551495823184
0.36224507232026815
0.09071563428058685
0.06399115668997525
0.23588877033404876
0.16197718916901543
-0.18333367742441706
-0.24297999115534474
-0.31598488346387194
-0.43387765012213325
-0.467982862306111
-0.5588598499301541
-0.4784429223168491
-0.7093723745232591
-0.8255899698366278
-0.7764869905970493
-0.49506271430893917
-0.402013105843958
-0.375405787924623
-0.16229379209419711
0.055733317831883664
0.24612632518544825
0.12958643057532274
-0.0831849264156009
0.00591514222945527
0.02894961068026533
-0.19574970081435095
-0.3901296581342068
-0.16402384167830478
-0.09387763004610111
0.15200763768608153
0.4423659672867701
0.47345594461692303
0.4311325138364574
0.34899420093088795
0.16362503071605716
0.22229767401026784
0.055551555717401654
-0.15271514682879322
-0.4283925281272032
-0.5226326912866952
-0.38864151352360937
-0.6049130434385747
-0.5379820953697063
-0.25292119638121496
0.23075414560302107
0.38688624911534397
0.5861285107737428
0.7007179619112474
0.48679204028558665
0.49729036342731364
0.48771045444476835
0.3386692839965044
0.15727578927473296
-0.023941531605259983
0.09833616517061343
0.18882843404792787
-0.06985838559635675
-0.3565879597058454
-0.5616662296333877
-0.6016881628999723
-0.5693047201706357
-0.6687483989023585
-0.4469808565900949
-0.5022396241837986
-0.35823173084349863
-0.0140471208673658
0.2574076047989466
0.4232824406648884
0.4464031295510434
0.22820003403834344
0.3364352814890026
0.19567660628187392
-0.11662648196251373
-0.07855532839631651
-0.27111647208133693
-0.3482214631277292
-0.2372997360658183
-0.17016809566557067
-0.007408516604713245
-0.18467986926767746
-0.02762573467698597
-0.07751226101290805
-0.29684502030677906
-0.4745715938110248
-0.3381834844268926
-0.2440830299537593
-0.572274600979607
-0.6972726380131966
-0.5604351358664449
-0.28539993793922036
-0.3579536695734201
-0.2738407551090353
-0.35738183899062936
-0.27279887363621386
-0.47337084443899025
-0.38985568652974867
-0.20517959486377463
-0.36735793483847323
-0.21158811294152247
-0.2019817924295481
0.08784651645247624
-0.03194995999881779
0.1789407013938166
0.3248513587261233
0.2351305091637083
0.3372174430670519
0.515168677077499
0.6346099916384715
0.6189373902695885
0.46227852000185776
0.3035243484333082
0.14134135016411814
-0.15260653564230903
-0.26427743801001324
-0.25385844509347383
-0.07449069971171825
0.2138615585871242
0.32531676935942366
0.19858139404265296
0.2641570438925566
0.38733173426506007
0.3973093738973624
0.07154702187929597
-0.18088037862623538
-0.2500811414435133
-0.4783099670481476
-0.5171276630921837
-0.2528439748771587
-0.1881332860358265
0.015554164220171699
0.11422243602104964
0.2608019296871821
0.39256022745475716
0.3371318660577411
0.21396471289763874
0.36278148611375133
0.4203191548501655
0.2967685148857143
0.028764346344758936
-0.25962886798122325
-0.2407666118984663
-0.2665746480478163
-0.1701866628020345
-0.18697091447071457
-0.04105607243521418
-0.15039155584757774
-0.42247397823214067
-0.32427746670852375
-0.00585527644611682
-0.18251552903949084
-0.43756458656297487
-0.2288892149078312
-0.08839205673430646
-0.24256134339239915
-0.16666801699107733
0.019748010059051545
0.1858909133120693
0.11483827969246227
0.4045924505033211
0.5731359195862775
0.9881519184823525
1.4542703434380362
2.652125114736937
