2.6715332046527958
1.5881930614484507
0.8807883458599813
0.68015974051592
0.3433355346723685
-0.03617978222394533
-0.22071986610391717
-0.27318990348858335
-0.1536136037903984
-0.09663192440024751
0.12942143905813114
0.2980194602965562
0.37595996355755484
0.3683936115153123
0.30783568753680857
0.0845106429895408
-0.008510143970727609
-0.24326401939436212
-0.48724855031598185
-0.503873376201747
-0.5622433631249724
-0.595574814676423
-0.45673919476101854
-0.10001807992974662
-0.005423175545908014
0.24893485027599443
0.4555163390338156
0.6767350900246704
0.710411085413
0.5788213509770971
0.26811045306394143
0.035471829801387494
-0.22597956769050848
-0.49741130987921184
-0.6297094274323367
-0.7265349062354497
-0.5684850720229366
-0.27933671452291686
-0.21710533682747774
-0.29569771070852985
-0.07624902005433731
0.11410912670441664
0.157559781200851
0.18493892278784155
0.3588403785529436
0.3775515566919193
0.17000531594324586
0.21769207212540703
-0.09350323150332052
-0.18164209275767862
-0.02423601085139271
-0.02240902997700668
0.24005171530239355
0.2388537674967005
0.00795918714863647
0.015140689011525835
-0.047143057934091695
-0.047825087107114396
-0.18842977619345821
-0.1689092323356158
-0.29505947872617105
-0.3788382321969715
-0.6359069218813697
-0.7053166840215102
-0.6589548601675392
-0.6841214040659716
-0.4251808808035362
-0.3965903788342776
-0.06198907176478117
0.0734281568717827
0.07200703538802063
0.08919007174485045
0.10819537286804035
0.19317114097789673
0.13519381254632634
0.013106547665751023
-0.20152321940109919
-0.3391780180079077
-0.14686655472353793
0.04507240927560078
-0.017602037699334046
-0.18269145132141382
-0.3588543665420537
-0.26729210270867404
-0.28072211042651324
-0.5084505114491399
-0.47052073619806845
-0.132370200312151
-0.08262557513143086
-0.36470149691686005
-0.4089662488690999
-0.2794417343472355
-0.30079966349467707
-0.23775726804247135
0.13768064812721575
0.15081668863482822
0.1398293130361005
0.35872266422995236
0.46260067232912583
0.46024130471885305
0.20456019746634196
-0.14205802562724537
-0.3220517493471031
-0.37514409022330725
-0.33865054188659244
-0.1534153734482728
0.004942037828226387
-0.030975446767800174
-0.06738071255205189
-0.03240303448385051
-0.18847298204916763
-0.49309787586986265
-0.6492054255136332
-0.7681653945641939
-0.8314357196760538
-0.7174162651331447
-0.7421029000552463
-0.5424308231664616
-0.13605594524847894
0.000196542174012165
-0.05437922793795059
0.26723135213601457
0.36074993758616536
0.5390616548442962
0.6385131239306445
0.8163361823086159
0.7338964683853284
0.5565110736734648
0.4622462525683335
0.3081974825582608
0.022273094860637277
-0.10769233902556263
-0.21765161443835518
-0.4843016041164334
-0.5654091001283271
-0.6033711505584045
-0.44504739443836916
-0.2657043824704884
-0.04340982077556396
0.041267628115266075
0.3498139983530392
0.4812519711473132
0.18444961887720998
0.21805381405339921
0.24538446061992517
0.17700537437288122
-0.17960096024127753
-0.277414948035797
-0.07809713711277082
-0.11305460451223899
-0.13940214173350296
0.05111034128798536
0.3149452495535372
0.3587599468303984
0.2661987621688631
0.30836223678860863
0.14634532333685762
0.07169918376754243
0.19375300524595865
0.037745635300905675
0.1303297240241772
0.36331417625070794
0.3390242797013852
0.19950075241904022
-0.06636741658995314
-0.09555606028801228
0.19041420418110164
0.22015009046955555
0.023776855145034873
0.2710341262252164
0.48009057177757036
0.3137565560930455
0.36747538317549916
0.5866783289049062
0.6169427009167303
0.33493300615544813
0.11328984522346622
-0.2097230166614254
-0.46116525635065353
-0.5320477275306856
-0.41829185251022527
-0.47133307988804507
-0.31666803508620645
-0.1291358990236069
0.3568106021821783
0.4840415446109626
0.5090861447817303
0.31677194468665687
0.28561435839545835
0.07106985222380113
0.06367526079133129
-0.1574261471624402
-0.28082089671409316
-0.08492854998777266
0.06940519203244544
-0.18459173133789664
0.1206488010200063
0.36130490719542047
0.4519118506482649
0.24645459201168968
-0.13511127842552564
-0.2472743865688213
-0.46200479885388657
-0.545832356054415
-0.5798385862396027
-0.3482082955686125
-0.11823728676870476
-0.09742179998612177
0.07674511712825853
0.32235795746945384
0.3855726093471382
0.5695334792517883
0.5816513600040928
0.18240095067902032
0.09595999440604688
-0.11183318839608208
-0.057887263557454036
-0.17467151339568363
-0.2910989871804515
-0.3264983306126312
-0.13029798529282566
-0.2845324136399458
-0.21096439525032187
0.15358769103325248
0.0727076732515115
0.0036513184835798946
0.23000447704675708
0.3323749159068705
0.3526721296617883
0.1565946727113681
-0.269660497811761
-0.5289516055547409
-0.6449980096144039
-0.5838975224565635
-0.6517850414464237
-0.446653922683545
-0.0025948609909649117
0.32082315385025534
0.39034613934323176
0.48245081888366625
0.334578104636769
0.3189647706659891
0.17308898042967602
0.20271433762309002
0.1879215211017157
0.21497900572502673
0.31970537556310485
0.29087040996971825
0.22534472827374952
0.28183579515130686
0.006059063837414835
-0.16806563488484
0.07007725524568631
0.14062735558925954
0.029237650298244322
0.12619899737084478
0.5463997083072505
0.4103604517388499
0.44591586523381055
0.9987923183682205
2.2292486823434112
