3.0298601561732466
2.3271694853708595
1.5511361570169184
1.258884659332696
0.801246608420694
0.42986900655114
0.45165569963321783
0.3162120199562547
0.3792891635292322
0.3594164981365746
0.3925342012894469
0.3814918427432053
0.4088208141669214
0.44346128451084704
0.5233041504210418
0.5330422497597959
0.4812960607739359
0.35714951815828766
-0.12694060245912298
-0.332720335360168
-0.20287199713988088
-0.36545551453325315
-0.40905532370934905
-0.34090858026421195
-0.00650003688946886
0.23166032421344895
0.31932272013685614
0.7051407471121077
0.8498090990879688
0.8748640188010827
0.7144996639312473
0.5381830289460904
0.20151469054344284
0.0767410955255476
-0.268243411998979
-0.3174496422897969
-0.5992761373187934
-0.6221118897276192
-0.5312344201644279
-0.38397302106865694
-0.1607017156421063
-0.08205748316009788
0.016380235582041314
-0.005996384407100087
-0.17780979050335244
-0.15353142405736436
0.13051978271658604
0.10913779757397296
0.3184588936978936
0.5153987008303862
0.424413382598413
0.3976675800598627
0.22273078121370335
-0.10103545504533763
-0.24582313664181638
-0.6477761540695229
-0.8901597686392696
-0.9309453603435182
-0.7533441710182996
-0.5079543371576158
-0.36492188721439867
-0.06617358219199751
0.2061557544267814
0.1448397767042581
0.3655654107098407
0.3495211898743775
0.1869374656145024
-0.16819856187665824
-0.23988701177380423
-0.058820074856628324
0.225532493609364
0.10650274983848498
-0.0306571909404744
0.04797527059138779
-0.02436104991255561
0.050097337076136395
-0.026430394358075038
0.1613737950383356
0.0010381117764927117
-0.23821067483051495
-0.3317262640399031
-0.29382264274916736
-0.210180646008796
-0.19508264658879498
-0.4768404939111465
-0.6416572810404731
-0.40747017452727763
-0.21248334375306313
0.0174856720306756
0.2896759640527209
0.6013755975579604
0.5978287423331212
0.5493113188182558
0.5171567875814567
0.425266747300657
0.23674030069274568
0.004821042929024272
-0.06045707388390646
0.010190119510604454
-0.04446011047721132
0.11043559244773997
0.062059437743264854
-0.022296866201639617
0.01635108208258514
0.118923868652866
-0.16414679893338568
-0.29667045985332496
-0.12842051027353912
-0.2583714355599672
-0.26104605590532465
-0.13107226786116022
0.10937021945727016
0.18093457942991167
0.052623268362845296
-0.11973550075132725
-0.20823483003229465
-0.41670287105976617
-0.34233722032615815
-0.010728874153963846
0.21853670695151764
0.3839219211798466
0.5820725183993682
0.6950195791870512
0.6731977742863637
0.5675695117726166
0.43465718317724283
0.2228455889797625
0.10797340703697648
0.16886667863884444
0.10747168957288997
-0.09977329131502952
0.007724729956356678
-0.1824317728628711
-0.2285692861644114
0.04265029919077942
0.15424282637982248
0.24400366594303288
0.3508312277198695
0.32709323544193286
0.4437712798437271
0.43877004995999475
0.47333088481680463
0.2698108630477304
-0.05064900882386923
-0.5003393038690909
-0.640845269267775
-0.47528402969449773
-0.10169175317431131
0.18211628318355655
0.2305587911876259
0.44344610205258517
0.4497032150004552
0.1834046522107392
0.3817192051532157
0.19060489536664893
-0.054053762957580076
-0.30539800797748673
-0.22666026225751848
-0.35147901875644605
-0.2068262191018581
-0.08928358039115425
0.12131710774347354
0.08625968026039554
-0.07656308731938555
-0.22727146016468547
-0.28737875546594044
-0.21459959883320737
-0.23151078725118962
-0.0270464769752224
0.12140648175251152
0.1676534906809061
0.08449335628702652
-0.09693078381793264
-0.21112249794932947
-0.07100683197038775
-0.1441052676934707
-0.08112276695320142
0.2884827683796807
0.3114637750929405
0.16426541460333838
0.2053456293820099
0.09242532760437092
-0.1304469941291526
-0.5652360821664705
-0.7576998097231995
-0.8618735426015546
-0.951602701901197
-0.8279775011105278
-0.4146646707023801
-0.2192062790218306
-0.37078462360802206
-0.28732684414236037
-0.10325307734891828
-0.14172704490605587
-0.20441285553625815
-0.24890907431541665
-0.43744252889379104
-0.3539633740809528
-0.17060908646462308
0.066328947780737
0.18851089621976808
0.36585433331800454
0.5648376516118137
0.4686394605086915
0.12931172831913462
0.15735805448234827
0.15523823200488807
-0.0812234921566511
-0.08360097080028278
-0.1933612759297706
0.02147901156371612
-0.30254814053967605
-0.3289235885708567
-0.2991995993136207
-0.2365869878620394
-0.4803859536313342
-0.33468836624611903
-0.16563584940274967
-0.2483924514020716
-0.08096587302455656
0.20094566070787703
0.2954198356230037
0.4898705241115811
0.6821265476045325
0.34358124894738035
0.08530333691857538
0.2096926018022871
0.04333232789993919
0.21510511196690077
0.7691184071628019
1.3501653816543775
1.3168112207290008
