2.440911847533857
1.621955217469256
0.6486130652916114
0.30104269700836456
0.07745241848655005
-0.0825443981441529
-0.4259251117751037
-0.5283382428492434
-0.31210971374119695
-0.03938023492709873
-0.17512225639605955
-0.010496464192456895
0.3556325845165517
0.43302116099322485
0.18020037110057385
0.12374928650250848
0.05338947250771306
-0.21763875345152853
-0.4217480179539243
-0.4293919936694192
-0.4905170289430874
-0.40818775686862996
-0.46163599136559563
-0.373133812256797
-0.2040637198984674
-0.025557437992649368
-0.053133477728447204
-0.09171593771919691
-0.2640963518656559
-0.2803801953542583
-0.15295832418989716
0.053742476829134495
0.1864829026459543
0.35782688759929293
0.5539308248245578
0.3355144804552528
0.06506606121562292
0.1438983481296816
0.04586688200571782
-0.2907494140350045
-0.31890912814449224
-0.12356155427060445
0.01224725656363497
0.10389367851469217
0.27957394314542067
0.24484523897007943
0.4300164724567927
0.6079107065483863
0.6073754361297907
0.46761621192737673
0.3710115859081656
-0.032182246016306516
-0.3554947965072856
-0.2586931230357827
-0.3639645118463792
-0.5170960140330374
-0.4425417101823772
-0.39645890548493523
-0.45318279551504886
-0.4015568016446273
-0.20483621757972406
-0.059453076408540716
-0.14058759880162774
-0.26665399436031006
-0.19257226167549157
0.025525304360434965
0.09071466212339001
-0.06525724111941437
-0.3055310027591148
-0.35704896034045047
-0.1683172529966512
-0.023235280046399964
-0.18069613301886098
-0.12437382330271998
-0.19452162472654738
0.04407646054563816
-0.008571331551001985
-0.15571790076427947
0.006793876754686936
0.17355507251368724
0.06802008691807701
-0.05810399200185574
-0.14904776733417083
-0.39022724962575445
-0.38171560532408483
-0.26478043373003346
-0.39076320069342785
-0.2923492426195301
-0.29291658432848355
-0.10612761950959299
0.017816420616744145
0.03456351019637684
-0.08683064915093776
-0.3293887153293318
-0.3510337441568272
-0.2830345001883457
-0.421107423403908
-0.2729084619455559
0.061000774235953084
0.01522009219761397
0.016625398669741387
0.40335945317547506
0.6366241720240281
0.5629007592809963
0.3398347286635459
0.4426825998127922
0.21909672711219108
-0.24544420198505643
-0.32316124534079443
-0.145186232117526
-0.3635826522023863
-0.2781301359905568
0.1590863624075208
0.2591402288349661
0.5539832214700113
0.6869647675397925
0.9048118842212971
0.8357031675800403
0.6944889228100358
0.3441231742280418
0.19846681763388002
0.0508220401558538
0.010184472405403976
-0.10554121651915177
-0.029810069990188516
-0.04294572977122543
-0.27186009629350755
-0.4551117022675932
-0.44115433500363294
-0.5511447841868057
-0.4416749623906579
-0.476056894305945
-0.37149321432281546
-0.2870861704242676
-0.4586768265335465
-0.464334907525186
-0.34962612985143454
-0.15103772685554845
-0.21852603577511612
-0.22466172400547801
-0.18804180506425153
-0.0320325709186019
-0.08103700587610098
-0.039401807526547365
-0.1533728672557908
-0.18540980094534432
-0.26540216691328566
-0.3123940737567537
-0.09828368418828018
0.127836167381479
0.15561243226483945
0.32684243072820474
0.42291256151484247
0.29824932543748983
0.12320437978114447
0.22306767167064506
0.22852412465815047
-0.12123185000282112
-0.3411795378596393
-0.2065851902699919
-0.39001528613183456
-0.39199465018648705
-0.3292393255313758
0.019291946431086535
-0.09675381889052177
-0.27663120856837486
-0.06194979266662331
0.024188578001005125
0.03819908451939029
0.024050612792319202
0.08029559204094514
-0.10937403526994317
-0.28438342284949925
-0.2018049410930766
-0.008540861751775972
-0.17446813711008013
-0.058471513640255726
0.3770273203947501
0.5506353966074858
0.5509618451540561
0.48682247492460734
0.5840201883723494
0.37452092660948955
0.09388323349579468
0.21232980198870535
0.22828279898529386
-0.06879089175368122
-0.03447856242131615
0.0697347431551428
-0.18627865210332928
-0.41131110619702466
-0.30281588911586854
-0.5088283123821523
-0.5621399020964765
-0.27173664899142097
-0.01943948454015173
-0.12665408194712893
-0.05439942167522584
0.07762741451877658
0.024068881428535766
-0.3094631974244529
-0.3276208269163353
-0.10123988944270947
-0.1335597655422654
-0.13910351761457174
0.09005523583351442
0.3081274729314474
0.15991546677262067
0.21282069093017927
0.588720440798692
0.6824455691359286
0.6029015330236894
0.6914152365934781
0.6054521613794058
0.1758578054363112
0.10125532928350606
0.14422112817505886
0.1000804219282189
-0.289522228156272
-0.45205988145038095
-0.3477400523264871
-0.2856971302633417
-0.39389508351636826
-0.27758661788072186
0.06955619752714243
0.17824508799147018
0.5457884174758701
0.7272243674384833
0.6605566383950252
0.611772357840909
0.7678358325151146
0.7736493393647402
0.7009816705339351
0.6814438510115411
0.38924105713327656
-0.02503195843721722
-0.15632149021134084
-0.06284733185618606
-0.3347901594590134
-0.7447267249153803
-0.858201609326816
-0.8716676513757105
-1.0268938486878507
-0.9840718723814543
-0.7071689314151322
-0.33475238626086035
-0.1420379906599608
-0.03909129865772247
0.22442501546394764
0.2045485853372694
0.14432543994200764
0.08951257631085494
0.04231265547666825
-0.2550370851862059
-0.47848583637969594
-0.5473077707697842
-0.6393006693421656
-0.5484271174381017
-0.4979562066005138
-0.2457920888118387
-0.0014553101715063313
-0.006442843641816333
0.21534809998672075
0.35142116728144307
0.28140235255443335
0.22480962738858473
0.23362469397255495
-0.1391330918876867
-0.25543609565003594
-0.18129540273383332
-0.14387237653271365
-0.23016191248956733
-0.0394942781690603
0.0797729581975836
0.20717553073149853
0.021502269185766545
0.19126102850483226
0.2370843428353805
-0.004071920452756032
-0.019425202435592547
0.12219011341211275
0.06620070426488499
0.006164260510737408
-0.1486026233245627
-0.3195338265693214
-0.282093736634322
-0.09511391070835644
-0.11986306122076447
0.18388072494551339
0.2068583746045601
0.06042746830392176
0.09801508931895023
-0.07389806866233248
-0.2432495046821317
-0.17232202911781133
-0.38189644993808963
-0.4437326108663107
-0.2052182061199435
-0.03175067328066751
-0.18899881066456153
-0.18920988492245314
0.16168018008815
0.2738192648081739
0.04246526258362937
-0.12535034078913423
0.01852912055316435
-0.11242435293165841
-0.27724953046536305
-0.12606487743049027
0.020251704472017466
-0.061843882064760415
-0.1540285915699985
-0.0761995786495976
-0.25751843800020546
-0.438626687925491
-0.3321695563734514
-0.33130873885204243
-0.22999710022127545
0.10654245087423776
0.29077712997808985
0.2359342629998964
0.011494462719815144
-0.08874144846977694
0.0563458440549229
0.26111222905128895
0.09762078692930948
-0.0528373400925676
0.04759590286853046
0.04353642711417364
0.2744957384960739
0.4117944657936352
0.2816649886114494
0.0019417225657701303
-0.14841039724520116
-0.38590556704276197
-0.5610733177385512
-0.6433322863005771
-0.601188263992791
-0.6401133122298025
-0.7406754568199815
-0.6176992193958828
-0.34811312051312876
-0.11137646566922
-0.07642456026926103
-0.07607360117159903
-0.008473024946008108
-0.0782194253896716
-0.21936660212847253
-0.1698035585512933
0.19472084869608303
0.1715554023106164
0.04376497143681017
-0.004753731730154085
0.08317678249881448
0.05451786040421332
0.09749844774096414
0.21226990431676826
0.42189511549851805
0.38586981934921
0.3528772810670179
0.4676787952632594
0.6250660710646561
0.6803345703254894
0.4592571097872432
0.4558552477748771
0.4018165033735942
0.16428082678346181
-0.06111967703756511
-0.40092248552953796
-0.44799757058046663
-0.6224605576029415
-0.7417609742712085
-0.5493823437287679
-0.4850110207554156
-0.26143366385211847
-0.1532633262902472
-0.027711961315647002
-0.1389466057585751
-0.12827669631230806
-0.10790079292109109
-0.1630800966487188
-0.22376663749575465
-0.11330111001142656
-0.01206362869631349
-0.08818713614105128
-0.27147981208207494
-0.17779331402350307
-0.013974289553783463
-0.03429621086836169
-0.04151796480408693
-0.30145384084422916
-0.23423977917458552
-0.41356723110460397
-0.4781153687127867
-0.4267793899064298
-0.3232379900458399
-0.13748342375695713
-0.33083204448207926
-0.31465918142014154
-0.10327300656691693
-0.14383620839805455
-0.28014456596672505
-0.13009868616193265
-0.3191277620357778
-0.2476107076310877
-0.29128389030323554
-0.17889581152159156
0.10590132377340257
0.18346118569546402
0.15650153363107344
0.07869257247407752
0.008397985837398857
0.09506347880666456
0.008990691932533292
0.16707729888245829
0.30496226406839505
0.2857055583450119
0.2430058881303331
0.26892958106352133
0.2779212068474668
0.4545996519004461
0.4011960872466905
0.24766922703026567
0.23221940642189368
0.07831386917489198
-0.17428353494598361
-0.36607740529130833
-0.2895140244700822
-0.15677520051172122
-0.13093953060935198
0.15434048100857742
0.5315099883509026
0.9312692012609747
1.4370757584738982
1.805933217139396
