2.0852513795045504
2.2184197455876626
1.2769817222924322
0.7237366328230408
0.3661824937869588
0.48140851602562096
0.4878019653778427
0.3012903726997899
0.07624706361972408
0.24166700655479537
0.4385244271266032
0.4156619094793312
0.5716069938671814
0.7353196809573521
0.8720659097645894
0.7973804545724489
0.5843292469426886
0.47055180715548534
0.38175704603402233
-0.07318970078140735
-0.3082124181832121
-0.1373745695563947
-0.40059143160497496
-0.4723240610844526
-0.3716994901453915
-0.28119403885439515
-0.24972234024674134
-0.14002694358922724
-0.018507601317055908
-0.02400054383950465
-0.06270193375520272
0.1329920325440825
0.23350853663507432
0.46385494602234917
0.5660616448918359
0.603427354107476
0.6084004651177904
0.6365380360231313
0.4018036961473538
0.16097718835857716
-0.02848709616468736
0.10235327048726758
-0.09074681810853624
-0.39336889875723435
-0.3067171834271955
-0.1258352014142033
-0.3397304306093054
-0.27625196828138127
0.12933755718775114
0.07676568473633266
0.18400245406241517
0.08551798339483202
0.18897125943125953
0.07746759586460711
-0.045992026102971956
0.07918580238179218
0.13453515979839623
0.05687969907550258
-0.10783113445249821
-0.2892983545333336
-0.20038207727590293
-0.3566381985016661
-0.3134769320068034
-0.27165865286204366
-0.003246837844478982
-0.12556252682018393
0.00051747596612081
0.27891712815895964
0.16036364756871227
0.054389906251120626
0.06345834303543677
0.2495911306197898
-0.05349830615392134
0.012764165038349592
0.12710041954332077
0.1667809823500078
0.04336965451473111
0.20910541629531204
0.37710291156140935
0.3538928681434699
0.11621068401312835
0.03903847364929111
0.16597374901464026
0.06998041854045568
0.10967937050584296
0.11045912895183155
0.22721662350870253
0.08585625692378188
0.04853883529215583
0.08200859474421457
0.07749803449297817
-0.12859721386635434
-0.3975237031222132
-0.48093564001085193
-0.5923847185971562
-0.7295534016391635
-0.6124551688351142
-0.587126386217961
-0.3266117112800663
-0.07794241381515443
0.11741642685473554
0.5819590111832058
0.619449150320697
0.6862658760725964
0.5563772116487435
0.3739767956489427
0.18034856588220663
0.1790122795019452
0.06311254242650711
-0.011191398761300497
0.3158106801382175
0.3961963288224459
0.6290856293465694
1.270126042083789
1.9721393342873204
