2.311107796398333
1.5379305817305324
0.9471176682943181
0.4773481419759214
0.375458328230632
0.5164346884996902
0.4562121135863927
0.3405927031682274
0.2561093053902886
0.05970117642446943
0.19313862094381856
0.01518889136165207
-0.08743540988283736
0.05627683541619316
0.0962407961831217
0.03703749741971472
-0.21356129552628283
-0.12618116890763995
-0.11376235425620049
0.1007836497667468
-0.00909382332256104
-0.19616736815406655
-0.2355092410991413
-0.41801860727086626
-0.3494727778503105
-0.19805785797561298
-0.20537551678733104
-0.28804433844141547
-0.050317274172743724
-0.003615742642584215
-0.056111809833013344
0.10278463070633562
0.11923622685323129
0.34134613095410776
0.32717272851107126
0.2875527557616179
0.455004671303878
0.606820066519049
0.5804671158132404
0.29101296271170946
0.25867764422249884
0.1801055087385139
0.057171741091132766
-0.388125679725193
-0.7061036450126363
-0.8278156273859423
-0.936257639976612
-0.9620831737626966
-0.8136845337358385
-0.49236328177390243
-0.3080302433871104
-0.2377194320857322
0.09845903041193192
0.38377594869351206
0.30069057549964384
0.07971346016083114
0.19731280184131927
0.2758818579198026
0.25753500159846954
0.05701241710161706
0.15018705089468426
-0.07146231715029516
-0.0058000342466429135
0.04363362430877922
0.015530116954218989
0.08475622382013273
0.08092618514920796
0.12878816071916765
0.2971421375329065
0.13801667761386033
0.25253949859774244
0.3902438296370457
0.45307878397418333
0.28040163714827016
0.15553874991304684
-0.08360149747139593
-0.15361185461587648
-0.47865416094545227
-0.6160788171303282
-0.6098403469319558
-0.424803875812292
-0.45547429774200887
-0.4614416145525177
-0.39275457145748804
-0.3991530738978601
-0.34360641842449674
-0.5531621734374959
-0.5082081235072032
-0.25881460941781953
-0.27449760514682586
-0.2801777884246353
0.05559339333997983
0.3855110597132966
0.3183767552644313
0.19822240496652138
0.5889373042489099
0.6197726964911704
0.28805066955184827
0.33003882953367625
0.3332204342478268
0.2682199027001105
-0.08610123266080758
-0.12199741406674768
0.0481670542028781
0.009144430712809473
-0.031389821210873824
0.15172718516658742
0.19640681708489463
0.049985287133024935
-0.32023905330915803
-0.4037363557506217
-0.41010740138060536
-0.30376456870994073
-0.14730536567273214
-0.23374198305465252
-0.17349132655943358
-0.30469376695991574
-0.21624875782044492
-0.006478142700543286
-0.01931053220678889
0.12436277294287817
0.3302141269271079
0.5112922223544853
0.42499945637399794
0.5849834166006304
0.5645920768233692
0.5592692607902077
0.4149574312617495
0.2939335539409869
0.42416464209476795
0.5231436672611192
0.4336142715826777
0.15812231699668441
-0.0962863978939969
-0.47286147847969795
-0.6911079267866133
-0.7044557185759732
-0.8688525080548684
-0.8605153621837733
-0.9888910755131645
-0.8653026073901924
-0.7591122607015537
-0.5127676563050863
-0.15794090000347816
0.10034998941721604
0.016791330850950872
-0.18227072275070458
-0.054194126141810565
-0.23443799296358417
-0.4876622686121644
-0.6157613001326048
-0.5571692987346273
-0.3282081687679236
0.09498917609622477
0.5296567530292118
1.223091441401077
2.4954673646465233
