2.688781545158247
1.7413042490347967
1.012527202159705
0.43081218894343953
-0.012265726281411156
-0.23433539469581846
-0.35269818444018985
-0.3163537995789239
-0.37670500011999203
-0.16306582711367035
-0.06574673217257601
0.07493539274928468
0.06135050279075806
-0.0013446327437068167
-0.15583816572164666
-0.19320327371965898
0.0006931158657574894
0.1143856004273695
0.1405324602901364
-0.11431013734682278
-0.3362018225140984
-0.48841030819738546
-0.5525890517470352
-0.7680284929857483
-0.7081636912713637
-0.43614643745176446
-0.42845371377554187
-0.20474167171254065
0.017148940333217497
0.17873108798690954
0.14964344893291842
0.049308521806711254
0.27135671603711686
0.1715754189971186
0.02799558461762835
-0.07307695101885692
-0.3209514027625125
-0.42632460742332035
-0.5362473577896514
-0.46465258535705617
-0.20510824322485893
-0.18705614184844668
-0.24701476699923344
-0.31799694419779234
-0.11668751110026236
-0.0947129664496379
-0.3435692198232346
-0.5170029427958455
-0.34252589488399515
-0.0434266514122564
0.22742631949493977
0.2971871947506462
0.36558417613657923
0.3626475748201956
0.3101877106853397
0.4949399407273528
0.4847325002261163
0.27001357212048765
0.3792327285641144
0.3218276006382123
0.20664993934948753
0.025196265445283084
0.25238792095228724
0.19222571259332172
-0.004077839873273606
-0.060164144915951775
0.29006689644447414
0.2266552978321032
-0.0856685828030486
-0.005940245899172244
0.068415791729443
-0.0311809513530724
-0.26300868261382276
-0.05201888689106938
0.08535331645011068
0.0030717975190345456
-0.059659004746717134
0.2909012669125856
0.2839859245556416
0.1395147614611764
0.3201162490830876
0.38143313671421114
0.1308496095379975
-0.03171167932898541
0.05669980517881016
-0.15168124547188513
-0.39224967256413246
-0.3213004283827911
-0.2861435950469988
-0.08579785500693833
-0.06032962824505242
-0.031227919994668236
0.26253015695500026
0.44265215612622444
0.2848190225929314
0.4747730680884305
0.5917281350473763
0.36029320868412446
0.333567402248352
0.3210366946305771
-0.02677860059491203
0.015535432288763125
-0.07189650134284399
-0.09768260675931768
0.04511258472409388
0.26052847699024356
0.21129775734376705
0.17294224218324517
0.33335152316742545
0.3801898469470925
0.17602596998117198
0.12115804400109345
0.4238571498267275
0.5030974549983491
0.33620312161964716
0.24969378944682394
0.27742235234206025
-0.1001568657757924
-0.10184311967222637
0.03859980998505328
-0.03289282580017538
-0.06495434516793637
0.1482105718703928
0.0987062838604891
-0.24031701044710102
-0.4438653906166594
-0.46292638405869524
-0.5904323727224985
-0.6755366699075426
-0.5522910464704277
-0.2346298315605874
0.015024874710472575
0.1587117982020212
0.3853329797957853
0.563864635416689
0.5747587318352547
0.3281451553614067
0.02546831696568954
-0.1094102075321329
-0.39378630232311257
-0.45277098899232815
-0.4484165897216287
-0.23864260673645804
-0.45413853031113005
-0.51899176579983
-0.22136849174672046
-0.09077624724101693
-0.1413822575531392
-0.3583310078007268
-0.33033041129912405
-0.5603254202199597
-0.6000160948316652
-0.5250620149005697
-0.33545574479858553
-0.10305078785872575
-0.25981612997205505
-0.15617777970978122
-0.10257641446894143
-0.0005338864648149651
0.2466630104151391
0.4899679787166108
0.4155416855285794
0.44180033124586526
0.3434362351958026
-0.017912779063558065
-0.17021718126493007
-0.07942074742940385
-0.2354381297284512
-0.2097453820263998
-0.17428720960683267
-0.22909525045982815
-0.46383793584751065
-0.6121477450193863
-0.6275270386626145
-0.5608594342763235
-0.45437801546059614
-0.36670170851171113
-0.1074214019891301
-0.17412941358910725
-0.2223940137866594
-0.3876929453622216
-0.3550614025970228
-0.4479738335315327
-0.552066160809622
-0.4869459480452257
-0.2515100051300985
-0.13243396459981502
0.0038747131861348845
0.19289210007684862
0.07781203509175195
-0.08513894797434936
0.06264020606048945
0.08237135680511201
0.18429336114460868
0.38680060724110044
0.19919442638618404
0.037022721502608824
-0.25547913878811485
-0.5008740948558903
-0.603855584975957
-0.554367940167117
-0.41137770998433343
-0.23446423043357922
-0.01508240822075202
0.3176380489133492
0.4744202612806652
0.4505858140569199
0.728932127926011
1.4451382382324356
1.767026031591374
2.5551492128331366
