2.5819203390517442
1.5756698187265334
0.8719637802258963
0.6982767122572172
0.27049154223471283
-0.14477377093612254
-0.15679961489777033
-0.2706365155075959
-0.3758765450867908
-0.2900071978161273
-0.13892964529630664
0.0054775283275102305
-0.1747182652869113
-0.06854016188991703
-0.1678344458569295
-0.4433511383323143
-0.6558300970847109
-0.6488715096418946
-0.7371340887164205
-0.7667431865270139
-0.5106523968065821
-0.2755680895549899
-0.2294166941586981
-0.2003345044788581
-0.05329140022166584
-0.077041862273882
-0.014686529114560882
-0.15209370891339613
-0.23205824960523264
-0.08195920641208161
0.11475323375585171
0.09351422050729864
0.03460297801375181
0.11357254420494883
-0.07373355814184311
-0.2951675527568372
-0.33343764858676905
-0.36066613113042856
-0.1879746191398508
-0.27395913984074544
-0.1964436354164773
-0.3090685673563282
-0.2813185623141263
-0.3158644927856349
-0.4859786682471519
-0.45227881951473636
-0.5278432416556262
-0.29814562634967057
-0.17874360526299138
0.024625631550786765
0.31617686120473854
0.6518273337224298
0.5127807093267676
0.38984176623354116
0.23614903883137034
-0.07898183969932057
-0.529171209757739
-0.7449873467775695
-0.7714567893732659
-0.8807026356407806
-0.8988230653936684
-0.8541765239730784
-0.6515754444588313
-0.6532511905759479
-0.5274757944511786
-0.3180055227459552
-0.10399891287777113
-0.21082430082347875
-0.1777668458823479
0.15057615279038541
0.25673615463430255
0.09203494997556376
0.05171376403232923
-0.11113789929823785
-0.40632137442726973
-0.40030649324168677
-0.0641747930091168
-0.022893893932282708
-0.23960965944446896
-0.08416314904990709
0.03454020009457753
-0.23599694370121152
-0.19173963292325816
0.19707087526263792
0.5522212827989597
0.607588169671758
0.6719399989886009
0.7598757296751509
0.557806250171288
0.28330619138977925
-0.01195571839619638
-0.42941982580541155
-0.6297650134597359
-0.5451772573374041
-0.6437435891645057
-0.6102134333802121
-0.3295081359141242
-0.4113049586956977
-0.5395576219784372
-0.3812659042638468
-0.37942114232513025
-0.36746482958928695
-0.1757237102649847
0.31575819369410585
0.436945163475527
0.4239418157899015
0.5316882907586647
0.4600326532683071
0.12199778429478253
-0.34002021685214373
-0.43118375200308096
-0.30676699612209263
-0.510322282059263
-0.47724577511768923
-0.21999599815021462
0.0013609522128428808
0.17153578685578375
0.25508150623001247
0.1777983182812583
0.14913549529210635
0.21931673116865308
0.12189922222860505
0.1317559494014912
0.3566884719319131
0.35960650028153524
0.23955595313587189
0.111869554371128
0.2130929428762986
0.16968741122812706
0.2103341348000994
0.024609141264199615
-0.21123418757251022
-0.2674633039286051
-0.14363307004337872
-0.16879369504095673
-0.05107269839148181
-0.0070496055704669415
-0.1801511092644564
-0.10988649961211497
-0.14289478385149693
-0.019968304479137923
0.0463463105893615
0.19431698821789353
0.19618892689866474
0.05676448064984121
0.2349953478912196
0.20722748914055258
0.053041149571317316
0.04212497851991489
0.12748155444585013
0.12135380916375263
0.07880788363203854
0.2894216039410167
0.3672729598041397
0.3406233374925575
0.4377025266033901
0.14091269538354909
0.16583048277657397
0.16135264826978707
0.2474369939618961
0.1151131627197436
0.3090655997580268
0.22203835865594443
0.0875578313454703
0.16830417551592977
0.18526838942305088
0.13731362731594524
0.024768885451138232
-0.12681193269205784
-0.13371096503831836
-0.26603047277083025
-0.2053454785982077
-0.020119622891233768
0.05733526428132242
-0.06046012159981996
-0.2278236346905274
-0.5777812010042133
-0.7149403769196976
-0.6200267423670401
-0.48715099169916504
-0.2185499363509963
0.0466829648590281
0.21221485646694804
0.38578217789374775
0.28118138207214366
0.08413915456150162
-0.08478992836134511
-0.42692547842954875
-0.5261600222108156
-0.5013523146906773
-0.2764378719647165
-0.1711734429684576
-0.3073444530951587
-0.4778199197856308
-0.47627910251199257
-0.5827169943373237
-0.6922236980317705
-0.6965173491172938
-0.47537150448284443
-0.39247207882614504
-0.1488594418888504
0.02755172462225812
0.21298424069791952
0.15522244716896624
0.4163166536789802
0.4192341194086758
0.18329893401944797
-0.1334789416870522
-0.17291787943801407
-0.2926158236672247
-0.3294670866380826
-0.25990900276244944
0.024029056300911004
0.28428239489107077
0.25140618943459236
0.3032247885263889
0.36691471096897477
0.18811664329369904
0.41128250662879556
0.829938177654459
1.7478682557747174
