2.5494795962246326
1.722242565417674
1.2011784354049935
0.7250316715244427
0.4043051834633157
0.160860590453847
0.2252173940826117
0.4625111655654224
0.5525387183439747
0.526619504963451
0.7042687924493884
0.6757893613196824
0.4399441839782622
0.4456007894933344
0.27286259815010183
0.006278818538852757
-0.34815574775074465
-0.5751780359328628
-0.6135112332540054
-0.9099391543595192
-0.9165377422870752
-0.7048357714831409
-0.3495997391496269
-0.0671438231709801
0.044458461255821397
-0.0064438675357888515
-0.13982371391069592
-0.08719169078687201
-0.1973291199398772
-0.37454260064209616
-0.36795126549608437
-0.34632419888694477
-0.3544495005067043
-0.23193730055404635
-0.05457421189333169
0.0035132134034615067
0.29631119506329756
0.5576783305694292
0.46454992500422143
0.36191766773933615
0.2373985781716861
-0.14798789828078876
-0.29103879524974685
-0.5661849784576642
-0.7096967433490828
-0.7236286722967057
-0.537778447545592
-0.09327027290367387
0.05921237604966187
0.21033070354848893
0.293066567633357
0.2995466528219982
0.5511342480028759
0.5745255286582897
0.5836152015921199
0.4623287725847547
0.2541502089318814
-0.01506950424793077
-0.31252598259222236
-0.3025689833898486
-0.039512145011292354
-0.12773073429960857
-0.29380885849439337
-0.09651058621615917
-0.09840277100763359
-0.22787615786637744
-0.1461464257822389
-0.04264894494844174
-0.21678079346411547
-0.26501938176678874
-0.06962158674824946
-0.01634863160933351
-0.0637424463884736
-0.13580615720018566
0.06820360302349622
-0.10151826025148046
-0.2612067208993167
-0.2889492789715589
-0.11782309790841194
-0.3070978038377894
-0.35580486679703505
-0.07026065308826768
-0.14824217573239842
-0.016915393335110232
0.1609367856479213
0.2579685436488944
0.14898316768851877
0.0192660833979767
-0.15571456304666972
-0.412245660759757
-0.5625272037701681
-0.5072894546527646
-0.1928886189385347
0.018607197451129587
0.15588576547194768
0.2719243871314304
0.2641113292029485
0.1896568437258242
0.16098747616943115
0.04178404888505622
-0.142127441999619
-0.35461553426341963
-0.4882703437975569
-0.3599036085086975
-0.07482841425136434
0.03107050341075334
0.04976431465700692
-0.033437041942034215
-0.19514825244135384
-0.06404051797151433
0.018640058390352467
0.12242895416657701
0.15090116466524842
0.29658989794645507
0.181334652849904
0.17017209744329256
0.0620491173471002
0.16858466533564295
-0.018841901131092385
-0.3077193903984672
-0.2475678351181894
-0.3541224997438136
-0.42889910911997187
-0.2965142175707282
-0.0005603769271461511
0.13595018996471
0.2164021898632078
0.06326875667326261
-0.1415867143966737
-0.10702128445572018
-0.26817056790715765
-0.1365482971703564
-0.25947279220845
-0.447506761114589
-0.4768983889942462
-0.5012905985735839
-0.5056041540034045
-0.4041053352723812
-0.3465286563960054
-0.14149360034418407
-0.09167071815967254
0.1425086399041132
0.1474331398064875
0.17260220227235207
0.268425805686004
0.23630045246916617
0.37085929241614496
0.362359416462542
0.14607883291403465
0.14904070718699347
-0.03066391082345147
-0.24226502773426323
-0.2786422174845787
-0.2777149400987226
-0.3040939763332586
-0.49532461822568474
-0.6934911417763283
-0.6396946180281613
-0.3864609524082802
-0.36325123455000574
-0.23822635949151194
-0.266303935889209
-0.14268120344208401
-0.10293759555588285
-0.1630334223951022
-0.013061777458837985
-0.11052576838718794
-0.269759721500819
-0.38697256488823006
-0.16244439149353349
0.016379594371193375
0.1166678388233526
0.206793331057711
0.49683131245451856
0.6516621192816494
0.6049166284111679
0.7036523171230487
0.7518533767129312
0.5031296986918181
0.07382952603186482
0.012522685412958352
-0.1071594102301034
-0.3868892793824166
-0.5248402424705091
-0.31573530967234553
-0.4140048581938952
-0.512550598091537
-0.3081306910080903
-0.09209087532636691
-0.09262038408791666
-0.019832077764818552
0.3849450620901953
0.4954617475546424
0.5075655852893051
0.44409803367860506
0.28206999370996233
0.34610312387456693
0.32303191954512983
0.342877582888872
0.4315554419805062
0.37699167836287334
0.2305247359888622
0.4186009122555018
0.4127044297926797
0.39937714110999156
0.36609074840768235
0.2832361033208237
0.17356350314336255
-0.0837692208847279
-0.2891417318495977
-0.20314179926112158
-0.25998445214314403
-0.43100394899502703
-0.16442734547086726
0.012003261336218573
0.0025824879854677643
-0.025823510883599875
0.10384595882566904
0.3216684785519043
0.3219726766454101
0.1924408636537176
0.08301916333175388
0.12914287272277275
0.18947599397541498
0.27839736984826424
0.13386157897143572
-0.039263795810560005
-0.07098357911046296
-0.05229959609908234
-0.35544179828555955
-0.42938014854393164
-0.3279546293776819
4.414435696940659e-05
0.1430566555659338
0.04268400087312105
0.22458158933506717
0.20389357300156083
0.2385978938249189
0.1142744771437092
-0.15866886302279842
-0.09164498634630242
-0.2865786822716958
-0.32526779460869887
-0.1694404412208149
-0.0834612654921936
-0.10187124087295663
-0.34916347960476485
-0.35254203360144476
-0.23462083702507774
-0.17918834609481504
-0.42670920674456936
-0.4722022089035174
-0.27826477551366097
0.05856451054622019
0.34169983960083783
0.4753913956918619
0.49696460224046696
0.4054020269904683
0.18974928332533908
0.10156266486296886
0.04117493629013773
-0.1640220258334034
-0.31969827556654207
-0.34152316461422033
-0.3786563439963042
-0.2190639077171481
-0.2798277279330673
-0.08413195398978886
0.03935062274613238
0.13304200778915717
0.34834550685831916
0.3591811381703513
0.30016974999740254
0.12262365255294924
0.024187705348149208
-0.10369865707828091
-0.38608717116053626
-0.46808278981451357
-0.37733603770526175
-0.2551318441636227
-0.36497323628778866
-0.299306995194333
-0.5108633285104951
-0.5498367916463621
-0.40803706932383
-0.16370560361934341
0.004015243617915136
0.09436119352209718
0.1934371548679527
0.09275521814995373
-0.02594571786957499
-0.07525015929721025
-0.09984899014132179
-0.2423323019791515
-0.500312952951757
-0.46450517400277924
-0.21462669878773957
-0.32547488861024254
-0.12884218553236573
0.06821900319690187
0.05588737573181025
0.0017916537493822444
-0.10273865426707658
0.05022593154802614
-0.025316545643641282
-0.22625722189213943
-0.20403979395581673
0.03945828233652081
0.0629648166037354
0.07520021857538622
0.12457841649654654
0.013055560832831901
0.03677315955769762
-0.19722373754493677
-0.33031218328305934
-0.2982050002640364
-0.20239900709972414
-0.36932157704276974
-0.18291599066257078
-0.0927501717709971
-0.015445397136073489
-0.007057335113013178
0.07995585838987065
0.07044740213211825
0.2866210208989197
0.360411315515534
0.3171523782844253
0.17753644811344188
0.07418515893553627
-0.012931531552179422
-0.13958128722281593
-0.32707830301939056
-0.26955810059736446
-0.2511052038253207
-0.3119769612467945
-0.40227896312938255
-0.21614482378068586
-0.014252579366375317
0.11814060048427515
0.2422384007315282
0.2667575950651218
0.33456966324866017
0.2698472715480745
0.06646273857742499
-0.130776600542344
-0.37826361152487464
-0.6004091414078968
-0.8689593521638882
-0.9020504983934998
-0.6345573275481727
-0.46477999770906214
-0.4919970398579295
-0.14090666789023637
0.10266963839411068
0.05912657668744046
-0.010281295744267577
0.29808755358823813
0.34687786921691727
0.09017779159293425
0.19939353383588318
0.381884678376357
0.2989020729007832
-0.001333800600098748
0.03753846278142494
0.1739683485990793
-0.0924948414467304
-0.13965622098886318
0.10578995801115827
0.22311122015056795
0.21884173876773494
0.03499933467836941
0.22730360714153008
0.15248841297422683
-0.14716657382627965
-0.10293017941767495
0.0974468340180865
0.07579497088397721
-0.18637134902350874
-0.20929588532128432
-0.07390491079553785
0.12685685186507425
0.15007253009754468
0.04829144897507866
-0.1408377432957831
-0.09130829999902365
-0.1348092189504947
-0.33004280163080807
-0.4189139794668155
-0.5587588684476962
-0.7478460301414284
-0.8015375003479218
-0.6409394466329412
-0.4320331035590184
-0.4307063338212912
-0.0898067303205779
-0.09195066312565012
-0.2655457386705082
-0.16342477971996855
-0.13858892741337078
-0.47986271250822154
-0.5480398889440915
-0.4434221208653426
-0.3114917752449243
-0.36340285934461025
-0.3074853786360168
-0.3858688764956057
-0.4153238263262125
-0.5320080733395689
-0.3843059767484501
-0.2420541374321781
-0.44570306091037065
-0.546401594251549
-0.33767597719274917
-0.03932643743730685
-0.03175077794711233
0.003100074416055399
-0.028434436501637673
-0.2015733098825533
-0.2182937120500112
-0.18803374180097393
-0.3278286303976764
-0.2982151376237464
-0.542342494588272
-0.525134650292278
-0.3698431022801161
-0.5074031695082297
-0.4880012264407326
-0.2860220550022188
-0.35222843806038223
-0.24202979285314313
-0.1201502389004194
-0.22804497131384174
-0.5505232823959509
-0.6065525585978345
-0.4846103791161504
-0.4318703704039828
-0.24348329773988478
0.10895507214065465
0.2950793573831891
0.22248749479053403
0.04046088543136726
-0.2095547737177243
-0.33554922705277107
-0.3438033912357711
-0.4505898547520279
-0.5375068423109368
-0.3725784962313131
-0.26758959475253846
-0.1530509938800225
-0.1449406317182425
-0.10036429801295697
-0.36247387545184795
-0.5037178442131537
-0.4101243858374137
-0.17563608378107148
-0.09928198356297144
-0.2399254974802603
-0.06538362254287014
-0.14485929858941798
-0.12818144448498958
-0.03166821046506798
0.03814325884735911
-0.08889225948550708
-0.19729829377847483
-0.22611882011725531
-0.15008098350589424
-0.16914277042199938
-0.3444968632021501
-0.2731426998229558
-0.05991322723688458
-0.06507702577771944
-0.07583206366512371
0.15409439151652954
0.22103604881523606
0.22486014130233553
0.17848531700037307
-0.04207724246698386
-0.20562186293321594
-0.3521223448981115
-0.5023781956841552
-0.6341618239210716
-0.5083120570271895
-0.2782647332591474
-0.03841263368720661
0.11203111563720645
0.04285411178332032
0.019099576540631658
0.25165768968936914
0.3597507421348102
0.3150351733167406
0.06697609172780174
-0.1331942947508182
-0.21918968460259344
-0.2979344303125681
-0.060948184785962416
-0.04311499390052598
0.031657070307261864
-0.18257578040799477
-0.026687539611791766
-0.1538322908549562
-0.3944908669767063
-0.31748523205497703
-0.2268081765461707
-0.5470713022612843
-0.7411868737765778
-0.51394409065603
-0.4946578611939832
-0.4271300978536905
-0.4112598037804421
-0.18974419914831075
-0.02644449875474104
0.03764345025242427
-0.07811031949850411
-0.004356715164542639
-0.01428570730804768
-0.12080511377590278
-0.1288024447117071
-0.29828083221252877
-0.3681988642512259
-0.18550960079144835
-0.12018084597429007
-0.1682369591911832
-0.016641938218392126
0.28210532857217513
0.3684614353316737
0.255188121953068
0.24548773848425468
0.1276876848620263
-0.17240203819276584
-0.27176228091517635
-0.09558775673457852
-0.15038782582494414
-0.34782520610367146
-0.40348018594803914
-0.3524163133626903
-0.46454210506597465
-0.4941243329266087
-0.35628111072097396
-0.3276493790631689
-0.17156655783010932
-0.29061132116788124
-0.445680721374865
-0.30842809339988586
-0.3310647055096111
-0.15088230620894563
0.2257193145723968
0.3004737125686847
0.33914439368950017
0.18826052479907887
0.2407871811278601
0.30307018300076555
0.3300163416638583
0.28212225047658146
0.1237558947569977
0.014268009627187028
-0.08942562058764524
-0.2974262998804752
-0.5839120211966344
-0.7066356664857674
-0.793543423428378
-0.9553309067959036
-1.0745552278105683
-0.9756917670090329
-0.7468937694118807
-0.5674435352951883
-0.49655818232527216
-0.36814865718513007
-0.08143672928476352
-0.169107053608657
-0.03467261646906674
0.10599085115244779
-0.005010311740763745
-0.16520036816119144
-0.11969395672715634
0.26799773239141667
0.28296197699905246
0.1764709025499355
0.5689973166867014
1.668504299056124
1.7078460117045295
3.741031874626059
