2.866693949661363
1.5999151076394633
0.7181353546909892
0.3804731712805056
-0.03193455232394568
-0.23719405560237777
-0.44868265738481766
-0.5005703161873803
-0.4300720622942252
-0.5526983775277453
-0.550386081652215
-0.3981940520427417
-0.501611956605867
-0.5385150968031301
-0.6371342563889103
-0.4254688486079584
-0.22857896418353668
-0.23009027671821622
-0.2709085543679847
0.037965807956173415
0.14243320455236044
0.1657574466310195
0.4133981414540942
0.38103299343936403
0.4675911521376244
0.28232013552172824
0.11586479811729603
0.12546262125643848
0.09340290620253333
-0.3024787958027727
-0.36406699907811385
-0.3897348962108624
-0.4111265762915131
-0.34279895849878
-0.15982367616602738
-0.08899863682455465
-0.05404917969947576
-0.08792429216033638
0.14496511736023304
0.07254438563156118
-0.029587833044724614
0.09902021195093783
0.0495074947538068
-0.18763565817006567
-0.10071558881586334
0.16170792485048785
0.213625806684149
0.16885034873929974
0.4410036452626935
0.5597472008578092
0.48862495540916845
0.24638625170127873
0.1939500958510943
0.39850795942497536
0.1304260348790343
-0.2689057320063984
-0.193526218591989
-0.14184415005400755
-0.2507253555413525
-0.11445217877431632
0.279778716292049
0.3456026380729661
0.4685218418820453
0.42854075817452925
0.251826389943029
0.2557197442454931
-0.06610156073673912
-0.31312946873550296
-0.48552359187943794
-0.5176597140804734
-0.3885544858393418
-0.4945021844658897
-0.37111052525158716
-0.32588884521838646
-0.39738214476214007
-0.4936846260014512
-0.4356086483654537
-0.4069221611042485
-0.30607209736175706
-0.6029779572396227
-0.526888172431006
-0.19745115153047374
-0.1779164931962861
-0.2567009617073195
-0.21133926953188942
0.06333412929567185
0.12147997451518754
0.13393646977169704
0.16928585914172986
0.006018837480543702
-0.15284212496963648
-0.1323912253748338
0.07207169218913771
0.33550575414804035
0.3212310546276776
0.272695697247787
0.29429675616707973
0.4783586421141308
0.5682035273398629
0.6371883004857778
0.49085218132949804
0.4593887833796366
0.37837758632141816
0.14040496791017698
0.06985040460912674
-0.21249952428607077
-0.5438682882792333
-0.6288596489732629
-0.4907783137393268
-0.4670340093859976
-0.3770659453010444
-0.1457202010417318
0.08421624807165869
0.014211852242737605
-0.13084539643858545
-0.3584996973350476
-0.4631481726528438
-0.541269104786569
-0.46796046799052027
-0.3182956598687666
-0.488361998378353
-0.6865871988573974
-0.552897740140513
-0.6037535526335205
-0.42683480786247063
-0.18876374540156957
-0.09796763844149567
0.08155167223662371
0.16869136343312405
0.03263527953651811
0.05709578536965014
0.0531030188832148
-0.20493247710346973
-0.11589376891216953
0.09352809406924045
-0.028126272234569594
-0.040212121647254524
0.22168356963294217
0.35375938855337485
0.11808860433991501
-0.20219409209702033
-0.19523631197226238
-0.07181621686948444
-0.1753790395836017
-0.46247292930446054
-0.3347957240816124
-0.3035560341547454
-0.45879350202764296
-0.3816034389681585
-0.2857983679124278
-0.18736521317208515
-0.260148630882869
-0.09486688556524876
-0.06602323460842262
0.09921130691062341
0.3599310209685249
0.5716924997531889
0.4597763067206748
0.2846647769569385
-0.009302199473419316
-0.2971152358958848
-0.361554382255399
-0.2729631680803081
-0.4366075038197053
-0.47598057860430915
-0.6553576794649518
-0.7812125615407377
-0.7018225899180135
-0.6561924854734987
-0.46795818401323513
-0.4516646430514944
-0.4047457793989505
-0.37600947737483553
-0.5109134440705658
-0.582809488052795
-0.3910246322099366
-0.18163024337152653
-0.16221694245432403
-0.15442996545948592
-0.33796308471557496
-0.17783621212835302
-0.4657314216816863
-0.519669027763977
-0.3710518958173796
-0.42081958941534003
-0.5180653535091639
-0.4357434052970442
-0.13143793920428554
0.014569602230365169
0.24407702753571836
0.266840496969216
0.2966847668176104
0.21214418399911872
0.09634343067209777
-0.2036071892980282
-0.26242909191605396
-0.20292908871204876
-0.12043041128820893
-0.12953246246992448
-0.15313478271350603
-0.3191720862019522
-0.4125397988775073
-0.3898843245035727
-0.2108116560736081
-0.11505493473533647
-0.02591144906923614
0.09338975209447044
-0.003668676854221035
-0.2238892481716713
-0.20374276544660444
-0.25696453895515636
-0.2768759942260932
-0.5138560747752573
-0.4041082933216466
-0.3792371860416162
-0.2613344298231139
-0.26167161442184933
-0.11837868834232648
-0.24384601845233603
-0.3055382092736825
-0.3131828089024845
-0.15216333144746141
-0.07503921081474987
-0.16080953545851526
-0.27864756574653227
-0.07377556103949864
-0.21618682070211606
-0.03756498177863715
0.10224886146111657
0.141944778566993
0.05301913416789685
-0.07918975422129998
-0.24006492261510698
-0.47630749722915333
-0.5421547576678385
-0.47024852957024943
-0.39146346545786725
-0.35495201899697676
-0.3384783341503272
-0.2022597747043581
0.012301404211338502
0.14786833515827372
0.30575793511511307
0.2663974248163512
0.183081153966747
0.003415135981343506
-0.07661123682658239
-0.19869092534410235
-0.3756213738901954
-0.44871248177903583
-0.3581818095711791
-0.2733311035838121
0.039905063662522555
0.1557054749101211
0.36663761789064014
0.4593327488127218
0.30519476102483445
0.19230503773768326
0.24488338600246856
-0.007412252258100938
-0.3496908764804383
-0.3990927969164649
-0.3480539591310516
-0.11361187418391673
-0.034396867590547046
0.035724810037503135
0.23620049001846127
0.19046770600876173
-0.0875636464826576
-0.05469070462162322
0.10723578188975215
-0.11112480172174541
-0.3981050332803049
-0.30642579763019817
-0.3916996417500914
-0.5484027483094901
-0.46342411829447633
-0.2754052780912458
-0.3530760381234637
-0.33355941608746276
-0.14565153697576974
0.2171161190613845
0.4429625277280676
0.5590756430343282
0.3026037999805035
0.2830007724538577
0.39732995490338363
0.44900745334507747
0.17213280971171394
0.30228859536699815
0.5237483939030959
0.4608509988676999
0.282638070855369
0.1413747397295959
0.1562120881666979
0.078270133445003
-0.10905997077834081
-0.1651081133140052
-0.35228692873877865
-0.31879666804901347
-0.13332834812649852
-0.26361075183894433
-0.26624465364050653
0.007024914247121075
0.14228662154840754
0.18877324285128227
0.15805543758706803
0.28199817626170864
0.2685207822893689
0.2588249446868983
0.35672688513231776
0.9144681645706932
2.1566599863154097
