2.579493899413148
1.542817809759073
0.9914069749949156
0.7760162383037815
0.731580684020882
0.5749439820144023
0.6933951922160265
0.7356085035739702
0.6502103916717548
0.36394344951988783
0.014289791911245436
-0.3926620956082754
-0.6553375469420136
-0.7673685572013854
-0.7467847155829528
-0.6107143802997906
-0.5843305582592311
-0.5306354611047591
-0.27972474976978007
-0.12342245340255555
0.20575049354093664
0.25945410386622025
0.20597577545946483
0.025713022343991285
-0.1575165911832733
-0.24610954814469677
-0.17791981937058712
0.03909110786361213
0.13973401254693626
0.2888662018785605
0.4251109981422977
0.5494426612854347
0.7184371992100445
0.7496975536007562
0.4858026970766075
0.2885326589260523
0.3781798691938757
0.40648316978672017
0.2557930809242722
0.33029437071308254
0.4837373262504541
0.524735628670622
0.5970330175699978
0.671053882116355
0.732713140147213
0.7612382730727634
0.6517155617785164
0.5514889705974748
0.4066271424897521
0.508342055994384
0.3242275717154414
0.14797137985077233
-0.17358117172531226
-0.18398359987407537
-0.38923198054435987
-0.38176385248283456
-0.17833369486608963
-0.06457168445392664
-0.1490040627484699
-0.17368636353989936
-0.16316074962988408
-0.22134112400522357
-0.4908838479838493
-0.4639956337663499
-0.32056259498072337
-0.21118232039598758
-0.20120855240539184
-0.23352914701808103
-0.13047352897244652
-0.31499675395744875
-0.6401485467817748
-0.86030334664436
-0.9698191826115831
-0.8913305251124349
-0.9203611714842873
-0.7241405268264635
-0.35554983368248433
-0.03432183274824714
0.010722774888852139
0.06320466306547107
0.03692033023435899
0.00020329628458449524
-0.07304511379798109
-0.06363477794998372
0.12828514464091678
0.29973372583806696
0.4291274163689604
0.6759331733030011
0.5159782931343582
0.2840655640802726
0.02162102098326145
-0.030895201691162638
-0.03137581641502964
-0.27720515760029324
-0.4518034633081319
-0.1836018743828495
-0.02160981971330951
-0.029500701105074183
0.18000664654930862
0.3086156417928246
0.23635030388855194
-0.08021043271135066
-0.07351825267683122
-0.011145338259852765
-0.17202481892608493
-0.01707412008944805
0.01845544464379039
0.31766133210383946
0.5812389599069329
0.4780732996350667
0.4222857643079733
0.3754986510311924
0.2171903601093338
-0.04444919744463001
-0.10671920328816498
-0.09416716033685887
-0.10849857832674348
-0.021357987619533968
0.06947431404408529
0.1574057726859377
0.12268241810753439
0.07032562526946064
-0.06523656824702571
-0.4049544408659836
-0.5713911926463765
-0.6066682907834448
-0.563105120598957
-0.38886917789331443
-0.2672363551324065
-0.2608738971715894
-0.1929875887366395
-0.07262500382234027
-0.30056882968305276
-0.3944144180476533
-0.31228447533562176
-0.3335183334015017
-0.16396243533195493
0.05546120849951383
0.2691560639143334
0.41986915425459365
0.5598537350416842
0.5274626319072607
0.49994849029213695
0.35788755855876164
0.19775761944003117
-0.011452653281555685
-0.11258899924371014
-0.013745315086454657
0.023925954915982796
-0.06649396561360338
-0.20062654627482573
-0.28674677379082103
-0.21194554425349454
-0.323726928795645
-0.1978602579619125
0.1556824964336068
0.2948249635342761
0.3503573537360125
0.39718302532541794
0.3920938489352696
0.17130979715952946
-0.045947753286504606
-0.31637917205529664
-0.4254387536411575
-0.4290368841014442
-0.2654820725674842
-0.1781300714990504
-0.13280350026096013
-0.23162026187738738
-0.3626417914288971
-0.43240371271478184
-0.45224094588610475
-0.6483243484221042
-0.7635853823374863
-0.6299038211030509
-0.5154765840448869
-0.4163537569507816
-0.3074837696650363
-0.10702308431721598
0.026221143647889675
0.15102184445195144
0.12249419580159335
-0.05038905248526931
-0.04465791316298008
0.057541093607887776
-0.15385352791052895
-0.21959388968365892
-0.07504762367465168
-0.26566058606019427
-0.24790141729121903
-0.10853678921540783
0.011364925421960582
0.36164732302157354
0.3252976229243313
0.3863269274931811
0.7760968847000039
1.0312125172850042
1.492864643208479
2.476353541726792
