2.694888923688194
1.728086253395322
1.1154943084045452
0.7602285483670068
0.5901306990320958
0.37120015004439577
0.11071573760169287
-0.1447748104859286
-0.0611601914351637
-0.15365322573055332
-0.11984480227864187
-0.057662800256675174
0.08385208251008483
0.039712489054062744
0.1113991904890573
0.21728184077158227
0.18477910236792536
0.050748680467357914
-0.22501085283373073
-0.23031093538993988
-0.33631217890521015
-0.6133422657813057
-0.6815437084509062
-0.46254565697856154
-0.22099296833439896
-0.10443149742201886
-0.053814963006128015
-0.0071706594571304474
0.22099629929495254
0.19218089841408312
0.2566841165892807
0.3242371473966887
0.21616891945645778
-0.15469123508495253
-0.23256761114727184
-0.13819218149098433
0.03714236841257898
0.010539027554952183
0.338620246381821
0.3621831570861189
0.2688402342799939
0.5242496958645777
0.5061685808027612
0.5232282503787493
0.24117389584890736
0.20094238175563858
0.15297909449449362
-0.10087249047971708
-0.22231948233883886
-0.24352307245576382
-0.060560802873055784
-0.15891139625417502
-0.2220213740453893
-0.5310033300610084
-0.6057173002193733
-0.5197136666353064
-0.4994918994194658
-0.2935490241338911
0.08674004292235955
0.2758528223032173
0.25751787540712756
0.24564843851958884
0.14896063911729202
-0.14452815901971605
-0.17721193286556652
-0.3186103238519107
-0.623035041603818
-0.5989262022578595
-0.7189996707634099
-0.6178327273070849
-0.31378858518357156
-0.16692788656317026
0.1776414087547672
0.18538802710882274
0.012523468467764986
-0.28413240396116407
-0.3312470814367123
-0.6132598809304207
-0.7244075896637686
-0.7721927908825823
-0.5431988811880607
-0.24779297404738562
-0.3016672083350439
-0.14081876016425246
0.13817138750475141
0.25109724899939173
0.1846454357206588
0.008126313655107409
0.2217744737947671
0.043234462116920024
-0.36799739421433636
-0.4402021894250011
-0.2569295877280975
-0.3754864910625214
-0.3111833966354425
-0.07869123583310601
0.07487134923246007
0.15862279112302474
-0.019499788645692507
0.004098061165033027
-0.1004473237938197
-0.06059591571855428
-0.33064733408308983
-0.5646075770874585
-0.5452442090119192
-0.4517643698177931
-0.46282825138099465
-0.28295802955037
0.011365350963631893
0.025124261064829095
-0.11422683019617667
-0.19798768433032815
-0.0930651954110809
-0.19999474819620594
-0.35009207228971356
-0.26860924345864157
-0.4360746223594703
-0.37124668326159765
-0.25707835757749176
-0.10773471283326233
0.04118517818387821
-0.03274033501191383
-0.23979843034029358
-0.19065437099457852
-0.01584957484950328
0.13113064981891961
0.19603699063403218
0.08352320616944872
0.22047695686310986
0.17820342041204412
0.19543930454172945
-0.04159499990656728
-0.36619129330165945
-0.4202896577084653
-0.31970848065389057
-0.19664989231868837
-0.24700240383142585
-0.09664533675033578
-0.03901584074202246
-0.03879658763309753
-0.133392369694062
-0.171845595524322
-0.3555533295870294
-0.7180211436504176
-0.9679332748253519
-0.9717998933499062
-0.8048316241671589
-0.5150442852211927
-0.44349518426967677
-0.16920550987575228
-0.18352285240192429
-0.06883819182553513
0.2087155758387834
0.2510435158074138
0.11642528241717205
0.33992824343652167
0.4587462235925105
0.38747623194431535
0.3200503098523339
0.17831316594672664
0.04459783683349604
-0.015496580034784557
-0.19821229070497948
-0.35685757444245747
-0.20970472193133544
-0.17901720980294716
0.08849331299796663
0.32102752582757277
0.3328912908467946
0.4243712494632545
0.36169377440501593
0.13800212048042476
0.21718812168704163
0.13350033855086726
-0.07837253504372976
-0.28392971136556083
-0.339488038136332
-0.49802945743980337
-0.3970377734296436
-0.23010302105273828
-0.2689025062188127
-0.1713298871989586
-0.18187749370603834
-0.20123457586307683
-0.19501205193223753
-0.1046563588553496
-0.11796657500314632
0.1706079050705611
0.201168138321757
0.1810284460005105
0.26860888726531124
0.43369409368660544
0.5802423990104661
0.42576589956134175
0.2406873872274646
0.34466145364537837
0.09974065256722998
-0.3048149771734524
-0.44310752060497266
-0.776471079874379
-1.0170267259274461
-1.1555139896602995
-1.0725838857209335
-1.0820665260256883
-0.9837820184653676
-0.720201111030112
-0.2896318675444325
-0.06478017989473069
-0.02855484235478409
-0.17483973743756825
-0.11130148773713791
-0.1086633925511881
0.07061300729481773
0.027117617942795835
-0.0016468677541385361
0.3066413040954258
0.41110864849797224
0.5314658797630315
0.5609559952754146
0.6686023591730802
0.6579705797297134
0.595730468805617
0.5357285827198779
0.3332062677556452
0.5511810748123221
0.537648827165651
0.37546229534699965
0.497545991615544
0.6309353051155084
0.5997286302544468
0.3819832585510775
0.10988252886135516
0.03940857797601938
0.0194373894738663
-0.1413033207201021
-0.3121977359230598
-0.1045956749897999
-0.27479772465080343
-0.3590871981836569
-0.25302861413797123
0.08566808284954353
0.07999413613296406
-0.21772869755942734
-0.07416183729534265
0.021604140666727344
0.018702022314438363
-0.37043727842118873
-0.4128441032265436
-0.436524774611006
-0.7362842675136428
-0.8409342153975473
-0.7409221882394958
-0.7770772023534944
-0.6600932815804119
-0.38243167086237395
-0.25217031064591566
-0.26577812274375934
0.02248503992184181
0.14076114893076444
0.5138645271704123
0.6517174050007932
0.6936401086873691
0.5712937695907043
0.3908619568074507
0.06250571914453858
0.02523856823347856
-0.3012771810760621
-0.49527223464096365
-0.31185591594175105
-0.3654452628153143
-0.5691704593746342
-0.6373549794299678
-0.372598156851587
-0.28206943774654886
-0.49798447151530606
-0.5403260312139705
-0.41327498095196685
-0.1333295285223966
0.02206499309072524
-0.08180858845807971
-0.2402709803548693
-0.18886508288671439
-0.4095216322566221
-0.38417164554779615
-0.5083950410474786
-0.5324660970484363
-0.5114081208372229
-0.3512009418301668
-0.3796689462838485
-0.1985504581097199
-0.0005726062259603509
0.4062259839384654
0.9663041669008106
1.6429167673500262
