2.4151793537373476
1.5262059722558188
0.9311575445802914
0.3169068015350921
0.07676439905323577
-0.1414003955502947
-0.05935238896807971
-0.009960965536000413
0.19669530864776194
0.15617777748052272
0.1257827711912382
0.03581626293793145
-0.0987211461326746
0.03889770570889608
-0.11433087572367422
-0.008122026745342138
-0.08390550956309997
-0.3111944035715845
-0.3304650884638644
-0.4165480586243621
-0.5901665392241028
-0.6130680760006496
-0.6179084725229225
-0.5481956540524237
-0.31152841074807724
0.10929700703678016
0.18158131434426067
0.07403000041162938
0.09492958136298522
-0.0017042526817375985
-0.15486986946762765
-0.37321811003342725
-0.349245950955519
-0.17237611508671882
-0.26055306948203577
-0.3045201164201761
-0.2814926736040556
-0.006908808590548503
-0.01217426475089401
-0.04325332696543367
-0.22751319614659418
-0.21724614438291628
-0.12906299601928978
-0.19415017020949343
-0.23270548109106426
0.0514707484538885
0.04652593181445218
-0.08025278591643993
0.21092440589149647
0.38788129349231626
0.3257823873083932
0.15147830275612179
-0.045294586970442405
-0.18230901835013316
-0.19822071976924785
-0.39723529496466387
-0.3625092559427109
-0.299668575397647
-0.29362846907756585
-0.41413329675908794
-0.4426835794845286
-0.17154055614777355
-0.0024695377702862766
-0.024313539326795097
0.1664919728350274
0.26161499185972165
0.29240359917404357
0.34172977039185926
0.1678243511479413
-0.026141082229990543
-0.04794886600456966
-0.15836976096091904
-0.004970660170342284
0.22552027592419918
0.2849868481871203
0.19948051302752876
0.10494654362656392
0.07959403962224516
-0.11593937887004405
-0.30324550571208597
-0.3203417812619031
-0.29905955572191784
-0.46765251565347193
-0.4688751604709053
-0.35676054557956527
-0.3637568159647982
-0.5243818712198969
-0.42106259449155903
-0.21295314139085175
0.11154779083047861
0.2274973421089375
0.4598844622893351
0.5143530680431062
0.4441201503117329
0.4043585687170441
0.24144248978324756
-0.054676292508901644
0.0016071120407741332
0.1641890114793905
0.28225850473090985
0.21975327526327332
0.23029866558756323
0.27666053513524647
-0.05051838299719816
-0.08815048122580771
-0.005273903541386663
-0.20208095584954164
-0.2553052718681943
-0.3680505042325833
-0.6264132803564751
-0.6896163206977594
-0.5046951710024213
-0.5481244950609869
-0.5921169692610153
-0.3884969920981926
0.008496124670217804
0.03587069398061371
0.019616459024352616
-0.1333401273048213
-0.20676299894590772
-0.4930838469211085
-0.5716358826980246
-0.5723181704152269
-0.47423712574291516
-0.2821654280724805
-0.17527605503431562
0.12640699542712241
0.23302295694828548
0.15659303122487844
-0.1352562621338798
-0.08319974147450712
-0.14844955192547216
-0.2478541468878366
-0.22544987631671304
0.01827911802107287
0.18564961937950608
0.01922355349935728
-0.11785340088505826
0.0210260217266513
0.016740332828674216
0.26593107047493164
0.3338694618929808
0.1425491062208515
-0.0927982734598281
-0.30435660796959424
-0.40813214485245813
-0.38659474879276867
-0.278406674420937
0.022411586855819142
0.282841932451717
0.5660311384406833
0.6588782996564746
0.649147601940775
0.7086869979595711
0.6634129633002981
0.3937359998215872
0.23839396826823436
0.1321023642162806
0.07517939323798344
0.2162174248841836
0.08928485619917267
-0.019459625237726954
-0.0609239450308895
0.15330872862225145
0.06633199204862397
-0.11948407042194813
-0.08989830187796877
-0.15673979602728072
-0.2054337884724172
-0.1644819565817939
0.038816862293117656
0.11828375795944736
0.08565441189724891
-0.13808450732387298
-0.0036409582932484183
0.1272222982934609
-0.25058366332152976
-0.41083887459161833
-0.21197490785111164
-0.2124879437337943
-0.3093193074300499
-0.44043967365669234
-0.2995756884095957
-0.246978973427512
-0.6373204867008139
-0.7425785157964915
-0.6343944675683207
-0.3808424138337529
-0.2630057236325445
-0.25814666301678585
-0.29240452867805117
-0.07222985312542102
-0.32833960929246225
-0.3340842445000091
-0.02348231898337021
0.13743236338027887
-0.12268962108345127
-0.0631411299607362
0.05947105422469565
0.06509737758733668
-0.24027996360667792
-0.32006712913173313
-0.4636574651064606
-0.4830507290639163
-0.32897374124850665
-0.19910476342922334
-0.1275293193600076
-0.04916749843091648
-0.21000705562292335
-0.18647114599205417
0.004096227953539599
-0.028802989320425073
0.08531203959409858
-0.01834167825356438
0.08720698517131738
0.3517756304165547
0.36495888705051355
0.15226429326835922
0.2953901046345997
0.3559333191718524
0.06282299133648071
0.022814294793103006
-0.15544486274873145
-0.4877260724698622
-0.545755133292737
-0.2778597514204525
-0.43870583142109426
-0.5774722021908625
-0.36659580884207654
-0.3538162102051881
-0.5975281476692516
-0.5694904475630392
-0.2211919600608853
0.07788308498242663
-0.010088727282495593
0.28884570074418653
0.26556015150711837
0.03254547768302668
-0.11445984346500707
-0.32008124155005996
-0.5740024079325065
-0.8122949455013707
-0.8410160871837933
-0.74136209915233
-0.5204577943585418
-0.2827228755145917
0.14482577924354073
0.26732446136221416
0.4088256538261563
0.4333406521854589
0.5086623601069348
0.5411524463098796
0.6117607977142242
0.5057432873913571
0.6851319016431645
0.7335091659135371
0.9041639858929353
0.788648440482434
0.5766833150084911
0.3752092123046988
0.09380487754221693
-0.3615641569222037
-0.5710565947175497
-0.759988036148372
-0.8125903184982868
-0.48574716756810626
-0.29003863572218685
-0.3666504685086733
-0.2963864762960422
0.041434105409693486
0.2124247886107615
-0.002261803044613665
0.03762727749212663
0.27983355145695227
0.47055172395754
0.34986017153639776
0.0860823735358434
-0.046448842672826895
-0.1500306688792536
-0.39667168911353357
-0.4966097145835357
-0.4930081004850324
-0.2771149286046173
-0.2530635031680931
-0.11454229761348826
-0.06854491042941356
-0.18103721190910227
-0.4477765238018124
-0.5646904327615505
-0.5240273657813329
-0.4500946666700149
-0.41034185264720807
-0.2597999150217687
-0.27960197251408536
-0.31575525475335753
-0.21748364194432612
-0.21676244686420648
-0.4490259105435893
-0.48775490290873424
-0.401468055447535
-0.41165733518874503
-0.43160252936935994
-0.3037194778993438
0.14833791307874108
0.4619360659180508
0.41358000043533344
0.33642326030263636
0.3312751958412852
0.1374887653139349
0.05426009368912974
-0.05212616261573704
-0.3436064697648275
-0.38038597554858605
-0.37444199280175067
-0.25730591432357997
-0.31377140641989604
-0.06479769102443883
-0.15909189281634087
-0.14732533998997385
0.05406859831789419
-0.007359952868000992
-0.20764016349372147
-0.2282042619101257
-0.3998580790036346
-0.3756240023315921
-0.2838957797868633
-0.1232158732486932
0.015230843402596866
0.1819026178021274
0.2029433106360365
-0.011908532888281554
-0.06116294317761914
-0.021805426127400274
-0.04121046650434063
-0.08858259269221151
0.19298567834520375
0.08735730025015007
0.3328171995596553
0.6134155518805322
0.5756131486792881
0.38769511785552563
0.19196636272417145
0.09212606629972886
-0.09944665042980723
-0.45035776746693545
-0.60173625003616
-0.6142491970443429
-0.45555382817470724
-0.09109348254491335
0.18507158889974484
0.4267411672256232
0.38831947731308536
0.4258830421727835
0.40354358188127054
0.33662740531289553
0.31864837669192486
0.2333854029431646
0.23607588889524359
0.22695246408458955
0.030468225260639345
0.013216992333233524
-0.017750133509681888
-0.005547981286658114
-0.16320179104303423
-0.08301138764705585
-0.09149307005695255
-0.0936251156265446
0.18164937659401345
0.29081511070453464
0.13054897274458643
-0.0003251659855840316
0.2344218215045622
0.39124784070516366
0.42615071858388487
0.5061869839033879
0.46873037727508376
0.22439265444679668
0.23292038131337103
0.3825689068554059
0.2556973934620975
0.09156921818978254
-0.297756031704389
-0.3010601111194923
-0.40707567158015745
-0.490380451393592
-0.4696884287696842
-0.24199023262912084
-0.17469307774679294
-0.27659184716579654
-0.25371244054856124
0.09949305456099133
0.34018436041453126
0.11770432458048247
0.3214060004997204
0.43775186222436857
0.20809869069065204
0.17140764139050613
0.08085028447263456
-0.10689047489466065
-0.033944846536711565
-0.13086974215386915
-0.3724540197921588
-0.3223698251833227
-0.5116090903303608
-0.7108865599717317
-0.798909152490088
-0.7151595899720273
-0.46844509972194737
-0.28840647360198157
0.2739631716889401
0.6070110671401728
1.3372075463090207
2.0706107146945287
