2.8814453133391287
1.8497567253993163
1.0384595734026092
0.6470306359406512
0.3343309522591139
0.26677183550407657
0.24019691056015954
0.510474332687687
0.46080507864817793
0.4583799110663573
0.4174769055665182
0.15621673682820628
0.2256531841709157
-0.09430201912979894
-0.1820299179106009
-0.27059186686255676
-0.13900066351245222
-0.19150953062994913
-0.1686215464360608
0.06255538722750176
0.22715000864116358
0.21604161103608724
-0.10743241750835049
-0.05482331655506314
0.1352087125772448
0.15251377952055895
0.12996681250386982
-0.009598275483634506
-0.05837726468141335
-0.232806282039132
-0.4605304402452546
-0.3080531065992947
-0.34160103227772365
-0.2125208697502638
-0.11175795464686869
0.18960239702398207
0.2608967722896494
0.25224396943146515
0.30258146956990134
0.008945321821046317
-0.2012766175609356
-0.17536227853651795
-0.1289688673025368
-0.28233451502776025
-0.19911363535939897
-0.18616387393660697
-0.16833527019955621
-0.28719164199986796
-0.5530344534450468
-0.7633526654213196
-0.7889829293128887
-0.7156574936345713
-0.48883543997102086
-0.3424876432830086
-0.1584979645081487
-0.059972754983918485
0.18858856804041418
0.18690654743055185
0.05746617708947595
-0.22061320843611087
-0.3713924659696256
-0.3934489329667417
-0.3051736408478098
-0.2427772360680629
-0.2764884751179092
-0.11133875088727689
0.10289008478894522
0.19775551977155312
0.4301666998757108
0.7401235036458077
0.9091014936013843
0.8439893709344082
0.7789126088914763
0.7109241931476745
0.36944769673805705
-0.196080551254763
-0.3717050730254988
-0.3117726022818431
-0.6307901745226799
-0.8053699560848859
-0.8213593033200954
-0.563078136999871
-0.591777754867046
-0.5308179170100876
-0.3189355523315144
0.2082565212831506
0.3802778828641907
0.319160135410283
0.3221776401981582
0.39320648794684737
0.38892665751006794
0.10301364100013835
0.3388521293784919
0.4789960574507698
0.5258431427438239
0.43019872666589737
0.362556401526145
0.04401508594665189
-0.041144937503912946
-0.08930555660870185
-0.3499373840669209
-0.3487721619578514
-0.02453263969713329
0.012965098705686151
-0.023759797168425682
0.16812198958426489
0.0888136207061063
0.15617602422608443
0.09287591618664547
-0.10214406787084412
-0.1941390706120642
-0.03723411698437655
-0.14309835721989128
0.06318146457821952
0.11520790921672204
0.17048088276255405
0.15918528965523757
-0.09353364166057702
-0.4008516002174463
-0.5529050852078151
-0.5735179135095918
-0.42780015718754455
-0.06815494802035052
0.08412779904711551
0.21460375527465664
0.19451776371146487
0.19378012607986714
-0.018952531144231996
0.009743604689333073
0.08757797459695905
0.26198317109534525
0.5036977397209712
0.7890696605992361
0.9140705366737348
0.9381885310033328
0.7923723240092595
0.5902257816192714
0.4305566438365027
0.1016700385562985
-0.06370289994039725
0.002646906133299645
-0.20308330256249943
-0.3410625896062389
-0.18304316658003916
-0.20538961204871842
-0.303608895194263
-0.25840004615576995
-0.29359844015137626
-0.2603028163464168
-0.08090954579464739
0.09599091039510797
0.15996984872549921
0.14184386990291842
0.02739782585467554
-0.20170929488850378
-0.2418053999188354
-0.30318887499397373
-0.4616922994219599
-0.611905810495408
-0.5281463294617904
-0.7603582788520905
-0.8007680796788551
-0.508624674642597
-0.34866384752364604
-0.1788195022121817
0.07923008396593424
0.573832706284911
0.712300372300064
0.721215161765545
0.8339029438880328
0.6328030840197849
0.21243137179246172
-0.1514437143131192
-0.5338989007171017
-0.7218501240487087
-0.8566845587469251
-0.9127428860183394
-0.7836755187816509
-0.5581321378530204
-0.17055523361174724
0.18226449797560093
0.33225010881177447
0.4295959360530588
0.5116008725755967
0.45182930392717613
0.28110267693355523
0.037257957844992695
-0.10049938315268409
-0.16369986978086903
-0.038208136345775634
0.14026360644753808
0.27276156427086234
0.10448493419128321
0.4117875235743408
0.42046060104261723
0.17207065673570587
0.2998602644903823
0.3990198111383263
0.41643700693817487
0.1727792838993359
0.12433494074383433
0.02131053240658596
-0.11494491839402331
-0.3825926817661718
-0.32983135764764615
-0.5806019759008679
-0.7128561411930444
-0.6324671856218939
-0.4077686268809944
-0.26509363621347964
0.08174699454114112
0.1531384533610029
0.08601766512958506
0.22767111971405987
0.310910449001039
0.07111477037065735
-0.08030594567708117
0.06795854262725119
-0.08468576382681256
0.013497773545213339
0.09740948716997126
0.05266829582323452
-0.19314212941402537
-0.2076109492367967
-0.039494753296578096
0.09922009229713784
0.11356983677774342
-0.11358764560860266
-0.1372200583182476
0.1918222099104005
0.44414798320374677
0.4260020593387932
0.4480531684851405
0.7027785240493541
0.8596462848851484
0.9315961834420128
1.016387980082132
0.8981964286043738
0.558461961241525
0.15047046295730784
-0.1464669353430144
-0.2921822460583023
-0.2803039784661537
-0.11214970318562434
0.10788731642322619
0.22510882549203035
0.26001761241165683
0.2389519233262127
0.16745644234849277
-0.070589493346855
-0.31843007570349685
-0.3671682425637721
-0.5634672531665783
-0.5414818632515649
-0.5079723369512427
-0.4435077176140844
-0.10316816793038079
0.02845880424084051
0.008183675799034437
0.30101093905558873
0.28624358553103957
0.23087459890685752
0.441328770897962
0.40287864804461115
0.40686190788765625
0.4840396349866574
0.4870124741680155
0.30316825889609256
0.1655732383347617
0.3829899634796359
0.9348869685609673
1.6483044939795881
