2.408032250428561
1.9343279176883168
1.35428601811246
1.1314292641552097
1.0151596020721638
0.6343094779141234
0.3902036308131267
0.2387786746475954
0.28448054311734894
-0.020033523980450954
-0.3116027839983689
-0.37726458384351297
-0.40763646727247627
-0.737759926507363
-0.8663418013231506
-0.7601805010123799
-0.4523574186007371
-0.27077872680560255
-0.003484628495664022
0.06872742455068855
0.04620813125653611
-0.1427874623012546
-0.39206627846673575
-0.4159046599902278
-0.32960380927950467
-0.08637282927733407
0.02129783705521862
0.027932031903550297
-0.0831847879423285
-0.1652328103934787
-0.029689175609264054
-0.0012607514050443167
0.06893260046463695
0.16917829976005766
0.26408800727342097
0.15589068288676675
-0.017482478253044748
-0.13133624022342613
-0.023300488658267816
-0.09371880635846716
-0.19877001788734402
-0.16239874341031357
-0.24115800510693725
-0.3034715335679129
-0.20935782352210086
0.1592586650711748
0.44453457064882274
0.30745422492878877
0.24852766687105798
0.2554726682468117
-0.008030347293557538
-0.2950412392293432
-0.37599471315356675
-0.433948030998116
-0.6293053544558518
-0.9347615716846729
-0.9363284059606638
-0.9994394240009162
-0.9928316208804125
-0.7234394877341215
-0.6146669371695279
-0.6108926666881724
-0.36985297740342066
0.011443601307028959
0.05358365537673762
0.008700185903817836
0.0020379969927251697
0.06313663519077695
-0.061018979883814925
-0.022791023549545618
0.06561109743301297
-0.22805174476454806
-0.2709264711539893
-0.28160286209523355
-0.07901642423939427
-0.29466178018662786
-0.3893900097209614
-0.368123312595669
-0.2817273645326312
-0.2052668979293023
-0.1482030120095075
-0.09313374499296087
-0.1902201301383141
-0.056095053100393436
0.21586864738816886
0.3612536320678538
0.3618635008909337
0.249402224875065
0.04353820871212389
-0.02179597835659524
-0.27057840407508227
-0.27269744042656735
-0.43903935230310437
-0.6378479166160838
-0.7651577452472719
-0.6862186635989651
-0.6147239340084478
-0.44207378651611434
-0.20754034920265682
-0.06246753077074808
0.04013138152646728
0.2500786502456388
0.30804077849630146
0.28696629142829816
0.1892297869776663
-0.11031019497643296
-0.08850004471960268
0.01607867827622756
-0.16308388468739568
-0.12690382050187626
0.019637659212647346
0.040251015792672346
0.027189175061123547
-0.0891721411458799
-0.32556815032755804
-0.3411527585015192
-0.4898806847849679
-0.30762908754615415
-0.3149055905180355
-0.26129249589579245
-0.10937520340596399
-0.0831051827091289
-0.19108302774974784
-0.149765973950802
-0.22371272085006355
-0.012283228692177475
-0.05463796506525215
-0.17935650307821366
-0.09411802534122393
-0.22583162844009969
-0.09429368159451833
-0.05777114054915369
0.005230645915824652
0.09909693259473969
0.2188943974178442
0.19904348370054234
0.33151330883637303
0.4012947275042847
0.46054681045250084
0.1778334695641024
-0.03755451611091287
0.20107781809561295
0.16699290452405255
0.04914776219597332
0.22715163149619036
0.29148095478003005
0.24665958257194928
0.2275525474978322
0.39333911466518917
0.45624101473224166
0.4402201202468817
0.3536110345963363
0.22655922111370577
0.19827890917921367
0.1426963666536413
0.1652224106465104
-0.11293705709696292
-0.12931069310754634
-0.06307494957970002
0.007721169905386981
-0.08304199099432957
-0.34056542007440915
-0.2522976196158874
-0.2348362539128404
-0.12647161794718137
-0.032044528181698666
0.19994146253731515
0.2758797856301431
0.304623493543487
0.3846203275122217
0.4567955960501815
0.35422513228498625
-0.04003146195712913
-0.3347307076495866
-0.6414325758773175
-0.7376003413544449
-0.5462075222132033
-0.21853700183625438
-0.07884769469612303
0.05983068998492573
0.1985956364897304
0.29159524044011176
0.158795201808287
-0.1111741542120151
-0.009409758942889422
-0.04437845961525004
-0.16128468781681649
-0.28249422986670797
-0.17974256048371934
-0.15180290299421173
-0.22232663323928584
-0.11592434544334076
-0.10939923363283678
0.05470551684435649
0.13289224967637034
0.09877647461406669
0.022867144381009775
-0.01635304382282045
-0.09548142130375242
-0.1786714804891018
-0.29342094935479995
-0.2745033510663392
-0.2630255379018801
-0.4518868039893547
-0.520884599111269
-0.391144853570225
-0.42808313959813865
-0.6156917338681918
-0.5587524294851859
-0.26493113402920776
-0.17508673016158618
-0.15576454719132712
-0.17347519867880562
0.13288491216233436
0.26924671512041853
0.591175711167217
0.8694376444771329
1.4162608795469356
2.0947985017308137
