2.5341551611539184
1.7326020453154822
1.229671466703077
0.6631857051008537
0.2790383079437824
-0.03568703731947195
0.08400560938958883
0.09453175773451425
0.03370788408205884
0.07263949075695302
0.09994248888323347
0.04075162310451488
-0.17170502248948574
-0.24697362482496163
-0.42810181720507
-0.34366914529424464
-0.4584947970159373
-0.46333241387599367
-0.13296502510573707
0.07055323455854955
0.0958100019956401
0.10072182310038795
0.07146042223046206
0.1336440818668011
0.0652037160571914
-0.009768630670914989
0.045210896341002026
0.08927699661288795
-0.09641718837204542
-0.10569812081862644
0.025241789768698317
-0.1010042413167631
-0.44228214396685156
-0.41102496974734093
-0.40857461176871734
-0.4782368678207671
-0.5778553180579499
-0.44630314988970987
-0.437120002855075
-0.5186032181456142
-0.44524594411434065
-0.3031787466904219
-0.05789782123417765
0.032021743992137565
-0.02880391042379026
0.1350368230944239
0.1943162500293141
0.0752997384200413
0.18620402332911223
0.11470789187492189
0.09139040681712399
0.03617854043517296
-0.20302399267490523
-0.34653786839099987
-0.4311295046487047
-0.557117411751903
-0.7679744742155801
-0.8106079737024192
-0.5875784867851344
-0.4056001930706245
-0.10199189269260667
0.23310458405837745
0.3400218644350959
0.314034603409455
0.3874582858798932
0.3249551512466593
0.18557529106507792
0.1651187620602254
0.24150620105753456
0.2857139155161973
0.06137844843907082
0.16667185842190832
0.21639645020340786
0.22492608522684393
0.047898663031799474
0.04279395124512195
-0.015077031757611029
-0.2953690636067878
-0.5242722119428143
-0.5777126239098809
-0.5271272060847791
-0.35417010632475104
-0.44893380427346885
-0.194705717036353
0.010930404879384209
-0.08663949648456605
-0.1112991794593692
0.045687995426159915
0.1686311748624988
0.3886790973843784
0.3581129496790598
0.21839828790800517
0.2234774719865911
0.23812955721858484
-0.06513289580268672
0.0033944849318866405
0.16365693860165997
0.2137907768024451
0.1789874273066551
0.2561308297366956
0.44805012427887947
0.46713932433134436
0.45554219805108753
0.46075487464415316
0.4093928520914864
0.4232373393866372
0.252633627023733
0.0793104308428599
-0.16863881824713195
-0.30276844294689803
-0.5435007773586783
-0.621110144255284
-0.6135902271231153
-0.3828694227492093
-0.4437965078664218
-0.20269095407862125
0.22482319914382803
0.4170921698509936
0.46415248298490475
0.5575464188214828
0.437286412821245
0.15568850476050283
-0.04476375596673156
-0.008827780728462714
-0.3357233894279277
-0.4470890487241037
-0.11319656080898026
0.1542947847463382
0.15193804429124927
0.10355226432495883
0.13003675599341513
-0.0010723108862133492
-0.14378219836050682
-0.04340203323418771
-0.039127814667619554
-0.19449358750807555
-0.4478921917239456
-0.28625455336389105
-0.13392967977234685
-0.3071936513653524
-0.25982049484094427
-0.26023600443619344
-0.09451008282037406
-0.034425213430563616
-0.10328495187944169
0.14211262661379606
0.31116759898755664
0.5070494580050737
0.573921491859302
0.4439299498936436
0.19642512449516517
-0.04618136759010922
-0.40566672702354606
-0.49938043698577195
-0.3380825790422899
-0.34960170718048195
-0.3995965028648061
-0.3587482606138324
-0.19723423418894265
0.10660878588753396
0.281269458193298
0.44636439307368253
0.26132064308496294
0.1299523596662378
0.24875916552749266
0.22787086519314143
-0.07980226676352246
-0.020452344052400158
0.030717668362840796
0.03149021228372727
0.12249110312868446
0.30558401369400556
0.4764822771292521
0.5977733060616066
0.8335018755707178
0.8092783668776002
0.8614974469153772
1.0969548794929103
1.7709792529431954
2.6984403172087363
