2.355070410534044
1.6829182379354095
1.1465777799923835
0.4750879963942364
0.10765619958542713
-0.011459075025933924
-0.1312575051377274
-0.2659810903617706
-0.4384478095159818
-0.34704183667067495
-0.14696383363188684
0.08620811707241412
0.26610935495463667
0.4979124871252595
0.5072931192043424
0.2586926031345099
0.3665435163257231
0.4727749698334731
0.24996939214032077
0.0024432796629945425
-0.3697597104138599
-0.6099879962168201
-0.631134686898806
-0.5009156177484998
-0.3163522195392978
0.021047731473372307
0.07892775867555216
0.21756078021051695
0.18197024526750208
0.19522927354559777
0.3986902238792889
0.23467332641240213
0.06600103753253621
-0.042691582563604974
-0.38647165678932693
-0.44091320902253084
-0.18291736403269715
-0.04365792449401063
-0.22293684088523905
-0.2730541999868353
0.0003530190413897887
0.05813908676361274
-0.09520012662510331
-0.3153068736739311
-0.5392566073476308
-0.6042919984616324
-0.6796997868185468
-0.5548466581212177
-0.3130047171994557
-0.01580603263630921
0.030499138741019068
0.21724967181394395
0.2455088090779009
0.24812138567212366
0.37075514176096486
0.3243055390739641
0.19567696131534346
-0.11596176106992148
-0.3902564887067865
-0.5545547073223522
-0.5995739129750133
-0.44431085173867835
-0.06953237270684727
-0.009427498504314078
-0.040126341422971695
-0.017499006342842405
0.1767772268821892
-0.002357584353003527
-0.21163050336961944
-0.15851610421492413
0.0340853845400273
-0.17138702545763904
-0.14541378736249133
0.11108884415752476
0.35343457954189333
0.3147292247396014
0.18420518664823488
0.37456401391487587
0.2975928928112565
0.030506346447753414
0.08955533434355406
-0.035026622792456864
-0.2815564880919603
-0.5105206194785608
-0.45621196098728783
-0.30025536317848434
-0.32747448413065916
-0.1161514532042448
0.178761190936494
0.436138530763575
0.5270022686485794
0.5351149635360369
0.5960516116869945
0.4236160093904578
0.18013231104735786
-0.007561463685539765
0.018939985909958292
-0.1324240826641602
-0.5392754864956989
-0.6117601912335322
-0.47598327015727304
-0.2672533410488594
-0.3081030555466977
-0.057282569694790425
0.3357913878744716
0.3261480476420926
0.3121832844679999
0.274633061965661
0.2145359767942125
-0.04190079937941925
-0.08903169677237809
0.16634348206335126
0.15180515104807274
0.27698693448406614
0.43462553645744095
0.4436474825586348
0.31003053899625815
0.2288161534418217
0.12590489316123757
0.14886016177013464
-0.14789524067713744
-0.22203059427017494
-0.42982277993449786
-0.438444946476053
-0.4672241594236271
-0.3277521729259079
-0.33969556800975287
-0.21566081762850722
0.09672245208249212
0.2888064852404196
0.24856955530637412
0.4837742209363335
0.40127556801729536
0.3060979309368416
0.050666851264669
-0.3882413477980619
-0.6049234024182193
-0.7474832204646895
-0.6619659747181311
-0.33204332460920044
-0.2755375778348517
-0.15544521696236513
0.12041495646996363
0.3291097059252264
0.39187578064677936
0.46306583392179607
0.4738446877893446
0.2512957140360778
-0.10706097145620443
-0.17220275614143488
-0.3184033230985326
-0.49039968601232936
-0.3641684894009798
-0.04554698620103627
-0.0717687035679035
-0.0051472811597704435
0.1155935163527266
0.262323856845046
0.17314223741014897
-0.24194287959365052
-0.34717842324062015
-0.5716231829557437
-0.707066680555639
-0.5797428974912764
-0.3147009725476762
-0.31717242274080404
-0.20251735296727766
-0.1440105594650954
-0.21911683204651036
-0.37422265108062647
-0.4592001219839698
-0.24353233123965773
-0.4085557291102507
-0.3375563464884859
-0.10509936605028711
-0.048573415862200486
-0.02996323481149433
0.12056366577326377
0.033245637446345774
-0.11427324386789944
0.050118288484739135
0.2210239609497431
0.06348823766328553
0.03791106317856747
0.013442951773087698
0.08676980474063399
-0.18475994300703322
-0.10416541739790394
0.26214422013527683
0.2949088614248429
0.35250420064265625
0.5166054565729814
0.5252430922068136
0.2581526401654775
-0.04723331652011368
-0.23996253105250498
-0.40240027562286357
-0.5698952188074335
-0.5134879479157884
-0.39527150516215936
-0.10304570020922253
0.32197781184932
0.48343100004416967
0.6268324781624934
0.6999364529338424
0.4302460718764802
0.44020237360628756
0.5259704059804152
0.3822492445247029
-0.05242072099397029
-0.04406274859052293
-0.03152203740067611
-0.2824022578192789
-0.2541502239584421
-0.2915957493487616
-0.4196630864798147
-0.49854411928116704
-0.4236288882894652
-0.2571886301786403
0.0260168510822847
0.3986962459273581
0.6969392479879213
0.6221578111924304
0.49885025648243275
0.4511968781756723
0.20271382206735925
-0.16046582707742452
-0.338263636450527
-0.22389099882388996
-0.36103270634523055
-0.7140464605694633
-0.7521890254862567
-0.6672571745802588
-0.4322543042738015
-0.0018192351244080245
0.05691000095275071
0.052038064643260766
-0.08179228127267248
-0.22211203340787802
-0.18210512652929212
-0.11545857415399793
-0.3173186220199791
-0.06347270282934439
-0.13566802540509953
-0.23895114768617212
-0.06451254568119806
-0.0949486544809223
-0.3325636346716932
-0.5196634625945654
-0.5072077792955157
-0.5082813097713265
-0.3477582743894593
-0.3889125158179457
-0.19940213651600983
-0.1673144089800097
-0.29035382269772275
-0.2011650799765381
0.06416480404856349
0.08353724853382827
0.034667203436200375
-0.1312337555720936
-0.454091802774448
-0.5282017268103335
-0.45948450688031073
-0.5814444804121282
-0.5856907043838213
-0.6097298536258264
-0.5736224748882761
-0.6429281450842608
-0.5854888702048336
-0.594730064303878
-0.45320518046755004
-0.24313338879313534
-0.1416074977750239
-0.07648610644979614
0.1212325204097606
0.19836981307259158
-0.06945165469768041
-0.24341811827933876
-0.14509740139341915
-0.3576701286438566
-0.4192811261535538
-0.2750328134418097
-0.27068688880457453
-0.13830986907948864
-0.03070640147490952
-0.059981659141620486
0.14914644159053217
0.08325672024182298
-0.06419850616532843
0.1035513076477451
0.1562887559708984
0.03737234537776467
-0.09423225514613615
0.05422693453493256
0.026515168571516288
0.23171591108278963
0.3874455466979177
0.40702380371143776
0.33219723279785546
0.05850967757579216
-0.2504659634455073
-0.4031357756257615
-0.44330897511023515
-0.3576254188864892
-0.029830883745025336
0.06752968660346646
0.06018900828134192
0.07605532653928355
0.31580318349201797
0.3121629183321936
0.312919586707567
0.3266480604120061
0.4701557854296698
0.08189642647415624
-0.14619126542942287
0.03430466294894561
-0.050235367922703965
-0.2631649769757804
-0.42438258836934817
-0.1702752644640898
-0.3568105945544128
-0.49514247982519144
-0.32537505396286415
-0.041664777498422574
-0.06501322327646779
0.19896035468144224
0.31066846157711375
0.3146239444205484
0.14651988458706544
-0.2516505300390532
-0.3656677737160172
-0.45173175667708193
-0.3855762921375866
-0.21758484382790402
-0.27767577144887634
-0.18111162783299634
0.1565919780140235
0.3377470376204147
0.2332582929599745
0.46251431541783306
0.6396447227396416
0.46389534402182575
0.31160502428735565
0.47658683135629637
0.4698376318219263
0.054509579593303215
0.0796239695755684
0.4194971860454475
0.3782769512917603
0.10122014397540804
0.23308869473907667
0.33297645905266143
0.05292578800384936
-0.16382287927481254
-0.0369501855904584
-0.20947679040963202
-0.22141938569116443
-0.06012848647303784
-0.25443418529813167
-0.6233390300600552
-0.7932750922383786
-0.7040749999050889
-0.6609569473318506
-0.4181447723870405
-0.005598646910607276
0.29764671534649345
0.3371419756116618
0.4587695681291061
0.400501053770823
0.4347002793089337
0.0926023594480895
0.0737723280847221
0.2943101826673552
0.23803649420373432
0.19929355105781638
0.16093679964624957
-0.055415971616367576
-0.0727006114301237
0.045887268709685375
0.4550522613699798
0.6934820801500327
0.905265413930003
0.8502942251832171
0.768912834814423
0.8361932547451216
0.6068751689034159
0.212726736665604
0.10855853797415609
0.2802105758603225
0.1904299007150331
-0.03232016145373622
0.05457783652998556
0.17749116154303243
0.15583037658882526
0.11207259413741177
0.4062643167544899
0.5161542507695316
0.2848776519112816
0.10735175152645761
-0.23717715548946489
-0.41540405206975484
-0.5727581686844011
-0.5513020436242069
-0.20650549635649723
-0.19790314753193097
-0.13266092189274445
-0.049664655428137014
-0.09902541486118456
-0.19203102657370275
-0.23702920701087277
-0.35475142731108755
-0.1554479598135728
-0.30162192706446217
-0.5379537120468668
-0.3958774491778442
0.01176747103301215
0.01324046890110906
-0.015110749596477598
0.41452849610874937
0.6834081177426828
0.7619467507750273
0.7706519559249541
1.3290084018413257
1.7313356841866576
2.101626532037161
2.9586743414177565
