2.5977293504213033
1.8163298988665395
1.2754563890362536
0.9441629082327821
0.8412301531623962
0.7398938197300742
0.582382864794419
0.42584938177267084
0.3628279761228887
0.18082589327546048
-0.16254916731393906
-0.10430993602312134
-0.16850506482284613
-0.2830799509480232
-0.32083397938228064
-0.16618812730399501
-0.23311061810294775
-0.4008709283624068
-0.3184889975760116
0.0838261238662931
0.37276601052334796
0.44507495965590965
0.41516752477073865
0.29921920846404493
0.03775540425742062
-0.0014598980916842481
-0.0844387094310967
0.11631636164088884
-0.0715138434751099
-0.09154641462749208
0.0034564716849616057
0.006625966363100235
-0.2196759781390522
-0.08652912397042026
0.043602140423647094
-0.17925107196082196
-0.14832123474465564
0.11285389994704836
0.22618201003435018
0.49735711175653097
0.5217434471926917
0.5153360598290077
0.5396817887426388
0.4994294114373958
0.29087849008671124
0.3909803045690195
0.2772149201230806
-0.08664455973565845
-0.14615965808332645
0.07700668934485365
0.14529163478105867
0.06985690257101461
-0.19708609854044576
-0.36000667724416985
-0.2699362188541385
-0.3534089033330447
-0.6410420236310899
-0.6322890994992973
-0.42076658336184997
-0.4957738201788964
-0.4049120604718127
-0.11593520970578465
0.21476289336093832
0.47206428693467234
0.3720575789207466
0.09582651202630989
0.22301688623913507
0.1956787696072655
-0.12223595652887204
-0.15343347875340962
-0.2967461522229021
-0.16036652046332303
-0.3934236388769505
-0.4550762352494574
-0.5022878557770033
-0.4824624763424979
-0.5073246792664283
-0.280430794784504
-0.2031793453202768
-0.19451072430986066
0.059826769545598645
0.37151216041472807
0.4373656722358863
0.4466135621099383
0.5362059994001567
0.6096678983802631
0.3248076547297239
0.05906361117184692
0.017594757121548503
-0.2636931556358297
-0.4151054569962242
-0.3469284396031618
-0.03393627508003888
0.0076579073119453535
-0.03416904072155614
-0.25181996290089703
-0.4782255063606424
-0.44482562529941716
-0.6429648057299236
-0.8245229152150703
-0.7178820363128996
-0.384556903666721
-0.4046312345121389
-0.15955638412373702
0.2308152788220177
0.4879119125087221
0.5325952115365502
0.6118178108377228
0.7473633450677948
0.5224487904639942
0.11222825093703288
0.07794659929552808
0.06209508616389323
-0.2390569719738393
-0.5936070024769461
-0.6971689458628912
-0.6595533719582294
-0.5483168645281135
-0.39595342256384697
-0.1239567594787671
0.03338161081064924
0.051569555824786034
0.3083777878503274
0.5293470634736452
0.5897825825968116
0.4177471134447432
0.372023650509899
0.3146366778478737
-0.03616462697443244
-0.12068428816913081
-0.18620925631648638
-0.45913260803973766
-0.5591085442323436
-0.49386963015984076
-0.291021781053522
-0.12903712596440586
-0.10603757403116576
-0.23360827634668047
-0.45568805945680235
-0.5389754741624505
-0.41110117225200193
-0.5100163224186715
-0.4860930318760614
-0.216930474376375
-0.015121273118985461
-0.07001463725845927
0.1709230324233334
0.37107510183663617
0.19163611399449518
0.03329630961399989
0.04422955217973816
-0.11936767411078712
-0.08799426706819019
-0.22954620471359763
-0.29026324303303364
-0.10622952597552357
-0.11745926181942482
-0.272681016995374
-0.3504022129498866
-0.46750093927526637
-0.4450089107211781
-0.4564106266703369
-0.2074191781382585
-0.07779506956159468
-0.16268745708620871
0.026606421688305838
0.3841500143745313
0.579081057786421
0.6505091814030394
0.6045864800137477
0.6121571295746233
0.5682301292607482
0.46027036863508314
0.3059604251681843
0.5117787189487627
0.3682760639321105
0.14663011746623897
0.1453828360112116
0.18308402996752762
0.01601373270372441
-0.2209032213056175
-0.11992058923744592
-0.22401249513689722
-0.445980224343655
-0.4319636737076893
-0.3349573564262106
-0.4272783209840791
-0.32490733929312515
0.011122113593697476
0.3594198844180817
0.4455896706179726
0.48616883711302816
0.545678024401438
0.3847659854829476
-0.08506843548204038
-0.239452866663684
-0.12184763154600466
-0.1456210888706887
-0.45409744804728686
-0.574796386616044
-0.6972754606516053
-0.6878987239134255
-0.6602683637871277
-0.4687114922052991
-0.44681794894153914
-0.24110428590920452
0.211666887935029
0.6257754631916489
0.6473176193034
0.6200876904406384
0.5671300601474257
0.49881778723849557
0.28633693520122516
-0.11686612186013554
-0.13006830975406294
-0.3452411216750593
-0.5009060540000387
-0.45729488803470825
-0.11084501715145768
-0.08102193311287324
-0.05405961283586095
-0.20550235592382923
-0.2601663349617422
-0.15373139757610466
-0.21299447064833693
-0.46308482992141026
-0.42989074340205274
-0.20487702299972552
-0.37427010982292114
-0.35858738238392135
-0.10482516124384658
0.16187399259334598
0.2979985015354817
0.2823034614119305
0.3032126955365176
0.22945340278743506
-0.15725404454320474
-0.4054500158714489
-0.4863196713431774
-0.308429455843082
-0.4230076588278796
-0.5030211052174801
-0.28683074160107
-0.1982685643526423
-0.23837942096178943
-0.09746148623920421
-0.1293573483942313
-0.2455710727410699
-0.1771828515768572
0.10676844946841726
0.33733971406205276
0.48374922132092474
0.46029633819330096
0.2946668543865944
0.17036769567935506
-0.04022763845131311
-0.1213102171257909
-0.35376881263053894
-0.46884444168219885
-0.3781223468699802
-0.1807910820187109
-0.16261292732134433
-0.02954239333178464
-0.20867936760585923
-0.39147858868106056
-0.27363601753258215
-0.39055110041533125
-0.6051317335506806
-0.5590020007115853
-0.31790845772419557
-0.4051337950644033
-0.3935084697467993
-0.07378186526537188
0.27892367255687467
0.3390857965856282
0.19844543706464884
0.5446074446097059
0.651139517574047
0.5169088571154041
0.295666567058615
0.4745410361157958
0.4676402530765241
0.28845027437917403
-0.10144580214433135
-0.3179352469531836
-0.49196691971796563
-0.5254087380418491
-0.543013312119608
-0.30355891491284975
-0.23212912875491526
-0.24244464444807137
0.0623879945686327
0.342344895204309
0.48366393755085507
0.47735773403110554
0.5036602402550225
0.4104556490928654
0.10558494857882755
-0.25966081965992327
-0.264518397780144
-0.442043597093825
-0.6004533622330386
-0.5901340134296922
-0.36296479276414656
-0.29052008585051986
-0.24098952776017962
-0.3738750535158681
-0.30731454735626984
-0.2559055491879377
-0.35255435693592907
-0.513941784669874
-0.45432816382021957
-0.3456875031751479
-0.533738752280441
-0.4362250511647312
-0.16252195788147983
-0.08977117031519381
-0.07614562772040143
0.12091018540428004
0.061282021381651286
0.24862340208421352
0.122771055914006
0.30411778164457365
0.36502629588801455
0.24056104214507204
-0.09110686823286576
-0.27545533148717694
-0.4061889820234749
-0.44134704935640784
-0.4201889075323384
-0.16175504677383898
0.0015447328427630972
0.008785602831558381
0.22872932039898441
0.4844123031251938
0.6094743897972928
0.5383632492527043
0.3973697964930594
0.25793141084717525
0.24954017286678343
-0.06905669792964016
-0.38946679301174286
-0.3108116761519071
-0.4995628280899939
-0.5020839035854354
-0.3981643272790013
0.005071580902081987
0.29558005102692964
0.19182871781313476
-0.027410578234927985
-0.0633610503074089
0.09374046703628826
-0.05750917111970214
-0.27296860624879804
-0.2528553499006358
-0.13295623220462632
-0.3792058191478077
-0.4166440471587837
-0.35121425720096994
-0.28886632438324306
-0.11745953983277692
-0.1499309703201972
-0.3458983162615709
-0.36408930964306413
-0.6644579811338674
-0.7736679817652407
-0.6552169742173458
-0.6859533819596892
-0.6290169424783403
-0.42438254789247065
0.03345378696306478
0.02900758686914154
-0.07625705101558658
0.1679426125150527
0.08045741547005203
-0.21349181117007882
-0.13821277377085917
0.15147012986532246
0.09407573731561744
0.27383997606543004
0.4777610319473097
0.3570663101061475
0.38690611692019955
0.36245423364766666
0.17785999329097033
0.004008733470089622
0.07105233691733606
0.18555349574726232
0.2115017742210066
0.054776186219020334
-0.1316836669578363
-0.157551693504406
-0.47513358471416367
-0.5817530498882635
-0.36913532188185577
-0.2557059627734294
-0.29797486061967504
-0.20713248062226505
0.16062335583115211
0.3543782010793139
0.3685169264387181
0.55179468072086
0.4214382838129295
0.24175365388631223
0.3483891872679727
0.24093757452622944
0.029503045481365793
0.2678299780694067
0.1682850060786184
0.04544560365790827
0.2438534868311098
0.3960679108445431
0.48014911251299536
0.5881587079008544
0.5007712697281355
0.45876535921750305
0.4028073525803223
-0.02679990527294458
-0.18835845202615376
0.057748988166858736
0.045373604225948744
-0.21863479648399306
-0.23312567564253944
-0.056688184872228875
-0.2609032464061437
-0.2513784682838985
0.08227200956875245
0.0715977688128209
0.17245440480656124
0.6068318399153696
2.081218816505442
