2.484237898421618
1.501805503549431
0.8921007567455191
0.5578861051052717
-0.11815939267377065
-0.4673820108237071
-0.6104562941210748
-0.5466551893331039
-0.2985419688581572
-0.2345163298431443
0.0657680527211908
0.17613418073590623
0.16205737897316955
0.32381111908282034
0.3611376318030616
0.36524659777328095
0.17660174210037738
0.006818690819103329
-0.32213089254929006
-0.36973364256037805
-0.39181769306340464
-0.5790392090912821
-0.544913352885656
-0.39256478307081644
0.05750316513886422
0.20007086122590045
0.1529868454965802
0.3440646894853534
0.19199095737642916
-0.04691198481197171
-0.10300369742576926
-0.31721004266154307
-0.4166757210654469
-0.6918112675817933
-0.9253364215590827
-0.9598037083774905
-1.0541627554843587
-1.0550227868342401
-0.9573568037478966
-0.6336861219006208
-0.3144049587325195
-0.17283571119602936
-0.006042136539138463
0.19521546210770785
0.12558656188595588
0.23072616666490853
0.18170974406340532
0.13877090100801928
0.141430921354073
0.3218901918245298
0.46094323912433394
0.5615633898667706
0.5617932187351264
0.6933104006490187
0.6677828571271467
0.7695524472080376
0.6146946646341308
0.5592189359772108
0.5954839509314758
0.6047136240318229
0.2611862020323045
0.23734340755804803
0.21432817065985144
-0.20542774950602455
-0.3829521617652437
-0.5234398438562525
-0.32248644209252425
-0.573039606977472
-0.5238269463517061
-0.2226891268861509
-0.077609914544697
-0.12076472066573922
-0.14314735209222396
0.18296642838378907
0.3970209372961477
0.3855724773193916
0.38282654579211434
0.37200340457428505
0.22907721951155524
0.20483493750011986
0.20274950632977473
0.28892868713332864
0.19956228452153651
0.07370336317489021
-0.05625786989577561
-0.3876209955229438
-0.4943434161114808
-0.6549004449350233
-0.5582095680214203
-0.493362471762742
-0.5325068151738126
-0.34884778125260535
-0.2873122231711992
-0.5364096502124526
-0.6707518643896826
-0.6620762179736674
-0.5834836999305296
-0.742029542559723
-0.7503188300229394
-0.49377246271749725
-0.0629561517442984
0.0681627471128974
0.10927381999704504
0.461663768166136
0.8265470791987748
0.8692554156086164
0.9279705647788227
1.0160423859688206
0.9511012691639485
0.6216518313787532
0.3482042283081236
0.17274316287028932
0.09757557743590332
-0.3025476750429031
-0.4183390361978595
-0.3251101846622046
-0.3405741545418071
-0.40142222303679553
-0.44393729521387826
-0.4004692371241913
-0.27872749218454346
-0.2253192781015086
-0.16909278500577546
-0.02547321960986492
0.26095437012850464
0.25394674592796135
0.29306424063140946
0.2947722562762297
0.19475508923095233
0.14002766804581596
0.04486118343764279
0.3444788000381433
0.3947567653335915
0.15786202910363914
0.03429857868907974
-0.04642442500472372
-0.4889938333700256
-0.7062135717601284
-0.6585133242696996
-0.5139689601544682
-0.5297912480545177
-0.380577031185277
-0.030762215092778766
0.049086892930306124
0.007427285516732133
0.1296977356161686
-0.13619888057947666
-0.4518081265827082
-0.3596798941665472
-0.14795995617632715
-0.2985797584817141
-0.4659950696773162
-0.23265969410506457
-0.37763130877466894
-0.4788817830271372
-0.3584089328299415
-0.359777323262804
-0.307410879518379
-0.319165796993784
-0.2664490078079314
-0.42154877736532176
-0.3531830883344047
-0.29384398318038357
-0.2665657153413291
0.014509978897465721
0.1670899725576366
0.22063908539917274
0.23068022683775413
0.24645978170527091
0.1929369503123387
0.1609364019398737
0.14587294167712211
-0.16830334421439683
-0.2567270964934137
0.0029512202007974057
0.13877661166820454
-0.06685705786593063
-0.16165255034233614
-0.032620304880631244
0.02742932159707768
-0.03239809647652628
-0.11020951850040797
-0.02468911651049714
-0.08984267916010552
-0.15622571895405094
-0.021465871258129536
0.037594824389901756
0.18692287447482597
0.16378526188953285
-0.03535791011888776
-0.03579978283070309
0.06382258105939724
0.07004971019547523
-0.034512992312138516
-0.265929682438171
-0.2295637872931801
-0.2142607138752667
-0.23863849023076003
-0.08978586936851528
0.21748861357518215
0.19289502841387796
0.09480527178050686
0.3542893198089572
0.2888483618420748
0.08809798325478929
0.20863036872735155
0.08282666164268276
-0.11516924417012822
0.04612725503711364
0.04750981762137785
0.29935815122206366
0.4189356437887972
0.3055713034332717
0.10365032581822194
0.27841905619325097
0.323454536430483
0.09243642241035692
-0.1045491422015528
-0.020269338145758133
-0.10647997076288816
-0.3503871915874511
-0.3240309073947348
0.00047177790258224467
0.18117658082321952
0.11485984983202435
0.3161596460892086
0.5599886630531223
1.166683609061182
2.0769723387882246
