2.667226672179662
1.475199412265471
0.8021717219245477
0.3509628881809722
0.16162008105483486
0.3332919140918885
0.4212555607802994
0.5046625359160842
0.4433870675225828
0.31694756697875087
0.4952650655689282
0.4296917360714928
0.42888823122636843
0.4276729303965509
0.5693688671702414
0.5628638914896398
0.4083228897248799
0.25675630030134394
0.05928848012665733
-0.03433864537679428
0.04937003831477256
-0.09803926638784481
0.09850811111818289
0.27054877300464375
0.35512341169124906
0.2509474652000243
0.49277394315697803
0.5212824220939362
0.32454865968933017
0.4651930799711174
0.4583863989160286
0.2688154574991425
0.4214155995474126
0.3211930455864306
0.08701869706207965
-0.05008450066011461
-0.22586363734400966
-0.16704118799923087
-0.0676806794417544
0.11735673235995897
0.023438209289295013
0.3024239779098466
0.47703347526555356
0.6112164995652676
0.4999171150874856
0.5512425688717645
0.20522348128659518
0.08093341503869195
-0.13858028960010646
-0.43046688756263757
-0.5357836510451587
-0.5301856183350027
-0.646155828556848
-0.5622302243082852
-0.3248383527043638
-0.2250066994807838
0.061192753168112034
0.2700714034215616
0.3461218034633884
0.4787930927654669
0.5678892881672768
0.5463445658046079
0.4234228081922233
0.21547063549339657
-0.2637947160703204
-0.49359037369938064
-0.4977632116996426
-0.5271040629245859
-0.588824993674149
-0.6017918784644818
-0.5135058397108296
-0.2248170749599707
-0.1415780554772387
-0.1124961797349149
-0.1516161766429819
-0.12552811172251538
-0.04784273763550939
0.33297750810954835
0.3463457786763493
0.3943099650439469
0.4765862640130454
0.5782528137032034
0.569920821340784
0.3249630879719185
0.23412564318438184
0.002211180521164477
-0.38093994137556203
-0.3669328119504402
-0.10657858089890211
-0.00277247403734056
-0.03929539571827081
0.2171134392644481
0.36007103019662295
0.20223335567576142
0.1974642552895212
0.1680836866857776
0.3212657543830283
0.21577515567869768
0.36072506197933546
0.44588400372101344
0.4794523008894318
0.3100286412919275
0.07058513793070241
0.07698934169379038
-0.04694034142524424
-0.24459475546494458
-0.2797026990770339
-0.307189938478266
-0.18168103057728652
-0.09779312702224041
0.2701690326674112
0.3864957062340635
0.34221433703674453
0.4065671745048782
0.5053536259359807
0.6408577130130505
0.28041780515237813
0.3517752019504782
0.535806330731555
0.2867193264831754
-0.04364213706841688
-0.37897711663348393
-0.41453914040731255
-0.5832395575243263
-0.6699042843492612
-0.5356142901311183
-0.294105367673559
-0.3000694635715047
-0.43291179256023044
-0.40893202254023764
-0.2204741870962456
-0.1620849744722297
-0.15255829015913325
-0.09788872986483614
-0.06554467263332214
0.10177460032565566
0.1830030433298739
0.2603300970968628
0.17070941736954723
-0.12017846962451453
-0.10269826437722185
0.2583103164622083
0.3077467578727672
0.12437501152791156
0.22991988077339218
0.2355575856195115
-0.1221655226180326
-0.19305003865796438
-0.3515246419075356
-0.46859247984533536
-0.3392057163964085
-0.31935740370665355
-0.11205233548994688
-0.136511896723303
-0.05115099339003364
0.1300013190566183
0.19528213099947278
0.13668118387357073
0.16646938441491882
0.06442935982488855
-0.07265981743322067
-0.2363339199627914
-0.28749782680198127
-0.13299888685755115
-0.09807779458066936
-0.21550875619956913
-0.352893871554247
-0.3030600249715236
-0.44219137946299325
-0.30699702469990625
-0.3456428542653344
-0.5228181159412811
-0.44796826854927435
-0.4600149746788174
-0.4129045300556
-0.22985192161356974
-0.045090298037639316
0.060101669731423335
0.13733645633372343
0.2696540650070847
0.5157932502102782
0.7799976481103301
0.7996624643001172
0.6551025708859243
0.952989970635195
1.3142843450813162
1.893887431126568
2.8751270274779324
