2.610260178701151
1.640507128658506
1.145916960545835
0.7384772395369613
0.33093053365585223
-0.12610984002245765
-0.3911563602789799
-0.289920259345813
-0.08325879599784719
-0.11251693566070664
0.15377449639351895
0.1825025221434829
0.1382715805351478
0.04286839693985421
0.20743468003096305
0.3219469673351834
0.06214204170436327
0.024153503569181188
-0.051985863072469135
-0.2199162434603775
-0.4032324834926995
-0.3842446011113007
-0.37360747581578224
-0.5274981992614177
-0.5157469215787951
-0.43863062800002894
-0.28345154708774334
-0.5978585608222726
-0.5962033908375823
-0.3769303537346189
-0.23822596697624995
-0.19064657743330884
-0.11286617357234068
-0.09807835038874178
-0.16245074454636654
-0.24419668440106723
-0.13956229342510285
-0.0934015537254343
-0.1470524114442298
-0.3176050906955884
-0.4643141989903139
-0.4376097326830492
-0.2086799798492312
-0.08279753272944972
-0.12119917863632208
0.01892203691041638
0.04067146257686951
-0.014968486339273477
-0.17900393992656233
-0.03572370617644213
0.027166309401740744
-0.04841221303063958
-0.23422143031263865
-0.08037317278364431
-0.059040048650123376
-0.23106194457032345
-0.1673182966875977
-0.020876255760106786
-0.14539318243302393
-0.01841486471052676
0.12216717115849407
0.40083704101402295
0.3310222370962996
0.2308510047339327
0.20176501177829703
0.021491479904141374
0.08625346131998743
0.269890130638877
0.03605897955384707
0.017547168966393262
0.27502159140477045
0.3022330920599366
-0.05450672287878934
-0.04502572787713871
-0.0250798195791464
-0.10993566897971037
-0.3532697650448373
-0.24381185565783695
-0.2911304744443906
-0.43941106595122825
-0.5163312833598042
-0.28890650775185756
-0.12356061555304476
-0.010959349437842512
-0.03236349375008565
-0.06797287722308584
-0.11607003509825674
-0.3408096320610925
-0.44352670556741536
-0.4535546421985815
-0.18925548982272344
-0.17738338696466727
-0.3624354515963652
-0.2679229065569413
0.08386296422851583
-0.03693955026263049
-0.19859749337690702
-0.021073397786694648
-0.09458120093951679
-0.2905077535088086
-0.20700366216076185
-0.14269344749852106
-0.15699402597771414
-0.29436376319365065
-0.51681327353699
-0.4981577482585958
-0.5236792300650412
-0.40029680803782786
-0.22688456399709347
-0.15469648354215823
-7.710797612007353e-05
0.16369061415347258
0.26133198972147903
0.10991604065012034
0.3368696784679646
0.26824197463124183
0.008964854077226166
-0.1040079541250003
-0.0759359417774929
-0.25953346824304036
-0.3557335349911854
-0.2212115442325757
-0.011910387462399828
-0.1337101204567574
0.05340199747878885
0.12943546281706725
0.033042710011928614
0.06616531151417901
-0.05990896822440196
-0.17218183737355613
-0.43826040445830083
-0.46520312996668794
-0.5035330613431687
-0.3733618553003681
-0.09842087522108918
0.19009083463489473
0.4388678927761494
0.483419864954879
0.4549559060014358
0.3977156074950336
0.6439570751308576
0.5927785719681921
0.5759459442343936
0.6149266566259822
0.4984699907382958
0.2721521258718676
0.2603421590268787
0.20951359996060873
-0.12348761363534955
-0.37083519452624425
-0.5229676296250395
-0.5730617621994752
-0.6044625275384188
-0.3921355258215741
-0.05979013492973203
0.08932318445716936
0.11944858584781133
0.26184403826383834
0.14036093294354782
0.09538586005855086
0.1351241992689698
0.14995864718268323
-0.16755550577084552
-0.45230121718084304
-0.5413840117370293
-0.46427504106595047
-0.30979904607387987
-0.0125496744130794
0.23376354761135604
0.16546846708423385
-0.002409538330963827
0.15620113264396926
0.23645418491585068
0.15577274002444652
0.2783904142235998
0.06732743573554265
0.006161838464694008
-0.0348954023118726
-0.09067769242548876
-0.11383616561987908
-0.17522863250950937
-0.3814949468688357
-0.5249453006101155
-0.6456848793947025
-0.615708851487172
-0.5639070002850703
-0.6029352146700416
-0.37376228167034137
-0.31273537523392164
-0.10726110650973905
-0.017864319907988584
0.27282156472892355
0.22744768743527566
0.22963382210460243
0.3116603197811065
0.2103088536887751
-0.10537363307852216
-0.13097422620243995
0.04347149280696781
0.11294429915333828
0.15608918570325636
0.0747784608246441
0.17503378722551105
0.035316257272919344
-0.17053322775027402
-0.12461939865960547
0.06819763133653214
-0.051226240296162046
-0.3451338448480262
-0.16332619744425894
-0.1177650309981748
-0.19708377983973005
-0.3436809143931672
-0.10268484224684628
0.012204903603715142
0.2905651608323142
0.6600523550876268
1.5520002108992716
2.7033588039771086
