2.1636122235443045
1.2795770712046777
0.49727298099989664
-0.04024603784392232
-0.22347354242960432
-0.24531641132763898
-0.13147119392834938
0.1068720434087688
0.1581768865725465
0.12859364678737553
-0.07596873392949884
0.03188790075369602
-0.02124249951312679
-0.2647527060473922
-0.17850235640297651
-0.3419523841159906
-0.36596907487750463
-0.36087404501941933
-0.18625790822482136
0.13005854363477382
0.3697565414676607
0.46680639365488463
0.36656365674691094
0.31230780397762276
0.06398915800114457
-0.07352874489186204
-0.3977346634036568
-0.4741739585725987
-0.409191045175276
-0.21767686673230385
0.1942201474538601
0.39837665983526455
0.27050850943002297
0.19063584844334042
0.24962097256540292
-0.035491773534258614
-0.2754109966380645
-0.3827593742002905
-0.1977132307068552
-0.17831934765220922
-0.3401251713195369
-0.2136662347164651
-0.027751196905475596
-0.08992585268008339
-0.43162971987621096
-0.5816892271749384
-0.5493305624199727
-0.44445481432630174
-0.18949120695171015
-0.22564666548608803
0.013301339574760096
0.39670980015945934
0.4700864857269451
0.4769416529790519
0.6263293367119278
0.5081947414518007
0.17613315908170862
0.149896893034489
0.366548041621887
0.18886376376123387
0.2026355439582025
0.32148311534790774
0.20749275509298595
-0.002481383992922569
0.13196270994855067
-0.012725983961860709
-0.1748132496466997
-0.2693517571087842
-0.08010794684875358
-0.03917600293019101
0.05400223527941341
0.15386228472990066
-0.02052970068015675
-0.30745337834750064
-0.39566844355923647
-0.5655685655984964
-0.5513314095933036
-0.3187283872179107
-0.4817557977728989
-0.32937660928175094
0.06153751223279002
0.22707950250560405
0.14395400432256333
0.4017726661292888
0.48983300381264816
0.3738326938223004
0.07841998984487626
0.06366874297031763
-0.18365321607197854
-0.27560580222247366
-0.451204444861832
-0.536652488706584
-0.48960117915730966
-0.35077611906604156
-0.48472805143553815
-0.27157031777700114
-0.34622843892772576
-0.39983355510974317
-0.19086972040004618
-0.08129142440023958
0.2789949589787886
0.5016175225717462
0.7184043092577878
0.8659552960955492
0.9583120257339791
0.91652229660365
0.7175773393684532
0.7398493218038595
0.5801588461597398
0.11727575369779268
-0.0809166027613811
0.13888822442940585
0.14482869029411444
0.08146103365655497
0.1758815519830705
0.12828457384612024
0.30923049348986403
0.3755687045950317
0.5910421583283613
0.851733405878341
0.8807378141363197
0.8041708949295115
0.9173125338277656
0.9703249162525505
0.7772230923318211
0.5215151821990148
0.3760628757670168
0.1471965237517377
0.0013738150367018954
0.035548589374282964
0.21095393619124767
0.18863659773799737
0.28840254136978116
0.3697572367559519
0.5201629624320667
0.3771816876990688
0.2860091143618979
0.21156763842436763
-0.00821421377948637
-0.15959195177832625
-0.42685948515663374
-0.5210229119892963
-0.7056631362978875
-0.6606045935017765
-0.4772241344974311
-0.21080328465507678
-0.04817250950326736
0.223828235028612
0.27960862933916036
0.3659887966886731
0.25386390642857315
0.048899590716176444
0.005440805285929183
0.1811610565998189
0.12337232296997158
-0.13203029506782313
0.03209792779926828
0.3423660779273643
0.23792871661778656
0.11506356323810801
-0.1645970723587077
-0.2862879121467953
-0.30427582486370025
-0.3718955718219543
-0.16718860713377104
-0.2415793402255987
-0.08556162546833075
0.22613241037146517
0.39560896437517845
0.2924504692195066
0.15061426572216954
-0.13991057634243637
-0.3795042110777909
-0.3602125395294918
-0.4478671551234622
-0.44252638171635617
-0.1637313831167881
-0.10561113006681591
-0.2751647740505433
-0.40285713205855767
-0.2486536698553445
-0.1380659380337027
-0.14909933510366333
0.10581017417326037
0.23240447830686145
0.05717915648316946
-0.13619124292444093
0.006736058594628962
-0.10874133031504085
-0.13883131830117731
-0.2199109069744326
-0.27836625823241257
-0.18327792873943838
-0.06063878609322818
-0.006445802641942468
0.1380563749080545
0.20206852704510167
0.18726845792449814
0.05883920056718036
-0.19143446204858156
-0.38117971674459383
-0.23614587856921151
-0.2268192725970016
-0.3823478828329298
-0.23761632822523235
-0.1663045077054844
-0.05036964088740645
-0.20101858889153193
-0.07049894363236504
0.06435058316392984
0.06416689517545435
-0.14458431784797354
-0.008999857340445692
0.017026341058454575
0.151863964332084
0.034882660307749835
-0.1837341630634331
-0.2041461247303293
-0.19836663251845718
-0.4099410010858038
-0.26584198101904233
-0.3139841408733378
-0.306845409932928
-0.1281391369231563
0.05728274936673476
0.2589283444217967
0.41376521013481765
0.15301606904128448
-0.14301570856189044
-0.2106359192228937
-0.4820261474036215
-0.49259769036895373
-0.23912572996234416
-0.2986769267841057
-0.06951965115130238
0.0665814277083013
0.23663058033409032
0.11615479070646642
0.39097968809565375
0.5787109455071905
0.497764713117552
0.239562149604375
0.03184060135580452
-0.18551443652464272
-0.5060024185419858
-0.6453883803393504
-0.7358770380853533
-0.6374818429015687
-0.2912323175957352
-0.12351912417724564
-0.13820497626033199
-0.25323566417057425
-0.312374988093409
-0.6366981418196722
-0.7396175747130539
-0.5960763179304563
-0.8468640486149858
-0.9640221166553534
-0.801927972068456
-0.41533813745198
-0.342492746216783
-0.27225357012312545
0.10520684430883773
0.4835665464056179
0.36382498851392225
0.18707440788670215
0.3922363753531167
0.33949273776746686
0.07466149447293509
0.20934293360059794
0.10063710531022002
-0.08403255791538378
-0.43799460947854724
-0.5986487050139346
-0.7449417967378119
-0.7250852132858456
-0.5311576263186751
-0.6217269919865367
-0.5886965304352024
-0.32253131420419373
-0.20717936870136602
0.09382359436457548
0.27846256879420966
0.23254618328913534
0.06638499877798856
-0.18905224198132756
-0.3553878345548769
-0.4180657004822341
-0.19704865050902756
-0.20595263905529207
-0.1432706006535908
-0.0393899204469526
-0.19849186753701348
-0.485166643434086
-0.3550724439199767
-0.025928115926175714
0.030903667574245154
0.11520457756917896
0.2334642259796883
0.30422009381080817
0.06019843786387992
0.15231384686907054
0.19014104913458216
-0.07929790722737036
-0.06923315341531441
0.2553594492783878
0.3183508543832322
0.17613744584568528
0.019438050906913185
-0.20758686984934582
-0.22447488497196605
-0.5601961483619207
-0.6293112140608564
-0.4517644811445623
-0.165156355360076
0.19970332139823443
0.23841474826254078
0.1641063934421638
-0.22791684532312095
-0.2862031412812168
-0.49284390212516405
-0.709167116419241
-0.7348254434261976
-0.7560313915993667
-0.7983997857009331
-0.7217577970505644
-0.44668400484449816
-0.003265344254782903
0.3721384307193989
0.4824281199488773
0.5034697609044196
0.6966871360082252
0.733038900090398
0.5773773613318814
0.47262188819794926
0.32519747634162594
0.32591072152977213
0.14853786962046006
0.09962130277768544
0.27652682749756674
0.06916705318139814
-0.13986189200528326
-0.08458366497974605
-0.2573172150216801
-0.29033347137268034
0.001911471731607146
0.1929382626025676
0.11667153340805875
0.05605897551648191
0.28059571320792553
0.42364825788460425
0.5660224831510063
1.0599479073935711
2.3323474235606643
