2.7447279316514663
1.2899443221987963
0.6104088932371456
0.3293164440241889
0.3196739835087308
0.15517026322006383
0.029268232865974568
0.20461927970725802
-0.06734980185565051
-0.14350868259502284
-0.17801396682343612
-0.2306873804323449
-0.40256167485334127
-0.4957600715324161
-0.301718621154994
-0.2658534717864677
-0.3334321657134823
-0.22502881797162966
-0.03798063810460591
0.10823711055323948
0.1716685421924485
0.27001191229001487
0.04117688273299354
-0.006440077184050274
-0.02319896765161144
-0.19850693562875146
-0.2539419639671054
-0.07299239874177127
-0.07469885448921601
-0.17866567423410448
0.0651267940588811
0.00646909515098758
0.10731654979515964
0.44589059732839265
0.6986227787362738
0.8081388900448533
0.8147784936734971
0.8324565659283715
0.7414439635096921
0.5236303074228211
0.17218559699293004
0.059353905708543805
0.09489159057250421
-0.02470107371975456
0.06418547500918523
-0.01482927513730218
-0.1349089334925492
0.056788790972552475
0.16128409513341393
0.1680050825680813
-0.017393881887307866
0.07395550247766385
0.06956689462037201
-0.009496652202663656
-0.09555276468397453
-0.2130928579835449
-0.513820368839543
-0.5988850612635146
-0.4088723731652607
-0.49245373901030626
-0.40421847109961656
-0.21643685648862593
0.09111204025505004
0.36757498125130034
0.35310874630500505
0.34547533583919754
0.21330637252695137
-0.12102754456057846
-0.571110229402339
-0.7210620287701023
-0.818188208184099
-0.9176340108919533
-0.7012656901894573
-0.3065379221013792
-0.3330709060478059
-0.3846408921874544
-0.09690151289091457
-0.24304363241000018
-0.4029445620754053
-0.44158335451410374
-0.08572729141204394
0.08071541999374647
-0.18371346761785828
-0.18977450076031738
0.1249577036175999
0.17510872282496304
0.4105844873594088
0.9319012288908295
1.8224594935617153
2.7941453299466374
