2.691153516802815
1.7946149123149446
1.0695671666737112
0.7637674298028629
0.5469019410363357
0.28526955993458936
-0.06704927844045719
-0.1915681504796073
0.03912758196483362
-0.05903465908410931
-0.44352307345787767
-0.3630124737725437
-0.08653138135261738
-0.13950004800878985
-0.035907089136156235
0.3831197215817704
0.5187277373119104
0.5509926087374829
0.3807633054652493
0.1656720806154374
0.19534968459265828
-0.06112768769771308
-0.07520354652390623
-0.11612599929712705
0.1557203468356707
0.13098871544539537
0.34059851065540325
0.4844041845758621
0.7029856478577418
0.7842734979493203
0.6201729196044135
0.44706192546575946
0.31232860385600825
-0.060198362320879495
-0.33963506503881896
-0.2841858348411452
-0.2022289756577384
-0.2694604471271645
-0.42990899508614694
-0.354512788704296
-0.012504510747033137
0.1689444995031827
0.0772690714468452
-0.035113919404923304
0.13666638944742898
-0.1860581580446086
-0.3412875805106025
-0.09793978552054333
-0.09768096893118215
-0.47025869162590556
-0.6016360958192147
-0.49244160974990586
-0.49794713366178683
-0.5280209510207495
-0.43230354094087026
-0.11125569081627615
0.14871635470617287
0.07576815707950509
-0.08714474989819687
-0.11511748459049158
-0.07074818094958095
0.20069468971434995
0.21092872902586282
0.17377016969396689
0.031489262478881036
-0.0932147437085561
0.15290026409486485
0.16518674734601207
0.11607185623922502
0.0030170452703911776
0.23555975043755598
0.2836800413180237
0.13126677283979551
0.015006961990042578
0.2028711322106086
0.020166437388499436
-0.19523051791600107
0.06344063918889808
0.17438524708421957
-0.1270579184513474
-0.00875686858378097
0.4448670105424168
0.5559165530339836
0.5359333344563638
0.6014880632884503
0.5721706159351772
0.31056233777442355
0.14213756179886256
-0.13101332234752158
-0.21176749851339643
-0.5267741800009695
-0.506889677979329
-0.5845660293962266
-0.7331125014047375
-0.7058005713228046
-0.7064592910605058
-0.7119805634611218
-0.6607004574799714
-0.6260270515856365
-0.6176581939448236
-0.38269881039182047
-0.31970997303546234
-0.12004035983758851
0.021202138455677068
0.27708046686388216
0.2841374114044912
0.26896240075815225
0.4345530688612765
0.4989602036271399
0.3223808670176711
-0.16695746592992378
-0.37529319405070766
-0.3638619400468965
-0.6448749719782543
-0.757056078022275
-0.5574850868079093
-0.17365153597341376
-0.1564914503692201
-0.07395167589864482
0.1267165333162819
0.1532910426343942
0.19243787688662645
0.330549509759107
0.4190334828065167
0.20610004286554873
0.19912193129200728
0.26565748349443347
0.28308668290726663
0.011590284054063685
0.09895250795392206
0.31577650865205176
0.21434782530386665
-0.08677341971322755
0.06614164961464078
0.27299657960934676
-0.004537834298539241
0.01690635864096542
0.10661384035880231
0.16407255728628511
-0.1356397783454579
-0.10122164673018894
-0.3519345983272658
-0.49350763891883914
-0.3963591629273066
-0.45338042824623703
-0.4528594022081309
-0.23168344239752586
-0.11577260974251065
0.06871408707107217
-0.08577088640172015
0.05417555329884601
0.2660241140610449
0.11103576537956064
0.017262796859880893
0.2337323490613909
0.342422659800623
0.3315942886669438
0.17356423371299953
-0.019255033707402322
-0.19071350776947554
-0.1543203314112628
-0.2861570774833895
-0.19706961299798326
-0.017353877061068126
0.03713505389696876
-0.11834642351661923
-0.24028803707922125
-0.08453980778669025
-0.16522463545552857
-0.09573630485791625
0.03032932200824106
0.1774382002554299
0.016434761115266934
-0.19156032135885248
-0.14510732240377747
0.04786748084889425
-0.05516060448685029
0.002659199447136556
0.15343709950137538
0.21655844413602984
0.08723406173108107
-0.2222340715204391
-0.23578296531077653
0.08151395124581429
0.044936038362287836
0.13368052025339408
0.15410128461292186
0.20784221595817284
-0.027121400771015873
0.12374586855010186
-0.029080425653207655
0.05406315327277349
0.38156399187802614
0.4614712886918893
0.2721143273742791
0.3169418786337579
0.3932922632183426
0.1832807509733837
-0.0022625759135583463
-0.02879929434102531
0.1952195123156307
0.22836412872011883
0.5432467950647407
0.6123080925485994
0.6645239329092384
0.6461254652568853
0.46539595107641507
0.2234638046588058
-0.11802683203518295
-0.21557717266543777
-0.2386253844333507
-0.3958114264477609
-0.13335723364003385
-0.03677302676795286
-0.1745672746892006
0.016550626357449114
0.25831424357217003
0.3749349395297758
0.5011009075624049
0.35653324548625254
0.31932629753988984
0.24487000275999446
0.14104906840010725
0.1595892407947696
0.0119259211731876
-0.0782773144992332
0.06632647613992709
0.026923990207216347
-0.1362232931290694
0.059023777239739415
0.054400027105093986
-0.06109421257492758
-0.26184624557400416
-0.18089504008692736
-0.1774524619203826
-0.10244726352569587
-0.1727493832942541
0.07079742630490694
0.1361237337737692
-0.06473190030693507
-0.03668709316912787
0.21555846301928588
0.34573307987187346
0.3129603442229773
0.21320662852324115
0.20708940330340722
0.217958258886494
0.008418319815888814
0.15291294399945896
0.191550335977648
-0.08771194844193023
-0.09151573970454037
-0.030256980735225782
-0.1049408929985816
-0.2478995118475182
-0.08949646791075494
-0.08615816893673452
-0.2839080584524619
-0.3641382560177033
-0.0795155447418485
-0.25899341485299476
-0.37696772497047554
-0.20511713997932438
-0.15691339641977828
-0.4062408523792473
-0.38178648199586535
0.0340387667961493
0.15579463446464673
0.0014310773316009544
0.23575622195385978
0.31873434034891734
0.26167783200874273
0.4084791919593308
0.8718565336769414
1.3029278548042453
2.0772145624148526
