3.030934512760029
2.069804414543739
1.2756480682587252
0.8997606150520076
0.8037741416861661
0.3879056994430486
0.20320183643772038
0.19201108295671665
-0.2320797572068223
-0.2918601351636792
-0.06272358935457584
-0.17592033131621948
-0.1186278726823995
-0.2028711352730398
0.10537252712486972
0.0575116906624597
0.021658865876114042
0.019821989850421717
0.25572623436358444
0.22378102649427595
0.10200642948342725
-0.04714638880766534
-0.047364238362280986
0.053057341732580005
-0.22557138639681004
-0.2094914020832553
-0.3164562342930516
-0.3047100240338806
-0.47770862710453676
-0.3157691365798052
-0.2876058822158916
-0.33152296830037536
-0.6432152337443391
-0.6573305862872507
-0.5154070328842482
-0.4131512563005787
-0.2720258444725102
0.1220473419968912
0.3699548420703568
0.32110538909086506
0.49375572364303677
0.4285434904509356
0.6104769165720064
0.5541370941870126
0.4089326414728397
0.25405547661699934
0.32356026034435204
0.3921900166141381
0.30606019028798354
-0.0314015985992887
-0.29310447753569324
-0.2469899544675022
-0.47075972274611894
-0.45758769984152886
-0.2778489022515472
-0.07002573405487195
0.32110458147390986
0.4968579957036603
0.48056006016023584
0.3084190375912638
0.3922904201923722
0.22267317279922114
0.2071924580922323
0.2068902879605963
0.15747673274756463
0.08529712172971621
0.08831026597638636
0.15055186176831903
-0.031137476392926015
0.09854071326351316
0.20924960562428768
0.201360049317742
0.2429216965559986
0.43381495930228786
0.43945731770526897
0.028889276674143118
0.041644574141671366
-0.3647774347108377
-0.4806885782742638
-0.47587534641005297
-0.4402568462400354
-0.3218991089122722
-0.052497087466301856
0.11065806954380984
0.13616280903325953
0.20644124808107264
0.10187849249163883
0.04575248909618354
-0.05961131802617166
-0.24868699116398588
-0.377073828990777
-0.36191613202284667
-0.4271106198781882
-0.4413414113697093
-0.24936358768951883
-0.1927773534495501
-0.03004970233074058
0.22395541410076938
0.32846924622981144
0.23112285578183198
0.2271675326838851
0.03135582389888261
-0.08162021418439698
-0.27691292651603955
-0.36146307418781376
-0.2473240887636467
-0.345124391316648
-0.3873593888103042
-0.17595354814101238
-0.05256194398394254
-0.06510959362810843
0.006459575750578852
-0.09728312782974366
-0.18142631788823402
-0.16977200739609066
-0.18743189684810324
-0.41193858290523333
-0.356331803865117
-0.6796394100896982
-0.766123182995718
-0.6134619464625332
-0.43818887043040816
-0.522579118297581
-0.2865124036329163
-0.15743109983201203
-0.023587498237206933
-0.15996668057295316
0.07718878469834874
0.3565390541657782
0.22205056085916602
-0.0524771177396271
-0.09088784744726774
-0.09936881060766606
-0.3719267488918433
-0.2357110899403511
-0.12450631676431867
-0.14898061887994293
-0.3198720636467599
-0.25695698796533245
0.01718413566002927
0.355911002715237
0.360554426307489
0.3012811892107732
0.40843004327711174
0.34281631076110236
0.4163190084583517
0.2367309667496356
-0.06559353015944741
-0.17321057903524528
-0.42882355413906964
-0.48489899650238794
-0.2050833139810558
0.07561113340212207
0.1286329433071467
0.23560200900886155
0.3097429271912564
0.2311559234017097
0.3026396628374115
0.31293736132264083
0.25174159740634205
-0.016963196289186577
-0.3695635514969348
-0.45202440248888165
-0.3505543988070429
-0.43056440713511085
-0.6396793065542106
-0.5501003988530497
-0.5110220471091945
-0.4824760363768207
-0.25993329854900526
-0.07975131587088935
-0.028445489594194087
0.042091566642835775
0.0395512623825881
-0.05963461997506751
0.057909867313779825
-0.10768946993530061
-0.0005525972575309342
0.031208412462071334
-0.08142118710614285
0.05370354050558749
0.10797151463858543
0.11170891727760314
0.02412293105266576
-0.15385908115529365
-0.021440768412338412
0.12936347467102055
0.13018154537471163
0.1339032188246515
0.24713103303100192
0.25814731966129956
0.0808295216249443
0.29707931250366304
0.37405094197057054
0.19910590677394302
-0.10974137044848799
-0.0833921456565988
-0.036106204981027956
-0.2841611545745617
-0.21710606329970808
-0.11904784317787885
0.2023541436292376
0.4243368992522552
0.41445586301751325
0.1998372510797723
0.2255778542698496
0.23972574713103978
-0.10910503729714677
-0.3654395170469639
-0.5234589114399851
-0.41937437841453695
-0.2524410288580723
-0.11288442554270445
0.03970338703235271
0.05120642030905817
0.19643324929376046
0.21728428412988499
0.11941635201966959
0.04937504750504665
0.061114873804590575
-0.3127128103051251
-0.4510138382962659
-0.19948764972399158
-0.32945251494968264
0.07561178205530605
0.6414761579790187
0.20270614595528258
0.6290986491816988
0.6648201777430784
0.38105010024025354
0.2280918096911497
0.063193388192476
-0.04847002005416429
-0.47695146048846765
-0.6366543409606454
-0.6208650877949886
-0.6724132300797474
-0.6067732025716985
-0.5770817180604918
-0.39591472252864923
-0.24182305697831813
-0.1570857700494797
0.047750209185392266
-0.12463411679462409
-0.2645747390660983
-0.1285115563743268
-0.0075141412499364155
-0.033192659776762716
-0.050341521919743615
0.15997637180642782
0.1844632043793759
-0.022091419077330938
0.055502160731664335
0.12575648818652857
-0.0555765977441622
-0.3270622911844393
-0.4303316705927868
-0.42742260177192754
-0.34130264230672835
-0.30407300131408826
-0.4531548470287389
-0.44071069121001216
-0.15721844338315205
-0.060545220898921615
-0.02189711368719885
0.31205000374349895
0.38153194442257526
0.3033697806303504
0.028458562141275234
0.022895975272646175
-0.23382406708365033
-0.4118962882053887
-0.23378224681625392
-0.13659060829665684
-0.40913836544436155
-0.12526786389711775
0.1303844165712985
0.12258136176484624
0.13891331392356485
0.36137929091127674
0.5408719629862424
0.5268761064382457
0.5052099750595519
0.6219449626882467
0.5307365942607363
-0.01913453025014566
-0.06106422240772343
-0.11332951368268768
-0.2146361682700226
-0.49361822593078475
-0.4344407100103755
-0.30931677255476014
-0.2978968191170745
-0.093316064644835
-0.24194550805195747
-0.4910382053592793
-0.519597556625912
-0.484120868014685
-0.43993741244513485
-0.48977541710958017
-0.6808173962576901
-0.7491650937799246
-0.5855205400046356
-0.2630038744130854
-0.3324507921786682
-0.30242611742694303
-0.04538040992139104
0.06940536130888161
0.05255569039745431
0.315090208450331
0.3263092811378864
0.3099201792556768
0.015481067707746928
0.025886243724105182
0.033922013918207816
-0.038824789022019475
-0.20256858570903263
-0.3716392472096826
-0.2971749912459302
-0.2841099635676328
-0.3618669410695718
-0.29537494960693844
0.015602938064221953
-0.04240606378534559
-0.17427896441415383
-0.03103629954253016
0.0159891019622495
-0.19000476629367144
-0.12194356720664838
-0.12418376142203609
-0.026714523296718085
-0.11986077720528898
-0.0638369497296366
-0.19857946028893977
-0.19704683681676152
-0.21897166425198167
0.002057552682928527
0.079635208076337
0.2578692811895826
0.39799060056841024
0.5182286408772561
0.5445996192922088
0.4426067350919775
0.4968225053476933
0.30663980019793674
0.2594935287486257
0.18430902693839404
0.1095042435635681
-0.33382554772782974
-0.6366609226001088
-0.5398630941252168
-0.5601463680232989
-0.5626430875568772
-0.37318367427803245
-0.05291060674587243
0.07636993524504143
0.30171114582712966
0.31771512610184277
0.3511712983396682
0.30781113514040204
0.18712704259693197
0.02357100094954903
0.02337186307544295
-0.08717296200346598
0.29342032267271906
0.5283147181044889
0.5870006622094766
1.1665286161988677
2.5691938518348123
