2.6785484056505324
1.7692726577474558
1.1330075414117429
0.9754382960970369
0.6423794593777001
0.2883213694470724
0.3341652623174904
0.1482674603149562
-0.27629957665069604
-0.41128211863847763
-0.26954256636191404
-0.16099413737319535
-0.32934040341227205
-0.3937064976716244
-0.19864010182428152
-0.1334514358995671
-0.30896452229015375
-0.5305585266651616
-0.386828594055507
-0.14910500499335125
-0.3315754624243392
-0.19580288543223046
0.2241362118864964
0.35502749501624215
0.18730631871256917
0.28952968187942174
0.6413732300533133
0.7045433674179198
0.4909105084336572
0.6765116626905353
0.8938895901418262
0.7248867446617804
0.551747851984588
0.6093762292084666
0.4232187555089457
0.43285382070076306
0.22148221523051864
0.1306773574373272
0.02185414287721358
-0.2810973745090128
-0.302545847958278
-0.3588812991163823
-0.501051340890391
-0.4878714803251357
-0.41722637746178126
-0.5117236005683162
-0.6359140544445775
-0.5023610991421927
-0.6953323309664797
-0.7521394882365535
-0.7702854285484353
-0.6069820089232719
-0.610811155122634
-0.4209743078899375
-0.3278429858338569
-0.4517990741787043
-0.3541863647684261
-0.3595063163032891
-0.18353338748764123
0.2253775215282827
0.4264500587857779
0.38540496198572977
0.28929176412203994
0.2559918770677182
0.017939881180766122
-0.3054946830061297
-0.3798152485365883
-0.2542487179292288
0.12412918800144102
0.2996800942265012
0.4831679436490041
0.4688451891773346
0.38067310537838134
0.3872971155901577
0.11274936235369554
-0.14496600252960107
-0.294210973436755
-0.16388331249399232
-0.3311464050988514
-0.4497042149406645
-0.4736338090557034
-0.22853834461995404
-0.38437520147761595
-0.2227243754788055
0.21127769647244268
0.19087079149933125
0.07861873529591201
0.05893297763033026
-0.07571581576153238
-0.29195142933464246
-0.4261494454345515
-0.5454522127177687
-0.6717742503427105
-0.6719378356571178
-0.7079379260780708
-0.6375495729883501
-0.4175073571377252
-0.2773762483476748
-0.2902286373461104
-0.14722927680385894
0.05692370498839981
0.17289246751161524
0.296502509530844
0.35371740724623646
0.3252796349580736
0.4612796403828127
0.3065752271929466
0.2722965778032625
0.3515585805735323
-0.003630307590404473
-0.13714718505469486
0.1083625622618666
0.1774327784983865
-0.09719093612740998
-0.03502388963249022
0.14708096438646867
0.019657725962874722
0.24789622919767207
0.30689627890106713
0.145330168597866
-0.10713480354965471
-0.3682912483063445
-0.3602715700832249
-0.15400102064248555
-0.2951161290982123
-0.22725892041279555
-0.27598333126660446
-0.19942726805030112
-0.21820317252363905
-0.20937137663090344
-0.18970619927870433
-0.52399401838578
-0.6667448848801221
-0.7582744803398374
-0.7509464318708569
-0.7331776225362653
-0.4316847520306386
0.08399221654154293
0.31658598128505605
0.3442253114694089
0.527177270235225
0.6188989379599991
0.49451778743069313
0.6714011982316408
0.6087972497595109
0.6276160100162486
0.3889365855599222
0.01435770031550531
-0.3145832504346289
-0.510708970209569
-0.6168838736971157
-0.7692793827816278
-0.7474059962571066
-0.4678779932101048
-0.3230706139265304
-0.06604245874178202
0.12138751395716887
0.3579619708451837
0.36291198800271857
0.1684583639934025
0.08792396172147411
0.2200994518723711
0.2761315615296274
0.13971614285366354
0.17402846163572486
0.029629650572387575
0.10993814060142246
0.15818077399517358
0.4173421975224768
0.5619010911737624
0.5171279009398191
0.3246579410025385
0.25182960669400817
0.1629486594241473
0.06540431046076835
-0.12932844782458877
-0.035148973509945516
-0.1632489220820848
-0.29091302774554234
-0.48296954909301737
-0.4808917132232084
-0.3540937436804636
-0.4205014173904218
-0.24692208479935968
-0.041637972902317404
0.14060548164583964
0.025701923137465662
0.000447495488543323
0.08417394462010624
0.08898564168468923
-0.006571685288082909
-0.24523300376594176
-0.18627110185911042
0.08324552891068311
0.10015816421238441
0.029710980664448907
0.32333360194652855
0.5866374872749093
0.8910007970685271
1.3488244820039457
1.9130031991915666
2.8310911878549785
