2.5313805763183383
1.739347493038338
1.4401302555179647
1.0353630943941199
0.7373467952159548
0.30917109908782275
0.014601712965726925
-0.10240476224612338
-0.2814817839180827
-0.48456512574824606
-0.463536711626625
-0.47622980571401735
-0.3768836474710716
-0.34584679849384087
-0.056028058428051794
0.2122859488672529
0.26369368820137884
0.3654309838840929
0.3092188571707521
0.007518250686862849
-0.07676297675200959
0.1400459494125341
0.15874694293290936
-0.008448955667073042
0.08738059406188664
0.09861979367427379
0.08117218821564667
-0.09299180983446398
-0.019176524048751826
-0.03651587538782561
-0.22471674310072026
-0.4240122618073514
-0.5651628603135044
-0.7617807045168092
-0.8227991952638748
-0.6927014503762186
-0.5660554827480946
-0.28888456271846374
-0.07810181112204923
0.2264374445730239
0.33511500445540154
0.383963365120833
0.16595395104292646
-0.054089954576926697
-0.3515002622753816
-0.5223621635272753
-0.4885333626290659
-0.4819161018020206
-0.20331224346453608
-0.15027005854580922
0.09047097699632146
0.13018760561557127
0.11834130503878
0.24992020295252543
0.04256684857129361
0.13524739568837094
0.1140121396477353
-0.07841558300549377
-0.3322805273842529
-0.3831617211129254
-0.18601731932625337
-0.022269471549519422
-0.17391000404080995
-0.09831945805536481
-0.2416662557599464
-0.24528688751395153
-0.051132499508618465
-0.17201282115130245
-0.32152873137967874
-0.2767358235268277
-0.5402178904072029
-0.5071596152272677
-0.24879365182685198
-0.33896098183050555
-0.26209636493888716
0.01968245418619039
0.22859145079410675
0.20385295390391048
0.09215845413461897
0.2203770493679626
0.22074761859777273
0.11613045384233489
-0.09532475766366649
0.06847774592552536
0.23141665351666207
0.17811211474397817
0.07712020357037833
0.24943371960481459
0.1627248947529748
-0.17551735583771338
-0.19302902008170203
-0.2529988172259739
-0.48577193864301776
-0.5321530550343402
-0.47903910053911225
-0.5406763746985233
-0.3809644947251085
-0.5148529522900817
-0.5186756235583778
-0.36264728984691297
-0.04254375854466112
0.05397500383341259
0.03780138800792242
0.28678646622558396
0.36323854055384047
0.2802857748018927
0.0431249952548183
0.2207986621294177
0.4239246673067166
0.2676705500842182
0.1019498484625416
0.2646266063543374
0.22793700020334978
-0.12374581065229895
-0.14134232328448468
-0.13155192069686447
-0.4104121282031612
-0.4950737282647503
-0.6630643235951766
-0.5803953388762568
-0.3024644892189878
-0.17106363338857802
0.12647271903333185
0.2937837103731309
0.3593130000946837
0.31008381386912476
0.17426818590430732
0.2259772964245602
0.22287765290453346
0.08529105069369941
-0.2092738188297759
-0.1183215420184103
-0.12419673235078671
-0.14384798188935058
-0.25631783421678317
-0.1506483536228976
-0.14664474285268617
-0.3708519636104676
-0.3599502284685654
-0.38121623361764023
-0.4655411104981876
-0.3657915018587848
-0.48195784942578423
-0.3755686089312863
-0.03843934295670193
-0.017817589147223638
0.2164552573742463
0.2848537554673464
0.2761224821611295
0.2291643157482466
0.1278849998510912
0.3100553557533236
0.36803654129578084
0.27986760596672033
0.09985112453453464
0.33309959178265003
0.5198158251681825
0.4623026013393654
0.317141919984334
0.08904468312798347
-0.24862919102911174
-0.34270358597503014
-0.5262596371305944
-0.6141372735474466
-0.5897907108688353
-0.5235693241608026
-0.5110954620123166
-0.3632463303777891
-0.33940549996191954
-0.11092362126710523
0.06875435980886556
0.0025448682962372956
-0.029505788731885932
0.16251435495138183
0.018644450041271465
0.05422081064258043
0.14941634508166046
0.15051681496049205
0.07324606379514625
0.221008677419922
0.41956721540638947
0.5062347645991713
0.6948686235648209
1.042324101807028
1.9744585449028447
2.5863901460891054
