2.674460179446719
2.27807497971493
1.8188074986792728
1.47455017058631
1.028608829615127
0.8397814518350438
0.6497065360462949
0.42144025940411517
0.05808834349390543
0.05426749221453124
0.08191962361038439
-0.06864490125544499
-0.014176698485311617
-0.023754888876221368
0.006130799661500542
-0.027004401248860256
0.06060575460284152
0.291807065816125
0.28739921536263124
0.3879515996679549
0.3026609442116348
-0.04886536335974474
-0.22883795070919877
0.1086572273199539
0.23863072227573756
0.07916200371998218
0.2944386902018076
0.3299211460927848
0.2757846146144859
0.13376207694191056
0.29415627735662614
0.201569341124898
0.07883403351918279
0.1061790458265726
0.11555259286970415
-0.23452512269122305
-0.2891015230617519
0.08094925098195879
0.15296351008617617
0.001023369934078226
0.26457820718659386
0.481425708772743
0.3192090339449842
0.04162408482540855
0.1377439127775481
0.4996130815324911
0.4565877671079529
0.34720041728316825
0.4078080609282195
0.3591197809659623
0.2062926194901788
-0.03957611829368034
-0.04254216521927573
0.2522403373461473
0.26544365061482256
0.06622880833635016
0.23809485827354956
0.45212580634689553
0.35509453404195335
0.265645816107993
0.1556374102454222
0.39211998413455745
0.2973087889996447
-0.1319916221297958
-0.18123565736926767
4.8708056492225565e-05
-0.009172383127958726
-0.45246251636474444
-0.5885274633708386
-0.5218955578436534
-0.4718281027463052
-0.643958514547706
-0.5315819925673605
-0.300437659647736
-0.4888822177855307
-0.6129913847226306
-0.395169202527214
-0.1352898825199037
-0.18670139357254448
-0.032657178562417066
0.29198657854481286
0.5346405819896388
0.5424104073350824
0.5275870521804756
0.32845894238309226
-0.10517672078028904
-0.3497434920904143
-0.5086380184065609
-0.6374759281698179
-0.7044086016303793
-0.5484243629602592
-0.7084078142155844
-0.6406039975345041
-0.27673162853970384
-0.1666508664076519
-0.31894824347980394
-0.2818456806652139
-0.11845203734752806
-0.08694313447246067
-0.19208153489646143
0.014187690850051653
0.0863704418406396
0.024254460496479145
-0.25601026578555525
-0.19142471487257362
-0.13190327444894548
-0.17486345699575012
-0.36838733006679975
-0.414319924752601
-0.2672372576349956
-0.4040985732961782
-0.6210752212710686
-0.5248311518304783
-0.19437098774425463
-0.13344988960582183
-0.051761607398544074
0.38194481419382686
0.38885402788823814
0.3400287810943837
0.3794620369728238
0.316793126121037
0.36162301228439564
0.203097306918438
0.4558398646537238
0.45764461455522026
0.523508153867834
0.4886940081281985
0.48851924929417334
0.3973730928312832
0.09261111320594922
0.05842438259599719
-0.05839422715550047
-0.24076448298065523
-0.16719834250018464
-0.07570478317271002
-0.04967123274451987
0.20015982972778895
0.2389243096287592
0.05612688015624786
-0.258273879943956
-0.23932872302457284
-0.45958371846446117
-0.6315305013729653
-0.5309385273346535
-0.42856902250801304
-0.7008440013805926
-0.8590197178998042
-0.7479820859010711
-0.5743422123572123
-0.42059230859246716
-0.6177676728459257
-0.5761074865267376
-0.31028831263019496
-0.18257144217896526
-0.05456658796684628
0.30495733378808465
0.4263008251357749
0.3819878884918418
0.5277399868303674
0.4350975618494165
0.5092360605205992
0.4970610693773713
0.20000797431890788
-0.05415144314962689
0.006141020340066771
0.026043775099087573
-0.16512857017378169
-0.06750969884500371
0.2110771632590996
0.43541206485924056
0.5996060071274452
0.67121109704464
0.7628862025748349
0.729299702092787
0.6257223543292871
0.4140388578839554
0.16388822733813363
-0.18462040600314955
-0.5325850740566774
-0.6654162653753094
-0.546647220278774
-0.7157910947409607
-0.7468170882197246
-0.4867179061011788
-0.30033837620777093
-0.4653611814237287
-0.38292216787589317
-0.1672164924485336
-0.2550646101299184
-0.1460099118197711
-0.24317436881251234
0.02125593089600902
-0.03830461445650143
-0.015621831102134847
-0.22650839979605075
-0.26445102969116707
-0.2955981154277033
-0.37496381119820127
-0.5016410131185882
-0.5038308043932532
-0.3777188213782271
-0.4133868334636362
-0.525728799285063
-0.4525276394436728
-0.0908222149283467
-0.08551358697998887
-0.31414477369585553
-0.260002943437578
-0.06826553205640809
-0.17441527108656352
-0.14754809896227133
0.2817946747821926
0.5814932628939937
0.6630271452917953
0.7005367026289184
0.6093543151813234
0.40625358672006845
0.0882557308784361
0.08511123864329734
-0.04809880723672736
-0.34565786096350537
-0.4295904540028361
-0.33059525425550484
-0.04237013237163788
0.10823297709912683
0.21527715182292012
0.07236814381960756
0.32989606335226895
0.30364889758347824
0.016795913460573787
-0.16426334562213823
-0.046320712214921164
-0.10650059354496552
-0.3980386135922218
-0.4534020463450434
-0.15457902678157556
-0.1910452214705125
-0.48598456004732143
-0.37380475803389396
-0.1429143979733453
-0.28289111529537025
-0.365384338468617
-0.42535400238880744
-0.23246080312473433
-0.14945268299706
-0.18664590496917643
0.040415293394956586
0.2561896439309625
0.06427448070463886
0.11247066280362951
0.3834472254707079
0.38448679513749784
0.2098011709038593
0.34817736653341197
0.4714741730109367
0.25887641379457577
0.3571087940208998
0.44560852542586565
0.45783404489140805
0.21559356580233408
0.2201927832259931
0.22445103105835404
0.002999290327753897
-0.022205318854544194
-0.038491960539411174
0.10536839577925336
0.14906799843171828
0.2730256934947863
0.3828502276372336
0.10986940227474021
0.22145664123630296
0.3735786365992971
0.36057205395643227
-0.0220484978191377
-0.03104174249717814
0.33600400439398126
0.3125952098229831
0.03580615271643312
0.22444337095888994
0.26016367067452284
-0.14495934365990165
-0.4170207363975294
-0.3507874006719941
-0.5197261056912004
-0.7223551984764479
-0.6537559414101483
-0.45308642784540887
-0.49268582827800067
-0.16453116252055072
-0.10620470479372848
-0.07507434441773188
-0.1734795443017191
-0.18334281051116058
-0.12258035700458284
-0.2181955189058558
-0.0458249820595866
-0.017357569030795505
-0.36285442077098906
-0.4344174327959817
-0.11854285311002058
-0.1281851284240607
0.05983890108068219
-0.07938874692927789
0.12944317287449802
0.3429482676617373
0.21803032362907018
0.3618838398367437
0.5855846333585978
0.8620412170624381
1.2447849531033923
2.3501095222440176
