2.7145658273949422
1.508396242712837
0.7271072646288042
0.29982570890617044
0.06619429940658955
-0.2805292690467771
-0.3442683645853987
-0.2055783476491627
0.010575545074019907
0.07054449986840733
0.05133243342759523
0.0907604417431689
0.1239117014648961
0.1540537149149109
-0.02658344511410483
-0.02580260467129031
-0.050545552732175966
0.02797405931188902
-0.007037936736800468
-0.10389373274110127
-0.08636992554445516
-0.33453667785451385
-0.44187068207033453
-0.2848790185600416
0.138022258767838
0.17629570236574418
0.11732992107328641
0.4411048992891934
0.6572663221099043
0.6371066552924117
0.4636999438026041
0.24414866638175733
0.18499847247332424
-0.005491801421071758
0.10063841283090927
-0.05275150146556855
0.06233162724191858
-0.1042035069162173
0.23002183150743427
0.3642826891984476
0.12033723736754101
0.0013109629967413966
0.27734500561137304
0.3074009112844028
0.024040031238490654
0.17744847062883687
0.22556491263345116
0.16947654703200107
0.10147090629758179
0.15384945428487884
0.3611880858058971
0.37785897053876094
0.252731438972787
0.035098753817732156
0.1305589993923046
-0.0520254956754199
-0.1893293903642386
-0.22218372103498163
-0.06562713308120574
0.020238663553655632
0.049184645812697714
0.35533937279705996
0.4005583422635459
0.11301305308413497
0.09811307958066127
0.11048442055955351
-0.08674195981600771
-0.18710976678442648
0.06862043860568912
0.3075190408642697
0.05375752560564449
-0.24439968232733017
-0.19457123223786826
-0.2528553147421981
-0.3124408378244589
-0.47429707799077786
-0.4748439026267105
-0.3073516820348169
-0.2470535486148147
0.03211977418535457
0.32848806415002113
0.3595928707377046
0.127207080829049
0.167886601940564
0.17691489766686833
-0.016754529235489896
-0.1739761512812947
-0.1420472636137475
0.20812018926456352
0.46023628923938975
0.4495528358916182
0.4354777850178043
0.5480950670051445
0.2789575374434456
0.04753295701844093
0.353366907537013
0.37485481282223865
0.058670128985688214
0.1651785898561678
0.3067166289564884
0.1482175810766582
-0.11560942163539088
-0.24470721564185668
-0.2828205299987603
-0.22877966635617597
-0.21925759816570276
-0.1291657757211027
-0.1431010774650018
-0.22021224144895524
-0.019309360838029116
0.03623980891739836
-0.01898747588434494
-0.11848026447046668
-0.14624951788681964
-0.41063933786067464
-0.35179785952681236
-0.13010240253020466
-0.06675945718666632
-0.017323058190517306
0.02385026518649597
0.06725668184014094
-0.12662309098548397
-0.09567620123286322
-0.382643521312774
-0.30982742196095014
-0.5295212501108504
-0.48545049259181366
-0.14670274941021708
0.04016350341346628
0.00676923415275947
-0.04016098025744205
0.1910973674261906
0.10557121846005846
0.03824439991876891
-0.05825154268958828
0.2985191155152187
0.39571402251280446
0.254790456585586
0.541084613551939
0.6310545491040311
0.6716191294012529
0.3882367842435985
0.011747418487014263
-0.046022843508205354
-0.4295823011569558
-0.706470876048774
-0.901553035681559
-0.8958740315895297
-0.7642486963056013
-0.5713182395223316
-0.3237741672097209
-0.21617089868406236
-0.2561543985253108
-0.0668841667640875
0.06681865050117368
0.11176827822805134
0.11469637550101416
-0.013694116274204804
0.1239744466317147
0.3307144868049478
0.33934440267359145
0.1413459481141869
-0.0032622071289520674
0.03962692449670357
0.07714252407074568
-0.10642801383440695
-0.09837596866872794
0.18495363801545517
0.19088597469676427
0.23408177875072067
0.045047421343438365
0.05171483289877907
-0.13753460955496286
-0.04984103572182963
0.0035707349787968932
-0.017071458503159546
0.10982962445302731
0.09174159888085874
-0.06727179749427142
-0.2914239246631642
-0.4670979457185492
-0.4930387399559272
-0.3836009444023741
-0.14372630030809452
-0.15442752902158702
0.14046248959956875
0.4522265599761395
0.4439392420963682
0.3815166374435798
0.28319003350987604
0.18028587650406827
-0.30157136629191755
-0.41059347789799466
-0.3214119450998961
-0.5268959076173447
-0.5287208445403393
-0.2564629231512931
-0.18808320869873615
-0.06995339278576336
0.18349314679145132
0.2897406637817317
0.41851565480299624
0.406396817518387
0.21368327295842807
0.051553576851001044
-6.458482019528443e-05
-0.18816718735205312
-0.2617746254715263
-0.143343713502961
-0.24387019017380476
-0.19609583778686634
-0.2661365921833751
-0.4053307641459954
-0.4525548969493407
-0.2947108613538662
0.13680216156255443
0.3290770797810057
0.32024778491498435
0.5706757834279941
0.5616761858058749
0.2981410786546968
0.013604173571388765
-0.07967651459859511
-0.3997448508477663
-0.4784344596827398
-0.5298696555149808
-0.397397891646051
-0.32842850410153324
-0.5070605721939064
-0.4081131965604868
-0.33664233611193173
-0.3922280413372998
-0.2178647665160086
0.23273057851350637
0.3128269495855153
0.2398952996672812
0.06343466021448661
-0.0907753487727
-0.07224893367692362
-0.442470985936616
-0.37506775780774065
-0.27881029634630755
-0.3511817438016793
-0.2829968858796018
-0.02994081292292469
0.28074107256457154
0.5722748421358833
0.8030060709028006
0.575843923940387
0.43914353936587447
0.15433261281255314
-0.17800956037836124
-0.27022223220174557
-0.05866542018510351
0.06653660526733521
-0.07735270898420407
0.01790270319322163
0.3074062945556918
0.42404160918683603
0.479207956169774
0.2972588805452196
0.077359803765677
-0.05827755324533689
-0.050503435753185416
-0.07401391780965715
-0.020964427339321308
0.07069357998632038
0.17443331731908476
-0.05914553224786526
-0.055015000757666445
0.18730894925981728
0.11408322781248627
-0.051374555501417896
0.09044197826773273
0.3516456237754545
0.39036648973348576
0.18448388910908048
0.02846984138563056
0.05493180444047413
-0.22843916040486154
-0.29894486494255773
-0.1552695038262559
0.1834343006716037
0.22116979502703604
0.22584147208674415
0.6686216368859356
1.056914982952832
1.3522971988151034
1.6682331144996518
2.812114073657347
