2.6564311191182988
1.6425915337764256
1.0238721495833647
0.729277396422312
0.6762711041082383
0.4052941313878391
0.20064091153783276
0.3093665888903844
0.2518767525319028
0.163556564371661
0.04373873232374495
-0.11833024868707516
-0.5036381849631943
-0.6200108902134046
-0.5051656549453509
-0.25476278110442746
-0.2280504626432081
0.007779863907778367
-0.08692438884319716
-0.26135130276649865
-0.3640005682438273
-0.5482362854381636
-0.5948979190492851
-0.7760058351619216
-0.691946887158347
-0.6652735913684155
-0.38605361042872965
-0.028004881273709686
0.20108890529367685
0.3193271445778632
0.34174843007725425
0.16546166844174745
-0.02694663839349653
-0.198586897927585
-0.5689681028749399
-0.4831902805853235
-0.41142718964451697
-0.5387359594397547
-0.40160503458872093
0.012687938098627154
0.20619200313450733
0.039655089909832936
0.33078583816029106
0.5100022299814619
0.550966039538162
0.3519004832442373
0.41538315722198954
0.37772770217860535
0.1515716484576946
-0.05345994560013978
-0.2127765486235317
-0.5342453444205937
-0.6970337573303491
-0.6019269537191543
-0.619780691070327
-0.5422815366510481
-0.5284927627019294
-0.1211729659006268
-0.0882823656855984
-0.11879059875305145
-0.11344474581713168
-0.33198564514563983
-0.4510488991516176
-0.4832210032937285
-0.39136258220295556
-0.03623721852707575
0.34096552118055673
0.12719804867947185
-0.012048023471035391
0.2188664421571391
0.19035042142862807
-0.008674792071107554
0.10302417471606276
0.1708445451618487
0.20381319821074867
0.04002182360227092
0.167988382840592
0.2516847908739707
0.06864868088423093
-0.06332099668203392
0.013099899489878873
-0.06311166060702818
-0.2081945192964619
-0.16126393105032166
-0.08666357398591062
-0.16756647433711747
-0.4666680568640235
-0.5087365505264554
-0.41448519511931864
-0.5844116051386856
-0.5694066573068751
-0.38740892235027313
-0.3043198065041929
-0.12524850403738547
-0.25454173139331654
-0.39694658136020794
-0.3415970856611385
-0.38357967679326493
-0.34680046942366544
-0.03564683302765265
-0.012519731270177829
-0.06807760029818269
-0.048144954470702654
-0.02869544195621072
-0.09450264502908759
-0.45763319075237985
-0.56395646900926
-0.5009959212125068
-0.29465741135817203
-0.19210548563139837
-0.08352478225060125
0.09612148058893787
0.04365129602267397
-0.10646051306278882
-0.21180791432979393
-0.05112446853564463
-0.07841827725480921
-0.17946647885835706
-0.19968922492712596
-0.30130296836696907
-0.5062860560801659
-0.5739182749218102
-0.4928816184571925
-0.3278312590088917
-0.14313466244236478
-0.22713074297568564
-0.42229954796360053
-0.16085536943089224
0.007788657006242317
-0.0577454491260314
0.01683232662162043
0.17169027159023043
0.1443755061717242
0.1449422185809414
0.08791110434468324
0.3761730687161442
0.4043758305852083
0.11295630452759081
0.2525057719469869
0.32527009878810376
0.10378041993698411
0.22144494836609563
0.26317002720252025
0.301924469743063
0.03228245757720309
-0.13263440073284272
0.1250697176864704
-0.04263119088958915
-0.29568415190017866
-0.400695761847648
-0.28497163045492957
-0.43142467296037623
-0.6905366032803173
-0.5321258211746442
-0.417724734075713
-0.44079811025447746
-0.19527063674632894
-0.012611844935940308
-0.06598926315657416
0.12596717693653134
0.3921558870236625
0.3913063832444726
0.3036881066949976
0.6409376377340281
0.7462726204624375
0.6588545049508213
0.6135234798180775
0.5860140489626462
0.14605601058394663
-0.267313318203562
-0.3562893375326111
-0.5621605272032755
-0.6210736613381399
-0.5893076119132895
-0.217735491349321
0.005010396151688398
0.0763498212565661
0.144757297939185
-0.1137881597588513
-0.193172719525556
-0.2891420291820711
-0.3298269606806651
-0.5178761403489966
-0.4977661163010637
-0.26872935478390486
-0.03801539453269242
0.13242968621140055
0.08989869319356313
0.4128492369128473
0.3682542569097703
0.48217839840101717
0.5562121792482246
0.3031841790330937
-0.10036767810359282
-0.07671692243618075
-0.09621102909412192
-0.39122787500143497
-0.449420675202675
-0.4166359665542333
-0.493966298957272
-0.4946710948068679
-0.26758965581637295
0.09179313887631892
0.19343078354286186
0.22040845524331648
0.19779906487291088
0.27408452247685633
0.14242455685517016
-0.18253854197664024
-0.4013509145379846
-0.297551501823186
-0.33991276718892305
-0.372721707495793
-0.015783696897627278
0.5734368624094677
1.4283122416445748
0.5271441485690559
0.3743644953216052
0.11550252398660218
-0.2754716322909466
-0.37827268849702583
-0.26636869610897956
-0.28454839204388654
0.05189427073946855
0.09946364309677327
0.25965808574372035
0.5082956272018031
0.7441958537492697
0.6850760673362443
0.44172840981477485
0.20465407839054608
-0.056487256763997976
-0.4492284092437239
-0.5995684239693676
-0.5910600181356732
-0.5197904001539835
-0.1264792430889116
0.1352166754908539
0.23962727960815144
0.279817558746697
0.43669939545860537
0.37811769108393595
0.19768178434391664
0.08461013753102019
-0.3450031942162458
-0.42825335921883956
-0.5576560809725667
-0.589118335044184
-0.3942566283296401
-0.040561030591355116
-0.08105287235640493
-0.2126731274531874
0.013864057409230631
-0.08701066209451636
-0.5293773706927031
-0.6946662850710336
-0.641397248387694
-0.56800136452179
-0.5257882159619347
-0.6382704875617934
-0.49869683474547344
-0.666934932917353
-0.607536725360887
-0.3092507202773529
-0.36422437506912536
-0.37764799842650165
-0.29057764072240233
-0.03505490491392854
0.11703403629123667
-0.0667799898389954
0.028805386001390987
0.3762520420376952
0.5210481288667685
0.48095366807333484
0.3199894881070321
0.023169868844066327
-0.10026900949746842
-0.17980909832127784
-0.49749439244944366
-0.6769400862027516
-0.8458878071350913
-0.6541266100696308
-0.7884451281497542
-0.5870401517592791
-0.4962506113778407
-0.4402554027864535
-0.15077871710388274
-0.16421089339257733
-0.016812820961184888
0.20082174572181177
0.3839924368568394
0.31017324518197703
0.24770191449529033
0.5090939559978174
0.3741539801515177
0.16232868783772197
0.3362731732429273
0.47034264657319974
0.4980622383903897
0.48823303416682934
0.8382927748576711
1.6212049090345282
2.7603926592173904
