2.64742499557457
1.768959179104923
0.8380886370255323
0.5359286265907001
0.4252255639738174
0.4332186953529663
0.34512165758242475
0.38252687313763495
0.5220671115446983
0.5304230967816548
0.2152952757279225
-0.04723626062334652
-0.04448573777569198
-0.210010335181314
-0.18289323714684358
-0.2715074128755541
-0.4448004064564208
-0.3352294614931835
-0.005353175690791096
0.05815928299803823
0.1659395915275899
0.2548335734032808
0.33257537140186694
0.15047744808417415
-0.06116582624170071
-0.07481974142655262
-0.08440563737622205
0.12401308030198067
0.10470513136211163
0.16736912634456996
0.4068006002715801
0.5981871397004234
0.6224421600054202
0.39133475308466553
0.3109203407588586
-0.03606297573037386
-0.4466049037614212
-0.5478750091337787
-0.5205636690127391
-0.5747467817198162
-0.5661794063773758
-0.3060299064707232
-0.23200145448743595
-0.29775980922645445
-0.21569046071139436
0.18049679277618688
0.41309031987301614
0.7367402196290532
0.9821418450074827
1.0089182160749084
0.9419464646944569
0.9990396424581386
0.9784744409555403
0.7436900428455574
0.4234015281978819
0.5638124485881979
0.436237740976119
0.12789745605332056
-0.15131056837274542
-0.27440476667087743
-0.5003506021994532
-0.5533971283816759
-0.6424857280641768
-0.5322957678386608
-0.26274304856740577
-0.10279143183896475
-0.24327324632581715
-0.26036203165991056
-0.35668287379872143
-0.3456847375881193
-0.22329393365125455
-0.20861584593379118
-0.34725707034633324
-0.1576210664274418
-0.26981533735787205
-0.08599986095399323
-0.11923043378315026
0.08951693737940022
0.26219837541808944
0.19034120071117613
-0.07561821762160485
-0.39419613127038067
-0.532886060183449
-0.6109858164540797
-0.7602899532099839
-0.8248185818808517
-0.6835259303749213
-0.6319426184976998
-0.82326831637339
-0.7774405313568322
-0.6414560841481414
-0.47364239926458335
-0.4212607614382726
-0.2600902303948123
-0.19453526186447367
-0.24333927930828358
-0.1751109533417159
0.07207318420289255
-0.12074753381669152
-0.03667336831765807
0.0817468108169766
-0.11262078684655816
-0.1859995275644823
-0.03946112815831445
0.1794214283341403
0.3072227794888314
0.05883228044055146
-0.07064531507108815
0.1812820379727786
0.16907922858816493
0.12553147585970592
0.30996659595017795
0.3816116771440523
0.4860178151953681
0.37763727317095563
0.3102205560503677
0.3970553307381695
0.2910075163215392
0.004330836761906105
-0.11947296735002126
-0.14103390136966557
-0.3623858407447177
-0.6668313748188485
-0.6948157640340451
-0.5681420834144172
-0.49302823065235235
-0.33633667378160786
-0.02290367375146215
0.10650159920871585
-0.01840295821580288
-0.07802258145520667
0.16371650689967632
0.22768533624050125
0.07389496804301512
0.1287154737415782
-0.09355597333890316
-0.16641038773075528
0.02397192230701256
-0.10103747495592375
-0.053929866355427306
-0.052582114227423704
-0.22653440050029158
-0.5017984682680581
-0.4683248464642775
-0.3152978404103454
-0.0266923537206402
0.1541341190749545
0.38518417795383186
0.48828505763151786
0.5683129741672439
0.6174416537714384
0.6208723561083936
0.5910464664762906
0.48671727095873574
0.4983417890471037
0.19250644524070853
-0.03892723383042567
-0.06381266163402825
-0.5010717777031043
-0.7281192040250516
-0.7437197407811392
-0.5766841378918287
-0.6064097062521038
-0.5083345621544204
-0.17430765673239884
0.16674910648675773
0.20631564892839083
0.15381980045617222
0.2922952436735228
0.2380462144678543
0.17031951522967564
-0.05634305733750786
-0.22748812390395937
-0.2177299302092806
-0.04041272402714531
-0.12989085551654606
-0.15448701921089475
-0.14629044499722701
-0.2582956990023872
-0.2781688320354119
-0.007647326351289421
-0.07851906022077572
-0.11391888258240021
0.10822644984621428
0.14884584419912375
0.008949978443877933
0.12423195557516152
0.006558461886949407
-0.0923960799369139
0.11191393707148374
0.3000784910396998
0.35457439875248425
0.3111928408160836
0.2753332464191714
0.30174074548741175
0.15275113210112062
-0.11560219368430324
-0.11492014168856908
-0.1702386761974504
-0.5556208029136732
-0.6156533270860716
-0.34317133411740647
-0.40903331642096075
-0.34257969122138954
-0.21220788402315008
0.18709987274104506
0.3766462375413615
0.3634706960825565
0.24184260968507792
0.1928571243767939
-0.03103951376603061
-0.1312658241560695
-0.11909225066987351
-0.28136026803332975
-0.6055835652386984
-0.7078509967647545
-0.5365055298001309
-0.5632295965137737
-0.6109803819623363
-0.5500093128485896
-0.3370302523152488
0.021732837258867446
0.05072139524004052
-0.022486166890557352
-0.07417474221570702
-0.213316781824614
-0.23435094584246013
-0.07729986249833122
0.26577117965219277
0.3300000849593669
0.45556020596989066
0.5328018984942866
0.4628255509973587
0.21164399304086814
-0.05130401694297897
-0.42862071502715415
-0.6193180484240671
-0.9289930718965341
-1.1113136437442073
-1.0703247060153818
-0.815863405881243
-0.7415790222272509
-0.47345826617328574
-0.10179956154761305
0.14000261468636632
0.11500706213617973
0.27791148522075415
0.49074570842753257
0.32277754273341513
-0.008232008703210222
0.04195248618806218
0.08622406192264695
-0.11776927938751343
-0.2860759945168936
-0.13628217363078401
-0.03809961693924921
0.16427842512822333
0.19801121138164732
0.3450664933792389
0.4098460667005383
0.05979414554212247
-0.27552839742258
-0.2587328913188811
-0.48461045002403946
-0.5329817519491713
-0.30397634316271555
-0.13334544778341284
-0.15891987560251475
-0.40202607620774544
-0.42120138939667295
-0.4061433367196904
-0.48011093132114563
-0.3769094274620924
-0.035038490781200006
0.23664131000840846
0.5001539306275874
0.6687381032847699
0.558349390362823
0.5559891918063629
0.5233527784048246
0.32229601715191314
0.014600323845754467
0.020571655267284245
0.2763653702811509
0.3288659936639589
0.4355065101130519
0.5798586212683822
0.3858354100231073
0.3758555428206454
0.40818321075173025
0.06368840795970979
0.006788235015585437
0.25452368780631884
0.27707513944757634
0.31823528691764125
0.30520606384670657
0.20472928591454273
0.37044007612433416
0.3361280043696025
0.24437792541567072
0.09886282682644851
0.16882528419224216
0.4306007692995219
0.4311518308861075
0.255481874833938
0.18749541143970083
-0.03742308202979097
-0.5377910085402479
-0.6342904499429971
-0.5375015947152084
-0.6229231829917572
-0.6447072633761142
-0.41773758299169955
-0.2798750060552678
-0.20732017531741845
0.015364432128132773
0.219899232405201
0.19575825089901575
0.34094294951666015
0.4009898056120544
0.6954074476534445
0.7619991634030265
0.76694566345572
0.6140768712559836
0.3668881836395021
0.06746007577910022
0.03927361876572354
-0.3220642725126203
-0.5908151446932447
-0.5966576566154037
-0.7426808731681018
-0.7211666798175059
-0.5465634273895881
-0.5037340475599957
-0.6813820573912963
-0.6112287158572672
-0.4455496820477185
-0.3391224955612349
-0.16624788353325629
-0.10893495370644493
-0.1442164716521882
-0.07856476657742374
-0.18071833794291503
0.153352238932979
0.33594047303295316
0.22396432868565716
0.24724899983027798
0.27891775812717995
0.3117424069992765
0.41228698752087883
0.41523438003441754
0.25467181512291887
0.12478411671144343
0.12402409086205042
0.033184028855284715
0.3261163480080642
0.3405438240368092
0.39346266931859514
0.2948107968425439
0.2283837593177217
0.16521250095854043
-0.15735512776373234
-0.3144434199924632
-0.2166554007290658
-0.4895901686301571
-0.5999897300451001
-0.4077431750795014
-0.1539504505446242
-0.2854057894814033
-0.12214961734570846
0.1538007914547634
0.21075752217365323
0.4084978091132057
0.49523347892441927
0.5697269383991056
0.3968631356161043
0.08309330004927826
0.05357538165978094
-0.14303538335062144
-0.1280599814805729
-0.2522034884045852
-0.20929192631172272
-0.3118751838315608
-0.34351184061074075
-0.4638048608528896
-0.43495468463498954
-0.5134070714269717
-0.46838285738045565
-0.21118713183222648
-0.32955763508729413
-0.17396384060329695
-0.10803401853897548
0.10035411517475912
0.045084380451880963
0.28564167360724296
0.27057864331382986
0.2524257631399452
0.4187248892640101
0.3619356154117648
0.2270965057633786
0.2274631256309427
0.2802370608304379
0.06940814773001498
-0.10400096292279147
-0.17901903310777847
-0.0558744472906408
-0.23949672741585298
-0.5293906698117768
-0.5543842082464195
-0.3403771416668664
-0.4088380256000074
-0.5667638113468256
-0.4924726780584341
-0.20572231074977956
-0.28185958401214883
-0.4253085007663539
-0.3518467108304892
-0.1433765770787893
-0.135554763928665
-0.24048639386736947
-0.10773600143248843
-0.043038446144673975
-0.21717925284510967
-0.40691750552133765
-0.17277704255557186
-0.08773401941477113
0.08383179938936636
-0.06354121462981055
-0.08700731396439403
-0.20144206071067103
-0.5125027978078928
-0.6704170677550225
-0.6552173814447754
-0.5459097415595218
-0.7177482806685691
-0.6820443811090128
-0.4881506829320089
-0.4582666987533768
-0.3450303386946175
-0.35658360329042565
-0.4486283106508988
-0.26345450246048724
-0.41762545519133326
-0.3602621606232117
0.013116937336261974
0.03822904124508848
0.11676101860647306
0.02810197310376389
-0.1821478772327828
-0.10602586185810119
-0.24812508052792806
-0.57889521590642
-0.6626136093041619
-0.5428827482367982
-0.3088479423562956
-0.3874713740561572
-0.22772995214650693
0.0746186917493492
0.3282023233441719
0.21715601831401982
-0.11871397883333219
-0.0104238931927364
0.018879960389475613
-0.25133235771481327
-0.28608890919949564
-0.02614743190410354
0.14648117984226897
0.05276623963909843
-0.08209745417666388
0.05277684378181889
0.44392639459148087
0.5410487468523151
0.46092926700074327
0.4156475932615885
0.4129296547642333
0.12207977367046036
0.09784543493666725
0.2986336918367036
0.4802554664111118
0.5520079374801852
0.4020371666499464
0.27233615265856315
0.241256617349069
0.005517594782122662
-0.013646101798210433
-0.0916652701120147
-0.3810995510595444
-0.43146514893243315
-0.41367309427163634
-0.1986957350782594
0.08944751087122739
0.16726844673933938
0.2420140070944973
0.18758764849067217
-0.19790947486637323
-0.22546534512097433
-0.18259523423552107
-0.4615884274082783
-0.48891474182250033
-0.2702940999271967
-0.38435801035838174
-0.4406347552509088
-0.5101902021574447
-0.42036397032596134
-0.3402893732101478
-0.5541438244369528
-0.5025798459496539
-0.2179383080679581
-0.24372928660009954
-0.059285210851658304
0.3388638315787908
0.5838484760319649
0.666286593371813
0.5883187475414652
0.5886944416495995
0.4901141057258579
0.5735741852608586
0.7007638128715608
0.6554090387623444
0.5800151307686099
0.5289013853166606
0.3897748120081701
0.05843589439522651
-0.26798600317855864
-0.18825548199871767
-0.10050238355329555
-0.1762183922133401
-0.207114651815609
-0.04273075559377451
0.19821135777897603
0.33759889762913553
0.2357964388853813
0.3480478379640986
0.34767393327733764
0.032319486606476856
-0.19058966178791295
-0.11757241002113089
-0.16657684322637906
-0.07430392457414003
-0.09565635491978264
0.09182125612611101
0.23435489371602006
0.2768615333318163
0.20927002996375008
0.14941337425484952
-0.13773203970790152
-0.27875525173702137
-0.3581971219135168
-0.29399455647254163
-0.12764183377832455
-0.09862650563756689
-0.09078777673905036
0.24015603258933516
0.40580362917276086
0.36715078037355764
0.28964917548895047
-0.024524549340352635
-0.48350784914174577
-0.7943982536015649
-0.8615622701185105
-0.7152537530225077
-0.6806572970112773
-0.7072288450150059
-0.45174839191503036
-0.25461978906092514
-0.315245735859471
-0.4498315514996757
-0.43151778024232756
-0.3518457536189259
-0.13933417319646463
-0.2687798415891929
-0.2002243097174102
-0.08273448914974443
-0.21343720064423088
-0.08255386526291708
0.3478489137259378
0.49691091957061906
0.450347727037656
0.4354470109349671
0.4568830026146244
0.17456880213959863
-0.08723127496881741
-0.09949621347652815
-0.12139758072063152
-0.21315121386524125
-0.3625314643571834
-0.16161260896123505
-0.21609753050181318
-0.3862174655767785
-0.3230486067428923
-0.065418991059638
0.2425982791076035
0.18875072502819285
0.23248501617139342
0.3435455352025004
0.29337214667439243
-0.13109586534725887
-0.2869634638478679
-0.07897242408460492
-0.10460057077640782
-0.4810350082344959
-0.5522289087535175
-0.29967506216275513
-0.4643789098934864
-0.451183008033744
-0.5306565491077508
-0.3353301687157425
-0.10153072765416796
-0.052965887885998236
0.18262946528036236
0.2624744348392329
0.23924127843788148
-0.04346292594019179
0.0902371519061194
0.03175042191506867
-0.057296234498121615
-0.25060579622588247
-0.24345274689449936
-0.3588941178805928
-0.4381110313580483
-0.29181508086749086
0.0818604689824373
0.14489681396277793
0.00214009010870333
0.1965980472483929
0.326144581330226
0.26803923188158907
0.11782871438467424
-0.013422396514841641
-0.2263732721520267
-0.607276681513429
-0.6027503583777988
-0.41399104788460567
-0.4556708606698253
-0.38854081455138656
-0.017799225358381278
0.12888482455530456
0.09686332056435494
0.024422427445288865
0.25506029712626943
0.07556040698157693
-0.022818218410133498
0.01126403707314097
-0.04366476218121272
-0.14206123866835066
-0.19511218119904167
0.15798768987185816
0.05032071743150418
-0.08945543751538855
-0.11200134761523506
-0.3143870736526248
-0.3818095578579904
-0.1905698852419912
-0.10326595840193237
-0.20833061187515586
-0.08423705157995359
-0.0477929047833121
0.08840228165856268
-0.008082063448743546
-0.28128372899897514
-0.4649425407419696
-0.47050139183254813
-0.6440623815535099
-0.5758907951008225
-0.34545137556910926
-0.35769610137546637
-0.13308023973200425
0.14926486214857101
0.28608475207233297
0.21337007779418665
-0.04732809371616999
0.026829358133081238
0.06328319091365511
-0.03978879258721663
-0.16627615411203792
-0.2534169141065937
-0.4919698169857158
-0.3636786414886148
-0.2726229686704265
-0.5295418140579433
-0.49422003784743834
-0.1856056307607952
-0.21170682745863365
-0.3166260857048367
-0.010353722868684384
0.17948816068917156
0.038703739844550736
0.035092978854081726
0.29194960725905605
0.4587931832645127
0.33097863655965143
0.04954437457925943
0.09256425379758616
0.16115369050817607
0.04966682408989003
0.01782128825529764
-0.030039247859438206
-0.059355298652245994
-0.3775506335182129
-0.5627825536192175
-0.5418946795603209
-0.33224832971578644
-0.46159567446645844
-0.5963462400945526
-0.5434582373924018
-0.2153123443781347
-0.18677178050936777
-0.1337596533690249
0.018179462172760386
-0.03214069128345814
0.0343627093753825
0.07262969909425288
-0.07172820241035596
-0.04148080384082857
-0.21785234990244592
-0.026878168382354378
-0.14157297976198133
-0.13246851716184316
-0.3514120681381803
-0.3302593147811739
-0.2898123244411623
-0.47595233824827865
-0.5480399591227777
-0.4077080795568604
-0.1015978840905066
0.1130503595998995
0.24059447213870871
0.23176531429803093
0.008546805434335853
0.07307803473302601
0.15467404999745132
-0.10745490779067841
0.05937990418324173
0.10726083690437738
-0.02523967539537387
0.0972190594677019
0.49026621355938227
0.6009574166584791
0.5360426081297912
0.5898335606835693
0.6509129169255814
0.2333043352380786
-0.08743351157725024
-0.04753156687431241
-0.0026693169471052706
-0.3313838603671646
-0.3498716375824243
-0.014540611507160017
-0.023958184878193896
-0.11704730690294826
0.050790670853118766
0.18550309005208648
0.303832522349354
0.7300266286917182
1.8326488831216223
