2.4060941991447193
1.5178191735385185
0.8406000620549442
0.30693488110761596
-0.18728251369486887
-0.20123112042426292
-0.19386929107557827
-0.060254110233095896
-0.16582840541510072
-0.07823024996521472
-0.12715054776193993
-0.19853073308864375
-0.37758308268069574
-0.28838735336312055
-0.4335440904323311
-0.4255179908600339
-0.29494944520517064
-0.17059187620054223
-0.11922234305972372
-0.34060016149127625
-0.31724446361793773
-0.278557932282687
-0.11041881684230334
-0.11145800038695722
-0.15267514943740965
-0.022461942907887306
0.17105095698213948
0.1872255193251778
0.3664283930798787
0.7056663114846244
0.5633841823534199
0.3393022586474333
0.5332978096591725
0.46919232417672724
0.16491040040736465
0.14444408701936684
0.25381501431314857
0.05473609027781078
-0.04771031261650493
-0.21021838472334448
-0.18583981993455395
-0.4408567242284432
-0.6268553162667877
-0.6163914086622262
-0.46135638787956723
-0.29480453936011203
0.11106663936305974
0.3832043000212283
0.45550738943736585
0.5219834707774609
0.4750311240369585
0.1926395931088546
0.22901532271634953
-0.16626938705292021
-0.3214041848304567
-0.2096781350692158
-0.2910549867222458
-0.250222558732377
-0.3857732136379545
-0.18960727477248368
-0.24038854360122153
-0.3532651605328451
-0.1817894510266758
-0.22212476810715648
-0.26424296154242505
-0.10800291366822735
0.23187760944326283
0.23596681101211053
0.0871856693086529
0.2165007302756451
0.22134297429196131
-0.03851021502173212
-0.06714854335838447
-0.3157723253974341
-0.485853142298902
-0.4152789767462517
-0.38898570433345614
-0.24099584042522199
-0.3530370084871926
-0.13319831880324945
-0.029992437579403522
-0.14840289074116375
-0.01323646316120412
-0.11372451418943645
-0.13672408617222068
-0.11552939900842317
-0.248864310232107
-0.14224193938057966
-0.20096685936184353
-0.27101415488881675
-0.4580773999419652
-0.27834621426190226
-0.25218222507535676
-0.37564575081217144
-0.3710625784340566
-0.25069515589138375
-0.39173982928587103
-0.5975732013272037
-0.5307886937716119
-0.2163789541852718
-0.20071504231812518
-0.1921616638598142
0.19140399969528452
0.4029414658560021
0.45817471513810437
0.3378535546866784
0.150507520803338
-0.2813620941486904
-0.5171184793987756
-0.768231414659538
-0.7533552505798954
-0.615319674346384
-0.44436284259081843
-0.2570731603211241
-0.051036266878444286
0.16491536706947302
0.14467605689741952
0.16960182462892612
0.07458600801114645
-0.1862955845396382
-0.2466257448801325
-0.3823507205730468
-0.5594097645184645
-0.6839443833354321
-0.8550273014080952
-0.8713573064037105
-0.9369192427574654
-0.9296101980130232
-0.9817556425116113
-0.9067306205616397
-0.667401890710773
-0.3082027592205611
-0.28432849506216484
-0.34414405604667037
-0.1037785107628392
-0.25360599960779673
-0.1270075110849386
0.08942281677060107
-0.06645359728262522
-0.16167923285072655
-0.0480288967550214
-0.22308922236369888
-0.20225844953177544
0.014525199120279426
0.1277714724730845
0.21427553728844695
0.1768498902306689
0.172953801154126
-0.005733593591585848
-0.12311109805250528
0.04771943711632799
0.12361591159916384
-0.052587534911258574
0.1014923420806256
-0.022187976865059515
-0.17205781282651803
-0.07273989106986956
-0.0860488146320637
-0.24771849078121388
-0.3804297169076766
-0.41739390632757023
-0.2523429755437877
-0.4216313046398365
-0.34053606837388894
-0.018067020438113188
0.11716803668028661
-0.014184533390348185
0.16437954710321934
0.20220888459395184
0.17059239690220318
-0.01271812574540187
-0.17272393961707078
-0.14355968613379744
-0.1960043786245203
-0.06948752959672985
-0.010827432454807991
0.39029111165292113
0.5033985431875844
0.595996409469215
0.42390516608130197
0.11481530959637921
0.0661994883330908
-0.08968779253207902
-0.30085568976306304
-0.24071651872392372
-0.37181969742017856
-0.20313079343115317
-0.13802374419856486
-0.20845612939220012
-0.05022750117770909
-0.059118064698773745
0.0016482755955706165
-0.17866584855852138
-0.15015699209274136
-0.12669611994526903
-0.25973595085441625
-0.5054885022204996
-0.35339398289065227
-0.2703435080323059
-0.1374947695972786
-0.05630142512723474
0.25172050235130394
0.4139619947633479
0.30094212119390096
0.13085760766406482
-0.12554491374310495
-0.5149400522804923
-0.7137400670675247
-0.6764051521312268
-0.5963954452979585
-0.22040100811095098
0.025255522737666174
0.22664769239884391
0.16437450100517206
0.48763677899597185
0.7413231139534346
0.52163370156283
0.29263453577872955
-0.005565680818747656
-0.05118932878893822
-0.4267098325463229
-0.4283056839857399
-0.5851540093724329
-0.5525877018298239
-0.3300053970759036
0.06753676780311328
0.11272993945838955
0.22480378753532212
-0.03536079661343633
0.05412261661877002
0.14826039563153876
0.2747335131630873
0.33880205135144614
0.17572374069181565
0.16823621685733206
0.054494344580334975
-0.04170270909547085
0.08206100016627832
0.23410343121897634
0.3389578952762194
0.40357638360053544
0.5883820240432098
0.7460764946623756
0.5832562225685389
0.3614349493638926
0.26827047773777785
0.2693888962066396
0.08461923449577961
-0.21290283325674011
-0.1695351587985794
-0.03224477796060806
-0.132853587927663
0.02662381131655109
0.38256648245761105
0.4178333479615617
0.35110012131719814
0.36669792397904283
0.39530100851523825
0.35733161627744586
0.4960036609495953
0.40081947390563544
0.26882364413954596
0.11500809773472732
0.14938218986729584
0.2960408115310458
0.21056112959291248
0.16587977628006767
0.4527231284132517
0.7236227042571598
0.833096052119785
0.6316319132445626
0.592233602699342
0.691491949257918
0.31050908692200613
0.24661492754720596
0.5672600586333393
0.6688710715284301
0.5315511470303861
0.41375660157991195
0.4264456278564451
0.29685452011247115
-0.13346223677851918
-0.22536113451851814
-0.10925079514763243
-0.3156318729034272
-0.19790630419239993
0.21569705973705788
0.31492877453199
0.4963058512363109
0.9094356021784019
1.4093064099701536
1.9002305951363263
2.8446596078692306
