2.309564651704815
1.2588675066917554
0.649186944563367
0.4901364458012742
0.33985406344471086
0.11736329052919722
0.12119853961354544
0.28392597586550816
0.20100880599641646
-0.08536611045677352
-0.025944966796526255
0.17165563433984027
-0.008493275929091774
-0.13116176094758034
-0.2461315734356425
-0.15967464413789426
-0.350015357421062
-0.3299123109552179
-0.00190969889192176
0.05419032333975906
0.10995418036611322
0.045994989801396144
-0.020957571441862485
-0.28312836816355946
-0.34720642670109936
-0.2982613478728784
-0.3366508186693324
-0.349302419929405
-0.46254203727477
-0.29978583819236626
-0.33334797906480285
-0.5297890447544662
-0.4735051598286655
-0.1128670732052769
-0.07335277622969757
0.22064433091095603
0.4096420454463308
0.5795660056496759
0.5285920138799977
0.45250522263218695
0.34265135733460894
0.03924671389783554
0.01626409957408073
-0.09067578467937885
-0.3026047924253721
-0.5546730475391006
-0.5659458952524914
-0.6980605450752507
-0.7665830394085624
-0.747399629915618
-0.5966402202116248
-0.5369785342032309
-0.23442801257944884
0.04658082558127874
-0.017220524408356846
0.1571710691082313
0.3174762903883819
0.5502771326692293
0.5837931417064458
0.6946014175972745
0.7772253694817287
0.6268593121433431
0.33757333041602366
0.20205950926403232
0.10674597741965428
0.06713866471500174
-0.28420184683833843
-0.33336548955234613
0.04250127865801076
0.07703720285539811
0.013246523962336878
0.18504169483661065
0.1701305318068269
0.3399644001894428
0.40214026221366356
0.5563262771534516
0.4606005253168548
0.2975498219271994
-0.0614334349299443
-0.1359602594241697
-0.10487917160476296
-0.26703682175997717
-0.1766814793386144
-0.15031765603187228
-0.19745888267968278
-0.17253780630949028
-0.006113656510649148
0.13002507586040896
0.17985589176641203
0.1485890297450053
0.3368832986199748
0.37745441384765455
0.41200723116678895
0.3257338778170428
0.24459373591154562
-0.1110875855443833
-0.313842677154847
-0.20580953440126507
-0.30757327670156814
-0.4286021530136117
-0.5770074337146066
-0.578342591801861
-0.4719958704618092
-0.26218025259725786
-0.25475348266993847
-0.24165097439023786
0.023944614109080477
0.2513628707224458
0.19656702062487114
0.3750916386253554
0.3643387911466744
0.2943810983680915
-0.016893038645968146
0.028446030405914667
0.13378508263185568
-0.15681471438692302
-0.5343439641242247
-0.4871088061815471
-0.18587337301597806
-0.29905439928671673
-0.5625778110685157
-0.3622159021529868
-0.10373930493321375
-0.2874633617817763
-0.20764540242838894
0.09251370768805493
0.13267391591315084
-0.029945425809028706
-0.1527042732382823
0.07231429317316691
-0.000490681980422264
-0.10208291561553968
0.0759191091647173
-0.027635459550110222
0.11721524076508451
0.1640827586639243
0.17440601838240477
-0.08661634709968406
-0.27631154196859187
-0.27554387330217633
-0.30024810859624773
-0.40682688526079175
-0.16994738597249126
0.0705642452049598
0.0764826869370539
0.09840416271098883
0.3957058262067806
0.5940628474610923
0.6873984675543477
0.6782718647959496
0.6365124250413242
0.45887925814894676
0.14753324671293852
-0.18920497089502267
-0.1691728524074424
-0.39698531430508455
-0.3771481228196787
-0.26549500454172364
0.20650835184608055
0.4475693682256337
0.537523974666846
0.6123175051656935
0.4653175718958654
0.4985055636207662
0.5108632366078882
0.3384138663888484
0.02993786029967265
-0.18890893347016258
-0.5357266111167343
-0.7611125991459231
-0.8284698845201722
-0.689289566559034
-0.6811628037512911
-0.7718901493383687
-0.6008136827261503
-0.49381201956446524
-0.6028340948885867
-0.6549747850208489
-0.5855796552071664
-0.3026127451294346
-0.21128453146384135
0.0427421934551802
0.2898140295009913
0.23607656854787984
0.36299181940734365
0.5103519472276625
0.4119069565754382
0.1692503252984356
0.15423365353662705
0.08977499044559865
-0.06383662331917932
0.06353405668684194
-0.01176529706579462
-0.24319016253063658
-0.22421122982756278
-0.338319186258081
-0.3429496187399538
-0.5122406089748973
-0.3335753554376693
-0.22683664522330646
-0.022249822751101676
0.3145575304230727
0.4088916746442223
0.419545757392101
0.4571758364177843
0.46268019153140216
0.29239789302867436
0.19629924428298748
0.031172928717737053
-0.2248391408906175
-0.41611547457486486
-0.3943192201013384
-0.022548191351572763
0.32273451974726186
0.31923043488416486
0.22975091016368845
0.2416394352005764
0.12684662444940817
-0.16643107252512915
-0.13173601433948873
0.0002432931169242987
-0.15855483628100958
0.08527578217828968
0.08999478380376655
-0.09093584241934217
-0.13589384623410786
-0.3237361263390408
-0.27492791466299804
-0.5477322567672237
-0.5875933164689858
-0.29246963998924497
-0.2482057858936806
-0.08182415272287785
-0.024575233572157525
0.30108398791867913
0.341830447170525
0.1853878236632642
-0.201171206707244
-0.32454810642055626
-0.5334953726982342
-0.6144423444937822
-0.5562843953726143
-0.3250218610978522
-0.21308517874845684
-0.1154953195480948
0.02463882385217733
0.32723064748724107
0.47972875964629746
0.44812487048875604
0.4370761705079671
0.34039091812675126
0.052676826601201494
0.11888450639454584
0.1370215188871105
-0.08609455517029437
-0.22094267282849445
-0.06479717568932208
0.09855306169612442
-0.0039220534973766
0.19001232250600594
0.2527011002319622
0.20112321320622045
0.013352861438747086
-0.1623614540035605
-0.4411806301370238
-0.5527219630523289
-0.6692052601824181
-0.6624919124107403
-0.5293233429716578
-0.19427858328947875
0.11353806100544521
0.22628630458003227
0.4016433483471304
0.38269777854363496
0.34585310538125164
0.01792555672974274
-0.059619399784100774
0.0534472858742183
-0.14250948323749094
-0.21741065329145332
-0.3403726755437266
-0.2762776095582088
-0.29740674495752945
-0.13296979622620386
-0.23066781130016745
-0.09572126386936192
0.06828241692462603
0.3030784458030575
0.39400367510218076
0.34317627068405976
0.3888688072583607
0.34027792652972166
0.002763872414774708
-0.1401118594190439
0.0345773777557881
0.1518965256035746
-0.09614153828996101
0.024948136863976955
0.04412824595530829
0.0018959733443448066
0.016948888026726124
-0.22355214063858755
-0.3697891119362374
-0.23635702631996022
-0.10556946107643843
-0.2979102386498157
-0.2660558679540093
0.13157228908042395
0.3154210383299824
0.1867456088363798
0.138052192047434
0.4727492419291412
0.27321692044172113
-0.03839154131022639
0.006414026034963269
-0.10726858785410417
-0.24386523144196956
-0.16598435849419288
0.1545993198459943
0.2174420151618179
0.28186501925190655
0.2399464703112286
0.019466009994779713
-0.4093290944832309
-0.6268852891132406
-0.5666403258390992
-0.7076028726570225
-0.6832538283138058
-0.6040136027395728
-0.2972252159653248
-0.219282482548443
-0.15496489962451598
-0.07713320066025325
0.01535147274150947
0.27154220626095993
0.20182091165496818
0.5516940891705199
0.6241297730943641
0.6192611472585215
0.6330359515219822
0.7831875052977227
0.752504013067025
0.5020118816078679
0.25756291068650294
0.1633587481274196
0.11399829560561608
-0.1221808794803679
-0.13593590273797554
-0.036328707555006265
0.13722940924422322
0.07802343359971842
0.08602727387790579
-0.12354757676328335
-0.11789882212398561
-0.10550042553221431
0.030657418687027874
-0.026453256722585965
-0.2704804557991895
-0.5483641679217289
-0.7566420830373385
-0.8272740975148888
-0.743999018991869
-0.6708543830129048
-0.5010415167434596
-0.14323492218937994
-0.0064166636128105015
-0.040065292968689104
0.03443210763980891
0.012100829446978607
0.02289813839120547
-0.14582365466347488
-0.31535666857580685
-0.2409706253378196
-0.009546692604474206
0.007175011799024113
0.2680016311501603
1.0810923528690974
2.317402679253796
