2.7403984912547217
1.5157600191603722
1.1343023323914654
1.082596531705494
0.6186211796677457
0.4704884100157664
0.4424552092926126
0.4183224339074516
0.07290435136309774
-0.07067569786423908
-0.26566702621152427
-0.2996694690110188
-0.49384154760464793
-0.43049165787853827
-0.26615617255325397
-0.3029309063720021
-0.21199435878412393
0.18847108647266528
0.2607479804385774
0.2374362822026139
0.22725786032479187
0.008421858769798979
-0.16774065161298654
-0.43839645798587945
-0.5302963268821904
-0.4092649420262012
-0.5003184456939457
-0.555150105200803
-0.3630786166781859
-0.27254435718185
-0.36128266394218966
-0.3841851590297063
-0.15604184922841718
0.13202841610144467
0.3336202845952399
0.25359949904901585
0.3544154715749245
0.5815185651908703
0.4751968235747729
0.13913370123460475
0.28107274030125834
0.26944417410605187
0.14216371677995213
-0.12819442933852554
-0.22977071209444744
-0.3481626446176324
-0.19328439413043977
-0.2307778143462189
-0.16717636635817806
-0.22946617163522345
-0.07774310751444657
0.10238431055945223
0.005356237424735411
-0.012959605622511115
-0.058947272131412265
-0.022558426001586203
-0.26795799738261444
-0.12624021227916082
0.22415338672769614
0.27327943316742426
0.2928296398747231
0.5873049615987952
0.6159410649680822
0.49149797807105366
0.5643171722647708
0.3304690781779542
0.09947053693584745
0.02141222343345511
0.15785468185194923
0.27869872738354495
0.2729529646064222
0.2644587144466248
0.2078661414562748
0.4696384098682706
0.5353487469746743
0.5037342325380734
0.647256644082104
0.7833473871535247
0.9001091421359986
0.8132084830808789
0.6266954374287987
0.40326978391367246
0.25868153402741884
-0.18686323489000578
-0.3803328039969672
-0.38267126634911475
-0.4788450672238536
-0.5720843865775174
-0.4192298723375472
-0.4072324858236402
-0.2087144396225127
0.11452123253069703
0.1756527827979866
0.3497624539333376
0.2637233005984837
-0.002079907843859056
-0.0999422831113672
-0.4665996269183617
-0.684705976276061
-0.618063826337146
-0.6004990030541311
-0.5771080163095623
-0.5673148558774245
-0.4485599700805695
-0.20024877147912193
-0.11176889035355957
-0.15641474589003668
-0.21420525642970378
-0.25512630333525155
-0.1422121879999768
-0.04925359732498697
-0.19372601345791035
-0.4702362503993524
-0.7108734769269784
-0.8647966649295581
-0.7909789936170277
-0.5783260412755369
-0.27799505051459666
-0.0140308558783822
0.28260061752235893
0.48964742371557735
0.528593915489226
0.455173787043538
0.6306488128230897
0.6673223445976432
0.5742252172617202
0.4630075897045368
0.2277812194410989
0.10651025714833616
0.06409028086296042
-0.34105665295920556
-0.6806968494743448
-0.65096780786423
-0.5889654410557821
-0.596037065164731
-0.4987425941560681
-0.4858909010626794
-0.40319132937223773
-0.34025835322313813
-0.393731805725309
-0.2215012873904159
-0.3320877625440163
-0.5524543845730141
-0.5586603811563003
-0.510767007256913
-0.38209829081927565
-0.05730477455534343
0.03622941579509901
0.10566335283895428
0.06322137164031971
0.15643398061661795
0.046382380179633725
0.09895021330382608
0.21240809786876863
0.348880908922864
0.4024590137120414
0.3776892334244502
0.14510943138643215
0.10803411314510275
0.2170825926816791
0.08953994448047257
-0.13409080154705594
-0.05696486265373622
-0.07076700177382081
-0.19331418825553498
0.04092149279935779
0.10862725296356368
-0.039304800979900724
0.13895476412635044
0.3994027316183341
0.37010620679001144
0.21456182092931247
0.0569776673626098
0.17266636121015308
0.34079887626284555
0.0703522833596387
-0.2571897678032848
-0.20103205178624883
-0.363521773241329
-0.5060205810769023
-0.42001351747147
-0.3755154587637358
-0.24436176698367207
-0.25609345829498004
-0.30345233973139973
-0.280624217377096
-0.09486801748420881
-0.16627031911871246
-0.12886333218881812
-0.19014271214191344
0.04456800680136123
-0.08406496100862886
-0.26441631365170964
-0.11226974797100586
0.22453874905077303
0.008466581730284087
-0.1828599645808649
0.1272303096152789
0.13253779071590607
-0.20768671798178873
-0.22281501160461709
0.15028188472774948
0.15348872463276167
0.11882140777750594
0.1120337926773862
0.39948260443845557
0.5377160024292126
0.37036932958580326
0.5022636684050098
0.49107279999517306
0.29076681772002055
-0.03165514621184391
-0.30581476345954817
-0.4645384170965637
-0.6406390810392765
-0.7936830419761948
-0.7398202697575538
-0.46830503712373617
-0.32668305343562976
-0.18828098288783246
0.1519991825390414
0.24486813416706313
0.4782298354758524
0.5405724730657449
0.48913863710331024
0.4178452776963331
0.3054215719240972
0.16645158927463038
-0.08747786022066771
0.027872611483858854
0.1319342130073833
0.0019829451863255868
0.19469481710369504
0.17390154915850883
0.054638809288242336
-0.14368515854857392
-0.18330887413189476
-0.10970479508873238
-0.20524744429693983
-0.36584573334056125
-0.5944797179590611
-0.5601916023017299
-0.32969122608376966
-0.3148733813778568
-0.4350013318263191
-0.27760040496752714
0.018573422031516497
-0.036637324012946434
0.19047647480085994
0.3153061911546275
0.28998451322209845
-0.047920375540916466
0.04080030780600785
-0.13461447658804693
-0.1912174111103428
0.044668493067382464
0.1384857149890995
0.0005763022618719259
0.0638005909323785
0.14144787543535786
0.4543881114624792
0.5936413407296828
0.6132846237542181
0.525955990340664
0.49224677494524416
0.2540218541891314
0.20466140716090359
0.009604796459206392
0.07190992633548031
-0.06869776691091786
-0.29519353753689903
-0.40527234640261334
-0.25122120734934017
-0.17843658120559766
-0.3154983623683612
-0.20079904070451599
-0.20856608842020952
-0.21573355036990818
-0.026185876283126054
0.027117304359978507
0.2584077757640501
0.3993978106366825
0.5324118249013847
0.4600288032415257
0.2134112604269269
0.5051917590067788
0.6486138193465736
0.5136153911683202
0.5472299186107573
0.5802117001530185
0.48399279300680426
0.14239302014859176
-0.23600979721668366
-0.3886179427921514
-0.4573581495371657
-0.5542970711609965
-0.45557651572883284
-0.3882777185704582
-0.43780818988913034
-0.2810298248352419
0.043115829058369956
0.16809057202958763
0.20336182765548766
0.051700757991635087
0.20640930576469246
0.3409382406131482
0.18740230397352128
0.30431308880535385
0.18772525725673223
-0.09276002798184929
-0.21473752587797068
-0.1692235336834702
-0.3075369192387657
-0.5593437551832028
-0.5894153622429987
-0.4647401551539844
-0.4215269679900963
-0.1746387873299216
0.08591772995774882
0.10350767771362676
0.09004768266316816
-0.28107334789982363
-0.302074504410197
-0.4345019806725509
-0.6065506299550588
-0.6750558948123032
-0.5836094628385136
-0.6401236616584538
-0.45661382508428966
-0.5053985847798231
-0.2976933951731585
-0.38693329176175645
-0.27918208709239095
-0.3598053161989503
-0.31405817310824996
-0.14242535162351136
-0.20141944807730905
-0.23653676543749852
-0.07965848357822562
0.1181468197700817
0.03548049763480257
0.2566060427479987
0.28676482225109756
0.07703006148460684
0.003079706451722691
0.24278342400588096
0.149462589032842
0.19307666651183675
0.14435432340423346
0.14861222466980328
0.20531840513304742
0.11405181282952095
0.25498498202766945
0.182711219109429
-0.04345065993494639
-0.278406388592011
-0.3000859868949739
-0.31598805071401004
-0.08498393551489503
0.007717629281743495
0.16212817280028544
0.19787031359350113
0.15048927236738763
0.058247410552291046
-0.07781586066508003
-0.19343711050531012
-0.2005548127784003
-0.4019931737869535
-0.3921183645100306
-0.17225130219314883
0.021712979966929946
0.09326473318273147
0.3930417656712681
0.5769928502181892
0.6235423240368675
0.5325044885316126
0.2677883230790465
0.29308082461094787
0.09225183549315413
0.12866514669335583
-0.13745365408298943
-0.0536825698243608
-0.13605617501820103
-0.20574873183678538
-0.28045781180878243
-0.24514318638617313
-0.3048314411728806
-0.3596607788013647
-0.13284176552940172
0.0439883383065162
-0.09100604913074395
-0.34159011129284506
-0.31865810230304203
-0.4050118363306856
-0.5658369291623103
-0.6106619195381602
-0.45888785124503395
-0.40742694835719895
-0.3863422314780684
-0.45658967809721
-0.29873723914364586
-0.23518692816018297
-0.43801121114312247
-0.6477330791019782
-0.4713576072622134
-0.41879210740497524
-0.42869828687004974
-0.21791882747046534
-0.21827118414271932
-0.0690485180374366
-0.11460322764446984
0.16607790901015315
1.0724632580599367
1.9720161045356401
