2.246513204358014
1.5885595725311907
0.9203696359820036
0.6785165948725647
0.575816683262386
0.41698318294398656
0.34913713575567873
0.2768900972623437
0.2666321085935638
0.18842543760652342
-0.029619684310677605
0.17908420627121444
0.19383014972025714
0.11107179891802704
0.09926735119340958
0.01502956164199604
-0.1156967772046262
-0.27282957870746805
-0.1756025220721234
0.009934575918050225
0.08170923836163549
0.13408699624470294
-0.013726820881620796
-0.11240748832175645
0.0048842382277170535
-0.06239218790509982
0.11072055279925028
0.19711055111640252
0.20291502486269575
0.1383421807461988
0.25067949363377123
0.1621103790319079
0.006407937648290586
-0.4277184884034443
-0.6153610694869812
-0.8654076112897238
-1.0632148029587443
-1.1216893863111872
-1.0101676965265562
-0.8264289705050849
-0.7438150641377249
-0.41397035925013836
0.017343403415894583
0.2528555294030205
0.09823586950865243
-0.048215574973162596
-0.3579485328620142
-0.5522198238190508
-0.564603706198311
-0.2816443662436065
-0.1372368422684238
-0.13080032340965883
0.09922945140591435
0.1880329309699246
0.12332552934602971
-0.12069396036014679
0.05544940047716975
-0.04795757457564592
-0.1392746960489174
-0.282169300403211
-0.07468548191453306
0.08221515388869491
-0.21584926643497523
-0.24338754886368205
0.1369763115365205
0.08422146545311589
-0.07583794017964829
0.1666931404475935
0.1716737218064187
-0.0592332070870013
0.02186317705214185
0.15269863794564198
0.35928223828743244
0.539225614578825
0.6089784981669653
0.6477635635485262
0.6407458228589417
0.5445432497434807
0.43097985763968605
0.4639300402211195
0.48485385066311476
0.3828076389854822
0.24796748655541334
0.04735429469908847
0.09125254357634201
0.0562764526227035
-0.06428662184578902
-0.33086910511101536
-0.43262073626365505
-0.34473931089298826
0.127850301225713
0.45356765361036777
0.5911938000876261
0.6140757775196833
0.5212185425950501
0.27647702724464873
0.19373847871338068
0.21793795797555524
-0.028302317307495564
0.0412506926951263
0.2604720442392502
0.4110384153994143
0.3586163544556261
0.4041199085279935
0.2791183786256899
0.16912408454684036
-0.16474979586413938
-0.3856996374295627
-0.4191376860038288
-0.6103979088771075
-0.6062035261371234
-0.535941996889507
-0.20015000833401175
-0.04137504498345654
0.007922018721307815
-0.12893536829631935
-0.12419015318733187
-0.2612050495703977
-0.3154223657813281
-0.34088796747652494
-0.4402367683301608
-0.14302698594232421
-0.11365217204234937
0.1771780090863968
0.5725583478120384
0.6342304695353587
0.5197725032163587
0.33173397649094993
0.15979080590260564
0.1802680007059248
-0.04411533760863194
0.013413200639702711
0.21381622992533433
0.11941686195544748
-0.13728667750549645
-0.11702694979292194
0.10144543666982675
0.14638494869947
0.13296150840665535
0.03842493063258549
0.040309535547177304
-0.05779845018409043
0.1468723933930365
0.15134593731545612
0.17907817838130086
0.057841939851493024
-0.09977306100459313
-0.0589385732799641
-0.2994372155395552
-0.24173685482555382
-0.17052350940033634
-0.24103640936810275
-0.18797421629122416
-0.11293305330031597
0.1122418120581718
0.030770080188664117
0.009044532518337374
-0.2931986346039273
-0.35236324302784106
-0.36304895266382253
-0.5398407704330478
-0.460823116804194
-0.5326975474242185
-0.6207190563964166
-0.4929114235285564
-0.1078305202410515
-0.20006755049906436
-0.017260411917734513
0.1346295915346074
0.19574245513926788
-0.0005560521628737106
0.02133899430713896
-0.03127602012741328
-0.1839484828655953
-0.18714792497467025
-0.2659434788292481
-0.16761824909228348
-0.21087137101828987
0.02542867578926056
0.09208464233349006
-0.004118455411523775
0.12337638182451076
0.40728284633900347
0.33762313154214124
0.2591448929992553
0.3252065481006338
0.20535255880074882
-0.04166682071014031
-0.08177766349931014
-0.19763965321720633
-0.1423148272714257
-0.14563085726462374
0.023029722814618153
0.13518819635444954
-0.08005390138288554
-0.23830732966032822
-0.31408202211607306
-0.20089991556331677
-0.34844779562633665
-0.3734556862345484
-0.1533639864972532
-0.19599151520600633
-0.2525034477005826
-0.11069121276501945
-0.24805192310541213
-0.263140533985552
-0.2806452192638004
-0.08731804351708897
-0.1934280060684395
-0.1051942984539909
-0.08510054759975369
-0.20206781053849002
-0.472218864260573
-0.5929779111798043
-0.48553921980770526
-0.353340850598804
-0.4753789952918105
-0.31704883000970696
-0.5279297821703168
-0.5422526144911876
-0.39842341670876397
-0.4705191227911684
-0.6609806532680654
-0.6568060134857778
-0.46036436509881995
-0.4955507731727403
-0.6021805929107458
-0.624251053427428
-0.6943209860369028
-0.5692992173871068
-0.5926292075075181
-0.3917631420795981
-0.08342838628886202
-0.0432917504227359
0.07549176641563793
0.056578256363615735
0.0062566988218134105
0.11863265366960865
-0.02038724703094103
0.02760335736650414
-0.018775745982346766
0.17174776788511503
0.3948037748311372
0.8055443681441836
1.058988172568797
1.5864074087045625
2.4719834464463766
