2.5062087857740867
1.3581290680598803
0.8644665865552318
0.556190015430645
0.25680583285074304
0.17786506444275524
0.03185724363793155
0.0769617387948528
0.09770502088401409
0.008374497702903785
0.10591448878004434
0.1936140419366451
-0.14156745196838189
-0.29280389887963976
-0.01884516321496521
-0.0030590676190893618
0.2970523676470298
0.384112580077691
0.3272845868625669
0.13841495724447717
-0.010981045010939397
0.06316849151798266
-0.3044178752889579
-0.49082301698948627
-0.5014445358102427
-0.2888748834377394
-0.39752278954439524
-0.5184823527607946
-0.4068051656559113
-0.09101122204707819
-0.1121185066299646
-0.20225283557787865
-0.11474290721583176
-0.22401334785587226
-0.10841557596082001
0.008023792062787576
-0.03173010727332839
-0.1148504277904884
-0.32425507113684526
-0.2897798034586195
-0.17332693731772164
-0.17180408089415478
-0.024075925538620223
0.22030515729649466
-0.03383534897890267
0.025294559745639326
0.16827675129871195
0.02541877903895643
-0.27043126046541327
-0.4453881887983195
-0.4197646390721694
-0.2853339433596152
-0.5268330127040245
-0.3895881607484437
-0.1861942772745834
-0.3420321131822547
-0.3225146818643423
-0.16015918179217395
-0.13289808894546062
-0.21847061270968807
-0.13534887225999298
-0.027574485044005087
0.2574072169932037
0.19029762743017056
0.10184668430982127
0.2672110666195077
0.3243569875358603
0.040883131821996425
-0.10097309566357095
0.02915795165185213
0.12974415641510353
0.059755521060798074
0.05610385831536633
0.3372803663365116
0.3032408624784889
0.36083476841615414
0.39392251387995614
0.2957919906113614
0.3309169063690682
0.21311343753564277
0.014723337123386445
-0.43473996787315544
-0.6170679959287856
-0.5863451203096284
-0.69349385126786
-0.68247720500164
-0.3542201688225974
-0.06985799002225115
-0.13798551070188497
-0.019790536563736402
0.21788416116919304
0.1741492100469626
-0.147175318104587
-0.14755147093363766
0.11522646500896405
0.3506313902343655
0.4530337358487825
0.5655670503193733
0.4831736151252515
0.4601793232581516
0.4150000998769529
0.4683260186016517
0.4510552767445068
0.4782960754672285
0.19571909398337164
-0.3648610951801239
-0.6184747282230555
-0.6409966779068547
-0.4200432479643661
-0.4577591573781451
-0.5402114345706995
-0.21960536230142214
-0.13409420929784083
-0.09396968187914562
0.07230138152643523
0.15441969192526528
0.2655730142460126
0.2574103611106598
0.06505612842237038
0.05710251333133491
0.3218034932817716
0.3157831624585389
0.10052212943637641
0.36291270851756574
0.409454075279672
0.2185421250140708
0.20784851421676112
0.30988925867530703
0.43470171058100204
0.18740948389571854
0.06302502462541164
-0.006128018952151289
0.12456358973068021
-0.051709916261788086
0.02745951099990769
0.22856688971918154
0.3068182412899471
0.26906560229091653
0.2582005570536779
0.1990325472739393
0.16273185153662562
0.05065001960579712
0.01914297344225683
-0.275957975280343
-0.43667876382816967
-0.43297544257619314
-0.7106251301396204
-0.661983669713067
-0.6871754730208701
-0.5407507137790875
-0.49742266264669704
-0.2026137184391896
0.07898598614325684
0.19288631209070614
0.15110299264202906
0.19226643691433776
0.10503197247569086
-0.11495941163995947
-0.39648188985865046
-0.45863154693271135
-0.31223933520180547
-0.4106318674712872
-0.3276941879145588
-0.31360061266170614
-0.32924690958089237
-0.7200539423909301
-0.8926807761980551
-0.8975133811930551
-0.8039019181752501
-0.7377848353981473
-0.4560133676688173
-0.061414688768520714
0.073677458081404
0.22894227360254565
0.19447584588283215
0.023758690863614054
-0.036921091020481925
-0.19497049465464628
-0.30323821803734013
-0.17880918834274356
0.005893462468864138
-0.12644991805977138
-0.05277911548297952
0.39081439766113657
0.33123330990996885
0.1715344379564411
0.32303501948429897
0.2816139570751008
0.005914112628848404
-0.05928556063697392
-0.206212416668869
-0.2667556461640548
-0.07618632659742969
-0.0020820866880782232
-0.1215790618548018
0.018005438349992277
0.32213105065809716
0.42704978049126646
0.2986304512186989
0.1336729705982522
-0.16009180594924458
-0.3308120815557258
-0.4771766661547932
-0.4776901556800572
-0.32072819744513054
-0.2863416246521232
-0.2456522461043542
0.0717799966162351
0.4227047916932947
0.6103259032619817
0.5652531584393845
0.3407936791253839
0.5308856230424945
0.4278401177639235
0.012843736322264213
0.10186082816463048
0.25910679634562467
0.05293303049214715
-0.04327836393607513
0.26816121240165114
0.39420966572757965
-0.04593615732494073
-0.05221493412884816
0.22793091274146773
0.21591043084932376
-0.16623916514714204
-0.12778691632330133
0.2140717463106292
0.2344787463041641
0.08313257915888202
0.28158068738278275
0.3382375688297489
0.2667253128108539
-0.012947043658616333
0.0662294985348245
0.050632730475384684
0.28532777338467297
0.3214684138605187
0.3321760487867964
0.21781158687830046
0.024705799980360824
0.018697045830564453
0.1265355072900172
-0.03833020244003367
0.10151677736946363
-0.10517900449649334
-0.34139348987247387
-0.2827670002617533
-0.3384167294699367
-0.4656889858428006
-0.4622396240718857
-0.3497217067142268
-0.14418158476564036
0.1879793400093747
0.4223008209310129
0.4847514346945467
0.3196481841569777
0.11950302180364131
-0.014090797755573746
-0.10839620827790411
-0.08868814127537021
0.25286129709155153
0.3633700167394044
0.24030596052959943
0.2311227596805162
0.2140547930400728
0.18927282764139014
0.023036726693902276
-0.08388486772480559
0.13698520583494964
0.1461214863252931
-0.2580227666546746
-0.2534101760731303
0.03508789891161687
0.4781167311006851
1.2083260762242996
2.516570630453077
