2.3699082650670507
1.2339117144093688
0.46029740815801473
0.07696392574642158
-0.1537491007125321
-0.34321775474038246
-0.13684776392131137
-0.1354081619684915
-0.0635241697607805
-0.14200602100213672
-0.18602901982127268
-0.10659836946217323
-0.23875481574096663
-0.10368996979829423
-0.3616996952007906
-0.4056298026975042
-0.1431019389633964
0.033868739991967114
0.06653559652349544
0.1578267483081121
0.2540401685014998
0.07856213124522576
-0.07780602385238482
-0.19135301268505117
-0.212127398258653
-0.4126792642487647
-0.5672750140697276
-0.7452128357650443
-0.7379560303083058
-0.6196104549440791
-0.40842998069991443
-0.17786574227549817
0.1036557832116326
0.30191177844541645
0.25444642780618265
0.30694875351732115
0.07010429568598897
-0.01416497027176818
0.05505009733594864
-0.03834620767059853
-0.38470971465207404
-0.45952623631625034
-0.27967253238779904
-0.1848903466129378
-0.14154753385298735
-0.2548998375195257
-0.0037296283383984347
0.08650730764288443
0.01809464075361969
-0.1411914338191324
-0.16401234916312374
-0.3693770752373522
-0.589721800361205
-0.6606327953036789
-0.39702745088090347
-0.19206076351781537
0.14999984959428042
0.35418578086990793
0.41416226129167055
0.27139330017215196
0.21454928212576696
0.17938981923910913
0.03799062941598629
-0.3906648449591192
-0.6333000739465914
-0.5981962782599002
-0.6405677676299181
-0.7402681312441881
-0.5831969081165936
-0.4434936740709488
-0.4306123991817027
-0.3393049458247117
-0.10770365439588692
0.03179249734482904
0.3082701349060792
0.4111420153493669
0.5097137730742769
0.3821312592043191
0.5300360905374174
0.4091753388713529
0.3550734972010098
0.3195315831165262
0.06321872600503975
-0.098654202433787
-0.3494810607045084
-0.5130639985735619
-0.526993117639135
-0.4199176738704252
-0.4133620358739984
-0.5070235742422495
-0.3593020139045515
-0.1922127106582408
0.06888359387462352
0.33560170808018347
0.5718705775698322
0.6762662915894255
0.6160069372066417
0.5484157684446243
0.15553368999825784
-0.25008088558623703
-0.41106078495702597
-0.6465214753189841
-0.9167719551297037
-0.9264346393563392
-0.8028109354253008
-0.7236823904867351
-0.8422334632924443
-0.7743836793080099
-0.6109355681661521
-0.3205945897372276
-0.14154430407444452
-0.18671256920373747
-0.10345237986921157
-0.12584169771060108
-0.24158684761984606
-0.4526490075901869
-0.5850883470604991
-0.5180445300021537
-0.4840546946758335
-0.41960942722468086
-0.05839049677364051
0.18551128396014877
0.21343492700273858
0.34342297193904553
0.27276608743678277
0.18944317020253232
0.07062953383173386
-0.198114978407946
-0.14325136323304197
-0.4206960999819856
-0.3844463914614836
-0.22401780540026398
-0.2190072415141307
-0.2588671646990533
-0.23436414433123978
-0.4365073830702333
-0.4637617114223058
-0.6238832533516392
-0.6753451753070836
-0.4899816944687233
-0.6387330519438263
-0.5253077387511682
-0.14559581596019205
0.08437747119483528
0.13944261716803688
0.06187630445064869
-0.08786523347717565
0.05516539363108489
0.12201049346178172
-0.013283066915694327
-0.13101158827260287
-0.12492458764510818
0.018584103695544005
0.11145160556447264
0.11270906743112687
-0.14187641972486156
-0.38843534842220057
-0.5243703304492618
-0.4719735318526939
-0.3289024371931053
-0.2068674592063627
-0.0990790318063209
-0.31322718615548817
-0.21046790057898004
0.06494304259689881
0.11225465551062637
0.03318784243549476
-0.06177476705234634
-0.21507661771903688
-0.074356171995524
-0.06273367984908976
-0.10600433684939624
-0.010371396166335286
-0.10589115435022142
-0.3171233607401171
-0.44684395593051895
-0.35911067972436667
-0.1509113671313969
-0.2229806434127975
-0.24640214631064167
0.13442113501453168
0.2496470506514686
0.2908691025274634
0.42569673004606096
0.4639911081278841
0.3670634730491607
0.17896151226919876
0.044018240929371656
0.14753456321810188
0.36475889325219507
0.9653594393300501
2.0066863490716726
