2.214801865128418
1.3823314569016742
0.6905729050746947
0.2569497137899457
0.16092321772513413
0.11383769616781389
-0.06870209867232374
-0.05030471690193984
0.22224290731922589
0.39227503646272455
0.26028700962334483
0.24932917747618083
0.3669031659393063
0.08101220559334434
0.05996773206943288
0.2125049262105866
0.46812841797256144
0.3448946975136899
0.2407956622296376
0.4582581223215579
0.38574815875131
0.32875110527918316
0.1502482628817377
0.02964879339287662
-0.02236089285803669
-0.12281391233330867
0.09892453953575017
0.1967100427241388
0.14041479884147642
-0.0217455826010321
0.02079813287338062
-0.023901853666985662
-0.07881734991775523
-0.15012878224117224
-0.334747926422874
-0.4739659382795533
-0.48212446892449473
-0.19354043817033323
0.06139722910884175
0.38587498889289784
0.42423983813141725
0.3870638310766612
0.337046902549849
0.25619752233948195
0.1604888787144109
-0.3086213935060579
-0.5066211459111034
-0.43390159234897446
-0.5419742352074044
-0.47893339971679716
-0.41965913930484466
-0.19154057173245168
-0.23018047114497622
-0.20449671915572298
-0.10608509642678139
-0.16531696362896375
-0.046243380793830974
0.1931248206775945
0.31196864136772445
0.22814110455724143
0.06718992226758502
0.002931993051709998
-0.11799639171916476
-0.10898920038007537
-0.0065140913851569355
0.00244218881431766
-0.05093716340465378
-0.22660378025244296
-0.35967239500379555
-0.2632096461566352
-0.19628737016317965
-0.2249705347437115
-0.23634656542952087
0.0897823252604068
0.3286859083370734
0.13367718009603893
-0.15711060846604763
-0.024193952998181938
-0.09766437530062796
-0.2581125409782055
-0.18923410763447296
-0.2524949119455712
-0.4207450554470902
-0.5569150886056494
-0.493646895944267
-0.3551511522510201
-0.5222980878428205
-0.363853032353231
-0.25235780547744135
-0.1639985351226257
-0.17139639289010275
0.015314903547572863
-0.1541059712385953
-0.029757707972626533
0.00352493057563354
0.07619107541062106
0.057000449285827565
-0.15931743950383198
-0.31262340449752757
-0.28824248867012475
-0.42974213364732716
-0.4437941930582966
-0.5460203982577144
-0.46667273780621565
-0.4273369329329666
-0.5277082311107986
-0.4317040067253846
-0.27533856601019996
-0.5276419291773708
-0.6293272748807348
-0.5485456373284692
-0.3885619656827897
-0.09591567823370517
-0.1515202388420483
0.08811180827091053
0.08525750210634093
0.08373584247804552
0.0462919244153002
-0.07725714238363925
-0.23069918474924667
-0.16480010848660254
-0.21331866356871698
-0.3815860240878493
-0.4374648381876267
-0.5264442166751933
-0.41930881145968973
-0.281712594954724
0.07191067515944385
0.13970149095554465
0.09484350728190963
0.24197618413410646
0.15498124770328234
-0.06585800996965145
0.033770860876144435
-0.13044162332699602
-0.3107331572166167
-0.19104922798531418
0.05102193103532048
-0.18359937827231268
-0.2117170384587401
-0.043481851645594705
0.042339710270820397
-0.08859766476653258
-0.21188526411647166
-0.00016389648983907226
0.0708067312677837
-0.15650616824742478
0.007067501635618092
0.05999313382446566
-0.16188530578313565
-0.17721121522074776
-0.29535957059256424
-0.4489667508926298
-0.5851389596126066
-0.7352188772092513
-0.6063481754572198
-0.2779997446257732
-0.2954860935817814
-0.1341574484310243
0.2544244052280632
0.514215507174161
0.3648388168963216
0.3233837946838893
0.23921993788984863
0.15455866383903172
-0.23459277498239242
-0.4481079422216176
-0.24784372500781815
0.010686074470395239
-0.15524582996153038
-0.08190112669173075
0.15256407778579217
0.3525652029925827
0.12730328292322687
-0.09281100211456725
-0.10219583083234476
-0.3047725420253289
-0.485722941134034
-0.3832918108551718
-0.23098927983797335
-0.22161541638358664
-0.1945550037149173
-0.2930200164643487
-0.029551582028928727
0.13890224440001872
0.22098276643430093
0.16583254223514216
0.08831411392633304
0.08614672327262515
0.04388503610452119
0.019517695182371387
-0.20307869319020186
-0.26064150300840866
-0.3789700331322529
-0.5065894391146578
-0.6438527695475317
-0.5215268268163653
-0.42772954951971603
-0.5262153108376231
-0.6516526767986189
-0.5652422133389329
-0.35223977428670883
-0.327623586092431
-0.12104757973275117
0.06358798828929735
0.21294316489241788
0.13367495783494576
0.16721944384187726
0.07082148806389149
0.02858089971798696
-0.03254227374779153
-0.08554635194211359
0.021374650654262126
-0.00019662930608539686
0.13747489949879196
0.18419348682861733
0.14691605706477734
0.1547614723605064
0.2727299110098035
0.33110626039402896
0.41155979437454937
0.42646015400197734
0.4618190471899829
0.31408258627896724
0.2680063425206196
0.24102304106346661
0.2448789274303416
0.17357231848865218
0.14609213414023114
0.017371988401334512
-0.23943450602119526
-0.4927938953079913
-0.5327525852250526
-0.29775287432473707
-0.24365583119435483
-0.18527850035007426
-0.12232306233474877
-0.038582649019912964
-0.13008716693817074
-0.34798339398974754
-0.39434864575539674
-0.3584835593849541
-0.6351710883428962
-0.6218114708966248
-0.27715829220641774
-0.06897851260426502
0.029059760255632224
0.1857198221479367
0.1630858154763687
0.16523423078544244
0.0910873099743703
-0.05496354231755071
-0.27141855851141766
-0.33838847180728004
-0.5734013655985213
-0.597139252212624
-0.6935353669453316
-0.6122260355599565
-0.41488035394383044
-0.2414615072648352
-0.1844853143305106
-0.293805239924394
-0.5285133924554968
-0.6317219358859981
-0.6103671196025277
-0.8102830498988223
-0.8475676630962198
-0.7579460053564031
-0.5634343001691449
-0.36217142307546346
-0.15925691521163413
0.010758919386798477
-0.0772581062753594
-0.04008523184455278
-0.05492021044205807
-0.07837397577408023
-0.11067898560482209
0.07188272020723092
0.2814107422002295
0.26247112859794974
-0.031300194513507316
0.0720316752622949
-0.012260245935806602
-0.2726166234181576
-0.38513055391176576
-0.12488635846277633
-0.2806501552435637
-0.2746596012675211
-0.038616312045335596
0.1617277626847673
0.2550113758372863
0.18950477449504832
0.4312732964252351
0.5201797140194838
0.4759037370558098
0.330958934470926
0.5588843369242393
0.7176383304407281
1.1607752689128352
1.754439807161938
2.5827264645937746
