2.6574788644033145
1.448775045858505
0.7259632574168109
0.5548815204121997
0.27681817848262535
-0.05857030400696003
-0.06482918240241417
0.3153392547976237
0.4024046285125738
0.2098376227685488
0.2669508533691263
0.3288170538366034
0.48274688379409525
0.2431165367136187
-0.04651821915169936
0.012082399371363984
0.05494305299672379
0.315112571060718
0.39342950150253647
0.4160461812474504
0.30465382355720405
0.09562835540173685
0.010562743715562489
-0.22473219823626647
-0.6551643131036461
-0.877691857547305
-0.8315616695530755
-0.720940330118556
-0.6348845307944555
-0.3299779180127629
0.0027848021962113383
0.24544336130707872
0.15939818481486775
0.0629609508098912
0.34104606308067664
0.4144815002849928
0.25132561528201736
-0.002724237056706994
-0.09018020152946296
-0.22365931208028667
-0.41425517364262887
-0.19945855231728116
-0.19790109669896935
-0.18648957596226362
-0.3013188790327602
-0.42026093875380804
-0.4353825408447539
-0.6590953612116757
-0.6586908381624904
-0.5267749975352284
-0.36782411553238104
-0.5076721456467627
-0.3932335786948598
-0.31405587040515254
-0.35798955742687905
-0.21990022936780135
-0.38117431273263497
-0.2603729778754829
-0.05483110088961436
0.02266549611274811
0.414869707802945
0.6598535322678988
0.6531835537995332
0.5649203544432846
0.5122745975223408
0.4552348242263599
0.07672773482028662
-0.31064814673968283
-0.4437999580294444
-0.6814696746263063
-0.838935231206649
-0.789711767822604
-0.5462104426719706
-0.6307569871787799
-0.5155346710040888
-0.19659959945487754
-0.14724741127923074
0.13376866006947213
0.2707121420640937
0.21890006816967303
0.5425427442373751
0.7483682263586617
0.7516804195966778
0.7259759191108731
0.4104652415214256
0.08899700201224114
-0.22189064944608408
-0.6451583418495156
-0.8553818911534572
-0.8690545945285293
-0.7078088324941187
-0.6575836934859757
-0.5203782251912881
-0.24962785823138728
0.2706843645791561
0.7312792516275486
0.8758359299152871
0.7855539104379914
0.6790872782307081
0.5520082889015153
0.17791480670091664
0.12338808411072472
0.0228640403665881
-0.24103325154860308
-0.19903916570677851
-0.1428737061031195
-0.31748993794853614
-0.26853180447869546
-0.10837656002158166
-0.08158749044837624
-0.11012577824978478
-0.07646269497946558
-0.2868643993222629
-0.2859788017044993
-0.0725279233355514
-0.07644171318472455
-0.11518896797696385
-0.44751996465777316
-0.4775181467928174
-0.3006755160320174
-0.5090483392822704
-0.575763563041463
-0.4789069213487492
-0.6129557933497266
-0.5924847988740521
-0.3404475607987563
0.24824125755023776
0.32459096887590555
0.34660325893242344
0.716202544900201
1.0459730057522418
1.0582313307304072
1.6939064607194971
2.703863273939159
