2.3114720593691844
1.604970398429367
0.6595640370708727
0.2223506299411673
0.12501157801966412
0.16377170378190659
0.055985528138198286
0.09640789541147245
0.1761413425355381
0.16798996052346124
0.21327652231487443
0.5463853191696214
0.4862150736683979
0.4600742482996983
0.5429829510267306
0.42897162669392297
0.0792524512009811
-0.016364107066557214
-0.25429241963601984
-0.33652901985448946
-0.19115510394020885
-0.03374441441237296
0.10363796061202057
0.10139358504012363
0.2700828602195776
0.28185522700345583
0.14876738053979
-0.19377249450721967
-0.04439562613452394
-0.13497638164104034
-0.033422708973616155
0.1803418930942002
0.3172539688431915
0.24755825451237312
0.05162532632466142
-0.1722970436517256
-0.2349676596260646
-0.5396674890826395
-0.6359578257232175
-0.5595022905203619
-0.44345711221789313
-0.0534324613790101
0.3044714949476766
0.30404218904160485
0.33048962965964795
0.13672102988969126
0.22278763387819073
0.09873183314758377
-0.1580663288121904
-0.21351207293409927
-0.061410726430691925
-0.18725386470457642
0.05681244648419143
0.17150273384659165
0.21442002885137443
0.09648933071363658
0.17612968586984648
0.25734625397419564
0.12587989588626658
0.379937430012075
0.5123238461815061
0.5812531477379071
0.49490661707390154
0.4314659607611337
0.5886652977591029
0.5095527053835125
0.706365166402344
0.743699175829818
0.6835155204644371
0.5526586791752637
0.45659157491294045
0.2011546710640262
-0.1264541412512429
-0.1336909536808585
-0.2052678652282795
-0.5307669132692321
-0.6035837027672604
-0.3846955266406147
-0.42216647745679226
-0.5217434277966921
-0.25931950152719657
0.03354382253644561
-0.02046613338199444
0.23327423476000655
0.40685740541904347
0.5858105096195515
0.6993778545287374
0.6736026030250932
0.7119916194776357
0.567521887994208
0.2167888334888773
0.13123026701172433
-0.0648617121055732
-0.1887198879023156
-0.5776596079389761
-0.5797394879177276
-0.5431180147123079
-0.478867276010526
-0.1960515929517306
-0.006887413960928757
-0.0751313132750605
-0.35407199218890467
-0.2628088568893653
-0.428410091621509
-0.696293256413261
-0.7814355975440836
-0.698073960229954
-0.6225156421222156
-0.4790223789937273
-0.30776477900674243
0.05606046475962778
0.11868448058174974
0.03147930693096346
-0.02037052709157075
0.03953803175583549
-0.026056233623509627
-0.3047740701557853
-0.2997187693539507
-0.5392619029136348
-0.7400765132980643
-0.7653111853169426
-0.5545938180973702
-0.3337069533903704
-0.30369066254718047
-0.08065459867539622
-0.15730014181829532
-0.2565596453161337
-0.5554281203605584
-0.7139903041603802
-0.6190214247255652
-0.31545440865932345
-0.1916045909020681
-0.0689345487610046
0.182289025385434
0.38603445885509263
0.4113810361101854
0.32193843896873686
0.5076585096175885
0.2520693942737695
0.3722609573580735
0.46755955999935533
0.43379117990091326
0.36502217673921
0.35614266376992815
0.226451196998441
-0.15067654919781823
-0.5063871638670134
-0.644689447056353
-0.8668266833836167
-0.9202413477213999
-0.7653409902449467
-0.7035231079016872
-0.5690937144764272
-0.23370037814734737
-0.13676308521205077
-0.2838331685488964
-0.14996461572328554
-0.2720801038620727
-0.11710417601589185
-0.23093735786399755
-0.27523368012244565
-0.2325021593171581
-0.21649227763385367
-0.13024409992108452
0.1751811903268975
0.22382438478254016
0.2431064977109228
0.2206005674722807
0.380196395112611
0.5587803400839979
0.2786515349609098
0.1499428723120698
0.29739002984878576
0.3401150636085556
0.014898728670757044
0.014635214815215992
0.37278562769067336
0.4465498219617715
0.3904217115366466
0.33375045502185147
0.3335507041953142
0.1764726219104109
-0.06038983003718435
0.022378122478790934
0.3114765675080852
0.42774638754192723
0.3314836894327136
0.35245929431486883
0.2534313793510094
-0.08882079746921336
-0.05424816017758208
-0.20712574497192118
-0.42860057554580583
-0.43318245030237007
-0.2078805768527055
-0.05554554663141607
0.024729312117411074
0.031718661434974926
0.18458207410244112
0.19118704857937183
-0.13757738941431907
-0.17909231498518666
-0.3583541471879822
-0.38451713761444756
-0.30115528004239495
-0.13800363194418558
-0.11307454181776773
0.04233746426458986
-0.08478685948867438
0.07591616869074579
-0.08848989731955567
-0.34462486193883773
-0.32806861817210997
-0.15600825122452255
-0.27114776610435565
-0.003882847360953831
0.3288179307132506
0.41529725659089545
0.5179688168037394
0.6354513836654354
0.7321065964611703
0.42311427424730313
0.050094953280071575
0.06792770136779427
-0.18902260168697788
-0.43398784065261653
-0.373868229564748
-0.13014010291842398
-0.2053980755671816
-0.012863468519993017
-0.0061803925677877194
0.1319299050874624
0.32828419339499554
0.28343841140010456
0.13048679961905496
0.2501539437037338
0.171242104697452
0.10975182364473293
0.41082090895317736
0.4520692850142745
0.33137790526891925
0.3766866302373774
0.35816924907005415
0.1299434758819699
0.24191774723889867
0.14746984399285826
0.06394552998217663
-0.29410441350495553
-0.5137574091870551
-0.4302922153796263
-0.6361152251595891
-0.8766689456053994
-0.8849664325422463
-0.6605379423184966
-0.7812183118861429
-0.901459120650728
-0.7412465374339618
-0.5061498421158059
-0.4132306154363386
-0.5574597563613591
-0.5064526061944118
-0.5783773598570146
-0.7184889408548646
-0.7258482831342699
-0.5347773219035621
-0.32537136016054996
-0.2903281876219585
-0.01701632123602343
0.18375905491236383
0.2856694982500086
0.21248714854772952
-0.06065769683589737
-0.13932357361662653
-0.08287240842255883
0.16892560961652506
0.11587891994826603
0.06128402038840777
0.36978138780575964
0.4302196231339823
0.15949453309287107
0.2329299698745098
0.3340207238241816
0.329025159493027
0.1879538449258643
-0.24618823909194348
-0.22796911670788694
-0.36687603172588024
-0.5066734662588905
-0.48381302784550406
-0.3259900742584061
-0.4540388115687072
-0.4896167643826452
-0.41852426734010373
-0.1917252021575638
-0.43084727544684587
-0.5190259101743236
-0.30875211041718337
-0.5559700089541261
-0.5135149932044593
-0.2313456778178722
-0.21857110600539573
-0.41801803060478965
-0.34926730228780223
-0.2140356245875397
-0.48607724329773194
-0.524852192187162
-0.24102256343750972
0.10183205700283843
-0.006920892779307707
0.3407746829942496
0.6938330914740546
0.6763763962751533
0.6968578710828973
0.867360659618312
0.7579115639848675
0.44258920427449283
-0.00011846368481244554
-0.05836393907251222
-0.4687127150260591
-0.6497167364088218
-0.5128703873389687
-0.48492085741014673
-0.28889776336215167
-0.2253015300297036
-0.047464803362477034
0.01912501348305632
-0.07017817193344866
-0.25713579728810737
-0.3200770823487112
-0.3892640282907568
-0.515436653451733
-0.32740129694487613
-0.18689889376750446
-0.19894991906744677
-0.03631024924278529
0.2807386021313529
0.4801349500985296
0.41460360140799174
0.25352313354204725
0.4424246891175509
0.5460325774533267
0.39290858464286854
0.3781830875559501
0.19581395609311653
-0.20608785680701738
-0.4136369293038089
-0.2826444246228923
-0.29467445773115564
-0.5966664392459495
-0.6337737387453596
-0.26828378723307905
-0.04803983807555447
-0.21751809810768574
0.0973392288039761
0.5994445341246805
1.020614916981479
1.38535835694983
2.598968396983957
