2.7471113278863495
3.2159790539066875
1.9556277730983895
1.372203692537909
1.1390925036146449
0.7625424942731425
0.3539185891660317
-0.20800031431999302
-0.240354232782963
-0.5479235250594462
-0.5349989315965149
-0.3461598986993976
-0.39518261996668935
-0.2959383490227939
0.0048212605927183474
0.17884752422441616
0.11027684864946598
0.21642854616081633
0.20071241645687807
0.2793816549943214
0.17624374117727948
-0.005034134603372811
0.12104451467698382
0.1333160599683469
0.014300458361071947
0.11049567711223995
0.030660169158268455
-0.04356876503622985
-0.02962064774609897
-0.265966228335224
-0.29459177503099604
-0.30818915384680046
-0.0914116685877631
-0.09562601196230684
-0.022762703403487683
0.18482749699816037
0.1423848039615206
0.38091096286453335
0.42344709341836795
0.20551638518828622
-0.17483118827169047
-0.298266021632823
-0.25867571185795324
-0.4174529605037278
-0.5580285182101062
-0.4667985205684115
-0.061429461096875505
0.055540938657823384
-0.015367157817820897
0.34040185386165045
0.5180907154211681
0.4619286790286772
0.31757008536937503
0.11197434513616153
0.06416445849246294
-0.12552568278791726
-0.18163416321012557
-0.4055929017582238
-0.5516592001547745
-0.7745300803224877
-0.78742572886495
-0.7228874953591429
-0.6023565706658123
-0.5547261022070967
-0.4498248377127198
-0.25874784081555985
-0.44749214672464777
-0.3183604619335911
-0.1474502313973745
-0.36497163972672375
-0.22672709648257514
-0.21249656975864262
0.30967343466123054
0.3230672168752398
0.23990829575572087
0.11194963959150489
0.13164449464642744
0.18589703143578645
0.02211429825889763
-0.3091705526133079
-0.5142835849136995
-0.31792587141884343
-0.5043067280120214
-0.3391790194956494
-0.0646260653559505
0.16663552680113367
-0.0367683650852392
-0.28888487479484337
-0.24247653826098695
-0.10397312189459387
-0.3487074731967609
-0.3873391289597583
-0.11125343629310598
-0.16467220530624457
-0.4005852198106766
-0.3652038308108242
-0.20270949027867588
-0.19128999310510614
-0.08238469462324888
-0.06991864736175832
0.02329063881574695
0.07584236794417759
0.09883307245084547
0.18917869243431298
0.2538816296241946
0.11451544935014522
0.2825277719205704
0.28913050238820287
-0.12292024217527572
-0.08940486164704466
0.01350593745175748
-0.23083729286104038
-0.24716686813166777
0.038383690838892745
0.12379415073186839
0.0813880916579386
0.1914652015221113
0.38087809727292116
0.3414487952089044
0.26443452868664546
0.18126864940271298
0.265774032584523
0.506534800586457
0.587505135956033
0.5170196313373918
0.4302187930119951
0.14846914028773964
0.22045315704169238
0.18851168375122151
-0.08103080724186984
-0.02017757596458196
0.09804113959527638
0.14701217539111766
0.18844706853267604
0.447084381261445
0.4918684464213854
0.7954114425313975
1.297484166014065
1.8510932437198149
2.755477188086167
