2.3297082626546475
1.6231689671788705
1.2528885184982628
0.7390632131141932
0.775127070812832
0.975516455262096
0.9316367373330188
0.748621765695696
0.7676107584922097
0.5919898398466509
0.4644458029956708
0.11178428745831956
0.1548131750251145
-0.034724621744487004
-0.08271647319254805
-0.0965683511901936
0.20573452371906303
0.3190585832915379
0.14251078691296543
0.15615346810034916
0.4711052306125144
0.5324006756000457
0.5757370872515026
0.6008239863505775
0.42623573938818776
0.5282012070053933
0.6982748451112634
0.728284408575968
0.5863004501729102
0.28092059046584233
0.308666155369172
0.4201070288013475
0.26276578512497434
0.33270617523137486
0.44099729551868844
0.5471054499744774
0.5549327990329579
0.3539434415796978
0.4459325786205171
0.4221253269662865
0.35422291359402586
0.24403871250168263
0.21277443181124484
0.004443183385797903
-0.14512414475807517
-0.09729358001000227
-0.30074621956048014
-0.4489410893199236
-0.3915234319515629
-0.45024302543802364
-0.5746207051989718
-0.7044547618925636
-0.5580073777267928
-0.12006984887194859
-0.022686858172047575
-0.0649241147892849
0.17407006231151223
0.21749211107729485
0.1925023700347326
0.47502699350321403
0.5405191002432777
0.29958563748274436
-0.02630553971734397
-0.12513410848018455
-0.06695902024556329
-0.11363719813964465
-0.34520024168556646
-0.4212729558480006
-0.4590297223099107
-0.34712551606717384
0.0396913479465509
0.19692592274142937
0.054594319821450986
0.16618332528899568
0.3836317182290784
0.43891371080650976
0.3104283674579263
0.449213583430688
0.6065551678386147
0.49753082128015963
0.2636348923783106
0.004950619246355346
0.18921038482801997
0.06461591327037035
-0.00511781989177453
0.05557102066476617
0.2921352053472702
0.36409772541139596
0.22852098928245787
0.38633763777020363
0.26918116781585705
0.16388065179357472
0.3557760604295903
0.31329921313773174
0.23997218107970764
0.3203467116745996
0.25602622929790353
0.17856647888719068
0.2838462153464978
0.14873052679525145
-0.04598343099865948
-0.3301730899711003
-0.34775218713181877
-0.6123343265224579
-0.5879949211750314
-0.17476560536130734
-0.1931573279918094
-0.08408740952300907
0.47219076839687585
0.8078960180055432
0.8814892126165503
1.2726636567561933
1.6647627789560753
2.1767503966942314
2.764135116053824
