3.067874091045501
2.0116574296644627
1.1941216450665495
0.949742505990579
0.783723192904778
0.8698637072144979
0.6725178476593919
0.6004685366084549
0.647810531256128
0.33458014108905965
0.2771823796070776
0.368596711502007
0.29851184917956974
-0.012570210309580332
0.003552057979902906
-0.27748433500412384
-0.3890717849559306
-0.4095458173098615
-0.3153245347674377
-0.2833482604265865
0.02331444329718621
-0.08075169827816098
0.22274779275161866
0.2964546959362377
-0.001595239100934509
-0.02498545332477181
-0.31882420803947986
-0.35738711677788604
-0.5177243677649961
-0.37773194425053847
-0.4432822876035515
-0.4411259309854437
-0.6487587564372687
-0.6327978651562943
-0.4982810977797319
-0.2782090720379228
-0.26749418890917925
-0.08949294122054531
0.2400076877436809
0.4513100228578135
0.3525872938056827
0.15903226702739998
0.15040210111368318
0.14343929187270837
-0.12609457565721308
-0.09117813505127056
0.2777527653652578
0.48455585453670996
0.4460813536021926
0.5254868884757948
0.5600277821578469
0.5014683765329969
0.3381958602848291
0.012678198483202178
-0.2407208615341229
-0.30214172795674754
-0.4594944166250161
-0.48158072851954875
-0.667222502531021
-0.5918432195243186
-0.42953901574002024
-0.6268313133446428
-0.5505629156103115
-0.498215163689218
-0.4318710221529078
-0.3236934684098143
0.16163706925211857
0.38226282164607317
0.434997430567246
0.5199252938243952
0.46061587252398595
0.20322111236390683
-0.21885698028037248
-0.3682526384484814
-0.32057025007800666
-0.06706346451149049
-0.04256298141321896
0.006159423114482729
0.2890164967005526
0.4814656491739018
0.4973873623723146
0.27365969425292574
0.20453675622124812
-0.05003059753558428
-0.38232401635505786
-0.7534643235024182
-0.716668658507208
-0.5123974282289776
-0.6728342209955446
-0.5134676476388584
-0.005923728672678111
0.36356052686583984
0.3207328014797111
0.2635110479150513
0.445370588282792
0.338043126757502
0.12708103863884823
0.12621836807433892
-0.012490747752913027
-0.31753518285805626
-0.4602470297732039
-0.43833289941502107
-0.16170676187557065
0.042500891272631264
0.0467789434427156
-0.07698337985377006
0.005578675429692842
0.10895954927623162
-0.043374842107163
0.011424405119723258
0.009713233177026215
0.12169954866235594
-0.07868872622814194
0.03316351770246023
0.24266381363236095
0.09504301982857244
-0.2509007114788081
-0.3754869835110354
-0.16519193142321498
-0.21816696379229542
-0.07903196223879144
-0.02486792336631527
0.25910082038574733
0.3403509676805194
0.14241512482738053
0.32499493508720423
0.7683789094753134
0.45344973403508987
0.08295118249318104
0.1622298213097409
0.224684778814973
0.009084912745342337
0.15663358301442218
0.10947973585476192
0.18821971080873806
0.4345884084656526
0.4938928717395978
0.4855867246774654
0.43140522141933935
0.3188542507280393
0.18700713840842328
0.33463058314344735
0.4576847417400301
0.15827145180662835
-0.05406889498794314
-0.2995598733836181
-0.5147941438522265
-0.5222470181407816
-0.47528215315921507
-0.7512978288066708
-0.7481573103325428
-0.6108976783222424
-0.2770943943058488
0.2170908386636884
0.5585503759207663
0.6400439702229422
0.6481072954764752
0.3480203078633825
0.14993341583764555
-0.13069740660587065
-0.4284322452482007
-0.49900096709027897
-0.3725337917763827
-0.3261799825114639
-0.13040640504928788
0.06130135065258799
0.16920493925817878
0.1705891226087216
0.16310372955258162
0.34988752403226897
0.43867949760614783
0.4218002546110807
0.5383141615272523
0.6381540551327689
0.5534370224558965
0.38128365729527675
0.14554141198320847
0.16617330927448742
0.12068124013081725
0.027919109855565644
-0.1169037362801306
-0.08765438899148116
-0.17504427287412958
-0.37093338443441887
-0.36460082635798574
-0.16087582952812002
-0.23410630203233126
-0.5069781884944445
-0.5367613537793712
-0.5793599761582311
-0.518684130849188
-0.7419807450698426
-0.716654015742396
-0.4289917941109294
-0.40095501049692056
-0.2619242356163124
0.14314922982365752
0.4328463819726399
0.4387425868676468
0.41979422995854365
0.4219524753817349
0.21879342197329119
0.19805951834931057
0.2502314608034323
0.25851593348092156
0.17088050206463604
-0.10432493807356005
-0.025939022254056764
0.05139098548090174
-0.11407781533172552
-0.05083496788476666
0.1506022798158601
0.06656112358479888
-0.14918297321691723
0.13208130007047636
0.07892816144457891
-0.24758426196693922
-0.27310721146807976
0.025135479345508097
0.1294369495992029
0.12046073707955185
0.5507816218862804
1.3864874715970206
2.4467056030497836
