2.851933663349553
1.5266568085012289
1.0561864702003474
0.8518032341000785
0.5811850986341266
0.20099275054317237
-0.21205444890321526
-0.23295614169994613
0.039478188443619174
-0.11425900433886256
-0.16838451286119754
-0.0589444192028835
0.10882417377341573
0.10205451579839064
0.09472278062864628
0.2280559342040522
0.20712622131419148
-0.0669000515146849
-0.1100854264778854
-0.0130041974876739
-0.1825223559993731
-0.21394044081273936
-0.03987543583021726
-0.0998693550003446
-0.1659332655146054
-0.10474367925092568
0.19422054281148685
0.4209854339814962
0.42327074625338273
0.5467343668521927
0.4401406081078142
0.5392393898752207
0.5734770378112928
0.23647050026255476
0.3422806818098959
0.30512577236575916
-0.04970531319297977
-0.1340951867485599
0.03367519163516554
-0.037406708562466834
-0.26781803189331677
-0.13861677609873344
0.18217222700669294
0.3500898044584715
0.3546083703828812
0.4837569442004173
0.4500999198706292
0.36859222733135705
0.16317558472275023
0.4293636414488204
0.44571373378571544
0.12104152431554646
0.11041567410228104
0.03518403241591886
-0.2522503512918644
-0.38071728828996854
-0.17051261654186264
-0.05126735554479874
-0.2706701382819944
-0.24388370078233174
0.1451561470764011
0.12610388107242687
0.052818847142748426
-0.0291846683282727
0.094870790778292
0.05513220740681026
-0.040252852547830155
-0.04101115840407086
-0.018588195275582736
-0.16834116466707955
-0.061201693990555465
-0.22621794954750907
-0.26295208715295776
-0.1750592560703465
-0.11378364992737736
-0.08516826588985928
0.15309389911571375
0.18346616054597997
-0.006682436996141718
0.10050547765644341
0.07242378746511051
0.06981119922261268
-0.3786753740681336
-0.4791522037127124
-0.22263271352484892
-0.1521168220857933
-0.2720155814396626
-0.35879683068170454
-0.13367094466705154
-0.18605694479274817
-0.24392334951027184
-0.27638771922741007
-0.4362841785705136
-0.5800327528534068
-0.6115708128808162
-0.5196292299223657
-0.4339480310253575
-0.2752596546029476
0.01732722495057854
0.13324523327157986
0.1430692039379
0.43535081367873085
0.4866034447634783
0.5486800361986366
0.5856715721948987
0.6370112208165141
0.45439345153048216
0.5066403657083958
0.6196410665139205
0.41334334242828535
0.440664733468011
0.3866475199420892
0.0980934196017261
0.035149457202496126
0.1958417626644721
0.1132951118173052
-0.20992331269712877
-0.20584135785589147
-0.0004948800674947941
0.08602934784993192
0.14277984169733507
0.20857516087979866
0.24302476649802687
0.24052627016647782
0.01303902912530107
0.24940931397277702
0.18933895843094045
-0.000799395049638163
0.062199650839508534
0.04794403085925534
-0.2520320280031687
-0.25647369209247345
0.1021845427785916
0.26619939129524883
0.333423998555961
0.8615346432880145
2.0826303737188354
