3.0688918019109894
2.3807089288185783
1.7716697588553958
1.3138642257819237
0.8001547096814281
0.5030166628636438
0.6028121434988096
0.40556047453672683
0.5031865456116837
0.544501255147458
0.5421832751494634
0.41113438163330845
0.3621172701775627
0.28764194021186906
0.18518647352277554
-0.19598207296049866
-0.28985946175020044
-0.20448590169702502
-0.06377758944142414
-0.0463383638305221
0.1583619082455978
0.47653087343392586
0.39964189882663953
0.4714502943442815
0.5562062697946615
0.3126167295640873
0.03677710136358233
0.04003020170775251
-0.1356655076244705
-0.23552340263026092
-0.11521319281026599
0.10502524050514217
0.0801869624290079
-0.1011728442521638
0.05953181402766573
0.4408999575006127
0.4170625393431658
0.23141625602337687
0.25046679118833065
0.027967969406715813
-0.03978861587769441
-0.131782209366437
-0.21710993873859108
-0.06402240428075913
0.12011497844050925
-0.10931690311618768
-0.20446858647666052
-0.10606006171261634
-0.14804190605888898
-0.3012883695292047
-0.21103541656477542
-0.23152571369655334
-0.4192024787938055
-0.3877574955019346
-0.29812287627290707
-0.05810669211712677
0.03548858643453724
0.3067210628584448
0.6273069395172135
0.6686522090244392
0.6381574112267391
0.5832944498158573
0.6484259682160989
0.680377058334921
0.4690297481025135
0.28788066720927386
0.005284259809127626
-0.17571475414272716
-0.42913728736860846
-0.46191692898910686
-0.18721563703096392
-0.16236891025434366
-0.23920220093349961
-0.014254621087700994
0.18069743715541642
0.22442446173590216
0.05499116320121693
-0.0471906592574179
-0.2071551527573587
-0.45198632455173265
-0.4437680801231068
-0.11819641318176083
-0.12374238528082199
-0.1916700922173581
0.04965880972513404
0.2008684375763395
0.22468575969265236
0.28880869385387187
0.4139437893897807
0.42136549729704503
0.23543373844190021
0.143935866790495
0.19533279628490433
-0.10080822473707735
-0.3646130242563613
-0.3077282240329622
-0.24084151418912486
-0.022460613644113316
-0.09093984364969437
-0.1142913277340015
0.09716527450675412
-0.04315214548866307
0.0971173430037592
0.3118508489439934
0.2526198515640506
0.1484052387162018
0.034657293724387576
0.06215505647601308
-0.011968632841883134
0.06473336628481455
0.14464785056055351
0.14028389914566466
0.030142882059433482
0.04190784878862746
-0.005112978423803581
-0.045842560380454825
0.060778058399068136
-0.0922203418131059
-0.28635782838990176
-0.4420105835160738
-0.36881171408540203
-0.47365522643769103
-0.5206230986826259
-0.28675488509483027
-0.08004102314138467
-0.140980390413325
0.017523122819392594
0.38512028089461015
0.5067016608209413
0.41268098728284774
0.3098586987321218
0.03195145301649399
-0.017384063910215422
0.1347513892523428
-0.016369156701941306
-0.17229248681555154
-0.2622040669859305
-0.07129764591164776
0.07704060792885864
0.14198181465056386
0.18764180042456333
0.24215240276549593
0.023591561645122945
-0.2906908788764253
-0.25011674338175577
-0.34368917146891437
-0.4855934770934288
-0.36733103224243324
-0.12902194985625176
0.2722591798245736
0.3025857572853028
0.3200227672532088
0.4755268199388277
0.45179674994306734
0.19109575110886345
0.2696005779476713
0.18405429614942007
-0.13649982546074527
-0.4578056141232941
-0.6086604609199263
-0.6768173549666112
-0.7622203508511295
-0.8559247057310132
-0.7276164836778215
-0.6464414819869377
-0.4375338132032193
-0.12154921303065433
0.05132501183954253
0.2322700347975149
0.2860193771866466
0.46577495779102807
0.5640356757861893
0.4441261888831875
0.5122395156143841
0.5465561709190757
0.5444542402412349
0.46758233306359126
0.3623032218626965
0.2466038046949901
0.18395744181349238
-0.13868647416931196
-0.041992139337105064
-0.109535126769139
-0.19361255190293372
-0.14687905104329582
-0.2610357370918521
-0.2876363802323817
-0.21013231444744565
-0.20140353846359121
-0.3400983349643147
-0.22492326926656547
-0.21015551303336583
-0.028048256424008926
-0.004952231402850126
0.21059519856958508
0.14445507916829506
0.11105728331746959
0.059176538563798335
0.0336446839420817
-0.09454688868551361
-0.26390459497850555
-0.5041170923665935
-0.5201649668764121
-0.6816395680321625
-0.7162853314409955
-0.6692718786920767
-0.37206560446580594
0.11862771049112537
0.4042059825363563
0.7265211497382149
0.9062896875975773
0.9198244072580175
0.8797721518944274
0.9218010820084866
0.7220191187600457
0.3581778917301769
-0.12812906903806676
-0.23166573180714697
-0.4279441836326059
-0.5192340697000152
-0.195389024603601
-0.0004858867386370123
0.11671898866678762
0.15681528587640398
0.3444130357530144
0.5248265803029735
0.49171758925251274
0.6265222818214097
0.6146042251296746
0.5340770030604446
0.39465608379531303
0.32497863758443746
0.3429830943277907
0.08784529029266565
0.20514880610316305
0.18558405909518919
0.019774923217439764
-0.17910744457880168
-0.3502466077600434
-0.3158480922299503
-0.14963847634393107
-0.1684231421351176
0.13145280250836347
0.27157097390896817
0.3061864491858103
0.3772024728594985
0.2249966600983976
0.41411268379635796
0.473690181963571
0.4067012001091447
0.43056710223282635
0.29930543281361394
0.12113855677138277
0.03776070319239414
0.009812105053307615
-0.15518781849006597
-0.25379096388448225
-0.09954067564554038
-0.17872806070496117
0.10738091572731095
0.14104505532226785
0.22964537720579556
0.11668686714001496
0.2461805520689642
0.2723208519028458
0.06477946606567818
-0.24014161718443378
-0.2816368943077162
-0.3946163774078493
-0.33178582979974763
-0.3424835879216884
-0.34062051039106706
-0.30939597569647365
-0.29370516455112583
-0.2829761369084778
-0.044721092555551054
0.31255955115910533
0.364085592705867
0.4530731370305428
0.3885897709417429
0.20457212940060251
-0.14605051669285662
-0.26574660626666935
-0.2331486145045162
-0.043191220412166935
0.10773571688940539
0.3364782206928414
0.6603174579719088
0.7712732653096996
0.7332471282001126
0.792187751839376
0.6424185673479949
0.4247837694521425
0.11706758680779983
0.10179462444711994
0.019745758086666267
-0.2915868048899553
-0.637906351727346
-0.7861704018538582
-0.8052525975517542
-0.6678649579513205
-0.5185364820064932
-0.41062770411771815
-0.13551191832682014
0.008621288673374642
0.002702755192230826
0.015030227239484736
0.2181426278063359
0.32058914179859593
0.31214280753198625
0.3375159201184571
0.10567735412036477
-0.14816427830911488
-0.0347422131639698
0.08580333701955568
-0.05346551549196076
-0.24862269913117538
-0.2028952272643447
-0.179743614164284
-0.03593641543014278
0.108437169135189
0.1830354886508318
-0.045710737200253565
0.1014315541043545
0.09014045924518987
-0.010024151690034299
-0.36509119604837925
-0.46453485346188633
-0.22605158109671603
-0.3653958163932322
-0.3978752396741115
-0.38968040631904327
-0.10715953896536398
-0.08588506982015344
0.03031733795706912
0.03953754318688207
0.20563337837855533
0.023254319436574293
0.15482184208758554
0.43679585875324806
0.5630010621515752
0.6006677244264269
0.5949654421864116
0.7413659362638544
0.753889410067131
0.5269327020992306
0.20593978511867544
-0.15823602496700281
-0.25562092596152014
-0.46617766672427285
-0.3960480958206712
-0.1396867917819979
-0.05984804060805271
0.22878785551260813
0.2357589556584407
0.2166354996024549
0.06796151027714895
0.135141286573473
0.08551892615702708
0.07458287640364666
-0.09293788095811013
-0.4123688869927948
-0.40389696370411776
-0.10431754858105113
0.0187598208133411
-0.04324207419983389
0.16417222888229016
0.20650814598721806
-0.04386014169650808
-0.0518774956865765
-0.06359903817056933
-0.13032061235227052
-0.46627798576805646
-0.4302938782347742
-0.1564338976067836
0.08272920755840284
0.1838530629329567
0.486571727835599
0.5729245601894319
0.5579366751423378
0.4782483992953196
0.41635354570037236
0.3491849776340644
0.12236168833818707
-0.1363990192718164
-0.1417532697936221
0.04601497603870677
-0.049699471877804526
-0.07098679545528423
0.1526241930433762
0.16676637743021464
0.22389255992155244
0.35748299869671996
0.4889557350545841
0.27880449033779126
0.40916019960216965
0.24095320484018698
0.14364981453431344
-0.009547073784141056
0.17655335685647375
0.014651570284038832
-0.17603448787173204
-0.25180550280576436
-0.3948372340287887
-0.5471985507205621
-0.559913220455959
-0.33716512215667077
0.003322504362423993
-0.05097345216822502
-0.09658305609473455
0.11256118792707387
-0.08031808226234594
-0.18577043989853834
-0.16368483451318164
-0.0697838673149954
-0.47337958623921733
-0.5841347713480409
-0.42282022036318057
-0.13258798117383527
-0.18063152804892413
-0.1366772762762743
-0.22336770916615406
-0.1463593128472994
-0.18823797640193948
0.04825008466689926
0.16796721780101473
0.07919669131917786
0.29558173385670755
0.2142888046476727
0.2954982156209476
0.1721043742494274
0.010612678361287146
-0.2642264528411584
-0.2700171131890669
-0.22953951170467413
-0.16541232375777826
-0.12271611862921662
-0.06276087113946743
-0.16184619261382652
-0.20578210533286967
-0.2269078290968323
-0.23713849364382078
-0.052245966109593846
0.10133772828181706
0.3870760149242216
0.3739839501808775
0.3246233875455451
0.3305499640936019
0.19941647196415874
-0.25312055031962477
-0.41665150670555284
-0.42827961459007574
-0.5013742845285081
-0.31873142817110267
-0.3094357585070488
-0.20500200732649615
-0.2456112097542258
-0.11621289348243202
-0.07247973554337994
0.1925091187526669
0.26889399364096056
0.42996096726736277
0.6228813578979773
0.5247466276158804
0.2999456234843336
0.10969775060041434
-0.21572488328354664
-0.4348273987239671
-0.40758903830510884
-0.38241923174556336
-0.43742906739939463
-0.2902694339815573
-0.11556636413625405
-0.02606857601351538
-0.042756139012824566
-0.030693045273253075
-0.062213138377391966
-0.12456989868262057
-0.1360662076305204
-0.23298933739778477
-0.07376658578153801
-0.05643217745424206
0.05612372065885651
-0.029834060255243065
0.21768865108313848
0.32658572824254534
0.23721671331648286
0.2204005370390135
0.21937019112558845
-0.013480405611679562
-0.13251428279559146
0.07001868991483234
0.07119232747573105
0.15436429330716825
0.14050066141707243
0.24116419804166933
0.16917421829239368
0.17512923196270988
0.3416959359679893
0.4150382992060377
0.554415275258212
0.40218883728597615
0.21872483032521606
0.18180599935831
-0.012461899602505305
-0.10727745975561044
0.09004745314003283
-0.03934052236487491
-0.027531067827576562
-0.08444536767394056
-0.06580432041418771
-0.25975380331052506
-0.15821616016179213
-0.3219860516983255
-0.23344945347684348
0.04123924375126407
0.03367322837039289
-0.1379537137811472
-0.25997710161171483
-0.24083449936174584
-0.4634131881113148
-0.4750797925946081
-0.4922930321897214
-0.4903743746952277
-0.5446158117670739
-0.43946540941724416
-0.0976766681197396
0.16193006483770309
0.46689928470657094
0.6182443403650396
0.6708916943872268
0.5156963302021956
0.3400531039798003
0.21768138277839727
0.07108992257890323
0.07357627391742104
-0.01606420570532497
0.08739359325064543
0.03576313787527656
0.03305847719226398
-0.05085719304007921
-0.1969685503910812
-0.019464627129536182
0.12115217459524126
0.11053755934258289
0.26197216368117116
0.3597111252441315
0.20289239075666196
0.16178532674896356
0.07555388768983431
0.18927574132120661
0.008900250288601445
-0.18989337524491604
-0.060400031440730424
-0.14776680196410347
-0.06872330051776473
-0.018199197518363568
0.14360905340748373
0.1903458836865562
0.2079930936812504
-0.0878159938908256
-0.011641870987257144
0.08794752011881588
0.05029440158882046
-0.2526047571128728
-0.2514282291885148
-0.298242601187653
-0.11781724166487854
-0.11688472502035259
-0.19565387540840687
-0.47558036163636896
-0.43541115685500426
-0.504707716678342
-0.3978506622219155
-0.034043399424175086
0.1673928936995115
0.3389603792303349
0.10362499270437783
0.28278093758631395
0.623326948851903
0.6366637948741343
0.5465036524559115
0.5670358158416244
0.40636143278919645
0.2593902133294866
0.3631387097102807
0.4128041491397996
0.3214230809331577
0.27948329214846274
0.05153222483038049
0.049311342997265466
0.12497302629822915
0.05547310079689246
-0.08162629165860474
-0.19880907680734566
-0.09935566345127116
0.1259727405673513
0.2624902810900364
0.3785928602607138
0.39320995372666473
0.25105082541166523
0.31689486460567795
0.37064757040881346
0.11085335712385391
0.17529379916416704
0.24821568921137338
0.1224429654741877
-0.05045636041800082
-0.10989354200126052
-0.15992819891570537
-0.3695589467603124
-0.4237006095680475
-0.27278335111275737
-0.3217719614588798
-0.3875920181252742
-0.14869737783430037
-0.297321281219199
-0.3540915551266299
-0.15340565214866253
-0.030083868245941517
-0.2659861468022998
-0.22097013837764898
-0.10749099086877002
0.012079705654967578
-0.08706923998391791
-0.12330759480966606
-0.21817644336660397
-0.31662828467703885
-0.35728507220057093
-0.12998937001550767
-0.011923750469247353
-0.0014738170212394812
-0.1690176764579468
-0.16814946106811976
0.05311256077632552
0.12691228976796706
0.03060301268431999
0.07980165727657822
0.06636770517563849
-0.011768816800007974
0.029646996258223944
-0.2700408697836829
-0.4140446215062992
-0.2985127475168121
-0.3106463017492387
-0.5643582935108334
-0.585358850605079
-0.5223783992513648
-0.586130104360577
-0.3468932652812208
-0.3403104133800013
-0.2964372702582312
-0.35335541754489447
-0.2534191061782942
-0.24273760077127157
-0.08046515317948238
-0.04512438056406734
0.11647101656304779
0.19974195317821336
0.10534685815668966
-0.06266590176268168
-0.031996584120634206
-0.27084486991820994
-0.21779256728368324
-0.3152838944147669
-0.22147716954651375
-0.1821878943717147
0.02090635375693454
0.08077058568496137
0.07077495700309701
0.2645443743360201
0.27369098438043044
0.18801077263843416
-0.030836660513000505
-0.31932167453372573
-0.4682122202638253
-0.32190665006684943
-0.18581591323218993
-0.31466093456666794
-0.43173493021021114
-0.3610825553674716
-0.17690714875724856
-0.23929874544049082
-0.28994110233971687
-0.1498576914595774
0.022754602244680188
0.2718755526856961
0.27300899038949267
0.4791820508683417
0.2959763581250946
0.09824085664134233
0.0062657804971098146
-0.17254672466076146
-0.37400506208142176
-0.4408625834858306
-0.2631220760834579
-0.09510108128377287
0.20862866562168247
0.44171015530076635
1.2271971752219206
1.8053604468866187
