2.5347580670018184
1.8544572747782633
1.0551986664735435
0.5941770509485653
0.4170699845885018
0.024283305726098256
-0.32320401771055207
-0.34377403967615405
-0.36598849582417253
-0.4854578948494549
-0.33011302323998604
-0.14740001105095785
-0.2704594590136674
-0.3345851799615522
-0.2566327021038763
-0.13351709458772446
-0.00676843929473387
-0.16165492210651464
-0.04350013089442218
0.01630390628919704
-0.14300256212932022
-0.057218539854257705
-0.12470482330657988
0.025579518127658483
-0.026526932272966645
-0.11366517894292974
-0.286361137837612
-0.3192975731347077
-0.3787283231485482
-0.5151803979381958
-0.5253727076516754
-0.4250734780137901
-0.3962494157532958
-0.4775995362692481
-0.4598450531259995
-0.3198206401897574
-0.16678727406014515
-0.020980244183151316
0.06672335068786556
-0.0538259508653773
-0.23674861453968385
-0.384799147729023
-0.39693526194897916
-0.5614190212741298
-0.5101868819749003
-0.15494030202059597
0.09566015764862634
0.21252668444885905
0.5084799116031435
0.6166629820771615
0.5379812937678686
0.46145640954621947
0.3605001376380013
0.12358697267871745
-0.3842030426555126
-0.6639560428126056
-0.6390895212375335
-0.44961397748119514
-0.21074222801083348
-0.026185718104723844
0.12276091141698768
0.2821005971495375
0.26914306170604213
0.1910859333322213
0.03990392072441596
0.004217773983783213
-0.11276360164105068
-0.14536669250197298
-0.005098100601280844
0.030281719960377356
-0.019692975833284332
-0.13325128151698426
-0.050858441522838894
-0.10053098750104386
-0.070943911943768
-0.12573793848752865
-0.4366801076374511
-0.5778126983031959
-0.6564698035293922
-0.7121564332338656
-0.5751483016416652
-0.3961194176241749
-0.5516991487641864
-0.4206353038808327
-0.16828797008384236
-0.09124565113227669
0.04247065643877756
0.05243637947609776
-0.006821207742316452
-0.21237993321389875
-0.09306789952391477
0.08912528885318219
0.26521314517243677
0.35087841129725633
0.5726648835992485
0.7502638029504298
0.49786690099996234
0.4462737340950836
0.5626102625590625
0.482645880696415
0.21847600417194832
0.059372708750727185
0.20655682791276045
-0.00233521615587297
-0.2739326220482187
-0.2936507278205506
-0.31164589799139797
-0.20236581700347026
-0.16380645095213775
-0.04518558966521043
0.125675992494314
0.015329142029420005
0.07394643017891421
0.004358058098842182
-0.07291183650138634
-0.3252415938524853
-0.60435100076873
-0.6395176550377736
-0.5229955895587718
-0.7086543721171311
-0.6654545664475615
-0.3501192312733771
-0.06692594491439724
-0.031282162701172664
0.029437961908584238
0.2807835164543867
0.2080428938383561
0.09292478675969167
0.08413107890709942
-0.17298281659009235
-0.5329356285822885
-0.7462605237465411
-0.6903663820161975
-0.6864561106842184
-0.8747389088258544
-0.86855158642469
-0.6689823800071072
-0.4618827221591689
-0.36569003044095144
-0.5919399523898841
-0.6504234797458212
-0.6499818821735096
-0.7466101719210818
-0.7797513187998991
-0.7237259929144819
-0.5958126723745111
-0.32774889622766484
-0.01029381207548731
0.4609278658900586
0.500984272665746
0.4754764840489623
0.3942605797936525
0.2053377377521512
0.13309378197449312
0.2101871195174783
0.37811232426430713
0.33052616334322776
0.18409756631900195
0.36174011369609654
0.5419795653510139
0.5848926582958741
0.616582606643868
0.4840903156003906
0.2832719848411185
-0.030263416234266635
-0.3001386539936547
-0.4167320976469699
-0.31730248096640945
-0.35328114149538853
-0.3540290877700132
-0.19866793378227807
-0.2536989918666963
-0.2541999314809831
-0.3399951690830255
-0.24776230977732044
-0.2505873579038749
-0.42023603319224684
-0.5618905958294531
-0.5147298892572277
-0.527806092714964
-0.49816545158610515
-0.37123016503246603
-0.32914556105811843
-0.34903336371423166
-0.5498353571663557
-0.5618348819610219
-0.45095275968133414
-0.38790019068973874
-0.4751173163106029
-0.3827191284586502
-0.45130219436634716
-0.5327846922730689
-0.39925718603633853
-0.13660305461622502
-0.20414715920366303
-0.16792047079674188
-0.22587039759292643
-0.07057124647230725
0.11111754240831276
-0.08183594018263671
-0.051241804244303
0.2945971720123248
0.18648775694120032
-0.061438064534369737
0.03650713851845584
-0.025033905692427853
0.07450170888928058
-0.1899478405378823
-0.17374230643250796
-0.22001871021699537
-0.33594497163515913
-0.3141719213929583
-0.167971436959053
0.08106454037893848
0.21198022815652146
0.3117102480681097
0.30410250300104275
0.25601318021288505
0.22728732619291606
0.24349753370960428
0.1611799973884835
0.0764303361587312
0.03871301029416695
0.05703784556492827
-0.20838283534023386
-0.1528997074585658
-0.09827272239201112
-0.16935146008699214
-0.37483713111528183
-0.4367943128593087
-0.20058690776205668
-0.15004889931876442
-0.26085397564216367
-0.016050810489587668
0.32948831740486223
0.2822149126289566
0.5516098995539144
0.7990556861630305
1.360305363477313
2.1376147178161924
