3.402969616119445
2.160053424088337
1.3290399778267878
0.9085494855288485
0.6121167863656316
0.2402478576517379
-0.047059827189086675
-0.06288605843259741
-0.19231403211803466
-0.2496157764673255
-0.04101187863431126
0.1709364333642825
0.21966070929857545
0.2939232892915703
0.5219057196387871
0.5847228874804005
0.4884893141988133
0.2585413754089915
-0.1162409809096675
-0.5646561546557067
-0.7895507162432296
-0.9020876169547893
-0.8463197134891518
-0.5615353546933015
-0.4861358883838001
-0.46237037772763434
-0.29624159744311207
0.07097696642245323
0.27028853390782615
0.40312588390696313
0.561532455670804
0.5375870161688434
0.36913939455317646
0.25360512315918793
0.4768566223174708
0.46579413741932657
0.2831146450944019
0.19019628164654548
0.024364514163044207
-0.2094225875693359
-0.5565753668946597
-0.6482898028372495
-0.5694152579188604
-0.5046617656394959
-0.5540487876439346
-0.37703026108561
-0.3720444235528918
-0.6765920215238432
-0.8431857493358568
-0.8721910218968401
-0.85509744494473
-0.7337211667042833
-0.6962634880906567
-0.42214970205315694
-0.4916725281899316
-0.4170214159583829
-0.1568137273873624
-0.12684921922228864
-0.3418893516716171
-0.26154884294577246
-0.4950845729166189
-0.6066325926854532
-0.5975194301299398
-0.42010708911657013
-0.4540691162243787
-0.3348189776264468
-0.04572440443014738
0.14474882092852498
0.23237619856468267
0.33797488636171896
0.285914627676156
0.15001682092991658
-0.1483654741994129
-0.1754053575938999
-0.19367138715165783
-0.2953114915550307
-0.3453940579953568
-0.2000346316852604
-0.32685950353148296
-0.1612622146706152
0.15083499752466908
0.2410480948964214
0.23029469515781642
0.2211746917378707
0.3138662394552432
0.07776437020828317
-0.3360847236222171
-0.4832201202915649
-0.363272987002322
-0.5257507380691339
-0.47540122559260883
-0.17177382623471565
-0.06256561867295779
-0.1575263075155764
-0.348122870399984
-0.4904081854330802
-0.39858659806408536
-0.25814599877069366
-0.25454787832365716
0.10294637536968082
0.3650271596865944
0.3499693892243601
0.3062064725895242
0.18755547506859693
-0.032977302461932284
-0.19956372400474082
-0.08610009121185039
0.3732648386097092
0.5726799513081758
0.6188881557144407
0.6799280446437705
0.841847860910024
0.7637216621142846
0.46122561044833205
0.13060170446400024
-0.10722554832695547
-0.09474825055380334
0.0659517212945181
0.10933865228811335
0.22659802418624472
0.3415664431254879
0.17737564118899413
0.18394192540937856
0.04416701699891612
-0.1935399916934126
-0.3925687705757756
-0.3349917523067471
-0.4512936750870163
-0.7202423946093034
-0.7127407105212119
-0.6040141810302914
-0.525299178697788
-0.21176736308995614
0.043673317277756946
0.09923723679821102
0.16834482615844748
-0.08984265044180272
-0.012615633810626895
-0.09631796663989661
-0.33463323568038417
-0.42932125288803824
-0.3234719027803511
-0.2982861864653227
-0.1466950881542191
0.09413449308838874
0.29928876095277784
0.3733998311993725
0.44028519567867436
0.5532403078996004
0.5696468382582468
0.6034595888963296
0.4546562513131586
0.4329868392436045
0.32662450204501625
-0.018372649868261363
-0.3545794926818282
-0.49949253899114493
-0.5311328270114765
-0.6898874157687811
-0.5487301609821955
-0.47040692912121806
-0.4001453780786375
-0.27727609858204555
0.07327229919634895
0.24984422872482615
0.3801916980317159
0.5536990311293483
0.5703329585940665
0.5608473256242721
0.29161751237509026
0.4359326368136869
0.40538529289098213
0.3615742739508816
0.28037449036916184
0.200635796990327
0.13857811866373657
-0.18018315595787718
-0.1558783631180842
-0.15002713718002852
-0.039965336963528345
-0.26786682203129947
-0.16391506430584263
-0.2972560943119022
-0.6502210545508205
-0.9000624644582416
-1.0917784362641403
-1.1474875546141228
-1.0285797151922005
-0.8766830771383206
-0.6154599272340359
-0.396519883643248
-0.16672249637011471
-0.15683966574176952
-0.1133169765492775
-0.20733668011856174
-0.31556558225607556
-0.6693030411840546
-0.7899756666599297
-0.8585854218683071
-0.8372294016513522
-0.767207119772647
-0.5546815312626152
-0.18856423270445616
0.016209234472558495
-0.02132051785001863
-0.16273394102652733
-0.17275942166275915
-0.5285827453158788
-0.6662269119266121
-0.5810079343004344
-0.5713470780673533
-0.36182570482498577
-0.06415488621134534
0.008837685533795556
0.09607883175597495
0.27550279588660703
0.37550545132243496
0.3184195417506382
0.27219167824294427
0.2389561199164334
0.13487939429958792
0.22988682959937295
0.19926878426024697
0.12017599024551118
-0.1236758296818321
-0.4675699268702157
-0.6523686827273221
-0.6714781994680852
-0.5688406960155477
-0.4725373417951777
-0.21123892041841127
-0.1634026319239871
-0.009179988272029984
0.06823872737376618
-0.07946184992066105
-0.4620106685888716
-0.618270426194241
-0.5814483677016407
-0.4926179529420708
-0.4364183934429241
-0.24346093615104397
-0.17583171771162265
-0.40951938576390595
-0.39069035612454567
-0.15698756969387145
-0.21648957772828348
-0.23923534447403885
-0.17164991317693495
-0.14492240964385575
0.11299740328436957
0.10220221416664392
0.14901138908190817
0.17233113362099053
0.008127057995729834
-0.3150518603968595
-0.45480588404013694
-0.3764838167115375
-0.5086007043515012
-0.7561438458274111
-0.7523455276191242
-0.6206946118285305
-0.47498966447921714
0.021175649506060372
0.45082341136696763
0.511959797772186
0.49847106407099107
0.4232077934375074
0.5186012551922378
0.24750013652499603
0.09855824599204849
0.054500623493296214
-0.0751207059140448
-0.34238195502414226
-0.348572503288784
-0.3056698075020556
-0.10573938495708529
-0.15845273403719015
-0.11163696364774106
-0.07801452715133164
-0.12379935082227586
-0.19395783340923228
-0.11160813418243527
-0.20859566810870317
-0.1039852106729957
-0.12325180049038241
0.06934293907182064
0.20875461570019466
0.27342196537612223
0.139910769966346
-0.015171755543608296
-0.2258415893102375
-0.3131220178861921
-0.49400469964366245
-0.372695267469031
-0.48941049541623244
-0.6263168989860196
-0.5916013035967282
-0.2782403805337637
-0.06587415705487829
-0.010668300232423813
0.19292523395953368
0.30573074069734224
0.340220008519837
0.1739903097267653
0.37304494051075054
0.4249457023635915
0.45802408510662557
0.4272122343397141
0.3640767388909146
0.27155506744899416
-0.11307572396839355
-0.12505806220000945
-0.14801803590257814
-0.03156091538413309
-0.2819463657640177
-0.21417032765357247
-0.28434520351715187
-0.6161282044051029
-0.8317578572551572
-0.9817923010900423
-0.9938182021062576
-0.7833172402258037
-0.6878353536055434
-0.46129177952154804
-0.23866173782599354
0.05231161254006905
0.18361209490702163
0.22045714615447132
0.10377946451247425
-0.12611921697535564
-0.48697753683012
-0.6316878670428916
-0.6735016925627998
-0.6093746644674993
-0.6071555440484953
-0.2814877636425677
0.023343196237637764
0.15067662537665494
0.2923745653462789
0.4711128989303626
0.35582864172874223
0.16565224530460365
0.14638162851546752
-0.03666983639995917
-0.4008394303310666
-0.5429706402078273
-0.5382496304709293
-0.6538294484532879
-0.5282906667901139
-0.3045090961220243
-0.41909713796349013
-0.4305160677181521
-0.3948058805399826
-0.235084583971104
-0.2895182078795842
-0.4147442499630803
-0.25792558911556035
-0.28208251940432233
-0.16000244372966593
-0.05125623875482594
0.04930606775622941
-0.061467868437677396
-0.2596128384805944
-0.4038609815261812
-0.3387476533820206
-0.1256545716318731
-0.1004107471144455
0.28653001760231744
0.4118748473043008
0.3370008023839135
0.2898477976316563
0.09831763617363827
-0.21903458622193153
-0.4080544609872249
-0.39690706280219074
-0.12800354347706558
-0.027626333784793695
0.13253780777291513
0.3090583818395446
0.3764426303424679
0.27992903761878635
0.10840206218323256
-0.017838522322424107
-0.031877517932271955
-0.02294239857211218
0.012686571467716103
0.20791655834813383
0.07635847523587455
-0.09120818193784405
-0.08885881834155818
-0.2027198470182978
-0.4139428335382682
-0.46639352558538344
-0.30716479524013296
-0.37375666012112463
-0.5209800807358984
-0.4417185543672198
-0.2486514770191207
0.02265079997401717
0.7418353693325032
1.6097212950371005
2.381466836789841
