2.9101407180439383
1.696500937909287
1.0670497624725859
0.6017484900187969
0.23324874014159153
-0.1829486805895022
-0.3834992427275783
-0.3487373033040655
-0.043395043545021356
0.1602880925159766
0.4203092041997209
0.464687785206358
0.4772717527966635
0.49541506811352626
0.43132023908169637
0.37144358508920844
0.19749253259721036
0.38347582216924914
0.44670823309703206
0.5302873154360714
0.5698953985754853
0.298083579956075
0.35267220509110137
0.3421584883207641
0.21624753541706787
-0.14982552366095986
-0.27449477405839945
-0.45562840195152743
-0.510978295552692
-0.6941889887503643
-0.6839043162690963
-0.4630996015070462
-0.38097598406468863
-0.3321569807982195
-0.019646932511493596
0.2724363596631576
0.4060343936724699
0.6615340444933023
0.5421314837007465
0.3933490809933941
0.31851400170530014
0.16261515235800386
-0.33729112693164875
-0.4322212147333215
-0.207685116176048
-0.379601827545352
-0.5347260899319899
-0.5070541446255756
-0.33908951776341767
-0.20891798286863536
-0.13987915077102292
0.26157709643926585
0.3422895111825014
0.08885796314113216
0.2184102814957987
0.3093812314948135
-0.06748840830057255
-0.22599246593486563
-0.4073086141228939
-0.5152094490334871
-0.5639422346170073
-0.42334842150068025
-0.11113118963109977
0.12986782833033525
0.06144272106447221
0.12273391995875949
0.29281350935916906
0.4298882448494124
0.39751579261238795
0.3550721595547438
0.49233937773232217
0.2577610155992959
0.4499201973510824
0.5932086141959887
0.5694927701082289
0.35305111236888564
0.5150378185289362
0.5334503150903525
0.4521155435696745
0.25006001416864143
0.4514931022995327
0.5225185311437401
0.4530421519683474
0.44326346469573336
0.30061732726051016
0.2944281037093844
0.09581487636945317
-0.24745048083344698
-0.6939985527734513
-0.8914024231181811
-1.0038055105472312
-0.8819068885386365
-0.7000192444015776
-0.7423198492587583
-0.48665911012213076
-0.1342872737274165
0.1695728709608027
0.2963623470357198
0.4180857214149457
0.372047635137466
-0.026257241426766616
-0.029421074055913946
-0.05042056060660303
-0.3821861371304839
-0.5161582267313682
-0.41434112423055897
-0.5021794537512685
-0.566182607386308
-0.49716911437559197
-0.6486876997123995
-0.7571795370339344
-0.7941719898822552
-0.570154351175686
-0.3199020663645917
-0.07107849224199415
0.023009313015845335
0.30794289438954575
0.5190430908148088
0.397281685410361
0.15821978839055992
0.09778387198511601
-0.12314169538566774
-0.06974088987118551
-0.14802595729295462
-0.22457183332141395
-0.017139925468322048
-0.10742853529331436
-0.154165751367553
-0.05391781430804149
0.055366600792115084
0.06897139775785127
-0.2658598097176296
-0.41960109078650476
-0.4281187478519536
-0.47178810404132326
-0.33123440993507786
-0.09079430610734048
0.17985049347117985
0.18537074154667516
0.2926941260174943
0.09840807198313758
-0.2066353549960684
-0.19741957578321603
-0.13529752021844443
-0.41434834769298806
-0.45001622942645503
-0.19248078318239487
0.19085704796056738
0.38733414501758506
0.5297961187375005
0.4684750648083228
0.2642990527147834
0.004251794613361667
-0.0490370901183702
0.05961347500457189
0.2676834013748987
0.31668331041475783
0.5135557296514295
0.5455628323071533
0.5050784342351569
0.4778614810976445
0.359074782831895
0.08780620337842246
0.11932564156088804
0.27404336278623403
0.08197484961056634
-0.09761716029767054
-0.07664176341432155
-0.19891904306044578
-0.17523232741847716
0.007233662674374475
0.24586050503008472
0.34211946253138126
0.2423625917431796
0.13367741866601324
-0.11702505118035883
-0.18885156658446217
-0.2659973359708244
-0.08532416381697644
-0.20443559815266799
-0.08318457846389866
0.146483080701043
0.20281908007765914
0.08352898568599382
-0.05084983664507048
0.07574528032885391
-0.10740375302864069
-0.10172384922524196
-0.013479965269353876
0.14060557316601013
0.32244905452547346
0.3044321412446376
0.7483500509037092
1.2473901966480812
2.2327286193060787
