2.683708030379244
1.7016981667254274
1.0827233943390357
0.8137320574391474
0.5008415232602192
0.3401344232381515
0.213254637237166
0.024315684942836573
-0.202551256360785
-0.4971953571877321
-0.7098623326063391
-0.7622505548037278
-0.712561781219518
-0.673521707649513
-0.49818833543132995
-0.768687449337747
-0.7878548239878106
-0.7792562017332654
-0.7280326745956833
-0.8185304576169395
-0.8260932332164188
-0.6354675949103373
-0.5546938061163211
-0.5003150078652302
-0.3275133672421011
-0.4004983626555737
-0.7233032063235117
-0.8876642169041947
-0.9835871106724238
-1.0451499512416047
-1.208630972023188
-1.0663266841099286
-0.8889724794079366
-0.8348259237054027
-0.6069495639516771
-0.15773402631916494
0.11885616058358238
0.15485426511186903
0.04221635306740851
0.2248247649389794
0.09341806426941283
-0.23581952208684973
-0.28976353809838157
-0.4360206297909545
-0.7555117922140585
-0.9467489732230671
-0.8922466602575332
-0.8105563538194813
-0.6157877659616359
-0.5919087222741048
-0.437801469171263
-0.33839609828960626
-0.2878003631168269
-0.1908287528599742
-0.40360201536687046
-0.5056509633921581
-0.5142841962727346
-0.4599323320082105
-0.6621202611116295
-0.6765484695243281
-0.6825445996558357
-0.7197713036468322
-0.603286730721647
-0.6499054367291582
-0.5676321302923284
-0.5425913265219768
-0.4774530114796308
-0.5189173027813004
-0.3086973646384493
-0.2694156744101259
-0.31052000076313113
-0.5660080094232302
-0.604745972247825
-0.4832578940030681
-0.486124958450758
-0.4603592987329187
-0.4423545677226805
-0.4513937878161803
-0.7114886619620024
-0.9224647784252913
-1.0563140185306175
-1.0275310045728725
-1.019838143707624
-1.0646814326922542
-1.12042366581629
-1.0430489077456753
-0.9161118520623195
-0.7563940829404274
-0.5691436445065923
-0.35388660080098666
-0.15688601712762454
-0.09277621116759745
-0.18153218855247488
-0.4023611241257931
-0.5551478627386269
-0.5094705602995008
-0.7284587275819905
-0.7800052635824625
-0.7274029363650606
-0.6684653607442299
-0.5968868382901719
-0.5364255038263976
-0.3527198572294278
-0.44761506537285367
-0.7262659384801379
-0.8159660359395859
-0.7484592532172992
-0.7418222005067224
-0.7046433468939214
-0.7089086458338287
-0.5311707021572886
-0.47965689842704295
-0.3499768090531583
-0.2985425806532092
-0.11123289799162839
-0.15675008200316223
-0.29993855620054893
-0.2894441868423043
-0.1037946374299657
-0.08302151909828204
-0.19979699096923242
-0.164510930180036
-0.23883802482614094
-0.29084338694992007
-0.4204569074606661
-0.7252445548841646
-0.8662979651046931
-1.0155534450508905
-1.1686440105383031
-1.185000992637832
-1.1991498807638556
-1.137432798584291
-0.9745707912098932
-0.7562137712208205
-0.7580194091477646
-0.5465129554723209
-0.43700416697233474
-0.28098142489308253
-0.43850184643054674
-0.4136357769507362
-0.31380464544721925
-0.29605948238202506
-0.31047155326122067
-0.19796503793092632
-0.2407637862895027
-0.00454884982622644
0.14826736759332476
0.26534995143752055
0.4409405791687133
0.419122168747366
0.4978148402634095
0.6863202422646157
0.6902843096107649
0.47250820871646815
0.43917278430276774
0.2725184286008733
0.19111096829688007
0.2994709409999706
0.42869268424185886
0.4079273979757316
0.2680019703966394
0.3527287493086228
0.41924207052440254
0.14586473039265435
-0.13136128367062888
-0.40229682901222324
-0.46373288959552905
-0.5640596364877583
-0.6118956612255319
-0.490298527807988
-0.10195766910836733
-0.0944304443253837
-0.28447638779712286
-0.32367374661338644
-0.19665805482286616
-0.24625922374852838
-0.39820941840493007
-0.677722906620272
-0.7275561792091295
-0.9031204298654296
-1.009527046605238
-0.9673210939556173
-0.7599081362995505
-0.9158184885999328
-0.9029680906051576
-0.7535505188042586
-0.7584616671023192
-0.8101961249357089
-0.842920845096765
-0.8457230810317625
-0.7462435135386314
-0.8424512638568769
-0.8326892803729006
-0.6908505491654315
-0.6019335147684647
-0.6505594170976575
-0.5922587402791695
-0.7916245677706819
-0.9938489799507063
-1.036093174664028
-0.8797268184107128
-0.9135217031152592
-0.8583464914022785
-0.5645451767136744
-0.35413771544026024
-0.333160848897261
-0.18876454480434865
-0.0384937669459767
-0.012739467887539277
-0.09050884519457898
0.08715393779439946
0.27956810445751823
0.12627971209238784
0.43016056607618125
0.435420593292573
0.21517219434072693
0.061278048860448256
0.28005094252697027
0.1475014419811305
0.05934324546927816
0.32288634024744434
0.4277969498727023
0.1982079272852328
-0.06662947017219968
0.038031891018639304
-0.1889981677034309
-0.20046419009021837
0.13998757776159979
0.28082138040414906
0.27133119877099066
0.4558684176666474
0.4499329296967767
0.32329069718310155
0.28066791991620893
0.2022537102465187
-0.0018174758575637742
0.1662359549226901
0.19535516625704155
-0.05462422468579759
-0.18487695645910118
-0.08787257198075829
-0.0140107413857845
-0.1589703094190876
-0.2028134241535828
-0.19587967687611724
-0.14722024162381894
-0.1261009076158644
-0.04083371629959784
0.17562370395401225
0.1705579029294131
0.29039204083986214
0.2778358131269716
0.1982132100856092
0.346275497140163
0.20986876772777543
-0.0888366286268162
0.029055283850456068
0.0028496702969100325
-0.15296159309705049
-0.4007805133023938
-0.30138447759735687
-0.523115322631787
-0.573472931445527
-0.48579317597987326
-0.23528695445479364
-0.19007230785684898
-0.2761044164763238
0.006736984650100037
0.10657586683917677
-0.08438690469250096
-0.12679463876571453
0.10585680690469557
0.04722117002311341
0.18525204191653255
0.44717129985285287
0.6903030162270454
0.5842472009069926
0.45304429160302634
0.280673029664808
0.4007402323490157
0.36136768078483256
0.1514468778180571
0.23661897522965403
0.11858612733884373
0.08834861963921006
0.14174522008146953
0.3470321081815068
0.22212652304571745
0.03870720286027495
0.23391471355771432
0.26079230384830737
0.11130471987264606
0.08005962846168159
0.05013261825448956
-0.11861183128242343
-0.34627215915341775
-0.4142802819494372
-0.21012989639123725
-0.1603081207545723
-0.4558212920217091
-0.3370070712968164
0.12041827402161306
0.1520051399122191
0.05107226910137797
0.2330534948467722
0.33884816877201823
0.25526346355363416
0.10803627407815486
0.22016486740891253
0.2911953814494102
0.21256627181306278
-0.03406856988224937
-0.02230740658002029
-0.005101934546696456
-0.0063260354953546295
0.06024870313236737
-0.053821812646327176
-0.2223923126338669
-0.42659323479736616
-0.6285045219110995
-0.6503881496566244
-0.5970293556230675
-0.6410382562476591
-0.8658969976727827
-0.8996623898734578
-0.8383384698311486
-0.8254962084634749
-0.77625572742516
-0.7673938119209713
-0.7631395828964354
-0.6112037739494023
-0.5881286929875028
-0.589275164245658
-0.6702276906338955
-0.6142574933279815
-0.528318246606945
-0.7057746427329055
-0.8253549956976357
-0.6723034568010062
-0.6750071574211043
-0.6301385130977738
-0.42707117825241186
-0.04237486409545481
0.15860381941635662
0.06543069617187587
0.11478904180374766
0.0178685564584726
-0.23251247887967139
-0.35911648006728863
-0.6103543349165362
-0.8574244938499507
-0.9591851682181597
-0.9822428441425936
-1.1114894035765495
-1.0838053938804133
-0.9585908622450368
-0.9108125880619924
-0.8505455801707832
-0.6207657317898715
-0.29876238565986735
-0.17279029967839613
-0.04401338450720136
0.05482794061388101
0.0421041776937389
-0.17030019682615824
-0.2758258522339991
-0.3343835896997312
-0.4996469355876849
-0.7553974584619293
-0.9118686408635318
-0.8978044309470766
-0.8048712890885514
-0.7701737749453561
-0.6398686029510813
-0.5705793218224047
-0.22974448850947843
-0.08371093729200217
-0.2726203249674234
-0.015237678425182165
0.18385326127200613
0.04864765980598819
-0.18118805263575405
0.07261704231274134
0.3175359732590343
0.21256979401487897
0.4661293885326588
1.3971501993049442
2.487045185629427
