2.14251650523974
1.3219427052371806
0.8620685698208883
0.8346528122849531
0.734050845783739
0.5804874087934733
0.4431304844921556
0.34338910679379664
0.14450270059049924
-0.21229567972887434
-0.3044286310205724
-0.1388779185958743
0.18886909349814024
0.2152312263322446
0.2979563257937204
0.3040761085759673
0.09974009428778306
-0.17032148412099613
-0.2158868600864549
-0.08300974524374621
-0.2065483566142416
-0.2544706483290687
-0.029151968474784528
0.06935937123892098
0.06718485058056119
0.33272527331363705
0.23032785511508744
0.06258643870440579
-0.1221229244659376
-0.44176133685328156
-0.6160217382901951
-0.5945735775553708
-0.41015878345315154
-0.058413060510993965
0.13840482549530306
0.0871787771224481
0.11386658346079526
0.14857491912533544
-0.11607902221620471
-0.18387167786737418
-0.19186499447599473
-0.27036391374291674
-0.1700136233686125
-0.31953732507792065
-0.3341570251669302
-0.16194441829173445
-0.06716670540471897
-0.13294642252850072
0.03831943612200696
0.043041613430041675
0.09860669370074833
0.34496457433392924
0.23894237864358023
0.06092034094941329
0.03313778318944101
0.03864419320275199
-0.20892549224044113
-0.12071331956247021
-0.13707155719466513
-0.3705149425165916
-0.4264002088650491
-0.2145687211233499
-0.10820627112551996
-0.10176747633793011
0.1190687364784681
0.36881734917621956
0.4988011272694734
0.6167039825221218
0.6936406159440175
0.7451583558069321
0.6367892978177634
0.43108489757041163
0.3447405794854749
0.07997369212932204
0.10525129704810296
-0.19841831148065447
-0.4059449344761119
-0.3220188985723939
-0.22957207967761756
-0.42204317130109925
-0.3907753390527547
-0.03431667751782859
0.21881436642885976
0.12298630331625908
-0.0366992273205322
0.2022977650594195
0.04490694604694169
0.14716301908866078
0.36814045550942187
0.2832915472336847
-0.0036479928302292092
-0.12569874164667513
0.12088420412510908
0.07704019374658129
0.17811804859775354
0.19487756966970846
0.269138394499196
0.055998433939913966
-0.2146175605982652
-0.08714264114899088
0.002903332814101014
-0.10930063175611951
0.09110440075642082
0.2078097841239133
0.2570819963328383
0.30675349233416055
0.2990955970982737
0.1500830416202916
0.34440350139994896
0.3618760168429365
0.3842356269653826
0.2666659339226713
0.1066768656529061
0.23673040890095154
0.08677449167907306
-0.11415143662532516
-0.1408873148987786
-0.14135747173074723
-0.0985300717422529
-0.004387267957270166
-0.18384365623785054
-0.33931300936654746
-0.25644342119361313
-0.5046575074052198
-0.47404918772331633
-0.2968596990899211
-0.03237121502714191
0.10351199133754953
0.2870933343153033
0.26947658386935086
0.008807309685074989
0.14485922869435916
0.2669265380093862
0.5951920653782565
0.8508630831590452
1.707665060554118
2.7038055953343263
