2.481610408238171
1.4139980812467194
0.7459559542773747
0.5235437964731049
0.4655248131856636
0.32680393940292285
0.35208141598999676
0.35101414086707733
0.3854273320695564
0.2209181341026376
-0.0562453882903503
0.09159367149031067
0.15023534065634167
0.10967241744315524
0.03494744677620925
0.0941094269021477
0.22276013814960255
0.056399700373335866
-0.1437872188017769
-0.08389911526318887
-0.3903161505844521
-0.3409789972540135
-0.3240242130648121
-0.2921718491767864
-0.17767234536249182
-0.0023372813341560484
-0.00982824085525886
-0.24005009860175147
-0.22797434197604416
0.011942296123247055
-0.09371645724720912
0.10500474545275813
0.3446445443924819
0.46270978366044613
0.3806191871668547
0.2688144999712507
0.042945447170548975
-0.1701591384045674
-0.12999723186073228
-0.2841818508908635
-0.24915474198012136
-0.30026440993133396
-0.4062355050880284
-0.2335815412469679
-0.2223935419497275
-0.3173257648134201
-0.27799926860603064
-0.2064732172531362
-0.2069139127650405
-0.2619503546795246
-0.18891450060635115
-0.1584313112401221
0.1120580011199187
0.23150766380044796
0.17121165790442675
0.1666588945529597
0.24853577695384185
0.08217835217665884
-0.10983778379387345
0.026617429808613216
0.0913391077674659
0.14721201174649642
0.1942137693844533
0.15735273868124813
-0.10187483543207411
-0.4570442637971455
-0.5105683728174677
-0.560521962382489
-0.6014632215394555
-0.5053268756118332
-0.24536913698613183
-0.1014796244056972
0.11439454087450245
0.22344555462626037
0.24218278863357345
0.11613051544922443
-0.32673201122167306
-0.5802870564456001
-0.6850700957466949
-0.549425387847697
-0.7213477243240878
-0.5932156984663516
-0.2500625066521711
-0.1998094388479647
-0.08237200156395312
0.06712728659221852
0.09807372700682472
-0.05558155665917748
0.042299872711256556
0.02772929243755559
0.32506531455555865
0.33214420589558397
0.8926186586492307
1.295256573016369
1.945344931646924
