2.81580574947027
1.740392899301834
0.9085843910675168
0.4750048971556141
0.4731666578910366
0.479741721897831
0.5040766721492091
0.5377165671707022
0.5462200461242969
0.4459129839893426
0.024085018719429765
0.007960564226222258
0.19648853319282042
0.09710925953864791
-0.010062700075354853
-0.195236152442804
-0.45879449256295934
-0.5460082415294045
-0.4391951088023327
-0.30020615016624713
-0.03519088729785709
0.04698306049764447
-0.05176651323257998
-0.24850383717434404
-0.252961686078551
-0.1510974654973891
-0.08457996553180279
-0.009353312382289078
-0.09707012183997074
0.013780282699742125
0.20282032240390008
0.37324822398782775
0.37816151349681176
0.16948115767926977
0.41404641141137105
0.48482960691617516
0.4003397066049629
0.24893593296539698
0.08755491967841429
0.15241485618287645
0.14503790578763026
-0.027222076188892934
0.20928847421317104
0.2419389094333678
0.29132284720785445
0.6150464275738753
0.6684994112206918
0.5502924502962266
0.5446863001448492
0.3884034704105317
-0.04260126325162996
-0.29160193504230864
-0.23298929918800376
-0.3752234701519014
-0.4183553795350081
-0.13491317387544963
0.21993499572197753
0.18503874691386774
0.07401198663331433
0.2684722556412007
0.4048369513774946
0.4785615127753332
0.6384438996231828
0.7481672846594056
0.6990058635750268
0.6490757491904968
0.5426596788199931
0.37824424660613043
0.4394518950236995
0.31948214146004067
-0.08302670481063854
-0.15231077210388105
-0.29390391227760343
-0.35923615823442634
-0.7133570687795965
-0.7959789118349103
-0.8287024987355206
-0.6948386906988799
-0.5915671768118534
-0.4043317110867875
-0.12534462465988114
-0.12631870503073486
0.0981998435902067
0.39337162942120124
0.3984316707923746
0.4713395403123563
0.31844130392403946
0.17764727384397908
0.26713883228029345
0.04636040372526609
0.03174545277891402
0.11123967044252356
0.16749794899513956
-0.07083729059590461
0.07598947916250523
0.2644277005475319
0.16299166523116
0.35789313455053184
0.4299130066222263
0.3531869779457194
0.23204456234553622
0.19936228234231768
-0.010825977465890743
-0.11436096060973856
-0.3431128820940887
-0.4550404966932158
-0.6082676373462462
-0.6403418113649731
-0.5072093937381197
-0.31059960181982454
0.047694448080194976
0.27654660361940486
0.4515809402944511
0.6271569680687537
0.7276783202224992
0.7396891283483602
0.669158073007592
0.7079017911140605
0.5125186144679921
0.1269488036011194
0.11716831124652287
0.1633539786420843
-0.10200920068085872
-0.29840465904811325
-0.043858289135961556
0.024192074024837622
-0.012669671938899
-0.11213073060096525
-0.009500051427480057
-0.13146919349312414
-0.29701474304166414
-0.20530688683844694
0.13112218089620825
0.2752510217861078
0.12527270367176874
0.0005024746766282596
0.16668970657706872
0.10917940460454445
-0.2065434593938986
-0.13168036469833386
-0.0276054083829672
-0.2562203465069548
-0.2365571935146672
0.10642459272544377
0.48876607008010703
0.5784088058104918
1.0957579696031727
1.8246720042002411
2.9501698914430032
