2.6259283667962956
1.4937381202544087
0.6805372187172829
0.028848841055452115
-0.29005469489697927
-0.4811553328601042
-0.44943321698613875
-0.290640500897734
-0.21212343788066504
-0.2708762222657118
-0.3303445497823262
-0.18606703238714775
-0.10210558425498426
-0.14551409148800243
-0.04127485087902156
-0.12371696426987067
-0.19541095463816302
-0.08566354372876064
-0.008707730809020355
-0.17199747558455739
-0.11001961414807247
0.02085569353424059
-0.03412318683194088
-0.013565348798580417
-0.20958860628225384
-0.36151017439013894
-0.35739887627849937
-0.5401685759007696
-0.5112569858813073
-0.188692889128277
-0.22935466985535113
-0.1793928772524322
-0.044431983659750936
0.26498315822659874
0.3294666645482227
0.3463930960676351
0.17279135895743983
0.01706922254004382
-0.19139798170472835
-0.1643945199093323
-0.1616195675244128
-0.08901221188376039
-0.20582095215738827
-0.3394692855706863
-0.3074113599981531
-0.09367082388496041
-0.23026317978445912
-0.5554531137151352
-0.5402456782566808
-0.30792483125514686
-0.4812583184312126
-0.4043726236753719
-0.46724839289698594
-0.4810459325975738
-0.5659060272157895
-0.3419185831541999
0.022045482493230906
0.21308355977586005
0.3721724943029281
0.5735972793236799
0.6569923223715994
0.6034797733952738
0.3087977315492627
0.04818062763950845
-0.2657754028582657
-0.5142825597327563
-0.4937065679523577
-0.6576210291729707
-0.5772000213753941
-0.38237281565797676
-0.1528402334405751
-0.2820009437270442
-0.11010997385973217
-0.028667026699564575
0.11909497587608821
0.27980362583036045
0.46879888987454554
0.56205322057091
0.553936366041066
0.42444060583576465
0.605676925629486
0.7272911303030666
0.6279944050370109
0.38171245675790694
0.11027923985348476
-0.23741126244161934
-0.4001989786428443
-0.3795353372581985
-0.44131004271997765
-0.5383275379279333
-0.4796924137586889
-0.09210332224243911
0.20514119214857993
0.3653419589096121
0.351582597091566
0.23601260011200156
0.11303154560289017
-0.14676749522565566
-0.2353809138749638
-0.33911335215641997
-0.2192204490071623
-0.47867634944523973
-0.4644097192003288
-0.2751815409895438
-0.14530807365858595
-0.3686483350901092
-0.4700834707797128
-0.4060975282605098
-0.6531902018291613
-0.6972439783068244
-0.542680565565185
-0.3957559615437022
-0.5282634170452867
-0.3945332755768411
-0.007024033915250973
-0.04965456482338253
-0.1422489908755703
0.045420062509877485
0.24981617782636567
-0.004644206863247308
0.09854529045103579
0.42542145727362635
0.6250047477301761
0.5467874555383734
0.5501664580107778
0.35940800878839907
0.20783638360260084
0.12944361564343587
0.13572984427384885
0.13183210966910644
-0.05958534955218225
0.04490274376337841
0.20649729262504432
-0.0933407206444135
-0.06756425456851367
0.23425229600464964
0.4308442858840834
0.3884417918068895
0.07344551912668242
0.17000489949932465
0.21077702815297267
0.06355893653398434
-0.1723642871197139
-0.13094101501838187
-0.022443675256860134
-0.18865575549129834
-0.050287588003082875
0.0962054325214868
0.1970671197194831
0.04208214725118786
-0.014447656199025475
-0.2607963099173748
-0.28008311357046406
-0.4115972531163493
-0.44244984462074544
-0.32832560171854214
-0.42361577875192385
-0.5754125717501073
-0.5847048539386573
-0.4654535616308096
-0.4955295877427797
-0.2861432979503164
-0.44799800209425356
-0.394352892935043
-0.2697067104222665
0.011678280319624852
0.06911135901627809
0.01585185731047222
-0.04228059596239582
-0.07294007082383182
-0.13533621682220584
-0.22577304033326218
-0.5106742047588847
-0.5234456173525353
-0.5055185840504163
-0.500583842786569
-0.35759687314634886
-0.12517261929637033
-0.10599675510848654
0.055023377336252836
0.09118269838228484
-0.21596993849963483
-0.23807222419551016
-0.36022834279762894
-0.38549173419179156
-0.20612973966221806
-0.21953778345475033
-0.43524669949504097
-0.38156451035391
-0.5458515035930867
-0.6150493394523953
-0.5607834821233534
-0.26028115936715807
-0.03690665210177903
-0.12346611002633694
-0.19986671127039224
0.04870440156543529
0.04657003323828104
-0.20498677894656248
-0.1832362801288945
-0.09288262921422187
-0.20287674874703687
-0.4530548656257135
-0.38377881631736577
-0.09142399978435427
0.08704819492077213
0.0027953999825222307
0.2864124740181434
0.5354090299091164
0.4076313371871406
0.22727449462456803
0.1769139930931652
0.15381139066051713
0.05575909840506835
0.24723052907223986
0.2670636128869682
0.15042784012570432
-0.047049578176395636
0.00973406051652766
-0.1635732693803369
-0.3191206604288905
-0.27121446376152275
-0.2718933996567083
-0.07076259877947064
-0.000933253980809812
0.0022185106645651806
-0.16461414884500547
0.03834487405354766
0.11997122701020185
0.031925309161544554
0.07422422677798937
0.050396900449956206
0.3196844365698617
0.4202225988161455
0.4577417863479851
0.09358171530718852
-0.2749898180611406
-0.26400511909501073
-0.43590259302794887
-0.5320699718345261
-0.41005730304206983
-0.09162108385517924
-0.08234457653043133
0.3258234918947587
0.5239440616033495
0.44828573775892155
0.33197245834316663
0.2797816732783323
0.01832868128164965
0.010810680450883698
-0.09774925432783552
-0.2649703111744267
-0.4780899132317846
-0.7004072519743774
-0.801743275469739
-0.7686988380845824
-0.6190305937116588
-0.6605719455602417
-0.4606555623429759
-0.2800836499765796
-0.06516769479825099
-0.20979650384354093
-0.10922668227443708
0.30159372295339065
0.46855567108527296
0.28646525043107496
0.33982349230136377
0.3940671500804462
0.21684146492118825
0.03683498332344497
0.07422515558663768
0.33178772565711934
0.3068087318700216
0.34986838871063125
0.3233486415481751
0.4750319034723096
0.513726569376791
0.560833550533521
0.4577584978008986
0.32139400226090614
0.36726499555164094
0.03318441999676844
-0.15868852445738044
0.03776864897234246
0.102529587261131
-0.01946163766324374
0.08837081565179766
0.11720744325737559
0.25999510342162796
0.24075624714845462
0.1912519046276367
0.07793947792174714
-0.014062284581184963
-0.39939860978916264
-0.5501358004271361
-0.3651941205695396
-0.030770800898140778
-0.13785608276602743
0.18197873304511247
0.33818278776088895
0.2546950063696956
0.14801308008234568
0.2519833413402401
0.4919755146370907
0.37998736950745504
0.2961299640157573
0.08413180870342252
0.015048301476145484
-0.4133234781641264
-0.5554275748596023
-0.4411152970230924
-0.5766047840235137
-0.5302892355388955
-0.3088300476053263
0.21824906670329
0.37979522006837907
0.38706424470142464
0.4752514090066101
0.4850899734717188
0.3285989708162616
0.37669412686435155
0.3416303660929997
0.10353462601819174
-0.10978007929164177
-0.1469362542229703
-0.03314851521252871
-0.11464310150035958
0.020061608002524364
0.0941103118304757
-0.00610507372991158
-0.30389682644929583
-0.3765722912059806
-0.08993741733826373
-0.10449524075340047
-0.3536957548665539
-0.3148144751532209
-0.17365988921572914
-0.433655066038745
-0.4529062819767559
-0.30977347952296586
-0.14561926149396842
-0.2014751848811701
-0.218453472009576
-0.3349506912250798
-0.520346457473875
-0.6358603735930861
-0.5873017351748675
-0.49769797175299635
-0.7046490772067525
-0.6010612434043899
-0.3031858025985552
-0.10811374261849145
-0.18195123066370136
0.047342050625729416
0.15045061995705472
0.18570983453412218
-0.09900813294016339
0.01888404919098991
0.28181872034657396
0.21600021651403015
0.16492633025290027
0.3979152061983068
0.5153946513087991
0.4778727988423828
0.282574658433604
-0.14013542324206862
-0.29302239238316463
-0.2453914289743395
-0.22560108400461276
-0.45610541230093227
-0.35009183897294566
-0.2676703084589701
-0.42782525236335894
-0.4424038548798616
-0.2022306612093751
-0.05786797472856581
-0.023555992937210078
0.2742905518609925
0.48639345521522387
0.4652714175953047
0.39231031271066374
0.39328829355282935
0.13046042935035534
0.18600618766276672
0.13429817537417804
0.07910287654402798
0.19598059116190605
0.10521670843212028
-0.06443614424952976
0.03568778884578194
0.044334721905500876
0.022039455145725136
-0.014795721833227495
-0.20683487413262736
-0.1384840720300486
-0.058826411734145566
-0.10226438362729554
-0.027349867830645202
-0.0767063718311285
-0.001769887404132026
0.1333267024696048
0.07891998763879665
-0.14554824439508549
-0.4281452650144739
-0.5128859409846802
-0.716614726465329
-0.6744706953558292
-0.512385476242999
-0.3044546999524123
-0.038138766727106206
0.13914260268676418
0.2737991415445304
0.4102762397857307
0.5054241438210398
0.28886316285811714
0.05514212450419687
0.09704798007751883
-0.11340064872835695
-0.10892762880871329
-0.05461200761144569
0.09576654072381437
0.044312832683458606
-0.032694928327415294
0.15564558630165454
0.07817735790475684
-0.2688376053970372
-0.3921083203026691
-0.5809271978223749
-0.6438180290843847
-0.5840796114663865
-0.27556432165269884
-0.03911327646264533
0.14579518854080192
0.012045946815064625
-0.057416155948346335
-0.16230167671680276
-0.19718812297343882
-0.3227773495704691
-0.5063748151592286
-0.5074196123842254
-0.32428330783279025
-0.24675310167944
-0.20857241063269671
-0.20620213119730635
-0.17082281606827615
-0.3316758940718692
-0.46716573043818954
-0.3461271366851499
-0.0699969122183285
-0.09589147520732248
-0.2801860697847424
-0.05565437922097154
0.1136904938513409
-0.022988849026507135
0.07451567702347915
-0.04047278818457821
-0.29094858822152136
-0.346763381164031
-0.22361465116083973
-0.2594854396072627
-0.19922868666903382
0.09854755595146505
0.2895692113949342
0.35693752833636083
0.34783571543353486
0.6300685160614358
0.7195565369303913
0.738947885126896
0.8296233748971686
1.1935381831854905
1.7153088277365756
2.39382612651752
