3.1471310808781032
2.1944575700956777
1.5346024450175733
1.3822413458430765
1.0389491606081174
0.4916712516403706
0.43870498639068006
0.4242100729331821
0.30229981718385524
0.056433134544653485
0.034061510822787314
0.15865515371150127
0.024807385681868147
-0.1039781064518355
0.025513632342007812
0.13016672442735858
0.15532600014728004
0.08305203474744863
0.04610325558086718
0.1111400132334464
-0.008555998976048517
0.1667602862379886
0.29004817703239544
0.18055869232425747
-0.0006334362393079045
-0.173713934607468
-0.17612949097554723
-0.2006481180556592
-0.35164423466162964
-0.4724802779409129
-0.6556908266062059
-0.8050536145769837
-0.8057100838333913
-0.5313898195506558
-0.41501148175634234
-0.37107253849245675
-0.12918455657852848
0.25816703098486526
0.40217924644892605
0.49107909842802605
0.5796351899181436
0.5888542129281101
0.4845593453910703
0.2990791786789985
0.24000272062584127
0.18984834204483406
0.20826705651203142
0.058925227520622916
-0.08189164697991252
0.0906362934992365
0.31624425862640987
0.24307277774323585
0.1263422284149197
0.22257697208227092
0.44944998019256716
0.35066111564709135
0.21478912560579885
0.4855880382223657
0.6007903822645722
0.2497729004380751
0.35908898174023113
0.4584386608642086
0.2531837884485844
-0.05694377311330869
0.07782322500743603
0.10477248696996003
0.16062170345889282
0.38961921342802597
1.1228379799521793
1.8088885451838947
2.7713885357925743
