2.8472688633450995
1.8086446760886348
1.3115470533086868
0.6920678806931437
0.22346227662641194
0.22668375064582397
-0.07378441261765596
-0.3244696726898254
-0.18716565771055385
0.23142618826719846
0.2299345160084271
-0.06397183649250929
0.15913921646737866
0.2544418460110974
-0.10375699199362882
-0.30398336273429577
-0.14455710897233529
-0.1271489234494387
-0.3337008824696793
-0.30166544840527115
-0.09386888426439854
0.2033022662209905
0.3114999239419403
0.5475173583329065
0.604357026349795
0.35931196869539356
0.48716474188552167
0.48949301998912603
0.2614621202374869
0.08977200796363703
0.3218922390851061
0.2682957329767526
-0.051594873487104516
-0.04847600748157146
0.3791053049320127
0.4004283076244917
0.3820111539084977
0.5453414327760344
0.5514475941555713
0.2385109968573126
0.22135759523568138
-0.06321989438681988
-0.052663908806811544
-0.2613329517722277
-0.4567838088501337
-0.39350923558660134
-0.19897638681609217
0.15751605454819526
0.3597352667114753
0.5211041621699602
0.491825905425372
0.5460797981059982
0.391172382000269
0.10660633182776572
-0.17513904488768942
-0.49327316830002715
-0.5849200232298221
-0.5743371429107219
-0.3171977971502566
0.18160735819918544
0.2913704310438678
0.2637987206054439
0.25301158098760224
0.20867309383362903
-0.13724208064347979
-0.2752856709539854
-0.3785460070204852
-0.2765302961031119
-0.057287173125892946
0.11454165282051426
0.2759239411540728
0.37733316778055065
0.41988823899848265
0.23380272277584252
0.35070759677661706
0.3679624533911235
0.06589455181409182
-0.12533507790994242
-0.29016065704843025
-0.42703287446664834
-0.3779131451330166
-0.2562021256744603
-0.40121937443030614
-0.36080704496298893
-0.1738216918419582
-0.0883617685065318
-0.31052310268036065
-0.25269239100974134
0.07181782587052714
0.03136411378113035
0.2531930824100411
0.21370978983870928
0.27249979910344846
0.1371320144291018
-0.2470745786875339
-0.5058621294525444
-0.5472692602647695
-0.3709880750521364
-0.5493960322261603
-0.5773297182219073
-0.3805753821701361
-0.19369117178455883
-0.1523162743964484
0.1795149786219662
0.186598264847779
-0.14049091871840205
-0.1052555521600683
0.2121898208062657
0.048908071707946796
-0.02310861052526947
0.25091578050509084
0.030103692090503953
0.033528557593134015
-0.03467447109970608
-0.2135468717599621
-0.30374795412911454
-0.48537171067763235
-0.5159225242134888
-0.48021450177490527
-0.601462389217024
-0.5749603179541581
-0.5955472512853156
-0.45558418269130546
-0.056099036347388165
-0.07739084707188265
-0.2807751760615219
-0.11091035384177861
-0.1762854866612301
-0.07625875653808871
-0.0074617466497479586
-0.08936445398971085
0.010575249005395049
-0.04674788731363847
0.03966225093597235
0.08236064481745747
0.12014787656051151
-0.02536106065518557
-0.21672011330515617
-0.14857997649166627
-0.08199093985261405
-0.22032964352983975
-0.21483034105732346
0.04230965604224515
0.2653261710130359
0.38441902604238337
0.27486694976755693
0.12263807132002988
0.06910374381143028
0.11571027786140521
-0.08183225554858561
-0.010924347323576273
-0.2699502626245988
-0.2546090399416601
-0.03781081700908154
-0.015694179688814966
0.04062806356406174
-0.08743406901417734
0.0029265654549113524
-0.024346725768542785
-0.17211415811560066
-0.3096759499089515
-0.2112103303345808
-0.21202027282897346
-0.4488598165318617
-0.4428856352217508
-0.03910483545320338
-0.009899828746430585
-0.1224233527787153
0.13118038513883487
0.4991307066293614
0.48057697406717476
0.34024963272370856
0.2760698143659624
0.17577615330118115
-0.20818501331301859
-0.3314064324260796
-0.29787457186218613
-0.465420967137972
-0.4067877551929271
-0.33436340236485
-0.072799846681455
-0.05409323026775712
0.13625442346714844
0.1964693717884998
0.25432658271610037
0.11134665780505047
-0.1859747486501733
-0.30133876898631407
-0.3747824495086034
-0.2733108296611896
-0.5892126175289909
-0.6119666997540699
-0.44114612441099593
-0.6165041662854646
-0.6961197881986377
-0.6087026753725215
-0.3202141862083849
-0.24282774871366017
-0.0867602071637638
0.37329095817104974
0.4460492962883973
0.4065757122245773
0.33905886526487994
0.04920824866319142
-0.0009486844019844769
-0.18816388908220702
-0.47519349917063336
-0.4973057128196348
-0.38135087692132863
-0.3819614169041173
-0.21211835321528905
-0.1482407308134042
-0.28524605380368295
-0.3081653454094827
-0.07319542160553813
0.12078549546947978
0.0787251397376277
0.1273705020424559
0.19651338392377332
0.3195787176657687
0.12542782094907307
-0.17014430702408334
-0.15691683395855732
0.0955510209560882
-0.07853594225748911
-0.36917762851125946
-0.21503181736818064
-0.18067805823821248
-0.3659454205517456
-0.3614757357223686
-0.2715557908249097
-0.09276670791087599
0.2315579729097796
0.4992639188429519
0.5733354922566665
0.4076536035373232
0.37093150948404974
0.05287790679895331
-0.16062099288641166
-0.28854053059498186
-0.07208397486979506
-0.12162942699781215
-0.418645598017822
-0.3086817038273072
0.059912651489953596
0.01622562435554639
-0.025394832145740273
0.28515150024266384
0.48230202763193064
0.444680515889039
0.22020901155234401
0.43073657459497555
0.3582153147082871
0.440311617230775
0.43285440220218274
0.2476291020927391
0.19851484347381787
0.023223056684369886
-0.18844295850081927
-0.18030499968748248
-0.32123338760656484
-0.17770277142495405
0.20169924363046843
0.4156969955056368
0.4784372793018476
0.4993662067189318
0.451587138571353
0.1701728299617189
0.21827570753545628
0.09678639281891627
0.032268019692847136
-0.13392024126200103
-0.028932518392496873
0.14904551640048047
0.012851427970015044
0.04511435033699013
0.2296671379375653
0.129139408086633
0.4064082740422375
0.6084688165496273
0.5994965790764031
0.3271902432869841
0.40161394352462376
0.4158871210674282
0.3311083391488112
0.19834463600445107
0.027113860051985503
0.0838542696136881
-0.18699766731731593
-0.2009884705197848
-0.03613243386313081
-0.019095045345627757
-0.3015515739627432
-0.14750030558993968
0.007598211597397384
-0.1670851409773213
-0.07245238517530059
-0.0028292566840125693
-0.12962923197718204
-0.2769079957215413
-0.2254710360152209
-0.15867493104891867
0.10282174100418404
0.06057496156605828
0.185303801516294
0.3374310861284667
0.2721190472698432
0.13245318328050595
0.12687898260531005
-0.12882265411899893
-0.17766363862860815
-0.28662871429489595
-0.4064467628942805
-0.35789713652739275
-0.41595767196131156
-0.30158918239495613
-0.0544541047674119
0.1757698864298243
0.27688569757255416
0.24456454774983974
0.2723471980905514
0.05407466169250813
0.1373077583147583
0.12734797174566007
-0.09195357172215442
-0.07547662636457617
-0.01615636758399361
0.004787907054908545
0.07142848322955936
0.06607663508901551
0.30950056630036427
0.24518563075862868
0.04273359837192312
-0.02849597938254013
0.23450542752621045
0.1361461462999785
-0.03623367839209359
0.15983317000377545
0.13390229458938094
-0.1862546927672808
-0.22080159302935692
-0.01002069817580149
0.039550358904418687
0.06345692794021138
0.14977773167072272
0.016359176359372275
-0.11586145987761898
-0.07073167727563306
-0.1510119697655088
-0.05680477697454227
-0.21294791951376202
-0.38542567324071886
-0.5411026032933194
-0.46104583740559424
-0.24681738041924822
-0.16842617095874557
0.0013014500073306647
0.1480148008520012
0.16645717160909038
-0.20850220372166273
-0.11411445186952213
0.20319822642606863
0.31259871226966796
0.11550751251812347
0.3912226723410394
0.6158106156505999
0.5706541404810107
0.4738336218609809
0.39422395703147933
0.06630763458516097
-0.07320518543225402
-0.33160777981920136
-0.5858169074907199
-0.5803238900609237
-0.3820691948315904
-0.5233943331259597
-0.3511799445110668
0.05130072272654518
0.06894910329492368
-0.09141764960264712
0.04076738105591766
0.37767413274780254
0.4280552979655864
0.4897710002658336
0.48279955359381604
0.350898112320954
0.047243621220983356
0.08769564456646631
-0.12467885272341181
-0.05104128184905456
-0.24332806428599305
-0.1603192079399617
-0.06995454344859314
0.08590785534818288
0.11084980335855614
0.24004260950275313
0.2311361324483479
0.07469029274344872
0.12236605396170605
0.3170089204785259
0.3754100701932772
0.5598540698600407
0.48194188331651777
0.4097755268291403
0.4861517375321733
0.4291843777073195
0.05897818205246744
0.019964372125061608
-0.09357153277736273
0.05449790961995418
-0.2104806686915151
-0.4166412106913989
-0.3129935793915903
-0.5115493697233793
-0.7963534528237012
-0.8041120142387923
-0.8723621008581
-0.753723560079382
-0.6233141516293494
-0.4106036998421519
-0.18756560298658115
-0.009673380725254163
-0.14411154097895984
-0.12298316060655475
-0.36798684163236134
-0.6071570060694559
-0.6834031407778063
-0.544367411984972
-0.37097159399827456
-0.2961687711500116
0.12247361804089058
0.31210705013273743
0.3798322949364561
0.36083058342501473
0.373268976833448
0.3699726615032381
0.17031157049623355
-0.10321628571058156
0.09562757365219403
0.14481156283048124
0.09835930648087961
0.3337052926221158
0.6160821752086137
0.5776123733590224
0.4244769318463211
0.3865316004509403
0.38584655343907936
0.3320754953610201
0.06215146229451738
-0.21661394720708577
-0.5481368431173149
-0.6629627574480372
-0.772120497783712
-0.8019198562671741
-0.6943319572516927
-0.7541479966739969
-0.7013189865791029
-0.4333434599260995
-0.3788149936801519
-0.35448645328909845
-0.24795639815711545
-0.33896243303030926
-0.4001674480928828
-0.5947402279661802
-0.5329775323881825
-0.6628887282774394
-0.745478085291483
-0.9380898542618777
-0.8407569191279599
-0.7982472841630927
-0.7466107172156418
-0.3519143242168931
-0.2694041125815308
-0.31531400810785015
-0.09266574532734251
0.29009508302725084
0.2194815055068363
0.1763665044122028
0.4667856331400716
0.3789610882260826
0.17380131655400116
0.37541241943955483
0.42114163274221056
0.1440585846654186
-0.03547096527405887
0.06879140564651581
-0.17723709727791395
-0.14381650031621646
0.12314538317857851
0.09449088114100881
0.07140082727525217
0.2050883812831235
0.15702459710389632
0.03533603835900702
0.03702617442133049
0.08628090298312821
0.0024931036848656538
-0.020254876004824743
0.15421231232525648
0.06881828588806191
0.14990812564403996
0.15915256993535432
0.0318356049035748
-0.14089144758161107
-0.30954507818744814
-0.08069980460587263
-0.02967093377914528
-0.2657797143241412
-0.21471083182472228
0.1426129307819114
0.19709752403726966
0.0793045849169062
0.21489401642804387
0.4395289474638517
0.4441807820321921
0.43168692522956914
0.36906492324970863
0.0389795169215691
0.05844248032603417
0.4121631452275353
0.49891785061923827
0.5065217930563423
0.7386962624236797
0.7473037675921868
0.685410371035091
0.5349985413490964
0.20602847551843267
-0.20721490979274693
-0.473792152940778
-0.5718402815901361
-0.8245587828016289
-0.8928155598463998
-0.730219375596542
-0.7802110954434139
-0.7061642509163186
-0.6169326243776507
-0.4178903430801357
-0.3001771244178718
-0.33999521610105227
-0.20703007954403446
-0.3308555704331051
-0.33986190740590355
-0.13313960909684708
0.058618489951085546
-0.007081937237902935
-0.03462132796594693
-0.15850048537127515
-0.07132928615932294
-0.07815170230008392
-0.17327508029866687
-0.24948660964505848
-0.08373192370387002
-0.1077823903274639
0.13391504753333522
0.40540617630897724
0.3957199993873668
0.4762372697645377
0.47538212644466177
0.3247308229593649
-0.02486848151214515
-0.0785987053869038
-0.26872571555723096
-0.22766194027022565
-0.01594374512806239
0.29924236495840506
0.5004367751395574
0.507276274085511
0.546235744540235
0.47196334844212007
0.44425352586030964
0.3111317549663441
0.2695094840310728
0.02012378893101108
-0.10508539912035977
-0.2666613284903351
-0.5167567231086705
-0.546887319765262
-0.4213563516633242
-0.31027997428078113
-0.3934843776172816
-0.2262967010433007
0.16504700663094193
0.34511107747772474
0.39836800710402653
0.5013544065641131
0.5478326558078076
0.35306225155563176
0.05023677899478419
0.08936445949356195
0.12187453747418145
-0.28379826984991535
-0.4940585477035786
-0.4044035957473977
-0.48416475354406224
-0.6435852154578645
-0.5033725773991397
-0.1700449040662962
-0.03323137570810395
-0.07879086075550029
-0.2074843052758788
-0.2588995639732082
-0.5002550720184477
-0.5553611720504871
-0.6604254763696302
-0.5975520332551144
-0.5506258225160173
-0.21190425780069455
-0.18272481676150393
-0.2517104087035398
-0.08773862777865085
0.15606180605743564
0.1360918217535236
0.2925631758272692
0.4336720286612261
0.5695458273126556
0.7098574284219051
0.7175190378675308
0.6436205037710008
0.552577171231633
0.31038829165860604
-0.08727377948140086
-0.19964540537149117
-0.11908794204523365
-0.2706799589839598
-0.1199657354311371
0.09813341120716874
-0.019609569016175887
-0.1513098992780749
-0.012932609000697275
0.011180968601781457
-0.3150950019083997
-0.3392693693212765
-0.38847911859774187
-0.5875679684283583
-0.7511815832584611
-0.71686319198559
-0.5354300872826516
-0.7610806648812922
-0.7605979434153636
-0.5773665403682661
-0.3072433436739788
-0.027423631644459975
0.14653758931544594
0.4961031917608613
0.7111575115612371
0.8774040073431313
0.8357195833885939
0.6771491694820779
0.32376575221287873
0.04272012913233521
-0.30760400879135774
-0.5429149980447846
-0.5834868326448278
-0.4009999831709124
-0.3131716532114392
-0.5687552626959432
-0.5075628779665617
-0.2861197972768445
-0.18813557557082747
-0.17969354000024282
-0.11655160869496244
-0.11592434980144643
-0.03313678181064717
-0.3124535094957118
-0.42615529616538533
-0.20532542098552634
-0.21709677068958388
-0.021350807050830277
0.07166192146261761
0.44999153331907504
0.6864487474271871
0.6483136228315003
0.5096275321903406
0.43480101807892385
0.3566918716444973
-0.02478512446403795
-0.3918626551386416
-0.4180209131449883
-0.3400175340745915
-0.5256302040674475
-0.452520585506942
-0.350734475766895
-0.3801122393449722
-0.6057778518036405
-0.43194610847940595
-0.5136989249529179
-0.48785209674876967
-0.35077124172912255
-0.0661854417906647
-0.02616400393629992
-0.2891859376523839
-0.24110397875837017
0.07083630122044766
0.18822541983059957
0.05028543492404692
0.319122947327154
0.34502248308829686
0.3723210366056199
0.20409931735955594
0.3091804747411891
0.3747941405749681
0.12957891446521752
-0.17238133940305714
-0.18489290109859086
0.05771204323899762
0.21322279311487458
0.23390017404732039
0.3820933440185258
0.2912991546713778
0.08982193212154604
0.05665573294475683
-0.12102133383768049
-0.01946848574303031
-0.0018186215552120008
-0.22468449880501673
-0.4270116110221638
-0.24160630718626802
-0.23770450996295722
-0.45505900599951393
-0.38560606807183473
0.10925995309241718
0.412254495104682
0.4774831981044976
0.7217315818866827
1.027976458879711
1.2014715074602758
2.316749666527956
