2.5163693563718934
1.798096818773144
1.3308670473035276
0.7529312491670453
0.14882722223653047
-0.12564722887531307
0.014997660311491731
-0.08029890652313953
0.12693023997578112
0.1276211736213165
0.29842555053456576
0.25751529672638657
0.33028176329882675
0.29992472769652806
0.21146213236396716
-0.09909929000556573
-0.13830207967660435
-0.025933797119561695
0.2199311410209523
0.6035276286822053
0.6687779528484711
0.7377018500451671
0.7920995132034222
0.8409943092230897
0.7292095486979185
0.6306751223283776
0.659441385867655
0.5544652161781977
0.38706362029137237
0.1327334128578365
-0.11530106487067887
-0.4010104666285538
-0.460497912385885
-0.3804764247249471
-0.19423780047456285
0.08972506956464837
0.3438622089174315
0.39205979582555844
0.23950468930573876
0.19744340263767182
-0.0381248695480098
-0.35639066105596917
-0.6643950788536487
-0.7421643636656766
-0.6691169013972272
-0.7859509186219547
-0.5444418498843842
-0.11810520750479221
-0.03798503579653353
0.22631001373250395
0.34931438291179384
0.13451486567326057
-0.24097112546655733
-0.36164575903465507
-0.15062519673431526
-0.2250941851504134
-0.00958441945422758
0.0455469512186872
0.27421700502063223
0.21766255663483539
0.33028176329882675
0.29992472769652806
0.21146213236396716
-0.09909929000556573
-0.13830207967660435
-0.025933797119561695
0.2199311410209523
0.6035276286822053
0.6687779528484711
0.7377018500451671
0.7920995132034222
0.8409943092230897
0.7292095486979185
0.6306751223283776
0.659441385867655
0.5544652161781977
0.38706362029137237
0.1327334128578365
-0.11530106487067887
-0.4010104666285538
-0.460497912385885
-0.3804764247249471
-0.19423780047456285
0.08972506956464837
0.3438622089174315
0.39205979582555844
0.23950468930573876
0.19744340263767182
-0.0381248695480098
-0.35639066105596917
-0.6643950788536487
-0.7421643636656766
-0.6691169013972272
-0.7859509186219547
-0.5444418498843842
-0.11810520750479221
-0.03798503579653353
0.22631001373250395
0.34931438291179384
0.13451486567326057
-0.24097112546655733
-0.36164575903465507
-0.15062519673431526
-0.2250941851504134
-0.00958441945422758
0.0455469512186872
0.27421700502063223
0.21766255663483539
0.33028176329882675
0.29992472769652806
0.21146213236396716
-0.09909929000556573
-0.13830207967660435
-0.025933797119561695
0.2199311410209523
0.6035276286822053
0.6687779528484711
0.7377018500451671
0.7920995132034222
0.8409943092230897
0.7292095486979185
0.6306751223283776
0.659441385867655
0.5544652161781977
0.38706362029137237
0.1327334128578365
-0.11530106487067887
-0.4010104666285538
-0.460497912385885
-0.3804764247249471
-0.19423780047456285
0.08972506956464837
0.3438622089174315
0.39205979582555844
0.23950468930573876
0.2755812172897991
0.09404548461768049
-0.15160821483311865
-0.37401151261606685
-0.37844828471914194
-0.1553540036177323
-0.09310022123980898
0.3382190257243563
1.2315660398729633
2.215471413935903
