2.3186131677635293
1.2458771175768284
0.7739954378464694
0.44235173437891395
0.06017346358102593
-0.10132741362805578
-0.18777706245480097
-0.3250065045834375
-0.35039778490435347
-0.5372533651184164
-0.5742756093795482
-0.476007370688437
-0.4519785765301599
-0.2243942838881876
-0.17864049274427699
0.08449343386624435
0.3049542506465289
0.3968708375251569
0.33142033126886594
0.3124950551659825
0.04853429207676903
0.1184985084234516
-0.218884339874827
-0.26834580672795394
-0.2651714990677479
-0.41935375157967325
-0.3029699720781957
-0.02979242863560937
0.21065698934110058
0.2862156608685327
0.18821112926726413
0.13784826803635541
0.12760345019295277
-0.18427054885657065
-0.481256636551592
-0.5711201748662866
-0.5105284803191004
-0.3268769422183598
-0.28120256320132464
-0.06530471798633379
0.3037212406387015
0.5701890470016523
0.5574710945503835
0.5946650368426757
0.6527632059648433
0.3740255881433301
0.22323457506936137
0.007705344224279584
-0.2262383298871188
-0.35886222706123144
-0.12483893790092156
0.11944490731419424
0.30000760934469806
0.3170966329998741
0.565428507154657
0.6194156758873912
0.5599466665122561
0.5806381653013469
0.2963917264822196
-0.07986141335979843
-0.2421316026489246
-0.3742431873305822
-0.6692781728630035
-0.6930989037134456
-0.6232403695567331
-0.6372895298576692
-0.6593968560871248
-0.43280004492203317
0.02010380500879319
0.11938909632451146
0.10914501599798747
0.18216291130038118
0.1160909786224891
0.3079672819576333
0.19715767941288262
0.27392135473753804
0.12577920986273797
0.007776174989097246
-0.30069993978998166
-0.3527773218167073
-0.46679166854753595
-0.43415680562070813
-0.4858537929620206
-0.3302969931942471
-0.2995622230780155
-0.25100918410011586
-0.3405671431390951
-0.26023349461996115
-0.20809490800711153
-0.05276694647212948
-0.297016863872108
-0.25811954636953577
0.08712517260303669
0.2600401317542133
0.2343525812305007
0.24186142034042668
0.527232979592779
0.3942225400379983
0.442627164856119
0.5220687545020611
0.5147770241210085
0.571705240930743
0.5371097246478885
0.4452765190502048
0.2658551039111612
0.13596975453187854
-0.12778512169594605
-0.15265124004559383
0.05555193627220199
0.025816351110473423
-0.017324779031212018
0.06557641483458011
0.15125060932653153
-0.029474518114431053
0.029509227120011017
-0.12206608456903317
-0.05747904994681933
-0.2585216444131774
-0.2985758257564671
-0.020445679663770117
-0.10466131914461167
-0.31090410388500694
-0.48368977767244986
-0.4341850438559312
-0.18576303299577446
0.20919067926994245
0.2684119851487146
0.9626271111026583
2.12161659159339
