2.8983793283251544
1.9805676244363941
1.4789843539019099
1.1095804777931395
0.9473366394922527
0.7400918590742348
0.5371047320396715
0.1803258207093505
0.21353798776052565
0.31893259945097574
0.06770682600351621
-0.0154988153192496
0.1693463098073069
0.21739130811101437
0.03810818934612913
-0.01248118463424358
0.02533413186082974
0.018117218544282256
0.14626890157102207
0.29136701908966556
0.4069605249319209
0.29887508925331036
0.4261970541181188
0.3669487321405499
0.16976583257160793
-0.1599860289861488
-0.327291073713308
-0.2939443133384836
-0.40196238648022187
-0.2358472744477608
0.14548726263952005
0.4445342946248536
0.5828971944152478
0.6072979998035141
0.749069879138894
0.757295975376655
0.5436843196491743
0.4831384091325192
0.17714323240505606
-0.041181795813214225
-0.011233310349827618
-0.25570776507388604
-0.27550099409065054
0.093590828285065
-0.04312496562660101
-0.32279992977015437
-0.01739923642917665
-0.29550470472897467
-0.25452424367907645
-0.19958265549577708
-0.21994576619020442
0.009176363212324568
0.13547759894398886
-0.06116596794290104
0.06658704380287261
0.4747232914728226
0.5788911834827931
0.516006640860062
0.5819565748098465
0.6067819880837142
0.5825933956573647
0.28554747779291656
0.39536098454157975
0.2963750632702703
0.0105589409754588
0.11281123186570968
0.5664741457804655
0.6369978339892642
0.4454102384213501
0.37757921672819506
0.09622270388514516
0.06461317831196235
-0.22143044657596472
-0.3213560313611053
-0.44615842473138057
-0.35583861549006923
-0.43050945865005297
-0.38607313037135477
-0.2446844471968432
-0.3184457386728204
-0.15054139871067787
0.1469940634024443
0.3220866667447856
0.30799006764022124
0.32629452140292703
0.14334711341492942
0.2103732224928048
0.16840603460702244
0.20771011842908702
0.25155946326831496
0.30441332394435344
0.16114782032827474
0.07374403420149005
-0.05711006833728631
-0.21672378080050425
-0.4072697347784498
-0.5393662009224744
-0.4209671448554867
-0.3333664824815491
-0.09605619341587178
0.2946371949732874
0.46879079430976983
0.4709174365052196
0.34943281336258586
0.11103046843964672
-0.07785485421181128
-0.5039269541463489
-0.7183871156886781
-0.7113713395423704
-0.6413137222153052
-0.7863830139582607
-0.5641696387656615
-0.4235633855357745
-0.3833335178415151
-0.40944705355997824
-0.26669383118052886
-0.07810297181231292
0.13425969181208983
0.10968708120501465
0.11947844744456236
0.14151635729933687
0.093112860140084
0.13958911226538678
0.2597970632007877
0.4240166467019192
0.4774493964643019
0.39829878687406817
0.2063767499123313
0.3934730927770253
0.3006076673394724
-0.004182796733358304
0.07644457297116958
0.14450603945806847
-0.09631757200134389
-0.16426674105400307
-0.0461505599114838
-0.1800687968484624
-0.06203809057970523
0.21351605469940022
0.3386339892082231
0.49753958162605066
0.5747588802812523
0.5827173226409715
0.329619918710049
0.06280852493325134
0.20634182231524123
0.22288980313200468
-0.004466856888676053
0.10728195908374023
0.4124600440184399
0.35750392357429767
0.25870396760418096
0.09486190754086296
0.24979979316796883
0.3810923896178261
0.25876619406022744
-0.08621702800471498
0.12491700586955667
0.19756297851346072
0.050064709637002894
0.21511347579998483
0.5960319947927034
0.7156976796971498
0.5451336133619714
0.44889097799921535
0.6439225137614347
0.5569750834390572
0.39433382673937395
0.7049625575621248
0.9388769493046222
0.9927620268629217
0.9651397504995531
0.9967854059562122
0.7710587925361994
0.5258105090711725
0.17992240192829326
0.13232302511274407
-0.032538914185614234
-0.17796273200987342
-0.2861486897682997
-0.4934482826830287
-0.4322590850156165
-0.12855811456133745
0.18426255859677151
0.25753567437065544
0.43732111612345226
0.42003908485823527
0.23811292923323882
0.45355889363080343
0.623368027969624
0.5271487118148048
0.40320737937824325
0.40870260007920545
0.23283405904179488
0.45846404691141085
0.7209089885884883
0.9681454816632253
1.3317862585003508
2.5017480378312453
