2.762046947401855
1.561135985196908
1.0998884281537682
0.8974835351275906
0.5999111991402046
0.31222646375901975
0.32091651760092704
0.22413725385480904
0.3026382402120984
0.20690141260430628
0.027390799125790066
-0.09338371156531386
-0.11109410931522729
0.14882758052269188
0.15662617697579773
0.2624879957868955
0.27129279861494976
0.36077043673583103
0.16836400473194704
0.011049493462646026
0.13238063674904174
0.14793802882555399
-0.016043713890223323
0.14682653205259097
0.30116660424201935
0.2009977417178836
0.013852284185456445
0.11172281626354806
0.049570281138162905
-0.11239950040676529
-0.18305008019677213
-0.17599299502623608
-0.3569088087135801
-0.3118673320865487
-0.08325265951771384
-0.05755796362738689
0.09772809724715092
0.22192300416944438
0.3144903333725798
0.2199750847108738
0.03815313538647841
0.13583314254841836
0.2929231288273683
0.1251484353157637
0.22151679847123715
0.2778354434572385
0.21126195014877366
-0.07829164629416188
-0.1373498580458565
0.04245225126226149
-0.1168097336891368
-0.35832794538650503
-0.4304419224926485
-0.4230142690612626
-0.6190286941763727
-0.614189355836755
-0.7955557928657183
-0.8364245729525267
-0.7778903390120778
-0.6683646758943619
-0.549223620946444
-0.14936038925349093
0.027753973160215543
0.027811438573890374
-0.06206580823440655
0.04097006841204148
0.052755868433589224
-0.17285970681131968
-0.05722741882175015
-0.023129889029460365
-0.09205762224969176
-0.35712521255268764
-0.4365015123260616
-0.23614041206778705
-0.33042049513381927
-0.486538215505186
-0.3937052104925823
-0.26883216230092244
-0.3971609737604565
-0.16683182418378484
-0.1228669787789387
-0.3440475013995913
-0.3749765981505003
-0.21197911279138396
0.06191070633118223
0.21522590284388565
0.26433604301717045
0.18016318890095953
-0.025630739483004872
0.021830140543749186
0.09194941779794316
-0.1190917378254144
-0.04200811929815415
0.05357811749747521
0.03750636059118448
-0.18527193143559414
-0.18697225374164683
0.06504584711985532
0.047676416784806996
-0.16510695961965186
-0.10288386387736359
-0.0292786360140127
-0.20730446250946255
-0.19858131014452857
-0.11654206548375982
-0.08174804677144713
0.133956411201104
0.06940684249685725
0.19518930400676723
0.30226528405923675
0.35968020196115436
0.28371315569524924
0.09306842237040815
0.2712307024046175
0.18204346926009995
-0.04326482011570074
0.0791940111785981
0.22505266778081387
0.15038754748417701
-0.02640069546576297
-0.039447486281381436
0.23093713323615556
0.09352164590072357
-0.11419946786104163
0.06681123856398058
-0.023118965351401708
-0.3238581411739447
-0.3630667312401838
-0.4339294867400067
-0.678175904687886
-0.7046585894751499
-0.6078064699919884
-0.39202619045253806
-0.04195345944885809
0.03782270573369888
0.08273852568795409
0.04156832679215774
0.11469153947560955
0.022347592131184795
0.12200698916443715
-0.1478197979985384
-0.13223759979360597
-0.22494276086378673
-0.5178893037385051
-0.5835689757566646
-0.6283040976023992
-0.5498418129888224
-0.26977045636991787
-0.292398044092742
-0.5596068512351725
-0.5875348136200258
-0.5290632365517256
-0.33901424689772325
-0.41585045922957087
-0.4353583336446548
-0.2765999917624718
-0.3076395143943167
-0.19632695460698574
0.05269811917429975
0.3022042149256339
0.5910772629023118
0.5594493853624231
0.49541431463030117
0.44291266859784933
0.24017997738134184
0.025416233405135373
0.10979081800558382
-0.0555819986080806
-0.23955665771646742
-0.022901117739791074
0.03604412223398735
0.290056813274368
0.370000098363762
0.3765367096947183
0.3261632353496071
0.14806666388085404
0.012818097494089834
-0.14569336882383768
-0.09079758028750921
-0.22117221659647265
-0.2270835692339997
-0.015581410720274573
0.3489741581545876
0.38785321699331715
0.5662814350563355
0.7347985155320649
0.8554251074882127
0.9968364154746263
1.289392690000251
1.5620406446407946
1.775063794998041
3.090053941861015
