2.664238770898023
1.6228449850779532
1.024044647925607
0.7149746567834244
0.6249838970847279
0.7193929397696031
0.6464009641185403
0.6105099953570352
0.5273045228175599
0.3311802412998706
0.17246634601879773
0.004038422073934053
-0.011779520442086482
-0.014288214217443028
-0.12123776303702385
0.13481406746304594
0.11719194389024476
0.2578942380519718
0.2869151796281816
0.25887774386353846
0.0794261183440016
-0.14999587538882034
-0.20871405790312872
-0.38129182081876156
-0.3186210187159169
-0.3808963320975819
-0.5206244008434139
-0.3731978526962095
-0.28934555469332285
-0.042166768069830475
0.030401130466700513
0.17587977942150626
0.31690032223232384
0.28938159020341436
0.12833183293223138
0.1349231537513754
-0.03705541788660747
-0.23162046807016864
-0.475434963185289
-0.6758648099083295
-0.7761212442801508
-0.7748025616594179
-0.4408570598155684
-0.12127755612316697
0.1350237809890032
0.2564705640881078
0.38968456870756973
0.18086025023667002
-0.03041956104394404
-0.2620928336806686
-0.3742682237570315
-0.6622497165374306
-0.8203473064952963
-0.7706947262966864
-0.7536387388296485
-0.6299593312049833
-0.3342324842816947
-0.1820457713436256
-0.262042000235948
-0.14608541960772572
-0.12383651361013026
0.006762259259915775
0.08484702431513716
0.0699333834939049
-0.05091127708876268
-0.2520082175186109
-0.15733929331130753
-0.3334769266794233
-0.3457105167821112
-0.21606590898393735
-0.08206268385972945
-0.07597120057781243
-0.1775201226506641
-0.09441858263921434
0.03601102816800591
-0.1165208768917351
-0.3458569893455636
-0.6846311096733589
-0.8305312530541208
-0.8968603274458106
-0.8501075628526574
-0.6215704608225882
-0.3856473443888048
0.01186440754555301
0.12348283836678844
0.3238459126953498
0.4201993153027659
0.4174298784669241
0.37296436445689124
0.578063539823602
0.5614165557425278
0.54156915344221
0.5558889809834099
0.5348559575385742
0.4991118141544818
0.39274071912906916
0.2991197235100087
0.26540631986294616
0.08322914004578318
-0.1837693213815715
-0.2847774192333773
-0.38090799405185805
-0.47870132023254636
-0.3464391597530725
-0.2776315258503357
-0.3386542719232497
-0.1760499508695796
0.04971903058381151
0.1136802604972599
0.3324287132921731
0.4048944483277449
0.41304444871882173
0.42017145718778004
0.3317235224614071
0.16759552998627691
0.07118930276506921
-0.11833649010643413
-0.1867333556605445
-0.04714940560613311
-0.045622491860255715
-0.20574107034383832
-0.09145000018116373
-0.16186748633903394
-0.2333465220167605
-0.2831708899647666
-0.3908045047625099
-0.4259998772599308
-0.5939596218277505
-0.5602653078966547
-0.5298186744182912
-0.5847410397177752
-0.3318094711409457
-0.053263882032234276
0.19685202619616363
0.23437300498279487
0.18269839170585733
0.020201516529786592
-0.19861588916103093
-0.5477362037739254
-0.5997025710575847
-0.3503928207255366
-0.21947900541256476
-0.008622974663899954
0.16954603148744898
0.23480859701696985
0.3198470819831337
0.29095117726761743
0.11331716047678142
0.29603942098084807
0.2002298478782381
0.13992478415036458
0.10559096533896198
0.25232207963581127
0.3386648878416731
0.18529195676066193
0.2759481589321955
0.2736374853746616
0.4520911713580905
0.40312547529178494
0.39571118831981567
0.3608439803522392
0.262031064677381
-0.010283605603907835
0.06032221518396753
0.03677275325835879
-0.1656424336265807
-0.2741082889453163
-0.4973135434043584
-0.44224504522657243
-0.5426407653042491
-0.7391786624907409
-0.7446996466051848
-0.5991812704169766
-0.3920170631417058
-0.13560557177991572
0.2652019512339073
0.3464202734017751
0.3931608564068176
0.3026975786892257
0.14263206348585514
0.07553653255802897
0.10082931695213494
0.03521575285475129
0.11578511432716143
0.1590598267067299
0.11659145449934462
-0.17813729779493884
-0.33686038391913803
-0.31186393776647736
-0.4047800512676672
-0.39425310670294383
-0.06889349264874099
0.03739932408013326
0.03311413463880565
0.18172784853872623
0.29338965440242215
0.17436584677389053
-0.028448298162465704
0.056087470447517766
-0.08942337234196232
-0.4194063939667624
-0.40229667750321146
-0.07737709830915022
-0.03513815568863942
0.15192060880211883
0.24805378056115115
0.24055930281781063
0.06973309723481393
-0.04673587953058291
-0.06539361281774454
-0.16570810975237915
-0.026356012888776387
0.16854742742023474
0.27849336882955933
0.3197048414329351
0.2921164790585284
0.23182608309328762
0.10252720539270987
-0.02350036163413044
-0.17890329617503867
-0.297262762716603
-0.2582277854791676
-0.03959099285955854
0.14548701928291513
0.1380522767763077
-0.11405359476861551
-0.30957352500337554
-0.35591307667260563
-0.5429852945417978
-0.597811798620121
-0.3563355229403661
-0.2949860833034787
-0.3386699504942303
0.007715881570980382
0.37229957377403006
0.4282742980750829
0.3806525159694952
0.2073442452744985
0.02523801331057031
-0.25079752297753494
-0.26292013593165353
-0.28805847337297424
-0.33884103693367995
-0.19790431180612866
0.008830297262780881
0.39045100252004245
0.42414554399440707
0.49804579317459535
0.5564889583530912
0.3946965813712605
0.26675824249755425
0.09183007591698134
-0.09285654878053132
-0.016820722312362948
-0.040454403110029305
-0.2276727801549746
-0.09707989980363374
0.0054795389062368026
0.10933442574015385
0.2830680796885312
0.29074507776369257
0.7030653308243922
1.2744588097531
2.026278302604502
2.447278502450546
