3.3024088974248955
1.7935623707853778
0.9398574892476378
0.6398834105224652
1.0742594644952712
0.5889368831798295
-0.0027268371072467885
0.40749870844484376
0.44639458586261144
0.1834957548146858
0.060504675463448974
-0.05238433690889801
0.06494357412346448
0.07868495726407614
-0.029207760244163303
-0.10443128515439086
-0.07929295652309148
-0.12724986889796935
-0.3025248994747298
-0.311725725168754
-0.21300525182003804
-0.11689499919769836
-0.13840978897453238
0.07956702971188558
0.09199948919803912
-0.14083140831820318
-0.11898623384693695
0.23405097418714235
-0.0116009951284204
0.19384541979276335
0.4451287000859835
0.3376648786865942
0.22023971417432162
0.4355069214198029
0.5513181020651435
0.3699147111733346
0.41179253836902585
0.39377731213562944
0.4553471794583634
0.49496615399371546
0.6068984927378297
0.4012764213064755
0.33331612681227313
0.1253972799488738
-0.01520173992011455
-0.1369718191827471
-0.37897317208637654
-0.24378361050914799
-0.06756649551684979
-0.006457688078896939
0.004635824049991412
-0.08600774194906656
0.06265426720625122
0.3276971649913727
0.437831991873425
0.38572244229164065
0.3893426012226873
0.15814690551751234
-0.12965433044357333
-0.11181274147516014
-0.16437341381402307
-0.09862776423276011
-0.12110898798114843
0.13428696262048523
-0.09465128795629034
0.033631653116617664
0.10542135295949759
0.031369389387620496
-0.07181732158776746
-0.09593803944894025
-0.10925575264953492
0.14221206818668033
0.4086515835839791
0.5160602171582315
0.4799908263299309
0.4468840628648213
0.3424292462319655
0.15879634957221792
0.01534715211588691
0.14816250501571798
0.0030953356768504744
-0.04117699086838073
0.14928604864714984
0.28814794169813157
0.20790298813199204
0.2990659331520419
0.5851210041136037
0.09878807127103344
0.26650933866928794
0.3385929440433788
0.33674348152777045
0.2583762406372337
0.29667514595997324
0.20063443868015748
0.019859934352077713
0.04624153917680596
0.2090324454116674
0.412827468679544
0.4733824806251263
0.4941800890950049
0.385152269390667
0.4947971723521506
0.2209240486513511
0.006743352459114872
-0.09243387105644314
-0.42863275015807495
-0.46830883995781614
-0.3418582771873874
-0.21594851469698095
-0.18211012275229743
-0.18879732056224185
0.12719092678599297
0.07965200467825295
0.10580471412150028
0.09326104076109919
0.3399072183630946
0.6512013081234758
0.6823273214611485
1.320465026875601
2.4934192033522584
