2.620886139586537
1.7211330731663288
1.137539121087628
0.6091370869129129
0.614931249857785
0.08696048538416015
0.4725339286823437
0.20747867530757422
0.05826010146741624
0.09073683148329607
0.385472915534754
0.31122228855395245
0.09927579741480112
-0.16533400965079212
-0.1324414439172227
-0.1239350924415389
-0.19792480946613666
-0.09123366457664571
0.08429309198889846
0.17348149100939145
0.05811872433811195
0.13456216073480412
0.3043468862959715
0.431754787617541
0.58548413233135
0.7336892315990671
0.5454212915985982
0.2573092500179745
0.37711984924099434
0.3170099316763181
-0.06579564852019665
-0.02342728513612947
0.03907023889980047
-0.24485159391780256
-0.22898369059073545
-0.02697282341939148
0.5118584928227631
0.738029457858614
0.8241309997806678
1.094153924362783
1.2858433965829605
1.2757924514145913
1.0134606307517413
0.8140915652638102
0.61903886442585
0.1344797662411378
0.05532184586778344
0.032813939612139194
-0.02813942376444365
-0.030375917265576542
-0.07050793976131518
0.21551127808305554
0.2877385719163921
0.21899112931293313
0.6542582047676607
0.7331664288009347
0.7078811079388019
0.7885756609600402
0.7544095302972409
0.5476416308554932
0.16895893078603674
0.21373088522682246
0.4056938922187735
0.1346495108405647
0.03217122867328875
-0.010951280493496265
0.2725326608247885
0.2117942175914023
0.09884731294003676
0.2788104715311434
0.4965679585771127
0.16288043496141547
0.03626929415961242
-0.026076353238644212
-0.07055460831422142
-0.3197045287875656
-0.40846432466658594
-0.5827455198643462
-0.6268429507542641
-0.6329279862700716
-0.6830445602500053
-0.5644248599812235
-0.2908074424562591
-0.15724243193006032
-0.10699076496771692
-0.22851308326254235
-0.14482599098338184
0.037393257432472404
0.007121092660318287
-0.17954446826432444
-0.11969993457970689
0.24764676879875622
0.001385191311616491
-0.056004165945869294
0.41416259704423086
0.6881531375265902
0.43998358026092
0.33430375367183407
0.3799990413470472
0.05773652373827063
-0.34231860300907474
-0.23456426276268016
-0.18784539698138894
-0.06291181185369282
0.030818289325375014
0.15256152914650153
0.47036112896129745
0.5129477994514563
0.5399312229520989
0.4996116794649369
0.4890951450248772
0.11793827699202612
0.19774099575352688
0.37388285320078274
0.3963132721417012
0.34526414348408213
0.2131664636576164
0.3274059016232056
0.1943252474351588
0.20903348209693962
-0.052766711812509415
0.0873197329387063
-0.10256417087124542
-0.2262468871035403
-0.22560332300187383
-0.09114212497739334
0.03288320575168726
-0.20726530543816776
-0.10051841502130991
0.1172026426727378
0.27155262585732015
0.2747950140954049
0.24842390936220518
0.2162151962478421
0.04191127764938319
-0.03981205100899274
-0.002167276153456365
-0.35896170936137917
-0.1053208769373539
-0.2470688843419079
-0.5955623581025293
-0.7104472005553699
-0.6982678647447901
-0.7985192349826682
-0.41090577104085463
-0.17633794460331673
-0.11264755505370554
0.15526319410990905
0.5621340716439786
0.6253953845296584
0.6935997707540495
0.5412877640866146
0.5248990428951594
0.23312507324939538
0.2763038756601684
0.020014053540188606
-0.024312377000959152
0.15937293283472662
0.5420455541083627
0.41616921293707465
0.4799419185669124
0.43642790827229394
0.25511794526890125
-0.2606746073034064
-0.16836346891535656
0.14500894663839908
-0.06805400326190345
-0.08843809250524601
0.17423879629393746
0.07529591033060985
-0.1486575419931361
-0.16804240935349374
-0.03519239597524712
-0.43304490686401276
-0.4539189974666485
-0.26876250472618285
-0.3631579154255241
-0.3485046069663886
-0.40450119951695257
-0.30382018317606174
-0.13846255979877456
-0.4646696427865624
-0.4407233926538051
-0.1527646911472671
-0.2786546842886368
-0.40695348732117304
-0.26299262533131923
-0.11546708414777776
0.024344299740473755
-0.017343220223487554
0.06858089470749484
0.11975474406571092
0.15448077292016835
0.2664151052775736
0.46251933335197004
0.3405757045163802
0.25392500639559323
0.43149996034682514
0.33162876810037356
0.34478674156848976
0.263329135023618
0.32144759121876815
0.30556708106012465
-0.007591251925736699
0.1025764813906811
-0.09184799491891894
-0.38144100049506796
-0.4741654993613035
-0.34779832650226
-0.17362532183308602
-0.22122418097632415
-0.06893455701770194
-0.2683431589376466
0.04957446352554017
-0.11543662817340755
-0.14688812684379676
0.10580332691945384
0.42917362409990306
0.3382669930044405
0.3802914023185676
0.3999370798074823
0.31742724644829257
0.3624396303081873
0.005634283486307045
-0.03012234759243573
-0.0940627434567856
-0.13282478421416208
-0.20713646193451218
0.009002997834401186
-0.13461802923015542
-0.0313507424929244
-0.03738939042409199
-0.009918771811681739
-0.16010050269161752
-0.19110863667524028
-0.42272069928093664
-0.6201912660851809
-0.6173942692922385
-0.6357448388036214
-0.8119718848605898
-0.6990692042659628
-0.4200719679793786
-0.1920654272399436
-0.4258180729473265
-0.3064503149213938
-0.050661233822920274
-0.010352523039582028
-0.33794471296789375
-0.31007705804434177
-0.45549967687910947
-0.6037976591409104
-0.31968113966294737
0.0907641267079251
0.07333279974232218
-0.06855670096118771
-0.1614655095769898
-0.2573475597413712
-0.09971320197614883
-0.02896664861409389
0.025510650211577682
0.008843251343644951
-0.10014146811309994
0.03491885083551963
0.20839149209550506
0.05166251291758385
-0.342203361034706
-0.5463822316818762
-0.509570726709857
-0.4980009345459309
-0.2675685257677959
-0.14999988503150613
-0.09034042174970842
-0.20078010655871043
-0.3239884258932235
-0.18234741340020263
-0.3359370808007085
-0.28507391795391646
0.06468440806025082
0.3432865984586859
0.3766611658799416
0.2610022008262199
-0.14355811955850023
-0.005385008713107703
-0.10184441428817646
-0.35577389155171285
-0.5453738326975271
-0.2594301265264949
-0.10811705468125365
0.0009613756141796941
-0.02631533993876808
0.12237136419323624
0.2292274347238862
0.3405853958087493
0.37854265698827166
0.14903512145847134
-0.11568231043116976
-0.1901435775362982
-0.3455393597313783
-0.39935301585653776
-0.590952518388173
-0.41638453427514144
-0.4264625797963685
-0.5014438114037755
-0.026098080295015928
0.3126409169135943
0.5226409778863471
0.5876160912351068
0.9062408615429076
0.8189017920669543
0.3917297036261148
0.16408391319924048
-0.039174213051099284
-0.021425138490277548
0.36569807103908
0.15601603116769308
0.052821381699843434
0.1448285158328018
0.46345413727272905
0.10421705022814659
-0.09023011386733645
0.13841726933813053
0.09474269722820922
0.3707401258977694
0.29557419174160676
0.2951235585619634
0.43814697765875377
0.6073395959940668
0.34533510166379033
0.26115429039894505
0.16300527093991116
0.16968634847602235
-0.04449554698757657
-0.357619697515539
-0.31926902935615953
-0.11043102331494352
-0.28847025044730723
-0.26407819860342613
-0.04908122654337128
0.032189170171417154
0.08944013239175254
0.06368463575423941
0.1639287370308856
0.44040798295612277
0.8677082933167651
0.8728509237362723
1.151452812095344
1.634496905502477
2.3442102355608347
2.7971792797464925
