2.3208143375602828
1.3479398380368108
0.583219083869359
0.2331484698537053
-0.3018358522030037
0.17160100651813465
-0.00856637422789294
-0.1452366283465677
0.077343393206919
0.42890375726921165
0.48973409838011844
0.3478090751556316
-0.05263691152101961
-0.040705716015531905
-0.14291129023592639
-0.2341632109560906
-0.330039691258871
-0.23549196208676568
-0.1587236327342501
0.20684878959518568
0.344952829845044
0.4999511394516469
0.6894890106064867
0.6984849101884013
0.5965472415311494
0.3980465988319449
0.24582468403653715
-0.1508730889002611
-0.31304446315593193
-0.6354851637120358
-0.6852873857115477
-0.5735044473994988
-0.48143154364815
-0.12802103801676273
-0.0031333567504001954
0.28163934565148585
0.3611553223316423
0.3310296695326353
0.31096712061308185
0.3250311356277548
0.1281587828244262
0.10537442752258108
-0.03943601382863666
-0.1349570243979693
-0.1560116514033857
-0.3982316726177952
-0.5216889235646739
-0.5120694216105923
-0.3110023237145679
-0.2221491858969236
-0.10771930666470247
-0.17505864608403635
0.09823459035609383
0.28148957430916094
0.08671451434193184
-0.09239031861683757
-0.06387724898865774
-0.08947525916296029
-0.06415883356584202
-0.08777772386695881
0.010801282443491553
0.27438579552899944
0.3905071822132046
0.352608728513536
0.2708162638352442
0.24962877021486252
-0.09990579475819661
-0.36780847187830473
-0.21925107935824117
-0.15261666405062227
-0.12298787324188587
0.13376057022185187
0.2316545482578556
0.16101575107818678
0.04102555230257541
-0.30158625281153323
-0.27418730282357273
-0.29722836216803866
-0.5248312189085307
-0.5121941895739103
-0.11207310242274293
-0.17100338805199525
-0.026139839323770793
0.22753342723787348
0.48554506908071443
0.5028119422366236
0.5492923953489006
0.45489004147011725
0.23686466247177848
-0.03212708344791035
-0.12177781363160292
-0.29781482369922985
-0.27300739747639147
-0.4728637193916882
-0.2241244174793451
-0.40780268508008394
-0.2200916416478525
-0.2652997279476415
0.02026947801151349
0.15479954096560777
0.3657820071862007
0.2873840249586223
0.20280832706529864
0.012038643692220047
0.06801609690642849
0.09216765990528772
0.06120979650618832
-0.10433376803302678
0.12641042714581763
0.2906492654260707
0.1059482777780387
0.37711078102207046
0.49138748538239513
0.3359455764760325
0.28732796214568884
0.8242456433407113
0.7326923290892979
0.9506317024950637
1.281877630160048
2.2724078111905954
