2.382614729434251
1.5413919458515712
0.6163788928310814
-0.13127838580181864
-0.36433006959711883
-0.02562102485595818
-0.3077324875288886
-0.40884018186967497
-0.2958641929947281
-0.3141169987534182
-0.007346224524717325
0.10499812893742863
0.29098790740733316
0.18820947049743125
-0.04071363050594226
-0.35117606725086087
-0.4254816844150266
-0.5712318527417382
-0.37576589738467664
-0.29509307531767687
-0.26223507594892986
-0.13064195307002094
0.014374999919331048
0.23506757015005675
0.4517970638891167
0.3175963368766598
0.07827289390313237
0.011314970254319753
-0.022285312882893506
0.07275911979197236
-0.21517001941227987
-0.3935817198912422
-0.30271592665171965
-0.1518296382809026
-0.17620771937782184
-0.12875753433830844
-0.04579219881013156
0.0682146024586827
-0.04614752653538343
0.15333941969968543
0.28176631364734983
0.21640179373353036
0.4464295746359727
0.6390053417639867
0.5595930763615069
0.47969454477048
0.5325989836724104
0.22258881402580755
-0.07481801934828052
-0.4327385748189423
-0.4819399923318609
-0.4422805817927565
-0.5326636152997496
-0.487395736076597
-0.41018822106788766
-0.1949127817296086
0.008342713129994444
-0.04566652605535148
0.047329454073897465
-0.05150624108642645
0.20586977120960342
0.12064873695125547
0.2222345189998462
0.18045880291674593
0.48041578547825625
0.5345782068431403
0.38749193017838496
-0.03799953778821936
-0.05485098049776898
0.007644098677990348
-0.0801923238686316
-0.33658635935471193
-0.15830802548840067
-0.22627500902777806
-0.11033399529268988
0.17151972490235193
0.3762400210963162
0.46242428966362176
0.4097478843133613
0.46697427202570246
0.369913459287838
0.06657645605910456
0.0366826922596131
0.16806439222750105
0.10154572206809168
0.15566459960873089
-0.12682668903752692
-0.36165713885881373
-0.3468174137243299
-0.6313858286661737
-0.503823648937782
-0.40263749635866625
-0.24299006451537292
0.03163268451652025
-0.08024108958270115
-0.05195734589184242
0.07424740207752392
-0.06332128767141043
-0.051073410043273315
0.05181115043391939
0.03765978656557423
0.32780249755855
0.41903640236913803
0.4815679693425632
0.32059830210491075
-0.017532874952935963
-0.08382233852538852
0.044968559421724716
-0.36687537128321634
-0.2998172790101934
-0.5272414366075228
-0.43837332010498137
-0.07714712064310195
-0.4435753499932368
-0.29001890752224535
-0.215570456283062
-0.35574292008048847
-0.27961742011351776
-0.1986344692247057
-0.027200155072065007
-0.15012466405018113
0.05056590512795988
0.09868900780878567
-0.08300408630292941
-0.1905864953678031
-0.2352749791626229
-0.41598798221289957
-0.4233295385310777
-0.3653633024422167
-0.3850101419757338
-0.5326090680915221
-0.6008424287256044
-0.6164036097272736
-0.41609204258328353
-0.16219917090016514
-0.018913641060252364
0.10056684719217013
0.1942862175912815
0.3163337511885939
0.40698561872713185
0.20758099141773384
0.1821009045315944
0.2820323756339046
0.07698522338251908
-0.10627717449583635
0.17025765681223115
-0.027933066013846514
-0.11801470678179446
0.18996278029099925
0.5302971476170094
0.6284303892795066
1.559515853221406
2.4388113528407165
