3.4311077889184802
2.416774916654825
1.5064139169407706
1.1936225029703
0.7077860687286518
0.7199289175349756
0.09844315445916779
0.14642627732847982
-0.0645920343485772
0.073279369327316
0.08904560936203133
0.11507419903705807
0.006052474045783601
-0.35282647435930653
-0.42309712169333674
-0.34265135115359224
-0.2842046458576761
-0.060615322767892624
-0.19820011816028985
0.2279885948754888
0.28612029680841305
0.25462925040356954
0.20167024275555392
0.17164985749524633
0.18690981415301414
-0.012264972602045066
-0.08890227375919242
-0.29838303510694286
-0.3049292833027686
-0.43273229629278764
-0.30660610404881344
-0.25515076770569456
0.0672088030271163
0.11119073552459255
-0.03813768881222809
-0.3228048090367182
-0.4763657390706752
-0.5263973316383008
-0.5234465763417605
-0.31771483770411824
-0.06790500444136313
-0.02324537677040466
-0.19332128213583608
0.09963525012479135
0.02924369034282259
0.03466925288481236
0.1933305368231454
0.3520928042289042
0.19068231440293545
0.09223482803814202
0.2007685014520175
0.002376949176131573
-0.0164122196477922
0.10163530759725331
0.14124154861073285
0.09581715566847307
-0.11083335391987383
-0.0039007427629866274
0.13442170648465493
-0.014158766317232563
-0.24692822080356117
-0.25707734791103376
-0.15120450275211686
0.07594027039843611
0.10546669162510552
0.06663752225719984
-0.12037084656330797
0.033298307347309306
0.15145545977814406
0.24948279198373613
0.20125822155615644
0.11335676210212293
-0.21559240122334122
-0.19634957263100114
-0.023777730401901783
0.16807044443679992
0.002247663131796856
-0.06588826164558972
-0.1288901888625649
-0.22572170184602905
-0.2762783656569075
-0.21576322378184165
-0.2610206096747598
-0.16565650202541468
0.009625501999745267
-0.006257961289443984
-0.0444654932914061
0.10052330316718723
0.0029716524899210985
0.1809132803997259
-0.06579003350415658
-0.15792799999955584
-0.34722292445166975
-0.40606455890051335
-0.556664107176786
-0.5052179925753052
-0.4749659206280814
-0.11142688559960653
-0.09060871650431107
-0.39993291415560234
0.0853266222822303
0.1390017224507052
0.08808789855886553
0.07193405011713584
-0.1925365927810814
-0.07868130689198993
-0.13666031794113617
0.19996869559967406
0.39825711260950675
0.7591459080939486
0.5356606820068175
0.6033096283322851
0.3851934204011428
0.20108240382273887
0.4101570473813963
0.18805762713045687
0.25234406252635794
0.6602393061010016
0.5716859776451237
1.1039317517772733
1.5479944412208977
