3.0876676819104674
1.8793941628214716
0.8924193809567331
0.7902885247057854
0.5685469301033628
0.4911918590702876
0.08468574970165638
-0.15969306187133422
-0.1882355646179014
0.05539370292329855
0.1687939317360158
-0.05520160707003934
0.1428666090636394
0.20537708668937385
0.050115393163559695
0.15289689236910203
0.19502680863770086
0.02986775556344072
-0.3821472318588505
-0.5556365607996131
-0.4545315312217222
-0.5523399107679157
-0.31282088264093083
0.028307034881630642
0.04504840883935323
0.08375388702028796
0.400076249675267
0.332713847840802
0.3537782186267329
0.4471072667730382
0.11935313011390229
-0.18180420924779037
-0.21029073610656213
-0.37892427068101175
-0.2554085822397098
0.030560559994341385
0.1588666255702221
-0.14010607226782093
-0.02521940004349249
-0.28662738858296605
-0.5264840240069137
-0.324268233796439
-0.3906192866465759
-0.3374165380024985
-0.17169133873903125
-0.06368565120175161
0.07093253084567071
0.00430894219525521
0.21200955759474024
0.19385579329857827
0.12126946035513744
0.07975840789928014
-0.24127941632878316
-0.2180014646779538
-0.04721186780650953
0.14004755654834727
0.18896826015905335
0.21399675711702157
0.18146039941678888
0.22490713045487395
0.11535580654068786
0.10015562450956927
0.03632308900295544
0.10528084452510568
0.35777999134565747
0.19620127550154023
0.31612752951588613
0.17940891523025387
0.13692811872023614
-0.036672703417189076
-0.2652790908575824
-0.45029180887306697
-0.4392348636601699
-0.17643357776976104
-0.06692864323244718
0.05729886826353176
0.0889349166676524
0.03564569725504913
0.02166415673236059
0.13788827447574112
-0.2241559315919152
-0.4399654879344601
-0.45440463723129454
-0.4069212554136805
-0.3192457565476776
-0.13406690228922208
0.0343076736579248
0.1201161448501392
0.11344958971834207
0.043227904278035224
-0.01137050170518905
-0.09689015145978529
-0.2238838004981359
-0.2654920384945678
-0.04513674087909047
-0.08192582721310585
-0.17360656573714345
-0.26306388925325885
-0.14429088486548744
-0.24281185561379579
-0.12953439265979108
0.1987565793851776
0.2502558407589761
0.2161654838044262
0.04252101495744297
0.12618822150956813
0.19405525499618487
0.07520118196770499
0.15928379208597612
0.0980138335350114
0.3125987426498657
0.3760576017195671
0.5372988750626719
0.2693841488854139
0.16703716446656755
-0.05250877080951298
-0.27634468930219563
-0.18656232108999474
-0.22043082732251432
-0.23747944944852606
0.1372315373947867
0.40503274468778777
0.318583615740303
0.09022821835588914
0.23296602985171852
0.027619628616510745
-0.27555124470393383
-0.3011789843171128
-0.6258690518663468
-0.7994715433567542
-0.8857937404954563
-0.8282222898134071
-0.557283188409785
-0.1399120362498762
0.038832860513912486
0.14367504287928004
0.2732654916136567
0.29224618859407986
0.4893270612836489
0.3671462734697217
0.23836901318120993
-0.0743823944447333
0.01888525557161325
0.06461343865584519
-0.01637740446200892
-0.2993868354325246
-0.10887977448055841
-0.20089803583677981
-0.0791145401956426
-0.020890662994729185
0.03372666142390541
0.0968686047845384
0.246459572900956
0.21953080511419962
0.4224824757753608
0.38567776239048757
0.33431777987684863
0.16173093657418508
-0.08015929460115748
-0.25592472056197907
-0.29497265553224994
-0.35155452425309924
-0.2937443239391334
0.20243838966862565
0.32245115798016105
0.3915755529948813
0.5726086060594041
0.5448623093285773
0.23816191439374557
-0.14407388193725298
-0.3698071823981343
-0.43993149462875797
-0.39908175958557385
-0.35816184601262874
0.2366775755718927
0.15427341706399741
0.12842198990666037
0.1927245980724409
0.22444788631073037
0.2893582631094784
-0.022807819124404233
0.189627510825393
0.21857862763888034
0.15369225739874895
0.15551869876148772
0.32227430511993926
0.24393079684603555
0.07482349118684106
-0.031813576353977434
-0.19243175856471248
-0.4532068965943756
-0.5131702400769342
-0.3610966420514157
-0.25749983089493433
-0.315269767221225
-0.09083423142135043
-0.17445722732279084
0.18216919080562985
0.13680921345523325
0.5223311809250821
0.23743820304629296
-7.376721336805977e-05
-0.2572642473656975
-0.4417258976784253
-0.36584244582473724
-0.04128536637002424
0.2595061678224807
0.44215911878276226
0.4486401544662916
0.39908306027984347
0.02964522094082808
-0.3619986039118868
-0.6948598888791653
-0.9264155859508635
-0.7343716046872677
-0.7042569349540299
-0.2460427499950836
-0.0907735175409507
0.1488837064038455
0.45827872392332136
0.47186294977792465
0.34929726058252913
0.42854891844666554
0.08496344247899285
0.011423667616973953
-0.043139655476415614
-0.15131315547750293
0.12032807207510528
0.36605049470329426
0.4724014654024895
0.29568283231113207
0.1004719116476851
0.17287874897923342
0.0791181514635921
-0.2007802950997815
0.00993003419455196
0.02974958023215001
-0.044993856965561935
-0.06575661228192349
-0.29530391534972245
-0.349861527698834
-0.37780246544982043
-0.35827464139917387
-0.3778854841356846
-0.20313241509199806
-0.2081730522903696
0.12333636493877592
0.42263240490798165
0.6577970149454925
0.3304528639798825
0.22497362783682065
0.18480559204224017
-0.11316133620718234
-0.16988454750842355
-0.017070055982742593
0.11543053490101665
0.17987933282320526
0.20885701246106944
0.480287017273695
0.37676945943099605
0.05671377002948762
-0.2075240461283999
-0.22302639942817948
-0.4667258577250733
-0.5469006111227388
-0.4190828570982444
-0.3884864737099487
-0.23115438602049174
-0.14917451493166312
-0.12013421392839604
0.18348613667615923
0.2014526750000091
0.3697779983545801
0.3995279690760831
0.22669564797288555
-0.04292113858758949
-0.02853967374686162
0.03542939173024313
-0.0984973781459337
0.07370272791245469
0.07479401409400863
0.12236513621214437
0.21888079669596847
0.2933642831031481
0.2651020501098377
0.1394455682951457
-0.04889261594929524
-0.2170586685746223
-0.40412700893148273
-0.5724139178448818
-0.48108129724447496
-0.46631654604056194
-0.10555915717218738
-0.23376271973550788
-0.3251977011240443
-0.4173042274880302
-0.3893907389934845
-0.2503385766629728
-0.2991840235866945
-0.19786012710449885
-0.16834605335660505
-0.05523055131525965
-0.1847270384528045
-0.528067512877646
-0.5255556073120027
-0.3453628934648149
-0.33958288152968324
-0.26177109851294617
-0.047986360301552386
0.058001093902783116
0.32224513727405485
0.12644210095461553
0.22467855753223856
0.14063358915506274
-0.045307069949842245
-0.06939634134428219
-0.1731045340783145
-0.39453854977788266
-0.2620201631741217
-0.17738693689187096
-0.04784136465205803
0.012131313021620621
-0.0038946275774397274
-0.00044151164652217814
-0.26389586301487344
-0.48862691170297456
-0.282169463225373
-0.2884771426502004
-0.2669166440414915
0.030412638170585572
0.20614502548854374
0.3982634895685751
0.6253297579375401
0.5384300934286002
0.2701313447431486
0.2829300185339481
-0.05285003424212899
-0.25918039615888033
-0.16079025327280416
-0.17058621302384125
0.02675113555003586
0.23803926002223205
0.19729890496391264
0.3895789952821902
0.21290534882670745
-0.06593793647598632
-0.09914118361254907
-0.12799910464334824
-0.17698366956742548
-0.3094114713291486
-0.16113834216561743
-0.11785690813867852
-0.027982408189724674
0.10687891511013074
0.07952372825276362
-0.041815361253817254
0.08460451716805743
0.13047849550802307
-0.09988437700400273
-0.24503047591036084
-0.3917960078410776
-0.17265739029015828
-0.019361605670243916
-0.20560975810757073
-0.2970971290071733
-0.23422215742713615
-0.2776678883872956
-0.446199792343175
-0.38681302498683917
-0.15840613018209676
-0.06087245593252292
-0.13052840046716643
0.21378336430392883
0.0829557309691069
0.18953201844971052
0.362009427215009
0.5228848477041623
0.3001745115050182
0.11263400833537825
-0.2221858655204549
-0.5200774518200324
-0.45656558760286664
-0.39199143229554945
-0.2021041720378701
-0.18349550884158658
0.1462960433982539
0.2664978677584429
0.028301724530857907
-0.16856157609081415
-0.09673034156184451
-0.20509574658519814
-0.38970260113721017
0.03198414272118736
0.42734342073926046
0.382521499235307
0.38225484868391657
0.4784636070573509
0.2871699613429913
0.23231837973373565
0.1728658861037612
0.11150434460544288
0.06563564695403702
0.11303628010678941
-0.050150957317869976
-0.11808114430393225
-0.0797265030456511
0.17422319722059593
0.3021220631744246
0.17981755800947596
0.18056148675068948
0.32413558438885315
0.31059602960081
0.09997280996055377
-0.08508103989877536
-0.19817194888833234
-0.23750490217132406
-0.33479701726914174
-0.31630037839704256
-0.07513453949655935
0.30282707303298734
0.3368115106717335
0.08466038003012194
-0.027571477536913823
-0.22628136425428147
-0.4509251031072868
-0.6503935515938554
-0.41304893123701736
-0.714288153339004
-0.7580670872924895
-0.6194062058124312
-0.4661286180189045
-0.5906432431154102
-0.6705083978708628
-0.6275692474036372
-0.6719453886890377
-0.4574845300015784
-0.1766058335432011
0.1262829524344918
0.36759521061925027
0.29321991359935684
0.029536260814495608
0.11090934774821859
0.2064144040923934
-0.05699500739500257
-0.18550925245037267
-0.11179938440470216
-0.009534288868116792
-0.11497393214349626
-0.056254800593857984
-0.020798864879839476
-0.14580190143198304
-0.40356244319927237
-0.3626116763571972
-0.2780035772038675
-0.13595489813930847
0.12583389039786283
0.35610891811375267
0.2196713566575244
0.251765912199114
-0.049092972926952125
-0.3690382203212391
-0.3743547429350075
-0.2582334807907022
-0.05322170337305289
-0.02045852858324472
0.2600086807515233
0.4043236074785505
0.3638176282916586
0.37094128374881613
0.1245416229131351
-0.3607983673091134
-0.36837100280406393
-0.5288527230783352
-0.41880365965480476
-0.1064147903155108
-0.18133157187934448
0.0821752945898634
0.38216218703982424
0.30247137348404823
0.23275613845536844
-0.011769434237741438
0.24837962026747792
0.21923235117692377
-0.09051051274955246
-0.02217059743663931
-0.08592524329330897
-0.19441332819012172
-0.18390069102422152
-0.2288761764439494
-0.12549778917779514
0.07035104344083144
0.10346034027275583
-0.1432216745922876
-0.3041899851773898
-0.2537036236524093
-0.36958504296663836
-0.2807013476401944
-0.33303752241894835
-0.10127085267359527
0.17315596208485887
0.09472422059081596
0.10320117654325672
-0.4140451864477251
-0.6430567393480984
-0.506397553578712
-0.4630677120542656
-0.20629243790373536
0.009550134573492224
0.2798342890042206
0.2966496089418611
0.3891313727092433
0.2493167725186576
0.28825912118913705
-0.1261154570098774
-0.398492510516609
-0.308839309469678
-0.41733256652087153
-0.294898802566588
-0.1912741897211844
-0.049124037365890924
-0.020752331195785394
-0.25347501683539136
-0.25776281013250774
-0.19833230332930707
-0.3953843289230877
-0.21601072465462057
-0.040362259226104404
0.042797995303763076
-0.03199378104470134
-0.10910906397882032
-0.22878623195231693
-0.28423996679705293
-0.26137593360808115
-0.22362643472197194
-0.17101031974889355
-0.23869778649274112
-0.08976313998067154
-0.2915359793186744
-0.2776632073675447
-0.1730233273096114
-0.3580592927723507
-0.10568754244901178
-0.09365240798159619
-0.0017018389757953046
0.23612691834543362
0.3552466387337678
0.11531920941947547
-0.10123864619935381
-0.11221684887077216
-0.23838401711522805
-0.046856590013088735
0.005834182430239176
0.18665300757864284
0.13570142533284948
0.04143575582063268
0.21114757573365125
-0.016682869841718604
-0.3361472615454209
-0.7243214971474824
-0.7275921026594621
-0.7405632536863084
-0.565575306248204
-0.24238588434047253
0.03913831070130861
0.3917891830683808
0.517415426527589
0.5868780300121554
0.5976412361986825
0.6098707196816013
0.1818568880809695
-0.08245719744707881
-0.4021651208374588
-0.5854240907561133
-0.4994234393849417
-0.13006383396851057
-0.2461035774618983
-0.21945075932548128
-0.20676189855230817
-0.21604094979387428
-0.11913428689042091
0.015414617908230214
-0.03919468408065229
-0.1815169961995187
-0.16958840426256896
-0.40331413787544856
-0.5629705077353084
-0.6727336463134854
-0.6044206128286289
-0.4731391553118032
-0.19893587754610856
-0.023145095088396937
-0.10007012557985827
-0.29701513436112154
-0.3550974664204554
-0.34395632504660917
-0.1332525665813059
0.15447468356186855
0.34199131892846496
0.45097690825041303
0.4284374770871548
0.44074437145906076
0.13248941128445216
-0.041643287875408976
-0.02360061094031736
-0.0673874189593885
-0.13929839149324288
0.04655302822051395
0.217082518408403
1.0743529974383264
2.000386339483924
