2.287713980387619
0.9820819006819842
0.3997614802458539
-0.009346753846643045
-0.5276277951128551
-0.4150510378448566
0.02472143905366841
-0.13649675011167037
-0.20638063352717226
0.21151589911113514
0.2846960987759824
0.07643751815228814
0.05366990351520135
0.39600424155429725
0.5454260022528833
0.2104783097638755
-0.013159763245331356
-0.17444079091302064
-0.322224747483764
-0.2782389320644434
-0.28537723887922845
-0.18548568683798936
-0.1447987543544966
-0.3215898032420645
-0.20718333876780723
-0.2928667173141104
-0.17629579227043007
-0.1742904060932701
0.19928877242428827
0.23712789320108887
0.0820007172846804
0.11760789752249651
0.0898751007110424
-0.3152428033445342
-0.2420747628762382
-0.26089038025540534
-0.2255395935219446
-0.07967126747083665
0.06137626764487809
0.3817921548572455
0.42711138499829465
0.4385820339319195
0.33530501296451587
0.13615141397860706
-0.10422972165065307
-0.37201059864003433
-0.6126531560878036
-0.6677978435879411
-0.6370409897630158
-0.7176435022118849
-0.593255028967707
-0.35674046314799024
-0.014423185622672
-0.016617587705247856
0.11383230868849818
-0.05048526213467788
0.2477477018875917
0.3112157240674327
0.22450177327442447
0.13007445853978197
0.02912510972626251
-0.36632201143390775
-0.3480547386628726
-0.36458198884522736
-0.11406950673152916
-0.07036572369366292
-0.0894313506310777
-0.22707482568470463
-0.15405887872859317
0.02479055461398578
0.22784097703898507
0.3552335968727312
0.25621711551110476
0.1823634472863991
-0.0702861916302742
-0.13027739681385098
-0.070623226788507
0.1356837403376773
0.27821480428910844
0.6685987388923954
0.5499217989606677
0.3920306075414682
0.3570916565170136
-0.01112194753103371
-0.12365838065270869
-0.3971212925225373
-0.6533676886545192
-0.6231307141724817
-0.5941070781708477
-0.5532798284136268
-0.6111497853985125
-0.3982457591629656
-0.5521809551553885
-0.5297770703880942
-0.21562783756332132
-0.20147123194938685
-0.28310207646393976
-0.09782475353585823
-0.2150943279783385
-0.41205767702768886
-0.24966544064317914
-0.29624051171036647
-0.38300049372932093
-0.39056710547611345
-0.3876850292953718
-0.22284401571066542
-0.13335006887464904
-0.06963047413947199
0.1578403136274589
0.12689140262931786
0.46800804695114195
0.3353130073875832
0.4055525682456769
0.5234838258878218
0.7440084145972726
0.34063696059971665
0.1950550081919727
0.3318156894884389
0.34398846453563686
0.22595975724349765
-0.007788861289746133
0.3466365366264692
0.2131143250255879
-0.13245086404765558
-0.2018428948097745
-0.11176726062681223
-0.4138371427110694
-0.5272351846000792
-0.2931075015531605
-0.44300969668588963
-0.42612369333210093
-0.4262967307196805
-0.5100935522034895
-0.5248533949260273
-0.23713291445479232
-0.19494382112656244
-0.2847158281461567
-0.05319015052924171
0.21962814027774138
0.27265406799191394
0.19313579922508653
0.3905347294837764
0.4073966536245923
0.2688952920945368
0.24730999079710672
0.09751415171830827
0.026538530480121374
-0.19349079316118353
-0.34121000668077917
-0.4432240868396368
-0.5005202090652304
-0.47768633739399025
-0.23772692391618966
-0.27428762414142027
-0.20606460723298758
-0.05794371813355894
0.3627301160306579
0.25302400289365806
0.11113990198849209
0.060395139283604
-0.04310060116056878
-0.12081518432840846
-0.19839307816765817
-0.2024297700570627
0.151338264837272
0.19033004585024463
0.24365523457665406
0.19587622612382646
0.2044335602064623
0.27672546075912213
-0.03833393628843969
0.08783551620931676
0.054961334365026024
0.043791430610868015
-0.008904087215856676
0.11633685511093607
0.3070426717660802
0.2048189783711064
-0.041365308916271576
0.034017649118835064
-0.08928286017465695
-0.3258161136750775
-0.15231219001503626
-0.02509955719721548
0.13208923512339024
-0.028206725486767694
0.06378760624060005
0.1841633847604382
0.07418934707028381
-0.08136460573816283
-0.12571396838998203
-0.3912895900741529
-0.5555325155737986
-0.6890555706407203
-0.6012144407315843
-0.5959919771244497
-0.45233989181797485
-0.08411784904555103
0.12063804880405854
0.3116498184016177
0.22084116042014013
0.05573385143673796
0.024325892848564925
-0.37057892783666957
-0.547086975581107
-0.5516445476376036
-0.41743032553232123
-0.315567610299343
-0.13298391276386623
-0.21992315555689798
-0.41626197940649906
-0.3036318302637464
-0.2779868449597245
-0.3068585165570442
-0.20202063357250885
0.08306438429202388
0.11313983098821782
0.026242831788150858
-0.2085117951394897
-0.1511161959303833
0.037175159680641466
0.12093184415279012
0.2525024528291548
0.5344177830129736
0.5125338757470864
0.6513197704189901
0.59951813652526
0.34228824638576977
0.20437245870767412
0.452449081478245
0.29470339565676673
0.07859440794090658
-0.0566366194306781
-0.14233581902829381
-0.2116398426551447
-0.3644207375243346
-0.5091960251663478
-0.5280207441087252
-0.4092390965441926
-0.3965564946512574
-0.22075465773671735
-0.15806501682235294
0.08946595762426694
-0.06460390444482754
0.07938035942820283
0.26955120163973995
0.14416621504372804
0.4831041037178634
0.4532252425756646
0.4348614255163008
0.20108018451356072
0.15185371705995618
0.25575535506305386
0.29620667243605076
-0.012039907473662672
-0.23985253961283862
-0.3605374635717093
-0.285763831152849
-0.12722341555117753
-0.2733927340247119
-0.3608157399873895
-0.3017632285635799
-0.48714130366454717
-0.29053506618969216
-0.1729636628351531
-0.08185910272981768
-0.12018121036035616
0.0748533355694845
0.11200171365971877
0.11863206051800136
-0.02143757928574944
-0.24089513296504556
-0.31344467454298186
-0.2266256820981661
-0.11704954781957153
-0.20312902732735438
0.0592132531643449
0.21753252273132437
0.49813034354311664
0.4440766309091097
0.326101044382072
0.46408059796240975
0.17313363901721665
0.2220465027265716
0.17856332711984185
0.3713019306922583
0.11907511436100394
0.03703210461684144
0.3420491136261906
0.3948432905359983
0.18798909688546006
-0.058792982298311175
-0.32864770311308655
-0.4065746650875895
-0.5238159815725866
-0.3841164510485908
-0.053495512854995535
0.34673793167596
0.20887135826360834
0.17606358277254633
-0.29988585470152834
-0.11618143467956114
-0.380551746229968
-0.3699153726321887
-0.21667548252954075
-0.2603033264130602
-0.034880604534384754
-0.0007134689907281767
-0.07284905812877929
-0.36844389762590757
-0.5968464015670155
-0.46092714448934985
-0.5076872586873731
-0.42606758777286613
-0.37805022250221865
-0.1727318128571532
0.06704447548412128
0.3117551574584955
0.584370984030526
0.5759701976295309
0.5574254146917463
0.5301661143278031
0.21762886748247376
-0.2589605420551174
-0.35011744868638467
-0.08967679585279477
-0.19509546048569185
-0.11256985140659305
0.27149299997389337
0.13593190366838007
0.14693183087465553
0.15039230470977497
0.13963126263272133
0.48454375647946224
0.10024701216034344
0.23711133406824506
0.041311018749909764
-0.6107734729734084
-0.6162382565766168
-0.5066441239144504
-0.59428273201552
-0.41449244563892557
-0.08733691474625038
0.37455736453839705
0.5121887948134335
0.3543258464060546
0.16786714740949943
0.3924044492555106
0.22931764855884082
0.4265178185495185
1.741731850638612
2.678097724473467
