3.0149465915473086
1.9114253437027884
0.6079935361688412
0.06827237767662392
-0.45349129594333976
-0.7760154791691415
-0.7241681201573776
-0.6107236861575308
-0.4248707503079829
-0.38257347513778994
-0.3669771174952249
-0.46910891998057525
-0.37651041835311716
-0.29695530286934196
-0.0491890535311659
-0.07090491376280482
-0.13360623404169916
-0.024475714292177486
-0.0031851280316694177
0.018824979161211335
-0.34076766680032394
-0.3271967223267321
-0.0872231403138575
-0.025167788222991053
-0.018044251327918096
-0.2712841186577455
-0.07250364846358369
-0.19642019631210614
-0.37567059093801514
-0.2767261425424148
-0.46565431233698656
-0.31896017677731225
0.06989134998161996
0.38220553769635196
0.22542279027391154
0.15106652493537404
0.13595692626833844
0.27708616131796077
0.18036930676907914
0.3265801007487222
0.42831668764710845
0.38434976262547166
0.237537472663822
0.1755750406980009
0.17212319141772536
0.02665939428673959
-0.009929773133239684
-0.0915681879107773
-0.1471453903580275
-0.3041900282124338
-0.32806609768342093
-0.22193625443199963
-0.11879842599593315
0.10916405147427316
0.21374593564105707
0.3288431155318401
0.38401619054703323
0.4141881660171145
0.14873039560248677
-0.19607074692375523
-0.09046280243937928
-0.015529440350201281
-0.33792878430727546
-0.19599002485310402
-0.001473708853602833
-0.345875865853548
-0.19338676680389016
-0.1984250924393045
0.03592681995512095
0.11393967943243252
-0.1258406143936879
-0.14145672748871305
0.11747660815816671
0.029578270176259767
0.1915260010305859
0.48572082258083565
0.32605110402373455
0.15816294944863826
-0.03203028614988566
-0.07196898304758387
-0.2800651994161592
-0.31799937833400144
-0.13708972197590874
-0.10392974464506008
-0.047524686956955865
0.09582289763132402
0.01848339412265361
-0.148826745817727
-0.12333506893575066
-0.1957133198371536
-0.23517180822682393
-0.10329906429605688
-0.06645254333270413
-0.027049156376218485
-0.08194494113823791
-0.14384846166269216
-0.0430860021908233
-0.06201156146329635
0.20479110494922745
0.029484408720019093
0.31669561688117975
0.06617615694569486
0.1735199707366269
-0.08997564659713182
-0.1687582366249762
-0.47928655374265977
-0.43055234832102496
-0.4632570775807558
-0.5976531119998222
-0.5571385572180632
-0.5240964090161189
-0.20839410218748694
-0.03216386504250541
-0.04958804333816907
-0.09255154478551715
-0.10575013245537247
-0.2115246003557456
0.06689566502492858
0.07032636154681908
0.2249355898226271
0.22254836463703662
0.05083332836586573
0.11954399286898995
0.13043363206939113
-0.25879073781360346
-0.4582380224314289
-0.3247537747109109
-0.3237797109864563
-0.09019079093818151
0.21704462700278668
0.31780748415760846
0.2846593229411645
0.017393021914012607
-0.21532647120155995
-0.14365833260506994
-0.015613612604906553
-0.16496226522358715
-0.26622644445648697
-0.2642008451588159
-0.2752041079093999
-0.0053024924211821775
0.20710850738038747
0.3015064612878484
0.10704344025131221
-0.13772201982557938
-0.17977881439784799
0.08308430185264741
-0.21781586505480627
-0.20657009411600818
-0.11910094922678563
-0.35930255199625477
-0.3582356265068667
-0.26573635712954746
-0.5081334503924816
-0.4456073945629914
-0.3484042373745725
0.04326233280598447
0.05932316814053859
0.1129678567307071
0.32867651000254827
0.4725846762561712
0.26607973718623285
0.2024783042467213
-0.1976173865693984
-0.13132513848114144
-0.13757050336984783
-0.03975934052300409
0.010949831767506633
0.04632252954431112
-0.10527259008813429
-0.031830337229968544
-0.2052603525068978
-0.0379069561400387
-0.020765055520206497
-0.1493877084881639
0.15771844115567482
0.2739203904067729
0.39436368689351925
0.49544999519877986
0.27824231183725495
0.055632197186710905
-0.05590907089976055
-0.06309549814658147
-0.10977599166559239
-0.12497718815402031
-0.05458074621854192
0.07098554975900773
0.2137379374540976
0.3359810916680619
0.1525870789206512
-0.06744782945667326
-0.28681912974744483
-0.19308696798672775
-0.1737300154387884
-0.28715161364620945
-0.5241119049743889
-0.6895795227638261
-0.7713321432126974
-0.5943777641927321
-0.8104615474194262
-0.5602762319656343
-0.40039377636168083
-0.6640090513314008
-0.49615022045653634
-0.4935640159032644
-0.30837122996675476
-0.2229835580750177
-0.3002881048772107
-0.3100879625134009
-0.36472758429112123
-0.39988999015699406
-0.5322119536286144
-0.3821520851985897
-0.4122512787405447
-0.43693738709600105
-0.47957384892143146
-0.41000255507553474
-0.4810418035757169
-0.4493676708397916
-0.29506467719276
-0.2681006832565619
-0.2122866269346106
-0.14158042757042663
-0.05431138848361724
-0.15746619501164305
-0.24814643032461609
0.13862461053563113
0.25865315530336824
0.05300950815684143
0.10038312209503993
0.16278910212392508
0.04451612008325998
0.20906836909203577
0.45121167735979684
0.5551379409053911
0.5613666747668737
0.5506279966133634
0.6472152060095792
0.6887556283979961
0.4743529613769627
0.5268518525064383
0.46501899370358835
0.39208445192634295
0.11670612649910504
-0.165578452155959
-0.4191564982518543
-0.3409620878084025
-0.38909206833463333
-0.4410324679359634
-0.20710096087557417
-0.07896977257509676
0.1753768728092248
0.2842762147808148
0.20610252341399876
-0.036116651626685786
-0.2591769247760391
-0.3707504400150183
-0.41384272505699604
-0.32416362511923763
0.08739418874639988
0.05842787287775967
0.2572050131678288
0.07942785895243475
-0.03340820731226356
-0.09772308616906249
-0.3052414147395521
-0.224779505971761
-0.15279184209340396
-0.26564844912325314
-0.2874561000028398
-0.25115309655404605
-0.14652237408449487
-0.04151641173367609
0.04676680799121967
-0.12020115096078486
-0.02567200735791887
-0.03992088861359865
0.047807175276734046
-0.03891748017131041
0.17120801245363884
0.03697975524662319
-0.0007084980774661723
-0.07014796366343616
-0.13594742628655787
-0.12432765787013682
-0.017579248913747937
0.024689397950450883
0.2676317374625449
-0.005326777384499255
-0.015752118231116635
0.06339586183023663
0.23756998343055527
0.15294133832771253
0.11660401728057403
-0.007971120671700081
0.0426084853484858
0.1342861733936183
0.055100963507444436
-0.06491798497148116
0.03327185195817707
-0.1469624260178873
-0.07880139902018239
-0.357091066972154
0.0010030033809852962
-0.04926140337576627
-0.24848384149854652
-0.3315196883531296
-0.07040664409698877
-0.07994187358125836
-0.09992838406319732
0.3400888645196839
0.059075297358950646
0.15844681298472205
0.31715107310051877
0.23738426241070193
-0.16240793120105157
-0.3506936586686818
-0.07075149074840635
-0.01716382309592365
-0.0962571641615734
0.0196522204123227
0.28207922228451626
0.2889358369091849
0.33926023241823206
0.12449260800416394
0.41026005050036174
0.44337949611073413
0.20449517324734556
-0.022473573608528186
-0.03037152293955081
-0.1400748739933689
-0.5695433165130922
-0.6029147095395382
-0.2894383661254002
-0.33260813586606164
-0.10522265997057859
0.3153467943385106
0.5980487702507065
0.6028801741536564
0.3867370875582689
0.24063947832320828
0.01342824884984309
0.12855327751282175
0.21115342309293966
0.3158759278107249
0.2164187379225341
0.3513033650047663
0.31191439160050743
0.14627227753082228
0.2665428732785539
-0.026933547584609772
-0.4220356590650837
-0.45996809117754656
-0.6267685102203691
-0.49135687732300043
-0.500516988471395
-0.667875386763854
-0.7550204008167661
-0.7719087295557706
-0.6178693439072086
-0.31292972920539097
-0.14047418533931977
-0.12696833930325713
-0.0489378519655785
0.044959334690465626
-0.27805953486418294
-0.133366516098088
0.07040796835104877
-0.3749695516195311
-0.2600957461105732
-0.21353106282039247
-0.05891597168643568
-0.28417107191062424
-0.3567291244848562
-0.034402823570769084
0.1413855926704272
0.18494964516028486
0.2999062358830769
0.26626924263295965
0.4104563405973248
0.40596891934789286
0.4727804737554236
0.32543667782423136
0.32000943049577546
0.37095381791212667
0.0497343177755095
0.14203777819570215
-0.08991250460187322
-0.07232368857803124
0.015053377498003787
-0.07904438044944595
0.2780795574472534
0.11588337309407369
0.15936904607418875
0.26377464183208094
0.079251351853383
0.06520059304747954
0.07864757251402542
0.2968566127335078
0.0021154373732156853
-0.017651489407861168
0.1771411362772973
0.5148838057688802
0.3231949557334354
0.22158889580619465
0.38742690656899964
0.2924289079821561
0.10350178983883171
-0.2760852392163373
-0.4520757734912844
-0.2031430005174609
-0.4957865682326811
-0.5019292356374507
-0.23122940944708847
-0.29518249911826544
-0.28123020743435817
-0.11804525047998207
0.11755903869683298
0.07285292977441137
0.1983446151347308
0.2705154304862683
0.27988547320830265
0.2580031684877516
0.2632144651291767
0.29204466160255926
0.3711337958174713
0.16034850067916245
-0.07770304367269128
-0.09839081728998464
-0.14036226506769334
-0.2322503610763062
-0.35880116932837297
-0.2336014168334924
-0.21522397961371315
-0.19443854275518768
-0.017459365217456658
-0.05384542593492016
0.1238688138179943
0.059109689219512325
-0.20884951129593526
-0.2828698470095309
-0.3502873546441786
-0.6163054323438334
-0.8075763195172565
-0.4317825785754044
-0.09848655900042098
0.18763321620780074
0.16564513656641044
0.27844880447033465
0.04386285385780799
0.021881530976970986
-0.23995588063430964
-0.3230146603852485
-0.425170096280938
-0.7193210496632025
-0.554723740927377
-0.3510383967030374
-0.3459002662529603
-0.15648918047085927
-0.13081208840117214
-0.049767379345089006
-0.08171281418173162
-0.1315565650603128
0.21730195012852757
0.5209619034328695
0.16260759644203598
0.21493645160309133
0.42176324973459095
0.27059076531632215
-0.10113193629585283
-0.11888232697109602
0.08385125377173833
0.11389964391575064
0.02708466299012994
0.25626539336685006
0.20310455819300308
-0.12247089948259875
-0.08985922615039389
0.06350209866557602
0.08058159242453021
-0.2400810860446537
-0.26944059511300655
-0.13396535070872867
-0.11694566198727653
-0.17669473438489883
-0.10318823114352521
-0.14329116123024654
-0.11316030596198248
-0.22924446717932342
0.016158999723159914
-0.18086888974161336
-0.10279574362725352
0.032469447511726875
-0.028910180521623127
-0.13847608582365564
-0.24612728792300156
-0.3660151466941011
-0.500668499790165
-0.3672519062070121
-0.34292592337127287
-0.3894971727479877
0.014174571129417748
-0.10970843367874915
0.04289250822074194
0.0637424363300987
0.012256252168557727
0.10828810752319952
-0.0033582999443561067
-0.11262413509634692
0.13703972624496777
0.12838048327409007
0.32469027648751164
0.3374190121316482
0.39426478111375546
0.3419865465207221
0.023872357767774702
-0.16594750198443436
0.0144196579691741
-0.33313132975648846
-0.31077615179933477
-0.09675515720455004
-0.02649513628116689
-0.060808478502106994
-0.024495271525645568
0.06829727088644472
0.0909445400883017
0.36434929798146654
0.1953447774951509
0.2996014177160097
0.47871130954505653
0.5555091183164813
0.5360540393855029
0.48138273768797224
0.12098701744428758
-0.2951273499981728
-0.49889416543672105
-0.8237961764816766
-0.7185537805092209
-0.8387612445858689
-0.6854134663046435
-0.4995685598742382
-0.075846034533161
0.025424568637420552
0.3438795213152478
0.4533810703802171
0.21509988597979016
0.031599591929100466
0.033592777771367245
-0.04533494696808788
-0.09897802679200249
-0.2900555924716934
-0.426818385133944
-0.496966425140444
-0.4023957133885635
-0.23566462271199554
-0.18572786754614296
0.025807080775162233
0.1284746829046867
0.2373547461068469
-0.0007518945159802723
-0.1815541818855187
-0.04774506273282257
-0.11727025963422678
0.1608268523280923
0.22811677393302743
0.3204076185125443
0.2736581027841623
0.07543384875997
-0.18858646098164136
-0.06899834742148386
-0.3793372910428857
-0.5081884067926964
-0.5868570638271591
-0.6398284073281707
-0.27248226757193644
-0.2406689263254435
-0.19650981865069336
-0.04946728218341321
0.07658483767982717
0.2325574534303548
0.3199554280104074
0.24830338139084276
0.4599051182693314
0.5206382623757841
0.3561487731268573
0.4263889819499881
0.18297146070349157
0.030063401262191272
-0.09747486101468879
-0.41165444302482374
-0.5140307746492698
-0.3778114432101612
-0.2786251534637979
-0.12243252456829276
0.10834009634264005
0.3917185474585146
0.35888942221893266
0.2576048387699864
0.04796874222389905
-0.2017693304120622
-0.4835902463286397
-0.7034506090789598
-0.6053110263932754
-0.4658367626633198
-0.6620939888835695
-0.5104246611547244
-0.3642770419337373
-0.2203143781699421
-0.31016227852021416
-0.16842126096308394
-0.03445076669532215
0.03678233362415519
-0.20659980406175626
-0.12068890757116744
0.08817991203933323
0.197289542262035
0.0951151735188618
0.23608116353384442
0.5149032109702076
0.6323669717457598
0.5345853240131487
0.16515780346833273
0.3145018230372542
0.4898066311886065
0.4321922374857232
0.1448518898360641
-0.14306003981171464
-0.12393699056614667
-0.48448261919166974
-0.4612901060429153
-0.2935485093471968
-0.06215203235723938
-0.1481208960110806
-0.14804031371572327
-0.3162974709422074
-0.2576548622566717
-0.13676992402152166
-0.0827494592732377
-0.010947610329249369
-0.4588921536187915
-0.3878095726162512
-0.4892289526154474
-0.48768750157452745
-0.6048292304645221
-0.44294597870620167
-0.6102672719086313
-0.6330789692597745
-0.3402382608243945
-0.5142580310459389
-0.43879354907677987
-0.22416932807505724
-0.08361979307846336
-0.16637366042586538
-0.2462185683823926
-0.4817689899218297
-0.32426398662041983
-0.558238173700793
-0.47165778907620265
-0.15529767507751982
0.010186075731748548
0.14978042302137495
0.472334338799714
0.6070629400501816
0.2973019134075894
0.13200572025910257
-0.04608754546824808
-0.39606617702132046
-0.4579597827489829
-0.37649515606235573
-0.3832666635802559
-0.4548706494132847
-0.3333833936946182
-0.09029478639547886
0.04938599659645328
0.22111967841292418
0.14862813949131282
-0.075422635617827
-0.23950280886484512
-0.2534944280081641
-0.6460415641650331
-0.6207350527780466
-0.307238121048333
-0.39860397044303153
-0.3131881485708177
-0.34436187662509365
-0.2476332878390126
-0.35160368964539546
-0.3744493347432057
-0.15720940107968898
-0.15966222465189442
-0.19298464221068443
-0.0503684612009619
-0.05926516225955765
0.14537102658254444
0.3455588324056078
0.09007241101036155
0.04834233259439043
0.022860075138310152
-0.027308465389768246
-0.09984876856837994
-0.07707134277070578
-0.059207782730355034
0.11765265029356298
-0.004167484583362984
0.04251335666067924
0.23432556319759046
0.16903174448076727
0.1824340558112904
0.29422459978455656
0.08541426128718692
-0.06056940466393773
0.19009956814697365
0.05185530954667103
-0.0027548385319304458
-0.1341934940591963
-0.1761707974615455
-0.6131766180437667
-0.5599156031613621
-0.44335846238285526
-0.15445962572265678
-0.2311645690905839
-0.16117457758729134
0.07382850691743584
0.12368500575183998
-0.07128606944967157
-0.12255654342562776
-0.05789070693184119
0.12849778025086991
0.23914771750903452
0.15703500308967874
-0.03415925320935998
0.11172823291906601
0.41535503523070566
0.27331591965912794
0.3069001088498082
0.25519257421279656
0.3614262171593516
0.37934771509003634
0.20591891744295757
0.08051449189402715
-0.09511595879033914
-0.027731702241756674
-0.1855118191206469
-0.413884743544487
-0.32827225900202217
-0.42332311373463205
-0.3788000360114791
-0.2462960000302415
-0.12651059821024355
0.2694053833354037
0.42728165028921267
0.239899133122978
0.049025757540668576
-0.13536932959955159
-0.23550456473332154
-0.15070023356538986
-0.13045175797238204
0.08896138567354746
0.2574598741856328
0.06695554964033902
0.14055310283524458
-0.10557929102819547
-0.2850220260081045
-0.16962346440102158
0.02789215862757345
0.0007670276622106635
-0.03375732130245181
-0.1741165702932793
-0.39685176447886034
-0.28666934384534826
-0.5922623500051821
-0.4375513492342047
-0.4254556230860905
-0.419877082139073
-0.46556742463211087
-0.37596931726323607
-0.38544248281492954
-0.26050626878500416
-0.3041763556045151
-0.27171448186342373
-0.32595750757853226
-0.27243857578222036
-0.13064487425250862
-0.23767431853194107
-0.28575248058726416
-0.22410955688975784
-0.27880425481909604
-0.17824484580154173
-0.3305323416759138
-0.3740793884284891
0.08079274014593318
0.1985334683160921
0.03382034891136794
-0.17930760140676485
-0.029043784641119928
-0.03659014427535311
0.1466117869406889
0.18358791566048277
0.08323515431804102
-0.21380322436456242
-0.08440003641327698
-0.2930442811336917
-0.24248863478488503
-0.33976745587605794
-0.3414418241836984
-0.14530343239859475
-0.23231643308947927
-0.25171550786020097
-0.30636000089714294
-0.15818264031137455
-0.16497851190339838
-0.03936786200091926
-0.003008863889174841
0.1302034454138086
0.43039991127389704
0.3447005545164199
0.3055419459388895
0.2168891348583039
0.17165121574083955
0.360226368587952
0.28264574454124897
0.686736237948943
0.30370583526764106
0.5063508827948573
0.8265449249614748
0.7928179160882854
1.9262668215013548
2.831052073152969
