2.5393805543464723
1.7942789262407826
0.5753464411648819
0.9778797760851466
0.8319943796287979
0.5482662256955521
0.3877305903842084
0.38506483756125176
0.15919385327774085
0.16979785124770122
-0.20948687785471712
-0.3015001630871698
-0.4051410524282525
-0.29731381321583455
-0.10784621106174239
-0.42492415047347487
-0.36435231309224436
0.14134384782112244
0.16943868044356492
0.054830598204386065
0.3364284847594424
0.5064935548624276
0.39975882483739444
0.372522446016634
0.32609265298896484
0.08576307608977266
-0.09648785507140267
0.10453212476534714
0.279586475520746
0.22144305595344932
0.28602182291664474
0.6684373012251087
0.6207818886386139
0.48100063169752616
0.12122462836260321
0.023142631442560947
-0.49821302024462044
-0.4992521694577913
-0.5812969876380769
-0.3940054454691844
0.02935756644802496
0.06416329704582527
0.3053339797859612
0.3156239787430173
0.020712146730892868
-0.24736316972337108
-0.20046140010571187
-0.22812169489091186
-0.2624824484686758
-0.3155522889916397
-0.40596932860184126
-0.2770921238012884
-0.4653661245339938
-0.526247107697963
-0.5328053430958744
-0.4004916520537302
-0.41861429448402754
-0.4058340557281542
-0.4432659372334
-0.5952932983683792
-0.6454031059232775
-0.5410634006583313
-0.4811317327107891
-0.23608949424899092
-0.036967150339784524
0.03775131587055875
0.13295833970639695
0.3561684303489653
0.13551959290956225
0.1386372196207924
-0.2595109637826094
-0.3792406191050796
-0.5322050027906361
-0.31521698822053057
-0.08332242006279754
-0.03635246617762098
0.259417685543823
0.22648912157210768
0.2682824069817042
-0.04011982516340925
0.12974703326922157
0.1991375174739704
0.29466673210234606
0.1368248361642481
-0.05411819601919977
-0.11805454568387416
-0.16875450889103083
0.09266257357149141
0.08206226009100638
-0.0037874078014307868
0.02398902206611365
-0.026985706370445537
-0.288999050804321
-0.22740617637620594
-0.4336487507933759
-0.5950563476230052
-0.6141193228090686
-0.43491926635902456
-0.287227562924711
-0.06346297866070567
0.28382913155949324
0.2969130475671688
0.6852940512176772
0.6826301634624861
0.4690485197394049
0.09900480858545528
-0.21230889984577675
-0.487900319551629
-0.4829495037241759
-0.4161814821051621
-0.3600679985744707
-0.2958068710976668
-0.16248250017742563
0.05895132071802071
0.2988499046629797
0.21858416225678282
0.07599714214221509
0.37945423955297214
0.4167796581604869
0.5739094391150779
0.5765658656484403
0.05316575373260178
0.1196737040126538
0.10445097758993513
0.08526949958303341
1.4245891894683138
2.424195330259869
