3.258688144720532
1.5958811400749875
0.48213058141699755
-0.09397930483279196
0.14587531979904098
0.18212711662921927
0.2505548499049684
0.2248982298300096
0.0763499148945404
-0.19381790924850192
-0.5836459675826566
-0.532991303877191
-0.6491289571235245
-0.6279606219271894
-0.3479363104948992
0.028506311588107427
0.21666454456430026
0.48608817066749194
0.4648832671124546
0.44499571533686993
0.15404070025924613
-0.1822902659623857
-0.12258583966243419
-0.138567991765032
-0.33727377863599445
-0.15924848035191633
0.019095952798118113
0.2808020632968853
0.3504633552147111
0.11323207260999356
-0.004943361126725535
0.15349770771537452
-0.00266474164726024
-0.11507160649645937
0.1353468819846212
0.24850903299330465
0.17359729384554054
0.348686949220542
0.5214588385242044
0.24409946093213464
0.3902745301004215
0.2703362845204054
0.2641321630675425
0.22844245291769374
-0.03738453885571255
-0.25551695496239774
-0.5218945289354127
-0.602331099770388
-0.6829782999798328
-0.5532200465266498
-0.47520917335081075
-0.44630799617642214
-0.1752770187017949
-0.04368790071721565
0.08927524568709694
0.0825004345748249
0.10443386730319447
0.17544959630644352
-0.07210278694760401
0.11448301732511494
0.2009706353164241
0.1307047630797577
0.010758133153192882
0.04406749771876676
-0.03668742203296699
-0.35899128078276865
-0.3900421033808149
-0.012995571889624122
-0.19274287473253446
-0.572930210404969
-0.3777431331442733
-0.39348948519389343
-0.6820987900648682
-0.7584543448186317
-0.5454505829238167
-0.42381413517647465
-0.5001972031780336
-0.2616585802814363
-0.066624834859634
0.08740820641791752
0.12790096207487395
-0.002199748773434033
-0.008945561705713848
-0.21558040538883547
-0.20584619813347657
-0.0651224880331417
0.17584597126899318
0.13689402786773866
-0.1149232817944562
-0.014843312470281254
0.3513728068959286
0.3024550480298781
0.1967225040544654
0.28781338898820896
0.15149886452406766
-0.025549696393916525
0.09757716215768487
0.16214938279235222
0.029740128432474842
-0.3202781310817211
-0.17172125569863103
-0.4209974132441012
-0.3062761230589222
-0.3053089259522865
-0.48953074232839716
-0.27137958635458215
-0.06330271134166496
-0.18070796692810898
0.04973095939827215
0.16043234632362616
0.4568181745793307
0.5560484398296781
0.5020630948396804
0.543974860873014
0.3796673257185349
0.34266092690036226
0.02334923961603292
0.12652151814751106
-0.1398925804600843
-0.18252274471749833
-0.08459758092394162
0.16125041913057384
0.14794060756554714
-0.02522351554135396
0.08283829494369699
0.09714792402352121
-0.12310580316543342
-0.03814449590192503
0.13039589235519153
0.4886043198024269
0.3620885950170793
0.6442698363037762
1.241948864756904
1.9174208374157065
2.653707776493214
