2.9999865743176395
1.8890234823528815
1.2369916298146226
0.790301169814112
0.7345821665118022
0.4538717268458691
0.11159869704059244
0.22258915714776042
0.15650991138886322
0.262582086906391
-0.07681515413152697
-0.01338971170225619
-0.12431928848020676
-0.08298228318032333
-0.4082981908156605
-0.8805375197213706
-0.7264550920381995
-0.6648670964155174
-0.4676597795853593
-0.32167032109162913
0.07689966036892268
0.34085200090968115
0.4319493169611643
0.48683815234028727
0.5361038399444121
0.696463807603422
0.5496472421537921
0.5007692621869894
0.340509164659838
0.19762389576204897
0.13708374256651
-0.07391330931700511
0.04336899674484481
-0.25570773388076806
-0.240633632153665
-0.22466797065134358
-0.20246375471534198
-0.360198016549109
-0.333775056023981
-0.42481658207020334
-0.34428504527308174
-0.3700124124606662
-0.25696951651811345
-0.24866480275186742
-0.07219218808708104
0.15386554526887217
0.14539474468477478
0.30428886675328715
0.02848941844930753
-0.1781898398848744
-0.36112680803486813
-0.3933358991883833
-0.17071073493365904
0.1732582502351036
0.3197904208748059
0.10263075786186551
-0.03454709148541136
-0.12450654278378968
-0.16760612794878507
-0.31173508135979183
-0.2543530455866344
-0.256335396591547
0.06261561126628329
0.36065648272986506
0.5140721127492769
0.6299530897998662
0.31184300214100197
0.19159543503093732
-0.12605397890312658
-0.2300615034862688
-0.21565458825422784
-0.2646962608685096
0.16842756877596707
0.48756233289612083
0.5923401001412943
0.6823588540195602
0.8342917728676781
0.7495132841432545
0.41035409555380614
0.0774533464262816
-0.2934505578255877
-0.5424460694494593
-0.783707912045907
-0.8188690930481267
-0.5996332794850021
-0.6322349937762484
-0.4239209531532653
-0.03319463621746345
-0.20578152486427398
-0.029622509192190345
-0.151596301268733
-0.21274738218186945
-0.40606053547244214
-0.39219588201354394
-0.25339665488642393
-0.2202406835295368
-0.005225250915920562
-0.10890218482084497
0.39127771028058334
0.4236756411924662
0.2787029128746012
0.14356752768157297
-0.18796378799948807
-0.36709948101900347
-0.26389487068501083
-0.32998612008733846
-0.393139207865348
-0.46157615876698793
-0.572685938188981
-0.9867099238820732
-0.6338021760361348
-0.4007634552898519
-0.3024998986606913
-0.23718811910449608
-0.29137822257063145
-0.36183034531621255
-0.6101697081638336
-0.6966345041551385
-0.5214107043595172
-0.058539517059906176
-0.21070788408925292
-0.27650526734290487
-0.08187127106521526
-0.27836475644811
-0.07473943631721132
-0.10055329102778954
-0.09978551441526982
-0.039655807797665456
-0.05558888501117143
-0.046877249236233556
-0.19890277625038513
-0.5492817637425013
-0.6285123454600672
-0.501404000790882
-0.43358736437486495
-0.3491267199605011
-0.23008014313066974
-0.15603687719573206
-0.02435840071912524
-0.08562114324581618
-0.19727357470275358
-0.10908613582549273
-0.09900269640851024
-0.2638755780801995
-0.26028150793238075
-0.340475390474123
-0.18727499213329707
-0.1610282965923524
0.047389842947133144
0.04180672956169703
0.12918994083795626
0.06446764712067728
0.002868820715022341
-0.09985514778095703
0.014588001918029538
-0.10294071689801
0.14574447765069748
0.2970738066369401
0.43499733602286456
0.2819376805320789
0.05565596766528503
-0.16858170254671173
-0.19200586138650713
-0.39917959883077253
-0.5026834368202222
-0.43048118811148134
-0.31516059304622085
-0.16285549652617112
0.03610920650783175
-0.022099870352699894
-0.14113027399287414
-0.022424207708347656
0.17703964121370513
0.1479908872401862
0.40896426914069706
0.3434337120591025
0.670836492026901
0.6193879562095226
0.5625764370118218
0.4212173983670259
0.35611597406834766
0.06265299218545071
0.22906921634289992
0.30244385040583854
0.3156737351110265
0.19763571896247775
0.3525618395491842
0.30180475622601066
0.5521134429670661
0.5895235892509512
0.7222889662909807
0.7338444928586327
0.606383149751157
0.5611899107102035
0.3674750227079781
0.24297429851551566
-0.13610940433966576
-0.48533010583335556
-0.618407165319786
-0.5564460627677603
-0.7404607281598345
-0.4958247296259431
-0.5490838251363176
-0.20666279181694497
0.13832657015050676
0.2528003406182183
0.36845107519676873
0.677202808981241
0.6068763795618186
0.3332728289271852
0.00030515759682725853
0.11578546012547901
-0.052468211521854095
0.09681209973970825
0.34302783810364507
0.263918036321323
0.26519195518030336
0.19825890885432793
-0.01031965586639779
-0.26602287680147463
-0.3973235385113069
-0.30673509167666513
-0.09561524535607452
-0.3475174920076382
-0.37641481250439945
-0.4552356168280089
-0.46150718822562653
-0.3597966754804077
-0.18923288963956492
0.06475464752080114
-0.17359958636024356
-0.40250003419271724
-0.3787579048966601
-0.4895719722213698
-0.562028938652753
-0.3936579255821559
-0.21277332395451
-0.26587244955566997
-0.4245442095844427
-0.2728685726579398
-0.1347578955256869
0.19643471145634725
0.2994245215303456
0.37722230389979383
0.172715645413729
0.07893590952971904
-0.2566278828101752
0.015277427236430817
0.05215038290754644
0.08104214298379459
0.18177638160140025
0.09183569707511346
0.05644282047333393
-0.09772523661131242
-0.172635079116745
-0.1749572734145862
-0.10495821953741724
-0.24868219887473955
-0.23263159655441804
-0.465788056082017
-0.4337571235477213
-0.33648214781606145
-0.4251801703788316
-0.4426475055668285
-0.32296311058100396
-0.19642019310311884
-0.07486904489034299
-0.04011837195432227
-0.22894048790850421
0.025829056737361872
0.2562128150886975
0.1707214529584757
0.012182226121131031
0.3263854001783425
0.38062688867681527
0.45936113825079267
0.3532628655470069
0.45225083839447405
0.4979071633879494
0.22935602401368296
-0.09458431134421268
-0.4555788867541618
-0.49385537223665477
-0.6067544368200444
-0.5889249950841946
-0.4834280165178213
-0.22662847146513712
-0.36172747844684777
-0.04119287388053201
-0.15668572768426692
0.22619391909561573
0.20611207708735074
0.05203459703875684
-0.2728256170123543
-0.26471007528318435
-0.43495546269726054
-0.46928160289567616
-0.2559386295187729
-0.15535204735112026
0.08108818854777376
-0.05474447086045894
-0.1024748246645383
0.26324283708527224
0.28977460910700786
0.18305204680766105
0.15353263228040717
-0.01751249364687371
-0.22775683346753456
-0.3529309725823408
-0.34934842063440946
-0.13396577328128995
-0.0369166517534158
-0.05857247756591531
-0.11023421515432766
0.008996237099451004
-0.22046088445133596
-0.15998736243552406
-0.1601334146761417
-0.23671076632504867
-0.3463789894693336
-0.20854929734920158
-0.1910760960685678
0.02117726084904092
0.11943149304497332
0.25398981095556344
0.3118394748052563
0.3547333991876194
0.5530803088031605
0.5359657966430971
0.47692914884239185
0.22512195427398995
0.24987033335156705
0.42396336431600345
0.40426278347941563
0.1793866832654494
0.34186894248110233
0.21854334319890964
0.10550053120889477
0.16551928585291184
0.026993211122520743
0.19448494755407283
-0.004077422310330522
-0.3698369269187967
-0.22738573579058563
-0.18052116058976495
-0.16122230057725492
0.027153153218334107
-0.07478253592867097
-0.09328632825747159
-0.1642083755939663
-0.196270343177992
-0.11843207818223672
-0.1490376933562632
0.08868405569781147
0.2904632502075978
0.6246418725516752
0.6476042564193819
0.7951092949556359
0.7096848419827503
0.4836071852960777
0.1469357482323587
0.2054871018465604
0.2836112643615145
-0.06693973484997723
-0.292790675311738
-0.44749471048529077
-0.47424637909424217
-0.32564814116713703
-0.29413970858693034
0.04198753934252521
0.07600743502542023
0.16917869960188098
0.22996083089846533
0.1503266340871674
-0.05159227831659964
-0.1323780623995111
0.1276065085748555
0.2193326243024742
0.2676945851070137
0.2519160890392441
0.3863183605492059
0.3902909616415972
0.3092418014131933
0.06123407713968948
-0.08733685442050722
-0.003115474839398203
-0.14943263407519905
0.051074703352535625
0.4362693043128583
0.2398774932721693
0.17773617864543134
0.21089744342103178
0.44903155140041207
-0.02340925897794997
0.2471060408972023
0.4008126876745112
0.17415205183099333
0.7145637896728488
1.556920508888172
2.574453603807785
