2.5019398977875267
2.2260963203668642
1.4558179711456252
0.9790150893035631
0.32503858547861764
0.10218310914586842
0.09048828337092564
-0.31400834125683985
-0.22265468869219573
-0.21693717190677098
-0.39591716068441585
-0.30730606055282095
-0.030350524703351575
-0.03576244717480865
0.03053719636675978
0.14553462590573113
0.200842139720892
0.21778395586689467
0.19030929548011236
0.2935138867791871
0.41000135143847544
0.2020593468417157
0.2787828207194431
0.29974095875292794
0.4149602455261946
0.23263741756763331
0.3205997144190474
0.33280606297036114
0.37742341319462763
0.4115726698709763
0.04349021690334469
0.0770421376549393
-0.23259934675003305
-0.16332146309363302
-0.2525293456220446
-0.44977786448182006
-0.28887575864278564
-0.35784878590812463
-0.4018275678211168
-0.1380946395888782
-0.08715993076167057
0.5063516307566935
0.813668369474605
0.8516616497880246
0.6433583550943751
0.7633682710317955
0.7096440136842764
0.44635803644780736
0.19249198177467874
0.16340673915230192
-0.08770152048180342
0.08111686512310613
-0.12325707329812956
-0.0025113825307904207
0.13637673396299324
-0.17314262964753382
-0.11270432121158326
-0.18644778160202016
-0.17070251775098036
-0.11143553411135013
-0.3316503981401679
-0.30026868006388163
-0.05733462658838435
-0.10283318147917617
-0.2836231568249698
-0.2541267065513468
-0.13710349677335004
0.032921454764087484
-0.27616752321400356
-0.2214030181814772
-0.005451378542316939
0.2149378327561802
0.36102894188104767
0.3614989697944386
0.2768389313791954
0.4574186858630305
0.3342932129374533
0.1824860229277267
0.1790843445326585
0.0861954165822017
-0.31574233715170286
-0.3508466758815288
-0.22819331756240221
-0.17662368812846313
-0.416239678154871
-0.27490117452041923
-0.2954952902333436
-0.1983525937387855
-0.007319683362635514
0.07806906308109926
0.21665642324964068
0.17491790248914676
0.05180801541766316
0.0894916430906019
0.09775705149559301
-0.003639922813429697
-0.034669893734962993
0.07406180820087015
0.021528018782750933
-0.20808465125400408
-0.467568798851841
-0.3903994800812413
-0.5180241205491207
-0.6005582292253953
-0.4683236285381014
-0.6763884106382544
-0.5648955216053648
-0.6293500908542525
-0.5735503322234401
-0.27896888176467743
-0.22608194831838976
-0.049988138835681636
0.041372366294605285
0.2401887558674182
0.17070803800841391
0.07250481398312414
0.2168457525060937
-0.018843070850282258
-0.164272336682723
-0.3785142689226951
-0.4620383951548199
-0.10116033509084116
-0.40317891051320337
-0.3285489953321583
0.01768994524546058
-0.08741934075142221
-0.19419727384287166
-0.0319215192047807
-0.06746522299585521
-0.11340701727222058
-0.40203877311381647
-0.7307971665095627
-0.46144214049305576
-1.0164597528417243
-0.5049246624605966
-0.5070419539678414
-0.5864068299289139
-0.24552893221682617
-0.3377806288962379
-0.021129684578492743
0.03243963032456686
0.1368358872315967
0.041333747497450966
0.3605179522683614
0.35916098472084323
0.23738305642677074
0.16634676184676275
0.11141803124106275
-0.002297988244638183
0.061267615294397386
0.44890399132127756
0.18757633101834179
-0.07113955882611459
-0.07691918830098446
-0.0578312605488554
-0.3928575559059204
-0.41250248063363776
-0.1955520393560961
-0.17178363721040155
-0.3617813795656623
-0.29821802447222373
0.12953498852315945
0.1673874760693012
0.08140313548455838
0.06128986750690394
0.26388673483231123
0.11423749139241457
0.05793318717383892
-0.20171675574935782
-0.14170532541106853
-0.25733092879759295
-0.28451055611570397
-0.41221007036954505
-0.2150348398496484
0.008381399490794457
-0.13586477831490515
-0.09010014378376874
0.042734803615170895
0.09087223244974577
-0.09325863449828982
-0.0380929073712981
0.11093946581961052
-0.2523353168801041
0.12013404015553508
0.06224344396329225
-0.09451295711230251
0.02489733074883312
0.06141362154641608
-0.2801262963678734
-0.4008951912562824
-0.29596215155755695
-0.051924478725677396
-0.23809201731962382
0.04972264923516527
0.23013187676642455
-0.11519718738229702
0.015440974628936744
-0.1542777937499121
0.09646294533874486
0.021389860243319868
-0.2497345422950638
-0.39498231541524004
-0.5083619933092904
-0.657897586586411
-0.5356597469583677
-0.4805300165448736
-0.4393047252951332
-0.7202249171128308
-0.7354799082925614
-0.7079635939409911
-0.5995704628281101
-0.40699427596520726
-0.19916808800031902
-0.09639800418210522
-0.16111912996010505
-0.23226688497660491
-0.24735642146188289
-0.2304715904504267
-0.18797835415334865
0.0627255741690354
0.2193369293763193
0.043646309599793785
-0.026384947641669786
0.16374364956323798
0.1815754484066372
-0.0671769081396737
-0.01960729491649472
-0.1687427778604201
-0.10013548392129601
-0.24770628542332343
-0.03458383627201299
0.16228989305320532
0.18183720624149516
0.3783794351881915
0.4334692639969711
0.7141407343324669
0.5930575912344408
0.40166563216415346
0.22423903684641663
0.0949269108402455
0.2247126467957617
-0.19463486001314617
-0.2859528032485715
-0.011146604896947337
-0.36018994842820995
-0.1102742314485687
0.028938128995974807
0.3759870516696785
0.28378008872572064
0.0094402353489283
0.2617015669081289
-0.15175476953470715
-0.06298265748301311
-0.1864070011276047
-0.1769141892995681
-0.018494256629453924
0.1301722804074117
0.20161777838570694
0.19801246236298933
0.29154964902354163
0.3339547527703909
0.22262974243532158
-0.006289072763797523
-0.2386761161907652
-0.24278947409518814
-0.4010466308022817
-0.224750721397943
-0.2835472089652964
-0.18016471247650037
-0.43958247390306526
-0.35396087152470396
0.09301850833195602
-0.008025876052562395
-0.0070572922817277286
-0.14458181573958462
-0.15866266602538645
-0.10461228808397631
-0.48425596730644666
-0.4162162504877826
-0.17129548846875672
-0.09007016659433449
-0.07842359359926959
-0.07648986205395678
0.1405121096288627
0.1558134759215172
-0.027438287509614148
0.041361591017902745
0.02715238406454987
-0.19086207770438499
-0.19300747601032284
-0.29543030077927723
-0.2597475434300415
-0.39890526729116305
-0.4508948279576704
-0.3478731720968299
-0.3209093048010151
-0.6279694820150464
-0.6912970388094533
-0.5199582557951471
-0.3244974536978661
-0.38565243740163446
-0.17445045624157782
-0.16085251125028116
-0.08569043410755818
-0.035103266668681396
-0.16978070368015552
-0.18967157454340294
-0.11934976614809807
0.2375285791589524
0.12813626198339503
-0.11886005126972517
-0.10912917562410489
-0.2854186728256044
-0.3108698365757145
-0.549583415138566
-0.6868113044480693
-0.7619667686991622
-0.6407456442108613
-0.47462349709310475
-0.6674970506838551
-0.48033042242744456
-0.13421359902922203
0.22335571960159462
-0.019986513839477797
-0.299256178977396
-0.18707830726816096
-0.3515993415266078
-0.3839018208346939
-0.1384478918278317
-0.013255745559119576
-0.1332474697901235
-0.29390256286011723
-0.41464274054062394
-0.3845352781660764
-0.3431886838167643
-0.5828708358617588
-0.23208100787336874
-0.09395981959556432
0.044454881027613774
0.4029103765676459
0.5741197969420715
0.46353701732662345
0.23341723598665365
0.16599548997480149
0.018151888301234792
-0.2216681561306085
0.10678411628109341
0.1866484250138394
0.10274927930905368
0.17340139496890478
0.2741287627890393
0.27979926764526
0.3492773518752688
0.44928897247022015
0.4147224169395991
0.3011247724037968
0.04125343642393978
-0.3056863039758245
-0.5330950689011319
-0.22816089187240357
-0.14071534322843016
0.03594140723570722
0.2919001357360601
0.26323389353997806
0.6024099366634241
0.5584447265572755
0.3971663549359597
0.4478957678938183
0.2807863736985532
0.15140902060513084
-0.1786424248337886
-0.21864533217813276
-0.3546456065887156
-0.21621617992921785
-0.28620928084603825
0.009277078063487912
0.35992092247164353
0.5051803141772622
0.6845387074025261
1.864076892640867
2.274019413432234
