3.04929327636332
1.4513281111669816
0.7982793860141604
0.5364606570792849
0.2240197108477132
0.21371652657965834
0.3144382300828064
0.16289369810737123
0.28460652930252667
-0.0399847323207453
-0.22429244770007434
-0.19952106438486006
-0.25350836480014877
-0.25745653802794255
0.08010488167966189
0.4603911457223177
0.4344859024685942
0.3020109645118401
0.5422769455914006
0.5583926637530032
0.3072452097734471
0.0881609101552414
-0.33149723587749935
-0.6552598498231522
-0.737808226033261
-0.941523366078881
-0.9125108480307456
-0.7648333491657855
-0.35082899019878816
-0.26312563627342217
0.16072235377850597
0.37820979928083265
0.37426994406493214
0.0724210221761989
0.08516784570717377
0.28036999032259385
-0.05655363476515066
-0.2541971926906699
-0.4321808226195577
-0.38620308977512435
-0.6050695035160202
-0.47677147279291643
-0.21945843796614564
-0.05140248633876219
0.002190196852108599
0.2579299215197818
0.062348930146597335
0.2192357464909449
0.18888144908279744
0.07593176284113676
0.040105964259769776
-0.21398889611812183
-0.33054665828287183
-0.2619092000559355
-0.34243764296984686
-0.29993689163639436
-0.0834114360998192
0.2326133206598337
0.43392588607784804
0.41178507434851613
0.48547436514572634
0.5292353755519311
0.47483923576317394
0.4937651614865198
0.67021338914133
0.6492006158875105
0.7374707113212174
0.7622304794784225
0.7970832039676937
0.7776365381533514
0.7269377282791134
0.7131036088313712
0.495282834039507
0.24248640259495982
-0.017487175951959224
0.0030717477933596034
-0.2924787575797081
-0.20898745257065374
-0.43442233822261433
-0.252559490680126
-0.37876476256834246
-0.13410791909166556
-0.08420746629470494
-0.2008658212719436
-0.11771215599490302
-0.05988644911558353
0.1572909555164594
0.06384489180972838
-0.08186982005317377
-0.11862118964038931
-0.5673535103365629
-0.5956025983475322
-0.724893169121093
-0.6539669853653987
-0.5608823040511466
-0.38773184523735316
0.0909262013360991
0.17060021562417324
0.20110005049385507
0.3284060878940854
0.20119693306973258
0.0036196265522429657
-0.3600949677699185
-0.30325380661716483
-0.17806640585209574
-0.33712302653558407
-0.3731462740185062
-0.22911189345261182
-0.26460463201890777
-0.25888321330198016
-0.09762203922087047
0.049333599929004046
0.453618363258382
0.4312960738474399
0.3924824056858654
0.288696930494858
0.399280567752301
0.06461829242530559
0.1081385957701723
-0.3289437940247439
-0.401764814603473
-0.3152540712122246
-0.32671473601774814
-0.18176002150461845
-0.04606593697320968
0.23209435111397037
0.3705044013256012
0.42889610170242776
0.6853057883586716
0.45063731166941184
0.14976343087808033
-0.11174127363274951
-0.2489926606573594
-0.428689914004185
-0.5457355707199154
-0.5978676235407011
-0.634543104239183
-0.5115735871320324
-0.3794054437555369
-0.34720699034609487
-0.17792862053365407
-0.20076015745828732
-0.24849889222333768
-0.36264292787336283
-0.2530781899296599
-0.10262528224580883
-0.18486668722363656
-0.3531215284467387
-0.2016162026174615
-0.33111003520583276
-0.2575771437396304
-0.6158711930405031
-0.6026180563910493
-0.7506216230671645
-0.8737671279258952
-0.50145485779616
-0.19006872970564767
-0.05523279412823875
0.26721532583410174
0.4334115026578631
0.5373568036527764
0.5634706189908896
0.49824365327045855
0.4406867033333633
0.6594569699788384
0.5336567312843836
0.4323566518779607
0.342827456834668
0.27103465103103136
0.017070305598611654
-0.2988408120504789
-0.47177636645522714
-0.5484050330709433
-0.3445343121217731
-0.07618938047142824
-0.3076451052362568
-0.1941474181721546
0.022300621579797147
0.027694285602411585
-0.13253723732960224
-0.07802324048652953
-0.5090928800802512
-0.5973023786283902
-0.6724521202868552
-0.32026745466276635
-0.2248370117766704
0.024989858431062797
-0.08288630405747491
-0.13675263048373582
-0.20119929030715453
-0.47415363055282156
-0.4105707169286816
-0.11920343651181133
0.01466919855418594
0.09056209838077471
0.04206295698177424
-0.07613320289830594
-0.17259136921673757
-0.2805053054881836
-0.16612976476156985
-0.09410532507461708
-0.42062329192012976
-0.3122629684582247
-0.0987793178463674
0.10799257124389038
0.4709634133665504
0.40603107518934284
0.633899793904048
0.7628343442163172
0.6011194858381633
0.46658398450812866
0.2870098369480454
0.299238552180707
0.331332647752088
0.23315375750450598
-0.05145805288545032
-0.40423055271155023
-0.3241161209421321
-0.5299837912038609
-0.5963459996607241
-0.6344077120169812
-0.3798447210403785
-0.4193998171260801
-0.13038239496748358
-0.13447829864313343
-0.12902329578986274
0.18932500593188223
0.2483166872031102
0.1853249100881962
0.17912354145177684
0.36326721121670497
0.11041414402925073
0.1314103297011621
0.2711181471180193
0.29970709513962696
0.2666132584676573
0.49607931126763566
0.36793182267785324
0.4696701909964067
0.27803144074866587
0.43228680016553517
0.38529226403872996
0.361616029803165
0.36147795269031163
0.1555212608712251
-0.23740510540043136
-0.2755225511416139
0.12126247739889873
-0.08927224115560187
0.087605460382672
0.33769782901981915
0.3526683771821021
0.3635066851370617
0.2653849414844355
0.2435601553923873
0.32672144500220207
0.1640588666633227
0.07645538756736664
-0.4569264802063848
-0.2481482793383729
-0.5983571239726492
-0.5547341673636843
-0.17577566356429591
-0.10040770845515777
0.08998016107787726
0.21359749739393188
-0.14812203733250448
-0.12175719437778224
-0.18242752934996156
-0.0788952056944924
0.122431542765895
0.05772847929992063
0.001649204728938417
-0.038984919405396556
-0.24923930548255654
-0.3666280334465999
-0.4045230965613507
-0.5686715772108752
-0.7934788701454808
-0.7096524579249471
-0.8606597578374608
-0.7287402842177337
-0.6323848410976837
-0.6076798321783639
-0.4243234726565983
-0.28437098886402806
-0.35529942265056197
-0.02544636509579301
0.1320781898181738
0.5512036163304113
0.1646209047267151
0.19229784370422892
0.12213241811985569
-0.033914087044170454
-0.31793944135684127
-0.1990234639588509
-0.2593998571888302
-0.33197561320345925
-0.21032513669394415
-0.2077238476091551
-0.2561746563396793
-0.30671387213199086
-0.16608998409780396
0.009842648567629033
-0.24076328690058427
-0.30167966569535565
-0.15732144329249287
0.05531702156511462
-0.2962582361226099
-0.33864136095756914
-0.2874536113876923
-0.09929100463784124
-0.16023539843940643
0.1746946891394544
0.43190233568263176
0.3615926828433436
0.4251806635370698
0.27572411011616976
0.23651886665907437
-0.01595605066821251
-0.2162373779391167
-0.11340179934909198
-0.13754366167020313
-0.29702774103637297
-0.24388832857298803
-0.5406263824784747
-0.41409069839869017
0.00947230240643132
0.10493811111471461
0.1229722604383826
0.343088013662605
0.3752806976613303
0.12448406108492871
0.14368057160327483
0.06492621975571378
0.13200151724671888
0.10525564580083122
0.16614906996685205
0.10391554292683758
0.06318567223507977
-0.02657705054197285
0.002269611088336296
-0.09283568717932784
-0.3190202537726788
-0.5393831572967989
-0.10460588235869346
-0.40065655945971523
-0.41361737513789615
0.26945607675196764
0.6500148101592562
0.5692904260332887
1.1608298787744882
2.635464062840968
