3.1943410764197773
1.9259701578377657
1.3286018524662488
0.9212207842405723
0.6706030490155586
0.3214474728845413
0.24569002567902426
0.3152370809496102
0.23759401294678
0.14167528536657115
-0.025278654110751822
0.11117212641985094
-0.039574222395885324
-0.27473607639875974
-0.17037473086649094
-0.40778866083968485
-0.3827648347974275
-0.41832758833455974
-0.12909633195927359
-0.14045020808633155
-0.37669187642672936
-0.23657120085929131
-0.2639040321455446
-0.23586326144119532
-0.17301597294451485
0.09124313337144421
0.05064394784116364
0.525530106257038
0.4206856608026634
0.2674805580831235
0.3071175904335345
0.47681856393414007
0.21151274059269304
-0.07777788987158009
-0.03758759964923563
-0.03243051753241144
-0.12208250175754748
-0.010372516472430144
-0.017692090808130966
-0.19172217740834016
-0.08790975152338568
0.18142758849102786
0.2562993937122974
0.05656692751814178
0.057413057845511914
-0.08216833672733125
-0.10793579503678397
0.03972488831782571
0.06082277536658145
0.05137929484362196
-0.035578483271691906
0.17472321270261074
0.12619522039430875
0.14403034630748535
0.471870911377154
0.35596614611127775
0.27084919556010745
0.17353109641190903
0.5076406367219957
0.43159648503845915
0.2317049932674851
0.39582450525066554
0.343708060929035
0.3793377207724571
0.17734856786699876
0.2666253640024809
0.05029436761806006
-0.03120079547776487
-0.14198178486956536
-0.08182977623077911
-0.14622022221317793
0.09777365256567913
-0.05202543380937539
0.017053651036319242
0.20571397317751472
0.2043041614070718
0.3630213253696044
0.3202295344614684
0.15257495409371405
0.4765548130956712
0.5267287015065004
0.5280735137626935
0.4940864765219242
0.4702858556063326
0.23533751863655109
0.08009748422409105
0.15279833900488554
0.15886385199314432
-0.023256021782489745
-0.23350456377084275
-0.07553888432774515
-0.20660019013542683
-0.33764085455863774
-0.13894966636298642
-0.09265309168597374
-0.28975305024350806
-0.13145313762311095
-0.17319308011325238
-0.164014389959929
-0.06840238476909244
0.03380709080059632
0.09430414564454974
0.24433784462244443
0.1669174305990015
0.228616647603076
0.35705691354852515
0.17756305159788435
0.00939279439584066
-0.13252026838320496
-0.3932199955229589
-0.4388561556063392
-0.27709436431715256
-0.4884921654836925
-0.5351510406055613
-0.06247038741026167
0.354716016468788
0.41298842034902383
0.6008821405003292
0.5923514093334922
0.71983593717253
0.5823013740059336
0.3821758932132613
0.10002396844362393
0.0034929138633340434
0.33735579337125043
0.3209769960515397
0.3469859137444656
0.20063112573386002
-0.05029098151436553
-0.07562718888733602
-0.007247762137066989
0.15274055665522587
0.09043912756181807
0.47488627104910247
0.3688556433012159
0.06566805626421614
0.24027956910353
0.19596597429955337
0.11044671904390843
-0.0837161401209219
0.11390533288510388
-0.021677764214602633
-0.16248953521638435
0.049974819715712326
0.07307666770449033
-0.0335414419646714
0.2082016105592022
0.4084780040766541
0.4124411953750453
0.30170252903169476
0.35320391464660766
0.3586988880922544
0.1296753207500015
0.13880427230088266
0.052682471702439185
0.14308308551968843
-0.04803039466909935
-0.04860122468588909
0.09042022257650403
0.05545875748531463
0.2475598037283555
0.04111486142883853
-0.09189339765277256
-0.07085357488920241
0.15788387819772093
-0.053756952317505435
-0.3223237153594891
-0.007515188244360292
0.27924030481269924
0.33864844983100534
0.375948726089905
0.5407036619616707
0.45247769261480486
0.3286879520373666
0.4207154378296449
0.7513138769876924
0.633543214939967
0.45497338168988655
0.4545845065140547
0.3963762026760165
0.4114013653058371
0.39533629227457395
0.4300268513466144
0.31273697235713527
-0.002824454651125249
0.06666908136843482
0.0493448219474671
-0.17912229278329636
-0.47163539661162135
-0.31903746897324636
-0.18794808052597886
-0.4405510917094622
-0.3573154401241176
0.02081538248505603
-0.08957866555727231
-0.11703455687784732
0.19143062690410212
0.18454595868726795
-0.08053755190420867
0.11889892944358071
0.20569916060205215
-0.05075986385917153
0.06182662566382601
0.1429925825289586
0.14085325511198468
0.3347731768532955
0.47790870397917873
0.7978749395098789
1.0834325277236034
1.6854551172408179
2.8956417564191717
