3.053865857478732
1.9603842664779685
1.2472636243500794
0.6267295831943989
0.2518161037546769
-0.2705463417898215
-0.2707354787675772
-0.4724330823438786
-0.4645674894739891
-0.15280653712853173
0.03448314718630383
0.24698098351246833
0.13148950135493273
0.3764029121237871
0.2912206908390221
0.14987777338945615
-0.1264813152101151
-0.31800959892784414
-0.5914489410452689
-0.6846278820114301
-0.566892877401635
-0.6760833919763471
-0.6758299803574661
-0.4570265149760736
-0.4017758110327933
-0.5440729228664909
-0.3567897739467329
-0.2001737256635255
-0.4121243982772238
-0.46088462691735543
-0.3128969385390127
-0.5045634552405422
-0.3635992019697692
-0.2922759971667431
-0.12518734404865076
-0.16170478761440985
-0.22903209399139926
0.09555399699714721
-0.007425000538255965
-0.1753712589061062
-0.170696561539756
-0.02859858649313876
0.15809635989480572
0.009793926539575335
-0.14671768092647758
0.024625061572537847
0.021978376659154086
-0.16255978969942303
0.004926104709238437
-0.062436466977351626
-0.22993674745136475
-0.20686432197774032
-0.36002747458145057
-0.2832199875362757
0.0592614333969415
0.06320242570748678
0.0213065308982673
-0.10205836144510845
-0.01149029608142972
0.13916444225468208
-0.0640965885358683
-0.28564212436312486
-0.25833892799454505
-0.41778732459305384
-0.18312956369812106
-0.0552953043181397
-0.3443959255591598
-0.3726833873083039
-0.37953792883359144
0.04343399296336434
-0.14665123957612047
-0.29426897491245174
-0.4896013030662433
-0.5531882549245216
-0.6258751416295468
-0.5992222507191602
-0.4810691451918208
-0.1926224724923332
-0.1582454652363249
0.04829203287056755
0.2036096193159184
0.4312397133754853
0.2863290935343432
0.2970923413506618
0.24670617911891854
0.08156433238520468
-0.1575362360768004
-0.17992095292533794
-0.1617873275524679
0.11410441913975454
0.13087963507284636
0.22137173896008652
-0.008991286220050463
0.1770152909809997
0.2211328062424988
0.08424950510407148
0.12751664618408134
0.36007458372593615
0.29687229341392
0.11076908454753273
0.17684486284795348
-0.06102786982689365
-0.3820922290124231
-0.2922197478717684
-0.6464147775338841
-0.7163263988911142
-0.723676039013375
-0.6008000541031759
-0.36130375090008626
-0.13642899315557713
-0.1020077859518686
0.07795580774715999
0.33524428655110194
0.1285218963679552
0.18702576070830115
-0.09793187660615575
-0.08988054564970466
-0.1123738386262425
-0.2797968980096854
-0.20169647644062183
-0.18185813595043868
-0.015607227788192578
-0.28564985681596616
-0.17201582649731972
-0.20779151887416247
-0.28475611067789475
-0.2551857551268483
-0.16408106076377738
0.027737464390399657
-0.39384360941101226
-0.03353132947159405
-0.20811232576940153
-0.07764460153360903
-0.18586906898211714
-0.3521495868740184
-0.34113924862245854
-0.03786909763204917
0.06535011378019974
-0.04802311042133612
0.06369883284692271
-0.10024033812633648
-0.038580580763915205
-0.15574038977298693
-0.5024590830355156
-0.7507245031742734
-0.7797573467901502
-0.8359588947329302
-0.5064325959606812
-0.46581265570716585
-0.7210556133982993
-0.44162074125065093
-0.18379557037921712
0.01267390036845454
-0.016578241363545347
-0.04674244780206053
-0.029663421138637715
-0.05783580136743919
-0.1703822756722584
-0.16738035653353445
-0.2612351556480821
-0.3209825579476038
-0.3465731948351201
-0.37560480717665096
-0.2626790636733886
-0.21235012832190744
-0.10202318070949619
-0.17680946172161616
-0.022907324568685834
0.28220516083874947
0.4106288007123436
0.2854353221923866
0.02845166514479876
-0.2976238008454445
-0.08649506789615127
-0.23836210829377108
-0.20883193082522578
-0.014741973431904929
0.07263698623501376
0.2658676088392532
0.35318104583877963
0.47861193186825796
0.46938932603348094
0.1948589341749351
0.008646104603238431
-0.23520621156958552
-0.19433802366932193
-0.29593819799403326
-0.25294553237648915
0.08628241107296401
0.19777443298489686
0.2862061484840314
0.22484788625900665
0.24519362261300692
0.054413567273789355
-0.028059381490602307
-0.11410517111411254
-0.24973760401656134
-0.47124998286080483
-0.4302406822584801
-0.3587250303554907
-0.42117228912406895
-0.3391770022143793
0.31624584256553573
0.5938083896820089
0.45320246230630906
0.4966984442961548
0.5480689829319481
0.4869519369045401
0.011838566083491858
0.25072101581891293
0.17043960163843794
-0.11183306521474935
-0.3987708487418475
-0.4521088962071305
-0.5845658703373827
-0.44681036068956265
-0.3617646478310006
-0.25553794810031505
0.010513487825178004
-0.016460897164060607
0.0013166318591928334
0.202132591730922
-0.009629899611229039
-0.16294241378481183
-0.06345351219508916
-0.4726979115300699
-0.6461966975989412
-0.4935826269315944
-0.5232050796397932
-0.5728477184676274
-0.2382411599315346
-0.17837628038780454
-0.1829526544474871
-0.1431703584025974
-0.0038552785284308947
-0.0037610206220863923
-0.12288007693080712
-0.38311172284493844
-0.2868303652603017
-0.42430960225377806
-0.26466321820670496
-0.06920957391552814
-0.17757830712594408
-0.039944995060272666
0.2906912958196462
0.13998980133704786
0.16780822820785746
-0.11432677721377016
0.06100377639946289
-0.09971134791161912
-0.11607887532820747
-0.23054855059854285
-0.16455435253171016
-0.16582465150235884
-0.11974641438406086
-0.10872587424657153
-0.0645174426371406
0.2032542660805606
-0.026821500434837386
-0.16012748854148492
-0.059894848600477606
-0.24935588227259828
-0.44979210900166483
-0.2231831816201464
-0.4249721075114565
-0.48034300848533146
-0.3044948156036429
0.047140960949736334
0.23953860659264878
0.17632419529000556
0.4618242235454018
0.06567175119008144
0.2086397905832693
-0.09938757534974105
-0.2314245851152901
-0.021688314828048127
-0.03397656606267811
0.2006399554564385
0.4349157110234713
0.2308507903361253
0.4585096128928329
0.5133203683816394
0.5229133288487678
0.21710530826437208
-0.15275776461444657
-0.2632975045252257
-0.17060603057858484
-0.019489538917186265
-0.029521276685793452
-0.13879258144255768
0.02701608064623588
0.3452704129283272
0.3201565002914898
0.11235872301929493
0.014875844184274631
0.03650992051504917
-0.14285558105441365
-0.31927827375564827
0.13183007297069374
-0.03849417512431057
-0.15489684876122914
0.11720066843621936
0.16854299048893323
0.029041882837734633
0.24914274510659146
0.28158791391199084
-0.0327109072460642
-0.14797774928423582
0.06740374393897519
0.0556734576802131
-0.32335979841016466
-0.3235926878597697
-0.09678694968303753
0.15024444540572143
0.3962982685347226
0.5807834826197328
0.48906101558473986
0.45657625340714764
0.6470769523375159
0.527591102205175
0.36772211588549153
0.7366579655761326
0.5750705198240216
1.3314535808294792
2.27814748616911
