2.6569091452516447
1.3647196098188483
0.5714713444706754
-0.1191172518128103
-0.32308372421023424
-0.6872309771620847
-0.19461074856409172
0.02279832349465755
0.16382532068362934
0.3033285039208233
0.06403633627403565
-0.0787929428316357
-0.3143716305645921
-0.4840261869771715
-0.6550917659490578
-0.3859603333605277
-0.27554857299319696
-0.4644956953281291
-0.44903216821128256
-0.45147954633290316
-0.3196680805921265
-0.6732362849075509
-0.7783337190327743
-0.6270709213474899
-0.490092002223958
-0.6383751803384042
-0.44658557683042605
-0.33925452722308697
-0.3672611092328626
-0.3964673128463211
-0.3893954048662808
-0.5211793150549819
-0.5255883153800096
-0.1021473365908932
-0.08451560623111798
-0.18156051205997603
0.1531001161926211
0.2221575280927888
0.08989632073476585
0.10336217414583306
0.07160645622910353
-0.3955604032384155
-0.3257036067577448
-0.6033639918927811
-0.48578340879092324
-0.25205382366714835
-0.2978112180917332
-0.05567005050875194
0.010028440115788186
0.23226129280482333
0.15049975332486915
0.05317036746380149
0.15256948623263827
0.04342090826161085
-0.012902092986052502
-0.11957928934669056
-0.27930603416249233
-0.3806326472238636
-0.11130191263276352
-0.40252601785116426
-0.4328932242561976
-0.351763774841965
-0.3210908852073354
-0.42449551621962067
-0.4387036833417395
-0.207396795218729
0.02839258600882198
0.07247880878451825
0.20922727080894526
0.10721946152440877
0.3761515544757276
0.25750706650597194
0.25437595547145386
0.20787143339474148
0.03678943696015041
0.15754760790706482
-0.07700980230787136
-0.34086226327970187
-0.2819935317486565
0.1247309036792707
-0.11950475452196159
-0.026931968019829944
0.06841469830794439
0.07695280480476177
0.0013646479249770926
-0.08538523126852036
0.2131192385641911
0.5204261492974329
0.32449058056980035
0.3653665101880131
0.2773390735973605
0.05782381364864586
0.06308660246748543
0.009984217851363693
0.015939257874246632
0.06533841696293313
0.10682186187204816
0.3361060433873432
0.04892849107117115
-0.013063850561733904
-0.3191402277450602
-0.20417721963558536
-0.3199248244721712
-0.5287818564261347
-0.35376590830365306
-0.22059843270507182
-0.10935687176599
-0.153138033417287
-0.42043272972360407
-0.24142805869560086
-0.25158074727083424
-0.39761757400845404
-0.5400649033424577
-0.24462206367951736
-0.13113865120195908
-0.12352259158602742
-0.2593388299623736
-0.2210853486856951
-0.24079978704088445
-0.12752665347243075
-0.2319808343119243
-0.26852268253015604
-0.12720537229697748
0.05531379520023939
0.11406100769869973
-0.07068831723041666
0.13587632230384722
0.15952065902801935
0.08378686574029055
0.0733575664458657
-0.061154204170648714
-0.021569772139412986
-0.053896459011376505
-0.03172588968848508
-0.11499062017321185
-0.09483276207028177
-0.15120536010820776
-0.22153089000140927
0.16108467164421994
0.5575177824446927
0.3327449177014143
0.1441941077371677
0.1700597745931622
0.39869840548894153
0.19800172489453474
-0.2378476883292026
-0.32666636350954514
-0.3541343948926379
-0.5931419358581025
-0.5918670419344364
-0.4648565060651437
-0.6208129036284805
-0.55691824992471
-0.42774662444318745
-0.07809575028789073
-0.013832947950082764
0.2189880584963295
0.2403875986077356
0.41680640561083676
0.29265221728972657
-0.1280298984089727
-0.14148490282134527
0.06894643597588754
0.2357902771884154
-0.011315383911981777
0.09946465803349977
0.26593042608016493
0.14868301356860572
0.00878800360096986
0.1759576621472466
0.24279577351656395
0.44995774236895686
0.2599334433807505
0.03497095639931763
0.13626142593853433
-0.016593980009968704
-0.20349554781355253
-0.14351493727113565
0.07812101221412189
-0.19527317948431896
-0.2767187761498592
-0.002795578007169939
-0.03381016820664707
-0.021936865361885702
0.1293349716993328
0.2652038121895808
0.36369891081561445
0.38793892139783953
0.21766807193797327
0.025657678950580805
-0.055450023507645094
-0.32313291827966123
-0.28946654702106145
-0.12152653481784528
-0.006023325045076283
-0.23455903603787928
-0.119430957638315
0.3128426841055125
0.2421693480048023
0.351345140782239
0.30180231800209506
0.07436022552747322
0.04324853869892363
-0.49722591730097304
-0.4825039562397982
-0.4189009687265553
-0.46290604797523205
-0.381648037627366
-0.1584709197524816
-0.012155595975371858
-0.08358536931561522
-0.09507162146653288
0.09527907490884442
-0.09916245584878437
-0.21579635104203948
-0.18113511669531462
-0.5244709286731675
-0.5566381283695245
-0.20790670147125223
-0.28243391880785684
-0.09217216544359551
0.03118330327589074
0.07419386438767406
-0.13015229157284522
-0.1112709595202572
-0.2955416918800674
-0.6960772468268908
-0.7720845438116253
-0.7948526336874462
-0.6977292014680112
-0.46790445624594085
-0.09466426152095563
0.055447476875870726
0.016866768021227073
0.1279350297500579
-0.15008611956412746
-0.21829223358883956
-0.22042958964192497
-0.019371499856925937
0.04549939167374765
-0.18186606564579902
-0.052583401039349206
-0.46068606809706336
-0.5362768159767983
-0.5073576418956577
-0.4596035904371436
-0.3094870713621706
-0.16567565514620217
-0.0314051966728183
0.028555474874597045
0.12877548379216072
0.2559506670761889
0.3126176307996381
0.11880122266177098
-0.09620605823646952
-0.3067743380281297
-0.40750967364751606
-0.27504593221466905
-0.4473126046873073
-0.463195000422567
-0.09361310109442597
0.24933343593459453
0.2368125583360429
0.47230438684976195
0.43229127321742544
0.36140117789348564
0.012083913906419162
-0.26197858660139894
-0.03941366045180975
-0.38449484652417293
-0.40186453753992707
-0.046147474322852516
-0.10248628318973577
-0.18812862782054618
0.02131673596630204
-0.03856383441537688
0.12968195268264462
0.2258583255352604
0.06688072352926473
-0.13162216899342252
-0.441495971704627
-0.5363637799311501
-0.42897421384214235
-0.2515264158939041
0.08048326020035937
0.16327204475658233
0.28598556540489406
0.42280847815780365
0.27550171958303354
0.30939236600133574
0.22328735239951317
-0.043215019365381815
-0.05611307805665858
0.3682151876381265
0.40508909608852245
0.28582680364570684
0.40645275143565357
0.17227775539547355
-0.17507139629562277
-0.2609485084141773
-0.334685160097216
-0.23601482554403921
-0.4756624759127356
-0.12381298834900345
0.041333316755336004
0.21496628286893193
0.01550598905039232
0.6364880572715063
0.7048482262501513
0.6152510335530996
0.9877132118645293
1.9595215248264857
2.810720685199258
