3.0184857276083763
1.8246242380416788
0.8633755040930418
0.42536124797166214
0.8541513392469302
0.24983381677163413
-0.2123709916487828
0.12186669872593994
0.41574919353253453
0.5631741269967134
0.14357220201859458
0.4228669241249549
0.16306141193248294
0.16225336187944772
0.20195505584984288
-0.08011131117745364
-0.2572671565189454
-0.3371383475173209
-0.45567431073443765
-0.4382332937658986
-0.24888457451790144
-0.16346940842449176
0.12174897226032597
0.3006878983935352
0.28392166636978045
0.42019808431036076
0.6543155858409889
0.6299942116227125
0.6187729069121708
0.4559597419620384
0.14484270181539316
-0.051896079112695545
-0.2240749287091179
-0.5183980372208394
-0.4701014926963543
-0.2984146332204744
-0.1258074193429824
0.04707151440482027
0.17074282347762743
0.028177165410415275
-0.1750391482733448
-0.15453559892056215
-0.282816366559622
-0.42419514127847197
-0.2064001956995233
-0.13739384983435343
-0.25459757893200324
-0.13982762190736714
0.0457626835377129
-0.033338528665571646
-0.20553764282948953
-0.08494979192099975
-0.07684532299649761
-0.2558439580625413
-0.37845184640908863
-0.18456933725260896
0.045072526868745674
-0.19411087485156273
-0.057738402395002726
-0.29606028341072427
-0.4869427577592207
-0.6046006069998828
-0.6354148490607228
-0.5668672144536648
-0.32361244425255753
-0.013387558640272417
0.25778534365643196
0.6051934968687872
0.6001442088324979
0.44884472907280054
0.4988441981964527
0.5181509850716683
0.2586080697906757
0.16522496140866683
0.1272090448722975
-0.1305721557228002
-0.07765268959555766
-0.18577104383730864
-0.37761788257089585
-0.06654076964080122
-0.08163891733790977
-0.08295728582032999
-0.13360728694610377
-0.04214667171143423
0.020252855637822493
-0.0009841146656736337
-0.12124903048345377
-0.2349025057883518
-0.11614799049324802
-0.12578398916992684
-0.4075909923538229
-0.49418713388840735
-0.47815653589297746
-0.3121424102891216
0.02953484080243032
0.11112650823393122
0.24147763236097286
0.0680948513135853
-0.2039191675439638
-0.27722912291959917
-0.21848966583727628
-0.25161896548856083
-0.2069865501284487
0.04258051321235527
0.13050723296956
0.12996089237350247
0.3066334344107894
0.1790416760567491
0.051841547246253845
0.43742107863136365
0.26677992311472437
-0.08671021019515898
0.3979058798337862
0.6966728853473713
0.3617294159863599
0.8292823933496073
1.6685627797416775
2.410167215739056
