2.0668530993893333
1.1824988001549812
0.3079442370204399
-0.03403231749762632
0.17105514769406874
0.21701846913170428
-0.03769938297498187
0.12231821540143267
0.18057485016278008
0.37862940063282186
0.3576385206155705
0.31823615292510415
0.5393538465990034
0.16282122800467436
0.022360546814661594
-0.5200705849213444
-0.6189933511569632
-0.6689430003273922
-0.479508797505524
-0.10910564502701617
0.26603654818073413
0.06387539316432651
0.04792436730232697
-0.16472605144482472
-0.3091441715973812
-0.610837560320015
-0.7006558487969687
-0.5082849737252657
-0.37093089036583093
-0.17452899264492266
0.10072240119589324
0.32408328181303997
0.7251513294437152
0.7994281300352046
0.6023565752382195
0.5490522076776594
0.8630766406046935
0.7789799420993263
0.38872106449498106
0.11329012024093296
-0.13801933951744602
-0.30356736042983223
-0.6288145533894685
-0.6136033068819094
-0.45951121256780403
-0.17151216882566636
0.12838155529759745
0.17350871196360346
0.08558468241151164
0.15492357599750906
0.3204701900947565
0.1281455001378438
0.05014548649418722
-0.15737039808962328
-0.04656119894124996
-0.04064987048717424
-0.027243005614130508
0.13535908433548785
0.0723626997761982
0.15301872962364696
0.15617882170242922
0.26185049785980014
0.27005280307162044
0.08781031568635572
-0.15433359082369896
-0.44819734294349234
-0.5433494988041527
-0.3986853543814714
-0.44413127177713085
-0.2754391969575037
-0.3094426972665827
-0.14326644925134957
-0.18233016848520156
-0.02092267534278367
-0.011542378173705655
0.2304724989995705
0.30475013627466074
0.486089356687663
0.6253515849973971
0.6024256951273343
0.5128579308312542
0.44144234356402445
0.3663689715621067
0.07915954821035884
-0.15484832853055344
-0.1185937720407641
-0.27309928322258775
-0.152224166855084
-0.4401756197565821
-0.14670873621057637
-0.009010809322875532
0.02200453289458043
-0.11967532089400154
-0.04468197432812409
-0.232497386732197
-0.3542961817717155
-0.5909303580988745
-0.6763237558978332
-0.6037243881983597
-0.723430513781176
-0.6488848888354678
-0.5169792169344167
-0.5319416684829424
-0.48363887571704917
-0.28490123950980084
-0.10462303270049457
-0.07630124715456381
-0.0671388318867763
-0.03441825987587447
-0.26962561271177454
-0.31722577923325107
-0.10222970104365196
-0.11621975020223504
-0.3422811638544697
-0.2714474745487054
-0.05519310768871626
0.11949641857609575
0.2590023496133033
0.2343752875346699
0.1683280311755958
0.2820628008319261
0.21868643710691765
-0.05887821595725484
-0.2679380286121125
-0.28134465643219647
-0.30798127862282704
-0.17006095809862307
0.018823611131642517
-0.14523661707298574
-0.05615711749682665
0.19162354272546803
0.07443848133130374
-0.20353476522447153
-0.25374249506416713
-0.359356916265348
-0.18096297232691155
-0.4462731637750515
-0.522278170776654
-0.37161242934531175
-0.3684200923208786
-0.15894901162408087
-0.19204663530350635
-0.2941331734335467
-0.3211858934549791
-0.34651747727622473
-0.2674357431272003
-0.2290030960954054
-0.3862179717360182
-0.4569169800231262
-0.3819064393061168
-0.888985944913339
-0.6480796499110492
-0.6755683329266069
-0.6068945508407724
-0.3650495860995385
-0.15916577503642684
-0.3603053843359275
-0.18301792101815723
0.15804972832577033
0.2873464411197338
0.37213190867528223
0.41814220103359395
0.238135529625848
0.03587088537898412
-0.33515181239842895
-0.34617690703308407
-0.5137982830688236
-0.6005457333042027
-0.36013928514482224
-0.37611869056947456
-0.3016764049678295
-0.43016201090426925
-0.43593335199684274
-0.29224199799614825
-0.04543616223491332
0.11686864526004104
0.09462358755386976
-0.08260009312754628
0.15254656576918868
-0.06561431510607939
-0.3090422052687354
-0.4264761704090662
-0.4629234702806555
-0.19376972962449118
-0.12699165216848296
-0.05346754842045298
-0.16677293903122511
-0.24759659596339947
-0.12677074379038744
-0.06371128907033834
0.06135592984785698
-0.12877540904192616
-0.07477300138012734
-0.20689367536829426
-0.33509220889627583
-0.11331958965552454
0.17095938879187897
0.36295844650550285
0.3595362632567016
0.3468216685216415
0.3955751105181978
0.40053879510773993
0.13560335901930068
-0.006126834828292699
0.006156347570686263
0.24459224736970903
-0.06168254497468903
0.21748561437370142
0.34172602738467966
0.6051891536799414
0.2987917531206555
0.281961334644413
0.586848822540432
0.20741254215206403
0.1783105169292232
0.2858162181522544
0.5572261058528909
0.41754302681016936
0.29641497382382526
0.5271916370823707
0.45475253574885843
0.19737734978174534
0.13490303203031662
0.14927477649680856
0.018323306632211704
0.009942935731826787
-0.15961700011174892
-0.48318012290318807
-0.5385095029754245
-0.4642430421276871
-0.1144903224085921
0.3195542021779568
0.4889928379003787
0.662844617173623
0.6631372422639362
0.45300914438827083
0.384154469614312
0.20043175043655936
0.19862737851430257
-0.165406026329829
-0.18238284491077802
-0.32802583665664553
-0.3374626009829486
0.0015302190968387358
0.11390148076199277
0.0412223124944041
0.0010385778950725512
-0.16283200610185347
-0.31343404810001185
-0.393408700369816
-0.3359555068090754
-0.07635050633538998
0.302723226017724
0.37063799587223073
0.09534398990864788
-0.20883632143097347
-0.2320955256435696
-0.4606541018646515
-0.578361145302659
-0.46640755671202977
-0.2987360326954474
-0.2652544563042824
0.038517483457348275
-0.01828723622270559
-0.022816300178459117
-0.10033582873090094
-0.032755926927377686
-0.17148006338465854
-0.32148129401010905
-0.4035705021597778
-0.70047212453732
-0.8295449284222267
-0.719398910654334
-0.8722730214770186
-0.922429105069233
-0.6647265978613277
-0.39211994130950734
-0.11660122620283953
0.045238393462195346
0.262567705648357
0.5259208219965001
0.5059333714245522
0.45493302438443567
0.3401248087848033
0.5487731146511076
0.6143898911741305
0.541838259830007
0.46061261043722324
0.3855750695025356
0.20178266011533855
-0.037642357697266156
-0.32066623891304136
-0.5904666277093966
-0.5592254553254318
-0.41033657026095843
-0.46745269423371755
-0.3168652264893374
-0.18131405526465294
0.17449721370343457
0.30663187489172167
0.07159927756434689
-0.15612859482073016
-0.26490529827472287
-0.3274480254272149
-0.3206801378480452
-0.5476991141263936
-0.5708977688393224
-0.34569522894835913
-0.38627637308333135
-0.5680709987188512
-0.514746883901058
-0.288426884525378
0.08173284977128421
0.21290068718530597
0.22440110889260426
0.3707322634681116
0.0760481977595217
-0.11527016366593701
-0.3336616641901397
-0.42634757315029664
-0.6201581192294988
-0.5739211216452994
-0.5466152388912845
-0.4552626457303333
-0.10399531518960009
-0.32590002588403333
-0.07506799011924943
-0.016409809517308485
0.22755014590990813
0.2334157506955459
0.4078053446135202
0.46153881707781136
0.3549386443791765
0.22610849976711594
0.1319752812544796
-0.19009484311091446
-0.5006788808526275
-0.3214061282673012
-0.44299279070267733
-0.2638428890458908
-0.1381639055881458
0.04048301125614699
0.3540690307594069
0.4753408059972679
0.5218046434310931
0.25648193363378624
-0.08603686469940705
-0.18359328783426904
-0.4569001889162943
-0.3776333242072892
-0.44354942570696326
-0.5587917423831086
-0.6015586541415098
-0.670033786684864
-0.43946818797228
-0.4873472101321552
-0.5394745835199469
-0.586995530841656
-0.29473072564710545
-0.015993748378149594
-0.010635663997760914
0.09440782275433032
-0.004756190140686246
0.23423242310814618
0.2066035886267885
0.20794023710012022
-0.04147527928649119
-0.16607612108958927
-0.19441292830658505
0.15767000488766503
0.25665881970509863
0.17146141257279746
0.006720967251944901
0.10779633916440609
0.0750283882814505
0.026787872189329404
0.10185902107376664
-0.01471982897449717
0.03498036309530611
-0.007238607173367866
-0.37665425967711735
-0.41902745340650976
-0.26829845763210614
0.08410423319190506
0.3717842368784251
0.5083361713648946
0.4334243475872675
0.3111729030446446
0.20715311331052158
-0.1257229477580436
-0.12897348569192313
-0.160840565634657
-0.1477260139416765
0.04809314350512456
0.20225719902365838
0.1301411638003232
0.14096977760637233
-0.09678082619458117
-0.2640454116221428
-0.49271660211272483
-0.6606335574002602
-0.7221218408142153
-0.36586247759381074
-0.11012783345138409
0.14174208457626977
0.1517152069648349
0.10773961126389821
-0.014430755394076322
0.02355311078375194
-0.3143929209679735
-0.38364025029322024
-0.337304523736922
-0.33473872544183686
-0.2883401600093929
-0.08558913234020483
-0.03262669911834064
-0.17569776657183983
0.048064500352698616
0.20327341840284122
0.41080462188624883
0.2575398936203539
0.07331033021394925
-0.22533411462774242
-0.24067693018634426
-0.21992255526130625
-0.274869513870574
-0.25973588948909515
-0.2861490908773336
-0.20944418904109177
-0.18761954174430967
-0.018302242306281212
-0.12352825241070284
0.0837706108142961
-0.07809024480493194
-0.07152014978183273
0.11332536875405096
-0.0405488662216283
-0.4579924318297122
-0.5636165211241976
-0.5662238176641
-0.4374392850537095
-0.36581421744535925
-0.4243473328947395
-0.1881984480801657
-0.4274388028172858
-0.16918376162558615
-0.15393777966853608
0.12510296968777235
-0.15903679638528032
-0.011328086467170791
-0.10677106208308092
-0.08732255056091887
-0.30685205976301405
-0.36521474390586217
-0.0959908569357289
-0.329585422547483
-0.2808028380667168
-0.04283880163269131
0.10611706432076948
-0.06293561279877964
0.0571802761748802
0.28543627363416296
0.17620135860780162
0.1060916938509377
0.0481623896442982
0.03306339937728016
-0.05209042757460553
-0.057721608035241866
-0.2950728030653543
-0.17363907984733673
-0.35463978282233666
-0.4551151117495579
-0.46042699914653085
-0.33455951320922456
-0.0995770826642139
0.1725757663306868
0.08988631450618598
-0.08328185709494697
0.1324017873163677
0.11971838101873046
-0.2190060579546504
-0.1919490266301241
-0.19236785202891932
-0.15783200694242625
-0.04900858492274544
-0.17557175110814424
0.017701112419428934
-0.05187239525003228
0.1299389547465109
0.14148298575270626
-0.011760494382292583
0.08899664793995456
-0.025024598072744274
0.08417988199916081
0.11297556822595863
-0.09106507638575735
-0.1288604546244621
-0.2748364866089162
-0.5428869278745323
-0.12386155325008907
-0.28715563965189267
-0.09641926090443173
0.08844734952222903
0.1087827354868039
0.12634176008700118
0.1535281766799826
0.3337995968586405
0.4621409777341699
0.45419719997838504
0.42048545169155443
0.15269698777298596
-0.20149088523843664
-0.3940009156401639
-0.4503797298531985
-0.345270808600548
-0.31702133123912185
-0.3652875883336431
-0.5056686422111645
-0.54208917552386
-0.40700159259964763
-0.15776964860216955
0.07584614637219586
-0.06908138273299624
-0.2882048151490914
-0.308585187752316
-0.2624953246001036
-0.36570673682890076
-0.26452128889468196
-0.030923837453989998
0.10392082257383566
0.0918098974306856
0.06340547411118391
-0.08471437310525876
-0.22428651961690396
-0.3651878947271877
-0.14819574725304394
-0.17525284730416452
-0.2906730236636386
-0.35771771585916506
-0.2678242012013781
-0.3015227126616874
0.04173227229601116
0.12315304064076799
-0.02517065750791895
-0.14147686736103085
-0.04849745673665427
0.16108368722875363
-0.12415688739303465
-0.15440066262693128
-0.05517614532940117
0.3152067822014695
0.35426395294530255
0.3796290793648694
0.6385482765817297
0.5150764744767448
0.3886613231990114
0.20107266864867515
0.2475436681700298
0.20864474001685004
0.21968837722231765
0.11620764283409488
0.28724585455025387
0.5241010029645295
0.31991932227562997
0.1631152206023121
0.2690398147815919
0.28622191028754357
0.17800156435346687
0.3252459847291504
0.38355982935739297
0.3374572044287647
0.21529865720584324
-0.02020789388331374
-0.4121614569832186
-0.37153696923677043
-0.38754999824239805
-0.08625514325227303
0.0810394792492153
0.3135006548280512
0.28419620164050424
0.1712976015551807
-0.20124479508693388
-0.0745317879618923
-0.26228830862859803
-0.4588993327399963
-0.5294058517744422
-0.36078950748534305
-0.4660818236934315
-0.4963295299899565
-0.4137259164968502
-0.3210637008387435
-0.47015366207482223
-0.6137066371185252
-0.6372919743764393
-0.6454014715633153
-0.4648362797051269
-0.3243886297935815
0.012357880796706114
0.08986212791664451
0.06630635652210916
-0.1370403648194689
-0.15299305249838865
-0.27425950541791155
-0.5517151588346196
-0.6316147381174045
-0.7106346359833946
-0.5059875773554777
-0.5871997180151692
-0.2910730715618503
-0.18921342050645662
0.07969483863918289
-0.09945612661251335
-0.02522108691105437
-0.060565520059727415
-0.19186159846933268
-0.19631989507846134
-0.6028572635344919
-0.7662555520358217
-0.7851457160116996
-0.8716244282432949
-1.0260136226427212
-0.9817013205785722
-0.8461829399797343
-0.6674814576986743
-0.6200679064269258
-0.5729668892309755
-0.4942062921719249
-0.30641667321663824
-0.11108411650431663
0.0962794237004971
0.35164294405972957
0.4727925895234397
0.4309082876741203
0.3890434430220248
0.2709278353037429
0.03600338390496578
-0.3139925126174497
-0.6149397887065471
-0.5940047816923667
-0.29293854327844465
-0.6580852828474509
-0.29173365237409943
-0.12593142871355067
0.0899136009888021
0.17091891488567051
-0.1093998563559291
-0.37718772710950443
-0.3579738464694044
-0.6735518529595538
-0.5568144443958243
-0.7555965041706508
-0.7715458737321397
-0.7841539784341328
-0.6114880145229438
-0.6387856799925584
-0.640025055369816
-0.5196890488036104
0.12660448427264176
0.13373946732068343
0.10914191379302617
0.2003133119910912
0.3951373793725801
0.3493861483038597
0.16857241124756714
-0.1433895254862644
-0.290037178693654
-0.31702743120688426
-0.3631152480807593
-0.28752078569106154
-0.21676617855725597
0.09911441343152598
0.4857867941899009
0.5064810384767444
0.5140395866594625
0.5444608669762664
0.2580599299826607
-0.09979156618102775
-0.22426487973109643
-0.19319077180571637
-0.3840108777939994
-0.6763864011485164
-0.35137648937416704
-0.5029324674461079
-0.31753740400688013
-0.13886520152686108
-0.02892985609672694
0.18220651879248756
0.3269214071918955
0.3880727973488879
0.4684075102123762
0.33441606327863044
0.32670743118153317
0.33097633768137336
0.254086018954125
0.07400665152510826
-0.13135101143640185
-0.08283278808002585
-0.1650290115410246
-0.23245315503127084
0.09817588394179005
-0.09096160254818343
-0.10952142117094865
0.07414918323113044
1.4955970096666427
2.5779281321116407
