2.674705307650798
1.6869498375604308
0.7262324208226796
0.1433112751366082
-0.25977009882557645
-0.042672983899515536
-0.43764189571090983
-0.37013120705334646
0.06825097373123395
0.1541737695872155
-0.05130820784215244
-0.22190617165208504
0.12147896076895315
0.1081615029803958
-0.12262809804408163
-0.27941715823315566
-0.27883526583861423
-0.0380517309166559
-0.08710077905077408
-0.20268178065326745
0.06433328693325889
0.21717290525576516
-0.10003175513286627
-0.1032363186178166
-0.06274980741944947
-0.32233090606497744
-0.36127388827563606
-0.13941689540201133
-0.2912098937483866
-0.34369383070163667
-0.318191336570728
-0.0870543308922354
-0.21343732588722747
-0.022506816206779398
0.14905873398084882
0.31659237258109424
0.2958297042938522
0.2618763360039884
0.09685317148144798
-0.03233188053812191
0.13681427378631142
0.09612224353807494
-0.1861691808834163
0.08054380850904594
-0.11838246432430143
-0.17303454514842673
-0.18634595284803102
-0.3234042447176206
-0.6247541886280127
-0.5506870024134193
-0.3730600887474012
-0.16013251860786235
-0.15870352633805654
-0.22331569530829537
-0.3612585852771466
-0.6673545569287167
-0.7385005550462476
-0.852271931759938
-0.8341468215928032
-0.5342796754580066
-0.11896098502027963
-0.11157540597117573
-0.06422734156710493
0.07148900039095472
-0.08029819970897131
-0.062121706075585655
0.05688099986825378
0.31015112370019543
0.15298147693032202
0.0017419152786195234
-0.1373571447270835
-0.1708514474190362
-0.24930424021875716
-0.4616392946362516
-0.28492956264584124
-0.044483435276307375
-0.2459673884091042
-0.22261343981257808
0.20833925434155928
0.27363473471567196
0.24118876830460234
0.16282792852327863
0.22905414428772927
0.019861496595484328
0.30439523403826574
0.34703908438126874
0.17968874997840265
0.04626673915942619
0.05618113217305774
0.14207945180545503
0.12359320661658711
-0.008438219617726539
0.2625716454141361
0.3947307584756987
-0.0944748066614449
0.07329180562583675
0.1167179201368095
0.13315924661148693
0.062128176561779117
0.05005138222112688
0.2414602769082019
0.2030796606061833
-0.11028119227948117
-0.15564885064911843
-0.08099919735142799
-0.01942683898993866
0.10108910679490107
-0.20378811667213537
-0.23423246970338937
-0.3404408256310183
-0.3703811669985917
-0.41316142403951966
-0.1906978279492753
0.09866487824413574
0.08834770947407843
0.17176173246913043
0.16538994239565544
0.35383274433250506
0.49498853541536114
0.2682295847108182
0.1689126853518516
0.1473619053735969
0.23329740479901298
-0.10796443312280757
-0.21369001378956104
0.07580243581048435
-0.3973128906161953
-0.25868752782176435
-0.18737379455596034
-0.5331276757223471
-0.24119700451320897
-0.19368166523840347
0.28579185881632413
-0.3304053361450591
0.16458549883945073
0.759636469956685
1.8853163592976303
