2.5543992365130572
1.7628384079632025
1.12680013268711
0.5834788372542818
0.3736695669509154
0.7628160689902449
0.4173745848843749
-0.0006951048545842471
-0.21530021867090363
-0.11594978465308119
-0.4332865165731651
-0.5567296764496146
-0.4329289452656806
-0.19297160009626932
-0.21464656354287445
0.09569474754260938
0.5093498974710725
0.830518292706558
0.8093799052336116
0.8288390511357651
0.9896962393336566
0.8513020295048646
0.5080054409510526
0.1747634041496422
0.2340184944070728
0.4348083453468185
0.4421900587120931
0.43162991387010335
0.47695435710715134
0.5129469208213552
0.298761173184207
-0.010269990460900413
-0.15777301445370986
-0.0035944643522409607
0.18848198811365274
0.03544143475860113
0.22935713821994
0.06802054196783693
-0.03664971177448832
0.1844497380605958
0.12810120630549993
0.1834261027367374
0.2854333097772318
0.12914536575782745
0.06697511984693051
-0.027178787263716468
-0.23774258526348063
-0.46434871617499435
-0.5049724885456892
-0.42260563398651924
-0.3218833784312161
-0.38470038237447296
-0.42108300936714255
-0.3598620088629792
0.003968895891270978
0.3346959839009417
0.24732822116100966
0.0954828561382104
0.2338891089463385
0.5190266771606313
0.37236279344508155
-0.05841311509298686
0.11805898941363825
0.20190918186173004
-0.2794572652977114
-0.21654956177048526
-0.1912374236908953
-0.34099466710483917
-0.7205679603884428
-0.6834247690854697
-0.5179091359894906
-0.47608279153165334
-0.31151646001628785
0.08237546880497969
0.255460964190628
0.24365305941797447
0.4678730891199842
0.4770373673105421
0.05119774936733516
-0.008777582067320025
-0.1819076410849738
-0.42843900425988757
-0.6514446539106941
-0.495233417830728
-0.24124761230089173
-0.2747667554054372
-0.42215466938567336
-0.3262565117147825
-0.5522716225125365
-0.7246242854820083
-0.6507344567260271
-0.5280147571718089
-0.5236646774598798
-0.32417097337189527
-0.16893484344775556
-0.21052442032463556
-0.021340951412853082
-0.31284994211540595
-0.15709337546550145
-0.006129273594158933
0.010819015146733802
-0.29242261095729133
-0.20519902370891518
-0.22319271503876134
-0.27861841498541223
-0.39937821240497356
-0.14589986143840492
0.012792017236886957
-0.1543055299687819
-0.04887934536813843
0.1449940306663728
0.30800399060501416
0.32534318692225445
0.08657889755139386
0.14107178303573278
0.24114118977574986
0.2202858886060658
0.06235458761614733
-0.3267227341784895
-0.4143190847259997
-0.3629905792227145
-0.3081317426738609
-0.24755904941987666
0.04355507104843945
0.476151875298578
0.5756354521583076
0.4424542427532534
0.47007499317910867
0.3978929322405281
0.3772168836210967
0.08735138243098754
-0.019728991447598484
0.11390167020265568
0.48123344004208074
0.3315031691192554
0.031688713377125956
0.15083073997882948
0.3784503971612724
0.32738754284451393
-0.13654179572298705
0.0989798964897439
0.09852287193164586
0.3237849076373706
0.18233949314988074
0.20860941465423685
0.04640631205697727
-0.18322758511554302
-0.190443096639188
-0.1551720892428231
-0.3401952080401584
-0.24230276574035733
0.2754183069229104
0.48051027240604244
0.3966886448620565
0.6486899359027849
0.8829660408889113
0.7586410539635271
0.7692644901584379
0.9978485098068108
1.1131166985530268
1.0000315959591963
1.072523849538972
1.037848482225342
1.0540332246387674
1.062652278756157
1.004086140948965
0.8669178504728171
0.7039532798672904
0.40136848992130103
-0.13382177828156397
-0.016819503614569985
-0.3614243493680792
-0.558055820824072
-0.2597674007524778
0.3823909039803498
0.9496170348400539
1.5631219730527106
2.7893192126103648
