3.025629458656574
2.130200762828629
1.0385762392354474
0.44566959625108377
0.19523704873692063
0.5785272845753536
0.06609736463533533
0.10150697275970783
0.16717862608276013
0.1379297234039282
0.05283045573615849
-0.1445237421250147
-0.07986617877612422
-0.17032405295176192
-0.19061552788096842
-0.4612966581674076
-0.5526934325003605
-0.4996951574138421
-0.38115540134999065
-0.20041764106197085
-0.07546180630718234
0.0024854242907731967
0.050008874151903096
0.06842580573923208
0.0650867756447784
0.2520361589071559
0.052047475382206214
-0.03294855700274431
-0.029844571357167
0.00924883597639915
-0.25615564056409407
-0.2510239220737821
-0.10341928409413995
-0.1546439337387023
0.09593473376831971
0.32276481395322654
0.19726671563576414
0.022485472420254136
-0.29455917081411187
-0.21981365233998568
-0.24737044094672428
-0.12195103122130042
0.08921092782127893
0.34265560628192676
0.35999735558780316
0.4830946522727639
0.46237750072606465
0.27635410693192075
0.4133176286193987
0.444785972729099
0.5677341182655061
0.5855845947967914
0.31459375060202377
0.3420127088782661
0.2936689992090769
0.12103395146860572
-0.10858679820614947
0.020258292368618425
-0.11330648720199714
-0.3937513420098765
-0.3397101779153667
-0.1270873914744956
-0.338864389893851
-0.34683257147691676
-0.3494436819353277
-0.28725925143968845
-0.3198995905315572
0.07237056124913736
0.06699706251714213
0.29116553104833676
0.4711905394379121
0.5753131277641104
0.5463227041986856
0.4190880247065647
0.0284269731250858
0.0031389996946937075
-0.13962064746375805
-0.19016216205043918
-0.25436323811846745
0.023499852817961797
-0.18152426804086505
-0.16234570485314045
0.05664822579155375
0.02199505459890739
0.09947966311849049
0.20449423126807698
0.1442687621262208
0.017157246772716992
-0.20573455974701155
-0.27877723924816505
-0.40769852150754854
-0.4666899344109254
-0.5454386815808688
-0.21919591549938838
-0.13506467049091664
-0.091774760361682
-0.35950772924564617
-0.48444696746116184
-0.4996073242618203
-0.3765011264315623
-0.3040763772824458
-0.19873224443489282
-0.4215889579695016
-0.20603500913243697
-0.32782603286892426
-0.2702103717584975
-0.27184361537619495
0.006132208003840186
0.08739114378255283
0.2216799018771866
0.18926190439986265
0.3198876686001898
0.428210491019713
0.4973348018991634
0.4333554961598779
0.20090006658273615
0.17936124184330288
-0.03239086445424038
-0.10790550173687936
-0.38028426935190335
-0.5266096790861775
-0.8636975265196443
-0.8029490246854036
-0.7532302864190843
-0.6098276554659509
-0.25491830609698823
-0.19432383535176098
-0.07760339704896252
0.04056846729133283
0.09843463488034465
0.03764096172323395
0.1336585940027751
0.0560143405685941
0.1339408407929782
0.13296383101891748
0.21757421365659216
-0.042785772199892894
-0.11150222586370728
-0.15869166947659477
-0.07258049269560642
-0.004449165120541063
-0.08135551467472127
-0.19679740301507723
-0.10885919346087584
-0.023627201193576447
-0.09764757400893613
-0.34272182671924467
-0.7253545446167957
-0.38754601204650563
-0.6388685756726564
-0.3065051692103084
0.04311696220999874
0.3979935810716453
0.4757240272220682
0.6463708071584218
0.49523199257347955
0.39639289972417413
0.3189012567535584
0.056855337911990975
-0.320458123600317
-0.4809662316633171
-0.4324338559843363
-0.5771445523857263
-0.46387924865790964
-0.4353733683002801
-0.27952840690119635
-0.16575609604290073
-0.06589904507819289
-0.16957879762611416
0.1355397764398783
-0.031425060789987726
-0.16393574475678901
-0.37205582893541794
-0.38355159465687766
-0.16708298960424342
-0.49488365682817526
-0.41275159769482056
-0.22319304933338618
-0.6023755334714245
-0.5020313342322862
-0.4396218292400254
-0.36091739793074057
-0.339596769217968
-0.3605964869656756
-0.21146573264524082
-0.12048818343729624
-0.028633448881774097
-0.02174249669910514
0.12435221142977092
0.33782348254313926
0.014465973610496346
-0.10061375339105118
-0.30961251077254515
-0.5944836431064158
-0.4683331168422205
-0.33331828345803893
-0.3512998350769442
-0.26480378011026495
-0.06021162300955705
-0.00524968713847793
0.04061866270165274
-0.009296776189881626
0.12094123501590172
-0.027508985815392944
-0.13567032914535315
0.14675245052675417
0.28931356435134437
0.20204812157837052
0.020257452134212667
-0.07323646502667855
-0.221571002798002
-0.3572102309164789
-0.3450180544109708
0.07894970317538712
-0.0005051156051930567
-0.1458268017533684
0.2483728867636573
0.4084095007337257
0.5858744281863679
0.7992726047313102
1.6626699680023236
2.6991479805012037
