2.5002065777639326
1.470880095950851
1.0092075112829695
0.6156297434179727
0.621468837234232
0.6494666388252764
0.09017241088473305
0.2078419167093422
0.20753195265904015
-0.12233965475326655
-0.138173528448167
-0.23298884365644784
0.04975109812907151
-0.06261145958795004
-0.1932648003733906
-0.21879313107646045
-0.20583424777968998
-0.3917479294408616
-0.3642873561896889
-0.3988437220930037
-0.29797253700561893
-0.1341624383048031
-0.06073577465826559
-0.1002248252084664
-0.12833830246225858
-0.20763909604930295
-0.22400112488111248
-0.15541527094888238
-0.0051898778864860025
0.3430260701461434
0.2637836326075071
0.26593328439137626
0.3452892577060298
0.36317785147377657
0.42304332531495836
0.041688398368463137
0.09401907760656796
0.10943889045241699
-0.14788210805267005
-0.10590344236950121
-0.020215031606283525
-0.060847140374461914
-0.36389796307353567
-0.3724609691654869
-0.28178907920144014
-0.18636999656527206
-0.27717947662055853
-0.23839961381605998
-0.34480225513829044
-0.43072280161025367
-0.41586404188212345
-0.33952072931220906
-0.29402086385242393
-0.24295362141354654
-0.30618751731481614
-0.42901594592834674
-0.22633588577684685
-0.006179057575216657
0.24235581306260293
0.39044732855787434
0.551728018348011
0.5813037585646168
0.6318001593560131
0.464325230623351
0.2756291583673229
-0.20241110173419288
-0.26135658073285073
-0.13005235650832697
0.11083704804134661
0.21668006696309794
0.3420045864187398
0.23969645593027974
0.2475620506811749
0.12866593487753458
-0.13035044787317593
-0.4198902113072638
-0.5913547648988204
-0.4506282200772069
-0.5038475408279735
-0.14970024045244842
0.3102290487466413
0.6521692781297705
0.7983807212631656
0.9506081139322367
1.0301643143077663
0.9963679369106974
0.9149701040366442
0.8551286553056195
0.6866638967876295
0.6602950762117126
0.5428590868562
0.3290488592243003
0.3030031631853387
0.3181462660290755
0.456873418582284
0.012978980816948054
-0.10409638718049304
0.029460543858009218
-0.03228028959383882
-0.18408813006530017
0.036535784659843126
-0.03971895924515753
-0.2438399388362096
-0.2958195294433961
-0.1111717376239155
-0.080587418492525
0.14077091091275643
0.07832355313266197
0.27791100665422425
0.2576535980961909
0.13999339511325765
-0.24141478889979337
-0.5526699436769714
-0.6581064468032529
-0.6170890376129627
-0.6182469571909021
-0.3913725408260343
-0.3877057377831043
-0.40749425425509544
-0.24636657683610347
0.15656407572625514
0.23755152070969457
0.43684952735583427
0.45552428760082475
0.49189592634331814
0.09249959263517309
0.0345166706870603
-0.2146932687904833
-0.25394157747376467
-0.5263975151105188
-0.4745380028834152
-0.699986454949709
-0.6890862510682947
-0.4038917422556805
-0.2691220192359964
-0.4286956834348103
-0.5177200112472983
-0.5217675614650021
-0.5944311734142195
-0.4508665292754068
-0.3348958656849982
-0.4267990622112878
-0.3673590109385478
-0.11698166334873919
-0.2425742391752779
-0.2756394129550582
-0.32314605104276084
-0.30693009647941877
-0.031228165191798805
0.15352661633281892
0.38107834401071633
0.5453021216427809
0.6799286086522702
0.46409057295379214
0.20540901942771625
0.24828785822466823
0.27803752503312795
0.06668285761042408
0.09228740010106806
0.09937766990118735
-0.06756106491639734
-0.45030312854670473
-0.495689100717249
-0.559885369111268
-0.27526038636369277
-0.040268705039969835
-0.014590251771384986
0.018505986829771608
0.26186656484743026
0.2156957094944221
0.33185196445596976
0.27409287819887235
0.29363545799167057
0.3606137811212116
0.12181841937595614
0.279480401580772
0.40710140141729134
0.5252300784370678
0.4359926565688627
0.2697368504616481
0.24835117011595803
0.17945324301555943
0.18089132773700373
-0.08663122836097412
-0.49810706638594954
-0.48133034711436945
-0.4422508702616393
-0.5076746596695112
-0.3484050861078963
-0.3940970387528521
-0.2405605321707283
0.028989074083538336
-0.24044177865630192
-0.26974388549743505
-0.31022894168153664
-0.352290633084411
-0.23774104963386283
-0.2733953568012355
-0.270710103861407
-0.407177884070174
-0.5045011588598544
-0.42485033121300775
-0.14887154621556126
0.13349792364282104
0.17044033052797272
-0.037381352862668034
0.14706940726919857
0.2688118066356229
0.014058404447485842
-0.44399601577029413
-0.46534210207666704
-0.4313022223799587
-0.6083459408924111
-0.5598558061532308
-0.40373284313037666
-0.5501260549109079
-0.5018920732108766
-0.5468071387948931
-0.19595186472807316
-0.24616266981666038
0.12791391375721367
-0.006302067869769596
-0.28606935647957993
-0.35710291320322274
-0.2802134137325139
-0.3832772415294691
-0.390300857522127
-0.3785770213426723
-0.06905709756209233
-0.002896665077697348
0.07038359212866359
0.024539276623881893
0.22931632915614056
0.45204144116244016
0.5577436090203437
0.22856999472991388
-0.06683204247162236
-0.4759349461058687
-0.6505906850047033
-0.9394992878247077
-0.9622694443974211
-0.6825136402878745
-0.45985032222116334
-0.27854599037526634
0.23558386984576693
0.3342907026938609
0.4287979275816771
0.3480370860865148
0.34218032498124973
0.160379550491252
0.057988696119779845
0.045747694100720625
0.25099963652587304
0.3622330533819789
0.42362939089699997
0.3770175601566132
0.3396309026255484
0.24026444333507405
0.032640067633597045
-0.1150488395249772
0.04302612678603209
0.28475123127089275
0.36649277668811137
0.4126060002401171
0.5137567947806908
0.4817131556059618
0.3832972629847413
0.1614223471384842
0.29765513039897096
0.38331641670298855
0.3806109951930313
0.05335372760769509
-0.2803817573670787
-0.41553951556264007
-0.34455195622162693
-0.27111610684245957
-0.06139480035958872
0.17091896150584243
-0.09308526723332886
-0.23055615624137257
-0.3132007095986542
-0.23049823758392937
-0.1391860621451299
-0.18366144530745462
-0.1841093060872692
0.11924563327097712
-0.0031221658305518266
0.21516598809239032
0.6226801476006151
0.7751977983674841
0.5728783629359488
0.5579824197026185
0.44432649773646815
0.320380675551134
-0.12428736699256614
-0.28130394820536814
-0.22914354941918266
-0.28161939637408745
-0.3685078657765748
-0.2453904102506387
0.00947603485279478
0.0017753869131576384
-0.03215718159115206
-0.1371455982557846
-0.05463369575466068
0.026795276116951094
-0.06524482782264236
-0.1941107456487262
-0.027804133493272563
-0.1494348203043717
0.09593452877388549
0.4300487193529288
0.38804385246007944
0.22604285074376587
0.21034314397979892
0.021899325726816708
0.14245706094850225
0.14938797090545763
0.4935868709243122
0.7420442475637253
0.6073471674667339
0.683813325673127
0.7058221696035514
0.5190631645227229
0.576499096394902
0.3473517098335317
0.10593919229666139
0.033561211977913646
-0.2983135994609957
-0.2914019194516591
-0.4268513792119139
-0.369326564354229
-0.5352764198012913
-0.4844784639616162
-0.4719445123271018
-0.3629090971843729
-0.058477681604196016
-0.03703295495906831
-0.28290050304522985
-0.05784118095127549
0.0568508427395292
-0.06349626819515378
-0.05145594196228048
0.13880169841267379
0.5270694343309015
0.3529475532994095
0.3595126040248207
0.16956107030657172
0.026523375002632847
-0.11292051213523825
-0.2424612285926398
-0.5882988355784917
-0.7770552262038533
-0.639412997680164
-0.49275934608628935
-0.3986299313368449
-0.14021657463354045
0.0796071156901583
0.0427610496981741
-0.056575820585373984
0.10995557419946746
-0.06294497115096943
-0.14911764771346575
-0.10001682171045884
-0.07946696173217596
-0.12233709872795183
-0.020304034507329347
-0.13933642366761442
-0.06934160808905435
0.16214444494579788
0.13276970208281363
0.23908133787567248
0.13670633051279796
-0.043657626058056544
-0.12771634686491137
-0.42398262110927265
-0.5134123344425443
-0.5971589844364528
-0.4666247392634487
-0.1894461618900645
-0.18186432577235173
-0.33809223730055765
-0.2752689503164873
-0.15260328148315955
0.05533533686736028
-0.062150205813489574
0.14650866660762166
0.2394175312983889
0.2900873887354905
0.4287968952220193
0.5399886985798021
0.2681610594552743
0.2037283723977101
0.3480942133078633
0.4129281156536764
0.23969536007271877
0.10850231645081372
0.25406077784847086
-0.0143639225964201
-0.2370032866828594
-0.3383839210232039
-0.3040673203983233
-0.4289008137438548
-0.5184317651702092
-0.4489514399753044
-0.4314129055834992
-0.4933506342371283
-0.5368016098753405
-0.5491596977441604
-0.19483726761479245
-0.2369261073128677
-0.22300402764955138
0.10281773537204975
0.0018712576845570433
0.003045517983630158
-0.22433157381902938
-0.2950724886001984
-0.19228321924408504
-0.5912672792493334
-0.5320999905304334
-0.5376343570247493
-0.198268122539322
-0.23555463890337885
-0.21016311988086997
0.03529349720287469
0.24325098113296958
0.19118471626215025
0.12908949262063052
-0.11285457105499969
-0.15714067001637513
-0.44160264900228735
-0.733210623332033
-0.7420475217965558
-0.5525233029739345
-0.3600269895606462
-0.15732897406454113
0.027338624224180392
0.0025176417474205384
0.2712248029766116
0.38539977286140176
0.3869650347966805
0.21132610005914992
0.2519655098274914
0.07840740432571504
-0.15273080220135807
-0.11890547524993539
-0.022294182910414562
0.16367934428086187
0.04718872742902217
-0.06879630469292011
-0.15079910540513805
-0.24885269606582933
-0.41995181080943067
-0.6013558565388832
-0.3824215436060968
-0.43866343414716963
-0.4518763218675959
-0.25205094863669764
0.0656668570640995
0.15129178911402982
0.14120373853360232
0.12775990358001363
0.3450390571371223
0.2798371346909208
0.11195486436257261
0.18213571256829075
-0.03322527748471868
-0.27719022222619505
-0.25317153935376024
-0.3583407700458078
-0.3614506091410549
-0.39745739033683686
-0.4608624820503724
-0.19509381737339146
-0.2450350542992646
-0.15668338075203178
-0.25303425128334334
0.0318954492436724
0.1537933711208087
0.3312024085546255
0.16653057303944227
0.4089397379788381
0.44841249048365833
0.24802775858141082
0.2730131661591902
0.17920814914070005
0.2320206783142546
-0.11671794593682792
-0.08028601190481119
0.27366563185888293
0.21908241494378802
0.24746145201482037
0.18395794941533242
0.206816521246486
0.2051561097962952
0.11154333099702332
0.19192883985450726
0.2063289668232006
0.5772394154769616
0.33764934382383693
0.18858457387523647
0.3382844545575702
0.5194623570029012
0.291313602000476
0.248879411047589
0.38384120940904254
0.08299080601967714
-0.21834838262853273
-0.20129740333922747
-0.10946199217302338
-0.33136114140807
-0.452192295417559
-0.3040446171193172
0.021440761809968935
0.166589814975253
-0.04918851519397296
0.2809535288958308
0.40304210565902204
0.07921049207450007
0.20476804763804693
0.38178064570195874
0.2903926618786228
0.32842850972057064
0.20087977792155162
0.10619406598988727
-0.06063485299377296
-0.21447682801660495
-0.43299448759386383
-0.3518540570169134
0.13964979237113825
0.38981739374878654
0.5840887890448605
1.2689041332528235
2.174431672325986
2.7922174554930517
