2.2414169199979987
1.0604766354126633
0.7518705483283254
-0.16293729794129452
0.13161434661668678
0.4892522787288364
0.11761547843042536
0.11385817980313928
0.09365384184846065
0.30124297032249614
0.36744590680034295
0.37274213214645135
0.2607474633224563
0.19616540632318882
0.06146645291254566
-0.017991573374521612
0.06075842378238481
0.11677307529930522
0.060385728235924606
-0.11304559074110297
0.0220680963064324
0.04885560413549373
0.08201130369685991
0.20039475575256824
0.12671948003325575
-0.07430893930002572
0.006594224771342371
0.09637082360572556
0.04069674169028105
-0.08500535493315857
-0.13819116325802805
-0.011305171415941692
0.24902311551541956
0.18097081503346119
0.12923856462349154
0.1474992462637174
-0.028244813122477324
0.11601649515983486
-0.06604540408539519
0.22005840321775402
0.46998001340437634
0.6325827680099589
0.36465624286181214
0.11221399240157647
0.2973589988116297
0.4381482216848426
0.517335913952327
0.6327330793724522
0.5147174626410351
0.155578690144045
-0.10991355658380157
-0.08620443202342593
-0.10891117777057055
-0.4652336930932978
-0.5285789461277728
-0.3181550959336804
-0.2854557728930004
-0.26272007746347753
-0.20019062150608308
-0.1720006499699444
-0.5020165973862566
-0.6914351521903765
-0.57303836259219
-0.8314213005855454
-0.7680405736138719
-0.46302517524279324
-0.3704878395995158
-0.2715393616623021
-0.2203275356537326
0.05017706245168089
0.21900148041009132
0.236566448725099
0.04595531280906072
0.10115267367320199
0.32067604607093647
0.4797504853231178
0.599685229895323
0.5584908668443239
0.5844349310827891
0.3091629968315868
0.154895571565795
-0.12188074516173401
-0.22134811886629333
-0.12076581479716052
-0.0593711986796322
-0.1088348484726192
-0.26655218280808873
-0.08224312165924012
-0.0030656824268395578
0.010236686227397412
0.07537712917452902
0.2669762078947025
0.47253539720861715
0.5670041119508699
0.45848013215127303
0.3833070176647574
0.06431287871590739
-0.27734954671378315
-0.3677017121056551
-0.22471426274106557
-0.20722207173359528
0.2809449056048225
0.6497274112651965
0.6402745462070893
0.48607177049154743
0.23494137398559917
0.19325947861098317
-0.14443901461762146
-0.2746162280585081
-0.07576457599152514
0.2424202068144938
0.4559075405752897
0.4584228351160302
0.5440336752095196
0.5155657695980319
0.3735526185330264
0.15655399440817797
-0.007515678770468486
-0.27748429729895085
-0.5387385131930618
-0.5025518958763371
-0.41482693290304945
-0.3702111233553067
-0.4691471153209374
-0.02284723214100955
0.19524949697006003
0.061180109532923896
-0.1454963536513647
-0.2242520160800332
-0.10106270087551147
-0.3563323409827241
-0.6092997997385182
-0.36515262899760437
-0.2640902279584329
-0.13184776144499827
-0.06562464486352111
0.11142061571279016
0.13999775865299097
0.026737944713468385
-0.06973585781295276
0.16932045975327928
0.17397675407025098
-0.07234777694493268
-0.11698451704669545
-0.1464460933876019
-0.4141225651036706
-0.4668856514239604
-0.5645049685566628
-0.36745378578114773
-0.40580401464474225
-0.4415383712015108
-0.24716455330055406
-0.2284665188722336
0.049310917639370414
-0.130752306164299
-0.1330685484104969
0.05825523303236896
-0.122978047715151
-0.1693893201105874
-0.13581830528234126
0.08686085961361772
-0.0642523255801403
-0.21490471451931567
-0.3033395544060269
-0.20409937467792352
-0.43196228815584226
-0.42249900841088955
-0.17821487960759394
-0.24001544487407322
-0.3533940468604429
-0.22994235380956346
0.005270477395325843
0.045531048031163555
0.06765005130994144
0.029812643510833185
0.017179508130113316
0.05412121907040733
0.18972542411273569
0.2748505151708337
0.4226913968394785
0.5886355083659591
0.49082955030867154
0.395555595867592
0.4189460320474625
0.2848621902217618
-0.010875206469539354
-0.17442034371093154
0.00589795878603026
0.17808207347984423
-0.06294636839934811
-0.27399050333741265
-0.21470505755485902
-0.5357111436991858
-0.3943285253835192
-0.3290747223232583
-0.10943590236717328
0.1258344599026701
0.13567931615972462
0.064754193661482
0.019282840102387188
-0.14478607687741396
-0.12026839746875156
0.012117340521494482
0.24139480280187622
0.06552561794995647
0.09876296565066361
0.0562565475512055
-0.0782765813898332
-0.38023245814295686
-0.5082960649310598
-0.3868480010578916
-0.3022723436852014
-0.598431652491886
-0.5884944031020819
-0.28140334658068966
-0.12610957992200716
0.14460319623094878
0.30922353230523586
0.3413618510563795
0.4579618958177876
0.34374375208713903
0.0369536758112986
-0.25787383559248106
-0.3707539152880619
-0.42351408604327484
-0.35315565668735277
-0.6610600863251159
-0.7362878294313558
-0.4144908291533359
0.06503899721757594
0.1717110951578488
0.32631983671084797
0.48736239745905496
0.26616897092207725
0.33444852321567675
0.37635133764851514
0.17436215202183605
0.026522032464386412
-0.16424625338452778
-0.48461492084311997
-0.42633429437610176
-0.2521830034303878
-0.18325942258654798
-0.3454987701542054
-0.11249051102492716
-0.12219003616691562
-0.040960369786310874
-0.19591994307889962
0.16472932678939023
0.37648105845084384
0.42038418511554354
0.4029700191540679
0.31082750134524423
0.1591799385787063
-0.22428462487157183
-0.09609040988397527
-0.3216678532537692
-0.23873339163263668
-0.14309984731383357
0.2779171382977949
0.48810865771502576
0.4153758042811391
0.6127891033837396
0.5078134852603389
0.40669168763363023
0.26107949721450135
0.362356872192211
0.19490589710566983
0.194670252434368
0.5872965868742641
0.49522652261499633
0.4150656076826908
0.46981869078782884
0.4891544939877592
0.3214846248719816
0.38354598057858824
0.166140834231953
0.35823793915198354
0.23763623110462037
-0.011072676519027243
0.020180125851205582
-0.05970393712076648
-0.35387286650875943
-0.1378866058549794
-0.11472724829242437
-0.16934847566069403
-0.17024695422116917
-0.1587268427989802
-0.2731814758338121
-0.6318370205648633
-0.7054330729184969
-0.4620650063605834
-0.5193651570461922
-0.5318821207562531
-0.3011367185989724
0.08645012666490469
-0.040779248443959734
-0.15906332843676588
0.10360923568868556
0.15461956264532334
0.24939062634072193
0.029714791108999165
-0.06750288824941438
-0.22198894563034136
-0.285507024820614
-0.31313499109508913
-0.370672360254263
0.0297569253736558
-0.06192876942165121
0.024682701828215588
0.5273970263729995
0.6063656154747463
1.162864298441606
1.393465355935112
2.135708116799464
