2.8668809358095304
2.8069200661793627
1.749517479195032
0.942263202384105
0.4562341606866891
0.42011928589465025
0.31616601090774005
0.5358451114561518
0.58901344948977
0.4729441241537737
0.3615701458703082
0.26912464662665475
0.258337010383126
0.07426449708533192
-0.08155143172600295
-0.12109407099227872
0.01020884075352983
0.22466098131265988
0.02624988873228203
0.40949935423007855
0.4574705983598298
0.5044527307502951
0.4202925870812331
0.2825756130000012
0.025796188622055436
0.054282560639075425
0.18596972268184211
0.11690980036265516
0.17627703539812528
-0.0016547460667079798
-0.1412149042473965
-0.3780338893440855
-0.5655003476533218
-0.43503989204009175
-0.2971161464315702
-0.2304001483975493
-0.2948066183140805
-0.42422889085174365
-0.3993871228757208
-0.39455513470181913
-0.3567156572166049
-0.09448007041205833
0.027728276924914357
0.059021201553281166
0.2667413862582447
0.24767969817851104
0.302010900956618
0.09415946774144432
-0.017327495302089047
-0.11707068613961699
0.04990309988541569
0.22177117690718007
0.2523147791024508
0.2178749979721777
0.06699036670234731
-0.12624975627683352
-0.19210051039065668
-0.06118063302009674
-0.022624797298651713
-0.04418652764228907
-0.08512969860570406
0.2349412827710541
0.4230035352597006
0.38561970382768396
0.4644038709375284
0.2248652080706996
-0.07599672097010922
0.08796053491558035
0.07098371058651094
-0.007856561395786943
-0.3339076620584996
-0.18362312215668414
-0.013824668581727139
0.01046784902900809
-0.0732924675870888
-0.09469158268485407
-0.24992604396437532
-0.3259940137318974
-0.2693396686720786
-0.2589546861071019
-0.4023212408090029
-0.5369193206765858
-0.36271368794387304
-0.20018717236534309
-0.1076227797105539
0.1250535856252575
0.2623504674141165
0.3187352625869943
0.28892180263381023
0.010033668914604521
-0.2526593343827064
-0.2265909235965023
-0.2588569403800188
-0.36247525879146014
-0.44359792493915895
-0.4908871640454683
-0.35881973998316313
-0.04125072197810895
0.024130334509578685
-0.00971220948697239
0.2445281478238374
0.19735245654409314
0.12971870239931152
-0.11298377228561332
-0.01703371337651581
-0.3246583864262073
-0.453447256281529
-0.7149843279835097
-0.7080190314070934
-0.6876376749792374
-0.47374729249192166
-0.22444329011086883
0.03835691296971515
0.2686556833536081
0.025234434938466308
0.07406249913576096
-0.1807170302640431
-0.1262893583359136
-0.10172537681811518
-0.42263700276285815
-0.2912325450235728
-0.18295619435647945
-0.052140589791488376
0.10058964235570543
0.11622949648772793
0.060001270314025815
-0.181950077248524
-0.20927998235600928
-0.2287814499908582
-0.0395509190709786
-0.11979273694713426
-0.0162950360281156
-0.1246796973607842
-0.09191103389381675
-0.03575822919580939
-0.1963227473624764
-0.16800282572681638
0.041195146196054036
0.09471272837693043
-0.03092140435351311
-0.07091988517846362
-0.1948836977971098
-0.5101410249618977
-0.7549882405168893
-1.0064004707371452
-0.8844269617194342
-0.7507982718426987
-0.35952869075527716
-0.21650357278848115
0.0012806434103800543
0.4545687376242827
0.585234263278256
0.6226362251339773
0.47411252952759536
0.13840381608880367
0.17826846264367824
0.1501496770564122
-0.27411850006858407
-0.16256887858300015
-0.028199361830005373
0.0656413034634714
0.14123169278813277
0.03821038664483047
0.148276275105882
0.07773874748452514
0.06568004875622543
-0.18894722885200266
-0.0596760487412025
0.055412744554092404
0.07237906366622786
-0.17417012214166175
-0.25143832077168965
0.0730460240318317
0.04738385420674803
0.20017358589399525
-0.06811206914976634
0.01820952494533461
0.22380537393008412
0.19709400935507787
-0.08487375908387772
-0.06851908357039876
-0.1776933670215417
-0.21030433363631956
-0.01986697996581943
0.16044908557541787
0.13299642657772764
0.037528192379035485
0.1521070593165299
-0.012603126580093911
0.35525204470631394
0.12847251195257173
0.02247094247763098
0.12042234214091545
0.24193616156819225
0.2566393025028749
0.3880811771781982
0.4015102135320463
0.2601050692043754
0.13228198404039807
0.19140728802440654
0.07634939605449247
0.13799328377698283
-0.034076593474156466
0.16714504865800406
0.11153491018034604
0.0006752866340482978
-0.10536600482041812
-0.11660553164018803
-0.3772508406949929
-0.36291107832292985
-0.26009306706085616
-0.11876564634877407
-0.321352931136744
-0.12326361754829684
-0.3876551440348701
-0.3115534045354505
-0.09412742437286183
-0.02524913055820964
0.12962164159650694
0.07086724921720937
0.05431428957327419
0.1779727066888996
0.23728236950139128
0.15214246651533098
0.0023856707984853884
0.06209299592550639
0.2875762427691455
0.11300453027274579
0.1717363576072766
0.030119317447845188
-0.07011756877165973
-0.08082329555073169
-0.2732595291064172
-0.1122355170210353
-0.10886990640728159
-0.11934965542327701
-0.21158166521377558
-0.175351362590245
0.21983543880600742
0.42981206016492135
0.29940267577269225
0.41981579489278836
0.33203908692008577
0.3601620662159547
0.11367779963780635
-0.1031435254780553
-0.2516759960659112
-0.08220085253237122
0.10670974369007444
0.0067405021778384165
-0.08949908436470996
0.0006558643511155957
0.128736017191365
0.29360092664879117
0.06825351275076053
0.1558159312103054
0.18371225285842593
0.4544473369321757
0.5897514066072184
0.4528777445011233
0.20015539903808485
0.2921068302643095
-0.09979274306645973
-0.22493549233142182
-0.3137658696715401
-0.28176177061944807
-0.18864587702184846
-0.14757154622390753
0.04702653850347239
-0.05153166756899286
-0.016211579304963794
-0.031166796359451843
-0.3120478185033315
-0.17417581886722447
0.011141318342878683
0.16888173038114468
0.18512173462473366
0.163626995991836
0.13904629339533822
-0.09473020745650265
-0.008643486661997078
-0.04328285960049656
0.23498736294549002
0.2914276991236424
0.2787934179055863
0.39537565512668243
0.2686536801272878
-0.18465119448675701
-0.2706986252603075
-0.20956306949905035
-0.27429275313795165
-0.3229550849674432
-0.2644296702061264
-0.16195043372873655
-0.1027407939079142
0.05351311419546166
0.19532125057041602
0.17340895208347315
-0.034442050122655075
-0.20657611511323712
-0.3029424079410469
-0.5167456488553653
-0.5184395465987977
-0.6486333256369684
-0.4424821994109231
-0.08024255829270487
0.026219801715972355
-0.1482560490065026
-0.11601812005114175
-0.07875329041140094
-0.16094445539001084
0.04419775756356068
0.2012615909143971
0.1156790399208154
0.16873727966836927
0.19584043142821803
0.3249378961130242
0.10004178970700131
0.10186248220410282
0.09337943280928421
0.0841187506747424
0.2135320497044762
0.19256700498668367
0.26797211162185475
0.3341023322153132
0.1389182458508979
0.22144787489833542
0.3263740315190747
0.22052003113996008
-0.06641456397873052
-0.1425482268511938
0.058246791009000286
-0.05788320831689864
0.2624953201576158
0.1314789696021525
-0.02816223266438922
0.33709135036893684
0.22741905098828746
0.31467684487870856
0.19991225676794355
0.16143537295570917
0.19250817224610142
-0.03776677499589989
0.24638679001317262
0.39715270180533
0.6019907970647786
0.531792725786472
0.18789430636266444
-0.06905309389293916
0.10355297019378565
-0.09842591380276447
-0.19435647982735063
0.12898177565129973
0.31543846873307196
0.16733835318639853
0.23952942192687812
0.3538063365670198
0.31887727018897805
0.0748836656733236
-0.46129652603409327
-0.6891669148470722
-0.8262312623822323
-0.978738121315839
-0.7620089299693793
-0.5328808231650748
-0.5481330764866613
-0.5787809540139838
-0.208461663100441
-0.18838445275221313
-0.41268948703773656
-0.5398786143754716
-0.41072779707689105
-0.4256719073007496
-0.49030244576106513
-0.5528865012641678
-0.45690792043774997
-0.2793989465584898
0.0882919437714649
0.18928416297191433
0.14294307443355544
0.06553356546853094
0.17568852906018156
0.35617313578639465
0.5938409292356659
0.5326762275612793
0.5041650393682705
0.6158262684153937
0.5362367831220657
0.3079753688874928
0.3191116635676315
0.23639282647054444
0.05590545621008881
0.008486588148856286
0.10437149140703424
0.09412004994540686
-0.006708178178751988
-0.010799330738757095
0.1614321024678812
0.1535450667025495
0.3208344355931924
0.5128775933854725
0.25354924973165566
0.016492304037806646
0.05936528573546345
0.052691295023730364
0.06009066466710975
0.15621383862083044
0.332788562349783
0.43017675189234966
0.49651726882410396
0.5755844934137874
0.4841890920155645
0.4283338465047465
0.2718114926608077
0.1575604888182932
-0.054541883516277284
-0.201173633170572
-0.24588619602420064
-0.07290390430952401
-0.20072216722308817
-0.2549983920163789
0.0916827188351801
-0.05967968081359982
0.06918752234057197
0.06774691924815181
0.2127823316803503
0.19129075288637162
0.5216068133414774
0.6275666010633443
0.9770854760488837
0.8170576453680771
1.1029288584837074
2.14367671164018
2.605934973005044
