3.271866280693556
2.0494747394749107
1.3660818550735911
0.7312850776480926
1.1560107267966229
0.7968765197571298
0.4538738783307827
0.35971903915116465
0.006075337472797567
-0.2303949076661885
-0.27088838236934726
-0.40594623911484
-0.29940375410682357
-0.45860283151220643
-0.006453291152566661
-0.08400178741215512
-0.027945464874757023
0.14529521685651556
0.5241282786818846
0.788058928976087
0.551044187069976
0.4100761315903693
0.4459237457500848
0.231253453998413
-0.10465582927482496
-0.2376827152377644
-0.2310741526021097
-0.3584120833860897
-0.2359605729921411
-0.2578557281112671
-0.11203173105642399
-0.0828185290601024
0.32057983264012047
0.34703398822978054
0.39545154231419527
0.48994616765939164
0.42512789370157855
0.1121056176279493
0.07842943093246602
0.03564986155944411
0.0007372083679083796
-0.14032068593386526
0.00268477040861078
0.05013659934774044
-0.18621509599089256
-0.29742325815154164
-0.6922456856608865
-0.528614741270401
-0.5928712293173594
-0.6930159835380713
-0.6088733749598843
-0.2539259254355083
0.2514272079913213
0.52985433508448
0.6792495618645222
0.6245660899988372
0.6005137217900903
0.3686073747105313
0.24398035178302876
0.007137930485213533
-0.2578725552272069
-0.5759176471422535
-0.5824241966139718
-0.5287331325109544
-0.7809526252144572
-0.4562599181815572
-0.27622975239156977
-0.11630725018996152
0.03850151681880852
0.16593686342158226
0.4818770240659789
0.44915879356627686
0.18059317209051332
0.27403547944995094
0.2298436432111506
-0.1140172670587315
-0.11337648644606607
0.09324935875546193
0.24699483330231667
0.035359508871158324
0.39338204769928176
0.46588456201481293
0.26324435570043264
0.22451049044993646
0.43590809282912824
0.5033362699106192
0.355796665040328
0.3177012937845407
-0.09310942578067206
-0.243350136818695
-0.43070908361144183
-0.22814753460512277
-0.38710807325161084
-0.26273623914281524
-0.23806403665360729
-0.0918276552469337
0.23522218744352008
0.2871431779281624
0.29240973323707625
0.25282268260170365
0.10642537998442861
-0.012827883760283116
0.09973029138218324
0.32352411097538375
0.5484914023431908
0.465245050531403
0.4068511186225678
0.3433338745272232
0.05892533525766757
-0.2629149251623541
-0.4972840202161976
-0.44474874432277817
-0.5752047130994573
-0.38670489325342977
-0.2264719185936664
0.1283039678240186
0.13095086654339452
0.05056417378351352
0.11243212511694953
0.2850766363533462
0.057905320362399204
0.20694334928158797
0.467363270808477
0.4132529533553083
0.3836196357049951
0.41520766479782406
-0.1222440345790095
0.21523015638304685
-0.06270380183200341
0.025040451304445363
0.062176975573089724
0.28655974126391365
0.1692187821214863
0.20955200028390478
0.5709577649303446
0.5472703453219543
0.37809605268089375
0.43573026964081435
0.4379828447611757
0.3267615911435657
0.11838181024485701
0.03403293375045533
-0.3159850350611335
-0.4362869207684447
-0.4233561680496287
-0.3507648117117132
-0.44470722735900836
0.23086703269087916
0.2945344825273872
0.35443128464240264
0.11451288681400056
-0.011691396370028457
-0.1894578564108804
-0.04763733206163735
0.21587415483852865
0.4746027487625104
0.7561545917116845
1.3537780782331612
2.4035121799612864
