3.185916590173709
3.5046383379228563
2.499576209299326
1.5152357823914664
1.0413335326378497
0.780349507509297
0.7455010916189134
0.39697228793872513
0.2037648311829462
0.18938958639375375
-0.17449895584180672
-0.13582999811555627
-0.08578815168316144
0.014419909310114722
0.4305516178049046
0.3547164618667635
0.3855928809351493
0.6254010229483281
0.5281079325068262
0.24859195081599697
0.07976354903268565
-0.17957984626696233
-0.40708075700706203
-0.3859813726875546
0.06618789980205966
0.1195540412017878
0.13804287291636283
0.2666404120698747
0.522851557107544
0.6422817560609207
0.4802903630948007
0.5584917739855475
0.5165436321111225
0.28568406611619906
-0.0009572358805546054
-0.15477307187238376
-0.17401809217651285
-0.22761710308446145
0.3179885185820284
0.3387711551658617
0.2744257380471573
0.3033061246667212
0.3213405259087735
0.4409964474512489
0.6029168264701562
0.38197151383787736
0.2367649510085554
0.32711150261537425
0.1099930668176336
-0.07038049142148374
-0.2873743627148935
-0.3903896374811659
-0.3566508500657296
-0.252643480239528
-0.22678777784870036
-0.23083406192335912
0.1887874498292122
0.3822675331727831
0.3974464263679921
0.5780227519834683
0.5491755661458976
0.492557834223101
0.1373505407016608
0.03828843765032333
0.1874758075526994
0.08349047141353406
-0.1923692304812921
-0.008763733640923236
-0.10409121828175494
-0.13292575588558928
-0.03331201031132979
0.07283616951302858
0.43780576207043237
0.15364934747894876
0.04839002309985792
-0.020652510964512535
-0.16751452923430651
-0.47007145738465705
-0.2662079435937588
-0.1799322832546362
0.057568980770672
0.1367938420865011
0.18821556285439844
-0.01824905220935463
-0.17679113071806044
-0.5249426931447733
-0.46930464090206414
-0.30415704616699446
0.028364020269511372
0.20002344772886319
0.5233246358499568
0.43837053493477124
0.23697283729944285
-0.03204700038179569
0.10301235179206131
-0.3104770216536777
-0.25962516409544995
0.11735714704580429
0.18061823381508282
0.3261228275527061
0.19169334987215325
-0.0033234972652599728
-0.12050049576680902
-0.31717132079772714
-0.5309055125120874
-0.796591326468982
-0.4371848101425694
-0.2950533064197213
-0.05222871562274839
0.11911710242483912
0.3198719473221009
0.29705414378615513
0.47524783389053427
0.5327233542729691
0.3174028261520288
0.019512898888652066
0.08385638145803627
0.12970118110954432
-0.12735217040019894
-0.04412099107486457
0.2732487647999841
0.26417455929699013
0.26703088146603005
0.0784401405790036
0.09417456871344243
0.39802625106635947
0.36417182914762325
0.3212512769491736
0.3583153398105423
0.4389182719671861
0.4211213237279617
0.3075067397028621
0.2382362991731188
0.25431956238038056
0.30352349695908204
-0.15860990116736673
0.03334085041762085
0.30430411895698667
0.6018974951761455
0.7989405835258709
0.4054861313101203
1.8094484435356892
1.4742734003304963
2.5558144856982787
