2.7815368391831203
1.8275017111750784
0.7633425042874781
0.4113446902337628
0.4145145244907766
0.4796651281742696
0.32990653416577354
-0.16783529239114434
0.04268593113668564
-0.0847211745534238
-0.0953972595452784
-0.12315584657109398
-0.07659611095646206
0.042984873430939714
-0.30012145406975654
-0.36140721865574216
-0.23235654252077867
-0.3412862256515742
-0.301297885159594
0.01222826227212943
-0.09895081010516162
-0.20491010288546366
0.2700571761509575
0.10383066156675824
0.22435737322052335
0.20953683621220812
0.37617866574504716
0.3741872402900854
0.14261029422669705
0.18001477943583796
0.19191611905096237
0.32982768421827263
0.30782590329433795
0.14519790936274685
0.22339047144871868
0.37454401462210624
0.29176003835929004
0.5110133171922145
0.41705660489360347
0.34844197897953677
0.45349883148584
0.04981527828062316
-0.014801161532410338
0.1858650087522151
0.23103338515532704
-0.22241179774047207
0.03326102590420864
-0.014526866967763341
0.2668086908481709
0.5300442123402268
0.48808333905269535
0.44314743512761584
0.5106347741457454
0.6445119144439624
0.7265909494654513
0.6850570842819317
0.38001065789259947
0.2445112723455984
-0.2504001573568294
-0.49798232341731485
-0.6602220865954445
-0.5255902830343421
-0.5277464215910697
-0.3284649048268331
-0.20275259612963256
-0.11839355223649518
-0.2513975623561956
-0.37371056585116796
-0.42469081157154
-0.12150672644407717
-0.20917305376706927
-0.36676367569472396
-0.2548774430029915
0.043627166827055294
0.13472543530166384
-0.09031221956652
-0.10677839869633166
-0.041821929315316884
-0.1412515188535921
-0.3703265175842757
-0.3867246384531223
-0.2651806947903001
0.0015950652488524297
0.09773972019423034
0.010891018280436173
0.429513459310768
0.39039007860988767
0.26149275715494946
0.03263946154954197
0.1495852870896386
0.22797240520713705
-0.16993181099563745
-0.40890420159996593
-0.6330636303597958
-0.542385950709241
-0.5888930195354666
-0.15115095007354407
-0.04621859272466525
-0.23586315893754975
-0.2768106144140877
-0.18335833446772518
-0.0016201816087004727
0.18809394012145006
0.2932635460804354
0.2838145507419537
0.10705816880764224
0.05728155324536829
0.17395978116675784
0.36497234758940716
0.21418701436041984
0.07448922406933645
-0.18249614721859822
-0.4884644294922339
-0.7399007467726786
-0.8638822736225412
-0.9373067965679724
-0.9911164070478977
-0.7039289673035669
-0.6340447801192548
-0.6517800930235154
-0.6073490378439526
-0.6379738129562061
-0.3494553886826775
-0.20747694874317094
-0.36909089540891454
-0.20665984234102366
0.1798047439694041
0.18831760138928116
-0.011658223813869861
-0.07010960283453295
0.10911239533946343
0.04495106976572995
0.22543234630829198
0.35226852639680417
0.5211887171344218
0.4534641484949849
0.545066904078458
0.429650244532711
0.2552441847661524
0.14079594375463148
0.19615505795742907
0.002350129235664378
-0.053082658336494115
0.2226105090286889
0.24060048917945726
0.45688546059431634
0.4632010258718844
0.2957389034687948
0.15679338627479827
-0.02529664438537274
-0.4179958885250473
-0.618730848396105
-0.5702815973816225
-0.5368942455490964
-0.46907417099480525
0.0588797747302509
0.2869507633756307
0.17961934344751768
0.35582591485117304
0.1731486241761699
-0.1772375178996472
-0.07021892445456988
-0.06850251090969232
-0.36010362539758384
-0.32857212054691587
-0.27066161149260964
0.1571947422598658
0.05324446594092515
0.6879408540597244
2.2120038624313536
2.918800029849252
