2.5834503775437474
1.3770018921859368
0.43890937134721714
0.19699390077688833
-0.35230475980325404
-0.396633797437858
-0.3731746153675907
-0.08948466785971546
0.13037598350997065
0.20640797932799385
0.47682459177077796
0.565457030473445
0.6262508617623157
0.6868587788964797
0.8195489116179346
1.0311382985703674
0.8745029721340832
0.6792684651371175
0.46199382213493423
0.2680997779808324
-0.3232063873549066
-0.4884910516251507
-0.4567298517999993
-0.6132047059484252
-0.6833750596923441
-0.5885315219013659
-0.276389329492074
-0.2721386288424296
0.07368179460841719
0.07235412047278364
-0.1196626363907982
0.027892585088063422
0.0013131733369299637
0.11730589914472214
-0.06931063341409356
-0.3214725136197734
-0.3802851856494004
-0.2004025814378784
-0.2303169216836054
-0.039557764463029686
-0.002286350007921517
-0.19674796650708215
-0.05408647788177578
0.2581547222113313
0.42443155016176765
0.42196559680803636
0.2944059060001537
0.3587974483350956
0.1968367540016813
-0.19675446907422564
-0.18321438772009652
-0.34868273959713
-0.43707061708845724
-0.22169798589172524
-0.3161500965020372
-0.4763471000345885
-0.5205423115035251
-0.22850454305174597
-0.29972263582034797
-0.4239522681125265
-0.20408477981981493
0.030568284642274752
-0.060384495982882605
-0.24231194727949998
0.04943964171077668
0.24256679529333125
-0.012810201327661036
0.280975147887751
0.3964667210571592
0.30923644375576315
0.3657239843817344
0.5774029197510147
0.38066080066768565
0.013069027508356265
0.0891514730607137
0.018954425105112697
-0.02795384123646249
-0.08891531491747659
-0.35291172187187786
-0.34643005935821874
-0.13536080705075906
-0.2523274861348015
-0.5743499408879987
-0.2735990795256126
-0.3508738137445276
-0.2531671025973412
-0.15266885458906856
0.018339677166296628
-0.11547350275640456
-0.2880629185150655
-0.22187657097275185
-0.10971298970518942
-0.2391196882999559
0.008043306974455076
-0.04326133113781362
-0.02109315459150098
-0.01244625969623129
0.31276063042709934
0.3366575454605998
0.3979118638368667
0.3998491132849073
0.3476940805453463
0.3822515216666217
0.2501099347922209
0.05994612845100695
-0.17405797038671683
-0.5821766607784092
-0.6940577191854267
-0.7446822108024791
-0.49987199371409935
-0.2694976059282689
-0.05547034252114645
0.4785155033853399
0.8120114086291924
0.958054751657061
0.8156019519197143
0.6024830902309595
0.31985640556178113
0.027504637312314825
-0.34327038107535635
-0.5127594632341772
-0.49573767676974256
-0.5778982323903555
-0.6748457430043238
-0.40473691262992445
-0.30914640036301144
-0.10277729286208967
-0.1758132373718731
-0.09318025614801433
-0.18550304910718543
-0.4291597901960773
-0.4834346806220583
-0.2634686397474818
-0.384042520286146
-0.45227552291654344
-0.480457573854262
-0.059711782243099795
-0.07368294339898704
0.127825833121839
0.17355056356161105
0.2634035155695877
0.14876914666386473
0.3397447173289075
0.2825909740435442
0.06889715491269226
0.07364190454699293
-0.14637111435357936
-0.04759736932822609
-0.17882753204582685
-0.39500965447315006
-0.38452958285793054
-0.19275461513912467
-0.13949495015740263
-0.5737515567805151
-0.3846285070296904
-0.5794601545353469
-0.5650576746486562
-0.2907424237645755
-0.21640828847511548
-0.2322411075731957
0.04274702796816515
0.10494823889980393
0.3696126874049858
0.29896797777602996
0.10824808769977191
0.023310510045204957
-0.13757370856890125
-0.4085109204097421
-0.31885737778021034
-0.23351960701055796
0.1028257568314698
0.14458500663871365
-0.1569277348007421
-0.13226416370270302
0.022502085810303538
-0.5460374567534833
-0.6380804528760462
-0.6191124454098249
-0.6580733541988263
-0.46520937130058554
-0.41845216682125064
-0.2610374245720096
-0.15691898965138668
-0.19174691647273373
-0.3730894201864759
-0.14247062414158573
-0.170943806674502
0.0978719215519223
0.13171724225769013
0.351619785025148
0.25733261502343696
0.3133086387005531
-0.04728592273207719
-0.1610463856931718
-0.019255831842297514
-0.006624316499156944
-0.2672059768706331
-0.17826172508589438
-0.091533617265178
-0.017293541235360296
-0.0765982125754057
-0.12056389119659856
-0.08152564626386545
-0.17454633620593737
-0.12373411945265918
-0.4637855605934811
-0.3580656898268746
-0.4858586731745495
-0.2583692926853818
-0.1678694202807566
-0.048235623333856587
-0.043204997060716566
-0.22753049148515805
-0.11280211223044216
0.1728495150002973
0.5732017280540014
0.37881150818461845
0.23526144831081774
0.09310865925807506
-0.05897024439156297
-0.3098427891955304
-0.5562291212319471
-0.5186883546092147
-0.4324724272264295
-0.272862360617869
-0.08365315342357378
0.23198422766317645
0.43884333540467935
0.46954081060779046
0.41606677383727836
0.468057912986044
0.37504999254708765
-0.012345985328330233
-0.12712092664464178
-0.4050485026543496
-0.4941823032287014
-0.3989863854580524
-0.26476711158328564
-0.022681010321836798
-0.10555122247755079
-0.07629053483279837
-0.17749639596150243
0.09065040243648925
0.0725916110688017
-0.13829309749021795
0.01658069956612863
0.15745623478406853
0.21342097657106415
0.3084430821452795
0.07160791581891006
-0.01470333984275294
-0.1772813780333048
-0.08794249734829918
-0.09471517740962487
-0.33867404715926835
-0.28819811643678706
-0.17186000468760482
-0.08588974448821413
0.2216890668282254
0.377696644638376
0.2889069859713978
0.1206941280386795
-0.1741069163336013
-0.4031844831767942
-0.5084982136930447
-0.5027024447280802
-0.5154031078681541
-0.6408172683491732
-0.69268468098517
-0.616028158819251
-0.42922989259598476
0.06919365130752718
0.2674127611689277
0.47668903119479816
0.46880743938037633
0.4539302414742936
0.28119317401313354
-0.03138059135667937
-0.024264493578210578
-0.113408666933209
-0.43008321284425016
-0.34476089598396575
-0.1746096651580464
-0.199001105025606
-0.37645343743386145
-0.2640699735447267
0.07321072709704461
-0.05942681092122151
-0.24203395584643347
-0.05816511110164172
-0.06346162399152516
-0.20223843489049334
-0.125236931489166
-0.22755186740888353
-0.37771139703018913
-0.4482143661954115
-0.22170055229223293
-0.10214668697618255
-0.012539051777818631
-0.10262738162385132
-0.14480939854295505
-0.00860314913531733
0.1425115527152969
0.21800692940966385
0.2290100420817124
0.1808680627288208
0.09284209193337535
0.05715271726116732
-0.3645795535546959
-0.15602106318247805
-0.185583939256753
-0.2282404792654985
0.14792958110240614
0.18261289200663436
0.17684847453781324
0.026126528653400573
-0.02586329899933824
0.10414515633210016
-0.4378108239673179
-0.6315144619360957
-0.5473514724490336
-0.6913329037338458
-0.5646988822833713
-0.26974355689676954
-0.12752727197575398
0.13672554065557882
0.23215987011586017
0.30878961842005653
0.23879872643825723
-0.07068375859396778
-0.28492838789355984
-0.1137835934473444
-0.2781118628949348
-0.013981905995186332
0.150699454345623
0.40207666153949645
0.5667775771244309
0.6186630096353273
0.6501885570228322
0.6491388290939104
0.6939059052657184
0.808259130880035
0.5493349703657637
0.5196441588901554
0.2561800780320456
-0.10181576098319572
-0.2709594006020501
-0.47626735287435806
-0.4830905368214202
-0.4446305640353734
-0.1721204375689647
-0.285284730693996
-0.2581157135972511
0.051181300102403814
0.20588591904332004
0.2330645760606747
0.28976804086271496
0.2543854734902918
0.0901712078774089
0.25343306697955725
0.1844281677889188
-0.020131360152226416
-0.13076524455972785
-0.11951675526448587
-0.12833797322677032
0.10025858716684742
0.2718904306885538
0.12207043630665954
0.299130089711679
0.27497962286857086
0.18885899235693426
0.2058866657146138
0.0582745704295355
-0.028581133087101283
-0.26436733347121577
-0.13446699481227198
-0.24782622105295107
-0.09723285011694315
0.16027300221738452
0.5409903267647448
0.48877613606232106
0.590629658012443
0.4291697526718142
0.24935297562564018
-0.04968241219681994
-0.4067009350687036
-0.6575152478672139
-0.8248653364689073
-0.9616890152651175
-0.8012649354865726
-0.5243292184233146
-0.3708624287250857
0.12585405840052957
0.41491683289359294
0.7591968441255663
0.6011531495234619
0.4032048244552346
0.40572464115519075
0.17346386640934047
-0.411813572663841
-0.33629739455825564
-0.33146954159208186
-0.6394974615096917
-0.6601384464309693
-0.8105793255802494
-0.4151412683706714
-0.7368079726332438
-0.2742963420741671
0.35387496934433943
0.8463271886472589
1.5469629051865192
