2.73358073098661
1.575812055817793
0.7485702171026518
0.34770442140297414
0.08617839527514629
-0.20911509483134372
0.06272824037376715
0.15573048280034799
-0.07112405061271629
-0.022663989417283415
0.06852884490309503
0.1513351218193508
-0.1664734210442017
-0.10216948984439181
-0.0730467146797226
0.0256712017006116
0.04710275881545733
0.08748544333481299
0.11680683147306568
-0.05279525211496385
-0.11351089442317557
-0.21889389193098047
-0.5041508825898663
-0.6012347983083229
-0.5153585609291792
-0.512393625791645
-0.22789279770881318
-0.3976339607856703
-0.6781791752319244
-0.8853169244961278
-0.8385114812052843
-0.9721607597899404
-0.9918495136302087
-0.7453818717901989
-0.635695988728448
-0.4868548884877621
-0.33852193275813325
0.03490957792540431
0.17734642919359
0.10015942036177472
0.3113905300028195
0.34686897380927817
0.173371222779416
-0.011233323748884182
-0.2386835918335404
-0.15477656857304564
-0.20573028916797223
-0.3859905409731523
-0.5789184893972394
-0.3977638506491504
-0.4610562493207402
-0.4773308749515547
-0.273973746491806
-0.38237206610109126
-0.39579772930489254
-0.42266566343518863
-0.01597580675280111
-0.06273427860197373
0.2639155997701425
0.6643937984034469
0.4846756785740272
0.4209231845729454
0.39679176037417324
0.4579433015037216
0.13121031122272017
0.03747414907911525
0.03375278341695299
-0.02136901417061277
-0.3403318119934848
-0.22272672008738253
-0.2349720520806209
-0.3721008104051486
-0.11801656666236501
-0.13991293697103502
-0.36690946529827295
-0.3051230487226349
0.09714125896740419
0.11678105476258116
0.3357677614515703
0.4975811611665946
0.6733453746022946
0.6126354521621405
0.477402315651205
0.48060416720148336
0.33599890196186244
0.07620235532951464
0.20630911190139628
0.15128557921537608
0.03895953282779964
0.02082571242979742
-0.14666940331582373
-0.5692272524797691
-0.4525478065913062
-0.39888421338555896
-0.6201586058806147
-0.549016964777342
-0.3663668797438215
-0.5165623384936953
-0.2356672639343751
-0.4640102134413373
-0.5529127485637495
-0.6101663662109029
-0.09741488159455168
-0.12383717499187812
0.0487709983271459
0.36716327818874794
0.3087891586503178
0.3567234203815543
0.27316028412764937
0.181594055778323
-0.19873485508624641
-0.40016502527517994
-0.46032410193813716
-0.3780973042213462
-0.4098176542773603
-0.23706512098234167
-0.021930713809687738
-0.0635481543985599
-0.10847483168924626
-0.09261372255229575
-0.06688315041587588
0.1523224868604485
0.3303872342850647
0.3999099727679271
0.2737730849510256
0.19767234536544367
-0.07132711761197293
-0.4106118883766771
-0.49649324256382277
-0.35494963847377176
-0.31348254929965014
-0.35569404856984566
-0.1021372592927523
0.2775100511874672
0.4899225996989749
0.44242004845875993
0.12648287476005984
-0.14993552723725687
-0.2864040493993873
-0.41739685778357855
-0.2662682613122144
-0.11727551607573614
0.17620814072456573
0.04214110043556314
0.21949139174603463
0.2719616503673857
0.1262454128832219
0.2184191233475012
0.029675429493181357
0.026463830932000585
-0.2895798846309298
-0.285991414418343
-0.2797356276470426
-0.13349315555719618
-0.33380247166241434
0.007010324566963726
0.4787964952151914
0.44723190704593796
0.44061133919932804
0.5083614869215219
0.14367790904315636
-0.0591030801646946
-0.6338479808757532
-0.7518529683067872
-0.9355993122630517
-0.8073690136737698
-0.7745582839397267
-0.5587894977604939
-0.280388908680065
-0.19043706781382633
-0.12769802389401252
-0.05258302465279818
0.025085812164167044
0.11768370974484853
0.15249311033614404
0.2184807118451247
0.4702676230106564
0.3501220391436884
0.010780132130102087
0.12695954207879317
-0.09859264643274279
-0.26629350236276433
-0.18259361699338236
-0.06869045212787078
-0.1785573362813043
-0.07619406688221286
-0.3041501638107022
-0.32000452445781563
-0.21237121762542086
-0.24989710106078689
-0.03942516490597714
0.1274956266584004
-0.14944941358322392
-0.07243941720245962
-0.01591822692440329
-0.11892839431226261
-0.12236828135384586
0.14286449295853199
0.11560717924105393
0.22961203227855723
0.05313802323922468
-0.32987499339492354
-0.4268221054311681
-0.10981101578080954
-0.45410565133622893
-0.18870479089070505
-0.26548493520988137
0.44117472597677215
1.3108493462132926
2.2494809868047767
