3.457275361363931
2.432641311369563
1.9751756564363012
1.1180406487343824
0.5166332417466568
0.5463053967734052
0.3229788923091453
0.5522321104419158
0.47072847309299787
0.4241035942198287
0.6766293758826784
0.6954615620969273
0.602201592231463
0.5410611173898944
0.24339185324768228
0.3202363004085783
0.0011500822501840542
-0.0022097071463557574
0.000536206035493288
-0.08908912450276467
-0.0009337351813197053
-0.1924028957684816
0.032536025873043516
-0.19629651460236563
-0.08266185996878828
-0.002953881222543431
-0.08709212870700378
0.10554327920689119
0.20038934738989517
0.5692721542093075
0.3097292206594513
0.20824187965498084
-0.12018936608139053
-0.47503564590309116
-0.7906515412278634
-0.7472466846270168
-0.7102254476297725
-0.49674735912842
-0.07840314358869516
0.36298328274822406
0.6136647715353823
0.6108679106379166
0.4942743940013609
0.3473075022665855
-0.11848554468938424
-0.3672221619045137
-0.6806398870112628
-0.7893199232727286
-0.8728050999623959
-0.9457041479745035
-0.6214013432618566
-0.4823326663778532
0.0012499173071153118
0.38233519511949016
0.23356892703126403
0.3660482910005729
0.6455405351537684
0.6963166966675647
0.8160633021992796
0.8778612105418144
0.8987297132251837
0.7836997269302333
0.8925694004603162
0.8999703759562624
0.6519282450023829
0.5405818004239735
0.21674961931695944
-0.2871946590995643
-0.5495829821625638
-0.5507950478517915
-0.6610178213126875
-0.5729512183860944
-0.36536621477882586
-0.2204076582572044
-0.5221633627063308
-0.47984711639198785
-0.498050776081896
-0.4022793401912656
-0.08366049489767442
-0.12559113851584186
-0.2082931040859114
-0.29770912603443467
0.12851868244346046
0.3709135698418642
0.2948183977329707
0.05707251237031732
0.1259432826046585
0.20978534016042955
0.0859304013544083
-0.1449348541812325
-0.14432422888680546
-0.1572060285390364
-0.48895232113737175
-0.6468525589150003
-0.5237035214663499
-0.476238197023488
-0.47211065706466515
-0.24452481013700933
-0.1804486235976341
0.11171841842865612
0.01938419459144716
-0.036404774084954065
0.009634645641068647
-0.11999100000521767
-0.08662365061955697
-0.07305888402676215
-0.05370604721875609
0.2426767734996273
-0.019794050511636307
-0.032314336744248856
0.280156596515736
-0.00814900956143761
-0.30387053144920456
-0.09164568950850302
-0.38016188280251184
-0.6156784601172003
-0.593434650096167
-0.3452303697165742
-0.34534963663971807
-0.39122752364301777
-0.2618592321391077
-0.35473892972550897
-0.26486334107607146
0.07578238915570544
0.14012287806420218
0.002934213569911954
-0.0842566338626557
-0.0616622952221804
0.08492196910977219
0.02500525559352747
-0.05407435870282715
-0.08521480184795001
-0.19461656138572853
-0.07146180726889181
0.007600558511191451
-0.29685802126408084
-0.4451848945950748
-0.6601973913251206
-0.6016604237248362
-0.6622864525586777
-0.6429134303437103
-0.36721566603245487
-0.2989245992703667
-0.39415489673988335
-0.3777968490624242
-0.5237486573725102
-0.3422323874907655
-0.34842171501908287
-0.556218579989109
-0.5721521315353895
-0.38813952854366757
-0.5602838285202437
-0.5984912270291981
-0.5373682826242229
-0.35785022122476773
-0.04977635437168811
0.12570681471991738
0.09931614718175706
0.36125176616425314
0.5519266984905083
0.548136890491536
0.4205263328341314
0.44578048893045447
0.7007251287347782
0.947446927101563
0.94880284166666
0.7634179403444288
0.5701023112576085
0.3596420050601064
0.21130124711099835
-0.01817630587444249
0.20132013136983787
-0.12733850002277777
-0.08495578193364793
0.03708188479412443
0.002307630391218532
0.17746813734016176
0.23291609545422953
0.3795772604237703
0.6852760625248704
1.667841027710327
2.6446763441518617
