2.6695130259117485
2.265406302606564
1.144851823231447
0.5353140558120292
0.23036594297569918
0.1932174399185067
0.10048679289332835
0.17781565764785107
0.1917171807519332
0.28490125578282227
-0.22766922990998625
-0.15097556470094078
-0.02874245198732577
-0.5489406494788293
-0.048396756034743936
-0.4304337780507525
-0.6790002853526599
-0.7578563649162169
-0.8589626573960654
-0.6852952338501916
-0.3500127185800161
-0.09817650901787794
-0.16347064185255789
0.07658428384082777
0.39195055238037535
0.3496916929601928
0.190656242523954
0.046871914107265565
-0.04768543420362739
-0.16169487466006993
-0.2452617086197886
-0.3478492945351554
-0.3167856894531044
-0.3583731592520311
-0.17712353507303438
-0.38340593047120464
-0.16761290826998107
-0.055709169244061614
0.049436462317095885
0.23399387720975387
0.3369543523678847
0.32563729194889307
0.07458808238978287
-0.24846141659326806
-0.4529766868700585
-0.6174105808292272
-0.7708584981420116
-0.7746021643481424
-0.6966890064773378
-0.32209835093778016
0.03771353431986754
0.09397629737327066
-0.016311143955355625
0.3145865787547074
0.47988771622794385
0.2762212803689805
0.12499401263423465
0.29645865938608223
0.036807177856404305
0.07479400340052952
-0.12608730548325256
-0.5673453771853999
-0.7968221149415222
-0.48219279447465446
-0.379266640844065
-0.18014105001589845
0.2633792073963335
0.4120903855927136
0.49839100396299124
0.4762653009937238
0.3581679750335167
0.17409750571746035
0.3096167810741041
0.21809328552821114
0.16977713574031525
-0.06243995274904949
0.14534058724679036
0.1819838388389309
-0.017295647484775085
-0.11453503908468884
-0.15494582490829242
-0.11412257087640922
-0.34925659846878204
-0.3215468422008727
-0.4651885166459027
-0.2947780413515567
-0.5269633396886264
-0.45439743161300267
-0.4587082170815684
-0.16083447671481818
0.05669081433851764
0.28000531165839887
0.4402666022983989
0.5920857276586337
0.6321584893513513
0.42940029573302535
0.32723666249308025
0.6087355897666223
0.349496707651782
0.31693735300496545
0.39167638710502445
0.25334472091420085
0.31717324341933617
0.5640070087017413
0.6157532472193851
0.2876262848210721
0.031588882360506526
-0.20024352815075683
-0.21088760766244277
-0.4515640682518608
-0.3998348677284188
-0.29142233421735003
-0.09326001981822493
-0.08369632958253291
0.3816777336844419
0.6541563451212927
0.6499590933045553
0.5745143169106447
0.44017104703542353
0.30144054619846683
0.261761733188471
-0.05682116879290264
-0.18297080864235724
-0.05555376035408823
0.2925959474851134
0.4265178909740283
0.3066449192517641
0.23429768604405285
0.16463666879299596
0.14475254904269158
0.1363730258999731
-0.11825998639192799
-0.2744467652834203
-0.5637579586295173
-0.33791660016959474
-0.6136539983517743
-0.7237441152098311
-0.2560411836003581
-0.23294879066260185
-0.23927888291423396
0.15615843507512714
0.7018051675635301
0.6783793828864394
0.6742722568568906
0.5585091816647558
0.4671831217285012
0.0016980122931907961
-0.6055492680687168
-0.6300085070243917
-0.9040296025925015
-1.0280099311530408
-0.9069560993236613
-0.8319069263079647
-0.6966117982089457
-0.389177432846981
0.012591510635184938
0.404975062011287
0.679276344681637
0.9626043988833961
1.0643399682070187
0.9942248693557972
0.8620294763590887
0.7849480846089583
0.5345271655216501
0.2575641098134856
0.2485533896525561
0.6304491279255633
0.6980108004087181
0.5767766352051517
0.5332600057721281
0.49078022809259303
0.23888264029724637
-0.13806478856339474
0.28517441347545114
0.20386785955665268
0.11913799555846694
0.02362870011085803
-0.03649481538986865
-0.24030281585254035
-0.03541282168672228
0.07054616167222738
-0.3649838216007657
0.3132746744954184
0.3257943419069209
-0.12385916369921172
-0.29868008293347437
-0.15175760785525336
0.20591864450630018
0.28454809117244406
0.16541896250600396
0.400248307521959
0.9876014850722192
1.565251376725827
2.499165181933532
