2.9375762040210556
2.059918430257269
1.1535429246512698
0.362933673141836
0.030514686329530572
0.11594526170906774
-0.3332995302268744
-0.2669058968750458
-0.3167460400546704
0.24342285114312362
0.3315520438109916
0.19614476975478598
0.14419748454624362
0.21553516657774616
0.23252992871242986
-0.022125931953134566
-0.16102922708392342
-0.072044459300162
-0.3864635294412717
-0.5020513539203595
-0.34618457943226344
-0.3814713463103932
-0.1745358994986558
-0.2765824587878635
-0.07490321363509275
-0.3295625898939795
-0.001860445544892944
-0.09059091628590304
-0.19145173944439306
-0.03845027407296259
-0.06373041436864738
-0.2735853583786852
-0.01906258813215218
0.032445507950547764
-0.04765665417554062
-0.07870007189272035
-0.15858417366120584
-0.11371849912798863
0.051102102523925885
0.21862596364812228
0.007451453635897885
0.11235518844185198
0.1696260317463584
0.18358438659115528
0.004961918359178731
-0.11103127962967684
0.01399012638934979
-0.06480859879012067
-0.06731923544558371
0.03612651264067316
0.15393178510893957
0.25235433244107547
-0.009966286439467687
-0.2553587046720373
-0.3110518585423189
-0.2441777991877998
-0.2763231820446402
0.08881622908424387
0.18007374857351338
0.09797197319362401
0.0334851218166152
0.2723961308099532
0.30358165517388286
0.21155907990122744
0.03311562384758674
-0.059765548173327396
-0.3796534831858714
-0.31980149276837433
-0.13307284230736705
-0.14655365022824368
-0.012677759900960341
-0.21614216008399265
-0.16817042483796826
-0.3479300088706992
-0.075601486652005
-0.07732474863060437
-0.13119273401202647
0.04333923407533422
0.3845883578784116
0.39806737722255764
0.2955952327529467
0.21492424148781009
0.3637006661224535
0.3418268482122342
0.07239420976488928
-0.21423080591437818
-0.29992403834207293
-0.2576791552338585
-0.31101079400961373
-0.28018042164306317
-0.14712048338707154
-0.22625680402968398
-0.3516174974747859
-0.2895438918194132
-0.09796254375896767
-0.07201761720141076
0.20503795757524082
-0.007389877328926755
-0.017534581746720197
-0.0008364812216032861
0.07721968171037721
0.05135057245169495
0.05689455786881522
0.09354069405175784
0.33060892125759184
0.5359192005768163
0.5197562242639919
0.37988232587846393
0.2553804076132719
-0.06473445019024784
-0.35729533389634405
-0.3536275016644197
-0.53285125047887
-0.5960752027857406
-0.24854328187655977
-0.4241503559422557
0.022908851084045903
-0.04691242037582255
0.055648213601479986
0.4528352729849168
0.7217793736519506
0.7030642746358041
0.3967634740117918
0.36044388281158246
0.3210875776499599
0.11736152735095684
0.1333070244838538
0.10699776785918677
0.35387154926525
0.3493291284691955
0.2668208496040103
0.28701453253419146
0.21517988606594168
0.06819543417450326
-0.020468284776377868
0.03455255702855206
0.09131104321745542
0.05965184755844803
0.04252648261436901
-0.10178521180636675
-0.32822043605879164
-0.5842218675227082
-0.6726649400739955
-0.5966135528079738
-0.34959023479476947
-0.10733586944258316
0.04151584742332737
0.3605988983880933
0.32401674571682454
0.22812980082240986
0.0689705824012534
0.157948276798438
0.30811712334274466
0.07816324126025712
-0.3271063952189976
-0.26006042529656265
-0.43719319464509077
-0.3732788076676267
-0.3097204526508119
-0.3213332327771597
-0.5067324880459989
-0.5059907971761367
-0.21458948455968332
-0.1503557581342721
0.0405546139300382
0.0826282894704122
0.26642858833305055
0.22924158901431085
0.8359076643934772
1.6343339428729629
2.9909698993937353
