2.908709941349911
1.267073102001242
0.7193375065405075
0.5388238822115105
-0.21878656550671288
-0.13511688055741466
-0.1413403955712271
-0.062154648295751444
-0.0628200433466539
-0.21410501919931643
0.1779437397846349
0.2208950055242358
0.18575701146520998
0.4926655184708352
0.7443157394655194
0.6564479684352418
0.6252939576766895
0.6101308544546002
0.31483963835771683
0.04476466009393855
0.03651671335007048
-0.25096641899123906
-0.4177044085025637
-0.10186374431112577
-0.09361156864643051
-0.24078041352942867
0.08374855317711287
0.22202856627257495
0.07157756284615786
0.15552038657124362
0.328946904514809
0.4486834650443226
0.3294559443144583
0.0897536148189826
0.14407157556228856
0.16187822496283613
-0.08047442605062408
-0.014963763750137254
-0.0891964504416753
-0.3224215631131784
-0.4714714914438548
-0.20692691769810634
-0.26652365646674064
-0.39214368894362556
-0.3201175978280304
-0.14959976863130348
-0.3273870472189713
-0.49502923007882044
-0.4400295844518151
-0.22974480990162588
-0.16830752609654262
-0.31522140283324807
-0.3048770910330662
0.082869862625065
0.30955123352624286
0.14995952211902583
0.18837275191083092
0.29050398783508335
0.5167161081448919
0.24487966755287646
0.09594031808576771
0.07920722830156642
-0.02084755662665215
-0.41561145441220293
-0.6250427707492581
-0.6220196904032722
-0.5989013060916588
-0.4417347000192058
-0.4090915051182712
0.06113875583020502
-0.06688405309426321
0.0338400139977363
-0.03603851493686831
0.05417257597482859
-0.2721959658802267
-0.5194548615646877
-0.4789833602769831
-0.27364881512010225
-0.5081592699796418
-0.46278894506244994
-0.07267318170646934
0.009503842070304603
-0.023056540216757175
0.09861514666613594
0.4609228098231451
0.6034890902130811
0.5196308495623201
0.7665940888678341
0.5319803572558884
0.5332903614396958
0.420390178707338
0.08668183778150074
-0.16823787460238235
-0.36671735126212845
-0.45919462406974487
-0.19139695543260368
-0.41398552594910754
-0.6350492015050133
-0.5328005474084762
-0.2728839169530785
-0.32148882334969736
-0.06557479961674943
0.0858158093985913
0.029171072376386532
0.178940704925137
-0.10060238253121069
-0.05573211571598424
0.11753992622324
-0.17275654115299624
-0.23168456037437443
-0.40425899248979774
-0.44526223425039446
-0.7377477004972314
-0.6200578612870861
-0.344868037095777
-0.3892415349635688
-0.33944170391150136
0.06099802577588606
0.26284838655409987
0.21319467450868246
0.083281036389216
0.16534555390642047
0.13839170628622532
-0.13420574507415226
-0.20224196512612502
-0.15329370811003595
0.10100945874540654
0.24050385752176603
0.27501141892814035
0.30636778194128805
0.2867640795967445
-0.04899352524481964
-0.4580497652189798
-0.47475753757785505
-0.5503665495522988
-0.49249944675736457
-0.3243452698237508
-0.6671600907062145
-0.4772472874586669
-0.3085868311819514
-0.4216386284703932
-0.24882538473313448
-0.10374911661566763
0.0888010384261502
0.17759404392656072
0.30265413428909377
0.201105086935111
-0.013395827405791006
0.1334515603690015
0.3029736473828131
0.37799783077862903
0.32530072041324704
0.34995583634704003
0.40235927498829793
0.19081993338647008
0.3972270136313837
0.3295771426962369
0.0823618582810487
-0.229037992848262
-0.4341784867103775
-0.43159448399721106
-0.4716689239755199
-0.3278636624870069
-0.023187945330722624
0.007110044046289359
0.09785050075444686
0.4569879953193272
0.4468425874845223
0.5564229730958803
0.6010616537431883
0.45107036432744163
0.6329737790829698
0.7622111021414877
0.5851589895680874
0.4432087896369688
0.07758260517613814
-0.02543965920841011
-0.17582893994723095
-0.5135957719188782
-0.8031529457401355
-0.7400698797943436
-0.7059380973412634
-0.7887264507649154
-0.6261275015156462
-0.4178033563784937
-0.496224648391608
-0.2183333912828667
-0.11486501873488648
0.08073094975293318
-0.02922367229682114
-0.3040069777741365
0.032257743532851636
-0.04554045441356222
-0.2651389813865584
-0.31168540552388124
-0.17478777771124981
-0.3006814392217366
-0.4351096098087257
-0.2363849878275808
-0.040162908465696014
0.04839659865290738
0.015511727059086019
0.2217521668481858
0.3409629189951767
0.4186628575992288
0.03579927594960506
-0.03963608267930533
0.0036556105523081824
0.10021137951543126
0.17355259088087618
-0.00997667107333242
0.17607835150567477
0.1778816474331304
0.12103530370099003
0.07865349792298727
0.34431763585715375
0.18770415333321563
-0.14819533011250322
0.13838518302295383
0.13427307955156678
-0.2921456559782475
-0.4398872785224934
-0.46226094631706
-0.30019111064993437
-0.43230684460690993
-0.4453053796177544
-0.3470481560919639
-0.2102897789136776
-0.4906629621297476
-0.21191646991110644
-0.32383667959442497
-0.1446884824774108
-0.07758355188602052
-0.3095310259029373
-0.44304459594829904
-0.4870410845036421
-0.4942583854106186
-0.43315034756330734
-0.3665178708734616
-0.4748327154147072
-0.48730560036711773
-0.5022504845606391
-0.5529544601428225
-0.5245462169349874
-0.4153458899017756
-0.13387285043440225
0.13978741085189036
0.28961433797048985
0.39865573433026297
0.5033894632430911
0.4450779023118083
0.2533001926151423
0.20263012666017485
-0.02111248165392471
-0.12889344113862025
-0.2619914836835915
-0.37862704989878904
-0.5321648538427574
-0.5928931735369638
-0.660178618231855
-0.3767048440791422
-0.4926229057720704
-0.38010121053783635
-0.14652809987863002
-0.12677071964344228
0.04459926380070689
0.3645084237935047
0.38030295169415523
-0.04670422925641392
-0.16813259453790882
-0.415609003785079
-0.4190318503949958
-0.4414279603609216
-0.2279683765911583
-0.22177490097723854
-0.2807113146178092
-0.3790839921266303
-0.06387840838984846
-0.003608681975925147
-0.16379209383598176
-0.18270678985539296
0.1707674675359743
0.17270719051960895
0.1009419590250717
-0.1910371329288202
-0.08701675089411413
0.18318727686207548
0.15331837294990328
-0.1683349039190082
0.021766163648680063
0.1619774598552242
-0.1805703927159979
-0.27019172816569403
-0.060192816856037355
-0.03547603473057054
-0.1494831984942878
-0.24033240247552923
-0.21791675941496494
-0.35562398885581104
-0.4444235862886911
-0.3238751676450392
0.14691566617943722
0.0061080588135650525
-0.1924839658237826
-0.05910174234123606
0.2417017130991169
0.26802996007747343
0.052226956199170706
0.536036855049808
1.5388678798546893
2.7340673077937447
