3.1576049269421387
1.8023179271772987
0.9786132785079902
0.523984602843431
0.01502645857211038
-0.13905828387567404
-0.1734913518351051
0.0943294226464252
0.15571115532981386
0.15020449445883538
0.05260425944250658
0.35906269343839453
0.3615962983089671
-0.05570308519961189
-0.26156750785324184
-0.3920180618584855
-0.28050930009243263
-0.7438922056430205
-0.6471171642421611
-0.5069024355771223
-0.16451475470613933
-0.06658741667893636
0.37120825063548396
0.6294888472883947
0.629933810019498
0.5926418483558392
0.5266830169643278
0.3261288604838534
0.3334428816859505
-0.10415840830864487
-0.1487334642080493
0.02374891470813187
-0.11911909950786648
-0.09164958428593734
-0.3473614540451863
-0.3146067929360981
-0.4122811878351102
-0.20553709382623372
-0.012030952877521083
-0.31819030063825077
-0.250291910011205
0.08687294685621896
0.19880129990368725
-0.013022230026679526
0.09661826713437506
-0.07527969097174285
-0.02670939088928112
-0.29345629852874444
-0.2887828269135179
-0.2355901214164811
-0.1857279366161627
0.024606194285506193
0.3144307798541795
0.4467582071595239
0.44674814877415037
0.5714298847317546
0.5577939204967651
0.41613294524995176
0.20268677070653515
-0.03403476695710138
0.20029575084969875
0.18391870753192688
-0.08927418738887175
-0.13876098327486378
0.26053569070181587
0.4062570622942037
0.3369912606807284
0.2969696588792254
0.2548018893883681
0.27307223510261713
0.22694842474412547
0.11036630229887907
0.3805770388551985
0.5691711071088984
0.4638455641767934
0.26794667660049737
0.05677419364461204
-0.279242722943073
-0.5854308440777459
-0.7716426266919173
-0.8566123066119098
-0.9271435236831352
-0.635419561757961
-0.3313734614080069
0.06086211378881734
-0.024401716546197383
0.15341089525301224
0.07344414221627743
0.33177106228006226
0.07306466439622308
-0.36289959744170036
-0.5471663777585127
-0.41094498116789924
-0.5149571339079846
-0.6068873039799659
-0.2323105479240997
0.08844214225599095
0.026477183359179222
0.16725633661590497
0.09870641955034494
0.2500946108710893
0.04739328674277579
0.11495601056717587
0.013031065550804924
0.11185292400944216
0.10961243171195478
-0.03063876513438498
0.1719269133471498
0.09995622178131514
-0.16554614336198603
-0.42268496808050676
-0.4463571483892529
-0.578648978046879
-0.6937168223531472
-0.6620597162028123
-0.4268025401973247
-0.20444115360284934
-0.30174267005787664
-0.1460275402196184
-0.28628257984000177
-0.25952363196045597
-0.24381044581707856
-0.23028989606330616
-0.026930933412216664
-0.3799958142583444
-0.38447627396229517
-0.1481077197116842
-0.3326272058544981
-0.47862324712668525
-0.27688282707621964
0.08083621888346369
-0.05706186958147008
0.09127548425727483
0.11996858435236338
0.13637262621691518
0.18116872787591862
0.17640593655223702
0.16392082526646515
0.38792222234741985
0.44462202412051777
0.5589869926243185
0.4288367462678767
0.05354467430861845
-0.07584685421949611
-0.041175056361545066
-0.24947351992596795
-0.315790876852625
-0.13658759009459262
-0.34882756839544116
-0.30498341228824266
-0.06029052123370816
0.05701983737744848
-0.19962395776779399
-0.10142876272992984
0.34301187158464347
0.37738929226269874
0.3056666610078701
0.5275126994646849
0.9060778436022648
0.7085369881748559
0.4953800237251048
0.2083338709336146
0.15141585624484508
0.03071645947022115
-0.1381337415394645
-0.15232748905497495
-0.16621478514065888
-0.05153615417910922
-0.1359382128763892
-0.1660762981869005
-0.24743309078069525
0.028979838938664154
-0.06218635373681838
-0.2782328824167926
-0.13982014903853635
-0.12949601699030494
-0.14971917421987888
0.1019368622837178
0.5942575673719229
0.5872668794793149
0.8347455393607094
1.1410854688606609
1.3564859288236568
