2.468048440897641
0.8036846139902826
0.3687025388411178
-0.28191386078094227
-0.3321681039398139
-0.298252023536789
-0.12399976420067185
0.12308148015363032
0.30504443577591756
0.15855901356407784
-0.07686819706067612
-0.28447599656381967
-0.502315736772351
-0.5196676579381702
-0.5271677139537025
-0.3258174729777495
-0.14307449755736545
-0.2834674326786138
-0.06365436767826092
0.18611587127987242
0.1455499805347748
0.15532717440862723
0.07779490039439951
-0.03567702222052109
0.2242318206268321
-0.04559492688620629
0.15436276685778452
0.0481703589100887
0.3427155003146178
0.6989759934731063
0.7056339360234558
0.3868035326597562
0.39509421234430286
0.25426080194725725
0.0015884314541122974
0.13682823760164975
-0.20288675873193482
-0.03254313002731977
-0.3158054836560026
-0.17847751522081803
0.004001752346456722
0.11252769898058787
0.16526498712039753
0.4073409803884241
0.36080726699258137
0.3830956939374381
0.40294385057026444
0.4217484860687833
0.4299068175614998
0.15152816771238256
0.18123571099319385
0.010669113325431858
0.04559154789926551
-0.06057685781298548
-0.029397932414053272
-0.14471174560785366
-0.01934324971839668
-0.2271793998842751
-0.23604401099828262
-0.15814216711567308
-0.38528231093186144
-0.7461013682452046
-0.7628035206801412
-0.607409421875782
-0.416087138943962
-0.15629876829710335
-0.0271673925380977
0.010401141653577254
-0.1360460342095718
0.21865139692785715
0.4444559268098458
0.1619263180411084
0.1258224451776316
0.07195597895633901
0.42391054199610095
0.1804524163557923
0.02937203011380821
0.1794960645428251
0.13071823537766575
0.1028380801291876
0.034597414597832755
-0.5607959507697804
-0.860671014787553
-0.7891941389018658
-0.6797722406048906
-0.4563637990577338
-0.6874130957152778
-0.5457558942733483
-0.12610281661820963
-0.18699738787337514
-0.062144890343368404
0.5629844719463788
1.075929750070311
1.6416925126947224
2.874037548304249
