3.0048781192124885
1.8039606853057426
0.8238780868265151
0.6778289614984917
0.8311349286563983
0.7005403029685039
0.3940552478030463
-0.01256879037684245
0.06964234454232388
0.08924778837503408
-0.15126304785219852
-0.2327377055048271
-0.24452458714246042
-0.18278320445938231
-0.2766175115548714
-0.19789290841253543
-0.35763015664915326
-0.3071616022567647
-0.10540199202888442
-0.4099285095457047
-0.37490516246309014
-0.2082691594614701
0.04031841844830086
0.19819916502036836
0.3051410360092281
0.2171890007314791
0.2873328327791373
0.031118325254046484
-0.06121482052082621
0.08442048309805754
0.16757323966958518
0.1339460181261032
0.1695761857176227
0.058157487747973816
-0.15485719763457453
-0.18170114616890595
-0.16935184192281563
-0.23015113960612635
-0.4629128715210582
-0.6476332664679427
-0.7273223943056737
-0.7843605126370531
-0.6463482748722649
-0.13938439964412327
0.05166917944571557
0.3566217422695858
0.26069701521895333
0.2847270556763182
0.023943499635819317
-0.16253943718823952
-0.24089559177886835
-0.3244727602058378
-0.07097500685740395
-0.19280986047335336
-0.24753488852938524
-0.142489976158822
-0.2899424458962528
-0.009805109938345422
0.2752838685974515
0.4757712008094734
0.23569170055425762
0.1741680899500175
-0.047413750449994144
-0.07112903029852334
-0.018216363772969212
0.2703030719586391
0.13601964286273618
0.0781205572937908
0.0324768191956639
-0.1473918815559581
-0.1741199192127469
-0.11147716127363777
-0.0461459755722888
0.22782677570724183
0.49774723184373154
0.3121740415242427
0.33128021334775437
0.2835172948106331
0.004323643151301083
0.12274025712997796
-0.24601408955080617
-0.11517117012072997
-0.1709894238831462
-0.22343134231834458
-0.2294800739310237
-0.39609991107731174
-0.25373028202814674
-0.20657570087217345
-0.09443102968292605
-0.1305006243688363
-0.23388676026918218
-0.1465384038974383
-0.1508494211375126
-0.16442696820761987
-0.19635447197605574
-0.3413583287001378
-0.32658539941992554
-0.2807419992029265
-0.03806232783382717
-0.16764350298193786
0.17868289742161933
0.4087176109545467
0.45351991048843177
0.24113964321254228
0.14810734381871848
0.09403766562429994
0.22437614344486076
0.34056466344026437
0.3331367967361756
0.4916352381864683
0.2770695993563551
0.0653039581765626
0.10059432405094107
0.16729242191512558
-0.15498928292694367
-0.03126727195389144
0.09891087708956825
0.2753906222475886
0.29961952787866547
0.2875032246526132
0.1837914108768543
0.13732156587775157
0.1319527865938785
-0.18702816212215911
-0.3868363963973495
-0.5902051350768763
-0.4683595716729703
-0.4174614522106978
-0.4320818707063307
-0.3194957055250166
-0.010290318019705574
0.1260981427776523
0.05823971298458475
-0.14356692078499111
-0.0012436546150816326
0.07517017730692555
0.014017931429242956
-0.036080112255777244
-0.05183384873389911
-0.24888126269629765
-0.32048153467805823
-0.27221562524079923
-0.056393643118312464
0.1462431073151761
-0.07206761435519243
-0.22775645968352645
-0.37169476230295023
-0.37998321014803554
-0.6327947679296043
-0.3590106600338841
-0.29450029720457893
-0.11044301871233213
0.38645886894373915
0.7134352174658013
1.2274026832662155
2.4756930273838913
