3.0470253739287485
1.7089840056304362
0.9959373597574955
0.7221813602825164
0.857977951316709
0.6356148340008217
0.6014592349134282
0.8110429077229797
0.4488046542166659
0.20802531927789095
-0.049484646810046974
-0.0874893435754895
-0.17443591930116004
-0.06250559574202053
0.11059617979833745
0.41079453096735596
0.19604524505541832
0.325010319285966
0.16014923231895525
-0.26888687634146574
-0.2692021284001632
-0.34640727000898824
-0.3120059253766698
-0.19410570345652986
-0.16655382550070993
-0.09677534081482499
0.005967144297550979
0.2025964438600369
0.1527935528711403
0.21004241945125893
0.008740865902894093
0.3093232914197776
0.476383155127074
0.15875366825866294
-0.04637022497931906
-0.30682903689270025
-0.4364026735300801
-0.4643759957547882
-0.5805884718662065
-0.5198656491285129
-0.38626371448182995
-0.34807942464445696
-0.331269117921131
-0.23503668752363446
0.018537161789122184
0.17221420875172697
0.2537367485958417
0.3562329819475778
0.5314309428409161
0.3928018365935995
0.3634805203468581
0.14626215709813747
-0.13875023915568577
-0.23954395994837202
-0.5000218214518345
-0.5190485945988196
-0.4147170386577343
-0.36707843592508055
-0.060815923965703345
-0.21006667971483858
-0.07042107055982433
-0.035437114455965604
-0.1307657051574262
-0.17116407143503024
-0.4306898952601246
-0.5536911446437144
-0.5353708355705998
-0.5508097941189286
-0.38880146175617697
-0.28865446430926156
0.02694456415417693
-0.019174474732688268
-0.21550414407385432
-0.1752695833838554
-0.47907104374839204
-0.43516882197918244
-0.27527184087434564
-0.20733865764462486
-0.2777503015297595
-0.0576011092389079
-0.08606454286037613
-0.3650014156500946
-0.2839468263851189
-0.1294234306491647
-0.03283016273482081
0.10971116112680976
0.23719912773896648
0.2453760789576838
0.1663204301105084
-0.056474493232705474
0.22547995194925133
0.45411100443123253
0.3128868031648054
0.4561053342302013
0.7974348336174987
0.3885538543050301
0.31906368379557143
0.1390762482810232
-0.1842023134398158
0.10210509154795841
-0.08628137789895712
-0.4347351687710688
-0.42596330309731745
-0.4314427911000758
-0.1598832766445288
-0.27002278200825547
-0.1931333637198969
-0.13995935664874976
-0.36838302758801755
-0.4090407763527934
-0.2004781631564963
0.10145373165966978
0.07977595376045275
0.08821001862882509
0.39947895582987625
0.37093417979309956
-0.04406824343950796
0.013412530589118971
-0.1054527392800653
0.015841852712081383
-0.08148511487494493
-0.11193275957070857
-0.2247504370651344
-0.2023117441601602
-0.24657974638515667
-0.1284743094360427
-0.01935816467477164
-0.06926635528788709
-0.23111307576420492
-0.1676946048867263
-0.1146523990204271
-0.17549448293112677
-0.1967832270081339
-0.3949766863175194
-0.3670234721456295
-0.3234579605660208
-0.08745654849795073
-0.24347669108651376
-0.05167326287184947
0.09153210709319684
-0.0285768462409821
0.09757843595929179
0.116237074586736
0.3430649041271826
0.5235933347473014
0.7200924101829643
0.802074730611328
0.7322388529056917
0.896579551216918
0.7467619068189333
0.6052825282068294
0.7115278649520427
0.6275117575351463
0.364104247950973
0.4833608146165818
0.06318528155528816
-0.21504944996343137
-0.48907675813791396
-0.7178807116076414
-0.8356808572504708
-0.8814141269823225
-0.7650741555364402
-0.5409662123356463
-0.11558561321017566
0.07965061147807391
0.10760736291492791
0.05232861952164793
-0.1033014946072757
-0.02771122168570901
-0.2503413974878801
-0.3071162877978877
-0.5062379551749546
-0.4378978931565924
-0.650954594120914
-0.3292951842787989
-0.48597133167851
-0.45097384544005625
-0.2876487814844735
-0.1049655332613833
-0.02849409082428464
-0.1891969624968751
-0.40979164036951865
-0.4855724004348164
-0.4867557231239946
-0.5157481626123854
-0.43599340766898137
-0.24378091504633276
-0.17411407182301533
-0.0025310768651747237
0.12206589487834657
0.048767520357573035
0.01727306721614382
-0.07592023057406408
-0.02194064640218219
-0.17441677547486437
0.112120824502903
0.2043098062862368
0.4231573165075121
0.5333692089535434
0.37099203493340577
0.16245749350792135
0.2929248701030125
0.16883052361671363
-0.30736325796717356
-0.37713382087360603
-0.06991086797082939
-0.1941871409005006
-0.086917731407696
-0.09682846693997149
0.17243758631062764
0.25262662225876165
-0.07698136395929756
-0.03959129974241183
0.06539921331112578
-0.1934592607004085
-0.4160683027244271
-0.20812856721306747
-0.2491892117443303
-0.3222961716379535
-0.08344186078250224
0.2687623682325063
0.19502672065919296
0.04445856474169109
-0.13353367011682146
-0.043056409788589656
-0.32486260390974775
-0.47599450297748325
-0.37103844459546137
-0.3785824503547572
-0.4502679460686759
-0.328143206503263
-0.12116134365788232
-0.05188004950807946
-0.07938465835903166
0.2164403764099528
-0.1138089832960564
-0.31951334642553175
-0.5299229437869838
-0.7467461631772025
-0.7905997681178244
-0.8679838079594444
-0.7106442607371234
-0.603200258520035
-0.39220864541588746
-0.24432764915617317
-0.03738948124760436
0.13774304597491635
0.08073864169362979
-0.001745272700345122
-0.24473659537027556
-0.4409741527010161
-0.4901559673930498
-0.30867858012310967
-0.19000292180453138
0.05624244825560187
0.13099049337405969
0.07975316966841269
0.4405466583910713
0.5414134395390698
0.31236368815852356
0.17489751218969085
0.04148910092444289
-0.01628250690649907
-0.13007859916846287
-0.07900590505229547
0.008162575880231773
-0.1647473552472303
-0.01989801875492497
-0.04297948459661862
-0.07808441405709808
-0.11947847079012867
-0.14330677811928505
-0.18326758705271481
-0.3045253573594371
-0.2128930978933858
0.0644889685676963
0.3392833082526583
0.26907833958306365
0.1810943216782461
0.058103092987977445
-0.1465664818438605
0.002383571870176968
-0.04303898083695051
0.010709460428153161
0.0002585588066700204
0.23589514921573582
0.35405018936561733
0.7054266602645867
0.7621629988951109
0.5877589294713726
0.6534057768828063
0.5834520049270534
0.43026956131905775
0.30048995651400773
0.31421860315284916
0.1224091234376578
0.2257292464297648
0.17621049166378452
0.014515376001253607
-0.35974546523961515
-0.4754950179805881
-0.43201232599867795
-0.34981976064089926
-0.2993234710972257
-0.1250441949338505
-0.05320315010870628
-0.24495672667503607
-0.05308271114230934
0.3842742440369824
0.24975887080043868
0.08161762626849828
-0.03572395753836913
-0.2265202976338795
-0.35742760117526423
-0.2745275085994522
-0.3106254958011643
-0.3831850441471979
-0.4649129220848937
-0.23119477455724927
-0.4487017471301408
-0.3861418971255014
-0.08866744435444343
0.12900139857540824
-0.07524178698390029
-0.26884395041125203
-0.014003715281355906
-0.14016477609911931
-0.19264814883829623
0.09057351523253059
0.14484854954612997
-0.01363390328420835
-0.18887096693839925
-0.0008185484150005991
-0.2475836215457937
-0.19762323557157166
-0.002325375208774457
0.3903962125962312
0.429155236625995
0.43110610612192807
0.33825963824996685
0.49759813009701176
0.4534842101867159
0.3552461448624687
-0.03709436053878053
-0.15705014370710144
-0.34435071298069975
0.007767471697234689
0.18384536329325746
0.5062214859393037
1.0839545943763642
1.9187237361399803
2.9325233720461914
