2.2471444491854493
2.4790632889644417
1.217738877224176
0.6132687182602342
0.5714068014037943
0.5785915440007523
0.7333625112719573
0.5594395122659399
0.41997176552409127
0.7536034157310137
0.654344901011946
0.552395387830346
0.3717777754422737
0.5103334346500433
0.5417667850478626
0.42869156123339963
0.290574421997605
0.16528392493089508
0.056079666439499236
-0.11505750042792039
-0.3120591903327787
-0.23351634391372755
-0.026168568118459242
-0.003336801151598166
0.2459894799849531
0.355764669859103
0.2345879222966452
0.3081242087594946
0.28433569363810207
0.12318303766889632
0.026177961949198556
-0.02192871965698541
-0.19460180906954685
-0.3837390134508705
-0.5614013787334626
-0.4356421104021978
-0.30694505990234144
-0.31230616910600106
-0.2620212760627675
-0.025477726023418922
0.15961364370034525
0.21374843993442424
0.1582916137561635
0.17687865192321908
0.06563246960141879
-0.02638535377829227
0.146515213594131
0.19154670461903311
0.24987695949853322
0.1290135602584123
0.1092366112479078
0.05557207326058544
-0.07782058384452191
0.1441226792164878
0.18428969664183303
0.23320654157867327
0.15589377293141626
0.049310101853119154
-0.270616998418582
-0.1472555567423924
-0.19616860462528163
-0.08689846205281335
0.02997538653410714
0.17265477297994836
0.24104145459272264
0.27297264729245746
0.24713957151762087
0.052736124826317496
-0.16414483736632718
-0.23756186696759526
-0.17354775950902174
-0.19794547815070976
-0.4360594355440368
-0.41105941092725723
-0.2043206022463973
-0.31137637988628897
-0.26142021320715875
-0.3116976588228128
-0.16886254074222914
-0.35230224405547117
-0.33214456360986067
-0.25150145830138404
-0.3175253972059508
0.06958629095502195
0.1854681175959301
0.2773127466896018
0.24758799835290243
0.351620557935457
0.07971160141128324
-0.12212416286169425
-0.4321019036263583
-0.6109260387435833
-0.3971986388644758
-0.31097162462326017
-0.236739709687124
0.06048081917295589
0.33072008278407766
0.3166394371286888
-0.0322098991738707
0.17680508225102756
-0.07063172084746598
-0.3021085239768703
-0.6388740716084281
-0.6647998658732236
-0.7138647840029111
-0.4948564690875765
-0.337248837561313
-0.01622780037994782
0.2179914678029413
0.265670858577137
-0.18043338592149416
-0.3362993714012389
-0.37434190923325333
-0.5675228316290865
-0.3713400920802934
-0.21045184656314328
0.15295316556110844
0.32293949099087893
0.5191510032031121
0.39998605681584426
0.218778879084995
0.10083659477897859
0.0975602285784547
-0.24829539256640223
-0.13567491057576367
-0.16169184537113737
-0.20262030046478038
-0.2775311511798863
-0.062294969512286115
0.06079024618503011
0.31939812090573066
0.3184207817292696
0.38157641574718915
0.25880535087908935
0.1106448452230145
0.0782860127594657
0.11444465222033767
-0.026396950861483776
-0.20503223942745094
-0.06370443359236828
-0.06685734449297573
0.11266424540460447
0.03693486176727606
0.2457707085626693
0.15719410722069213
0.41280749068547135
0.3200970475109098
0.38204703173893556
-0.13581671286469219
0.0282938240680299
0.34095288610668434
0.3835495408112146
0.21909391925605415
-0.13843720490780137
-0.1719073448096314
-0.5468621799896215
-0.5772525942797799
-0.6932930196322978
-0.44915591852206793
-0.09828442858885754
0.06773938776572154
0.06659029900911814
0.3976288378736841
0.46403518122260146
0.5370895559608322
0.4107108809213739
0.41165265161605297
0.4301623096830223
0.23198254139006963
-0.035795928466414724
-0.21597832896642755
-0.5447896766767112
-0.7487036955658776
-0.7149684141962476
-0.7103931270945814
-0.7139305372062251
-0.8567387540047712
-0.6156897034797271
-0.5453331786458169
-0.17386247055141976
0.07029441843206817
0.3097362667625037
0.2755691255898188
0.2493857529281079
0.09369507954065995
0.023408621794451717
-0.1252595050701152
-0.09976665259598125
-0.14617426323650395
-0.3589658181769482
-0.2422889322078255
-0.24171971441281973
-0.048920453850772413
0.07481717448700635
0.042520275516346066
0.05464962041222936
0.3056311184021307
0.33062848935878375
0.08568807501707719
0.13143944355476642
0.41246344876166435
0.43039967497741916
0.4076987323295358
0.338668185564832
-0.1128806526307277
-0.16299674179358534
-0.38849840480303616
-0.3481463858811267
-0.47169517640864217
-0.3590871114012242
-0.10233779165574247
0.21724781374514435
0.4142217664528638
0.5328276714560155
0.40945021185818453
0.19172174489310542
-0.06367305070282657
-0.1887397979518476
-0.217700381166559
-0.11008198893541081
-0.23670990717988896
-0.3803275239556089
-0.25119624138403457
-0.2829413859477028
-0.1520602706326393
-0.04166912226889838
-0.03329787659930478
-0.07037013585441376
-0.08942762582685627
-0.3388161629443363
-0.599614221315661
-0.5310492777835344
-0.44157297381028426
-0.20017730834922268
0.06637019685524718
0.23476817295889524
0.21985314731564254
0.09941796551199517
0.1824055586480848
0.11552439971784452
0.04974600566768861
0.08706876031655814
0.4281933164873574
0.42216618815766077
0.38838136879801166
0.43493771492126637
0.40204226157404344
0.25076838150042535
0.18973899770291547
-0.08351002354578493
-0.12415264071508637
-0.311097066190115
-0.012298393213290718
-0.1295921326331647
-0.18327543649060074
-0.2503344361070919
-0.2258404664843044
0.1558497587773123
0.1754931262662584
0.08561432875739412
-0.17984495260883043
-0.04890266432240329
-0.2649932017847903
-0.12985261888382119
-0.0823604670850341
0.010817123085871272
0.02795685557867342
-0.16274631644829404
-0.34186371933102455
-0.43933535255636763
-0.4529916021382102
-0.3635230047729627
-0.13531827010991448
-0.005461402026240763
0.023687072793791786
0.10620092797113218
-0.3559860376692639
-0.17657801384763008
-0.30476264681745124
-0.007883508392725858
-0.019059358920673022
0.12082352619001678
0.37175355443024677
0.2540065771479501
0.28932871557770545
0.21033932347061363
0.11889303961107817
-0.2746516795014685
-0.3980543789932021
-0.5427844396472736
-0.46625400163628966
-0.4780433730872058
-0.4090348947823404
-0.12458595465423554
-0.19196964893373006
-0.24931838769583167
-0.16820497176015178
-0.25960151123217373
-0.5675756733569443
-0.7115281493617419
-0.7987969928950095
-0.7071789342483141
-0.8801382327519616
-0.7552732435726691
-0.6877880631541804
-0.5605459976592315
-0.23780456257190166
-0.21365965644743273
-0.09806048357764231
-0.322066185208467
-0.11529940813042609
-0.1366103876915738
0.05234248583773819
0.003290432247151519
0.2777784888724667
0.023782006235031575
-0.13971012876548095
-0.18562949368826312
-0.039927304017841475
-0.21232689325768325
-0.16138892751406173
-0.14249088691431164
-0.12259654920420876
-0.1373718902585462
0.05203509136681744
0.016458397313044895
0.23079303549379115
0.25534092314086054
0.47178501273650075
0.37256865968715386
0.3331851659580341
0.19875354939424872
-0.10187493915605303
-0.42327588540453986
-0.6100775990455237
-0.5802376763497273
-0.3167146346643654
-0.11762316149468127
-0.06181623792889377
-0.18463285255169867
-0.050153431424992116
0.11623072411510775
0.39855971849414645
0.06737602864116686
0.05100824190143958
0.26314099862385515
0.13490335969429879
0.18144648551271594
0.1784071946865867
0.12705044244367059
-0.13660503582803893
-0.0427450020809848
0.10335088003293093
-0.3699484037510656
-0.3064611817974958
-0.2623463560981809
-0.17323395446832948
-0.07294849266856948
-0.10287874944641706
-0.066828797385693
0.06094292384723869
0.15439930582526293
0.24421056133813934
0.36000485024229467
0.31507350761087766
0.3703858206949405
0.26429457733075634
0.24173343726348429
0.4869152319375622
0.6170435328088044
0.40829212058961206
0.5230738396318779
0.40162966980712916
0.04726738871542474
0.08511990763443628
0.09479533826989382
0.10315943106206933
0.032064797238555834
0.27430044869327397
0.34988112249999537
0.16775493166587604
0.04780376849402955
-0.18117809895421289
-0.28051981074436005
-0.3453867532023295
-0.48546971757528257
-0.3570755629656089
0.0542751983167781
-0.08200901657198459
0.184127572911373
0.09373257010830038
0.43789192062267684
0.512875205448869
0.20987765276684942
0.5951994400853357
1.772654196341079
2.5807301284841344
