2.54702492532908
1.3021119787655457
0.9264921617203838
-0.04423271913365518
0.02464741637543064
-0.3120590078745953
-0.5281804858111216
-0.08474350134139169
0.05794762069294348
0.07443643730989781
-0.10318391265959422
0.1112938989219034
-0.033747365658084914
-0.10424350146847879
-0.020727449652206444
0.003948314551479237
-0.12998791349814345
-0.13433084175271096
-0.18538327121035825
-0.14183014496801402
-0.048475069096835216
-0.10328725900456147
-0.21027178952094053
-0.4419784418690665
-0.40711376159150375
-0.47905215956593766
-0.29405270290073393
-0.3639464388275115
-0.19804621654310942
-0.22572027168806527
-0.24942335144641087
-0.24513759620340236
-0.24902341373930933
-0.13514122776885762
-0.311370364441484
-0.29741899845372755
-0.05435446617801147
0.030401948838122222
-0.06751995630697158
-0.32250334728971713
-0.2703320529994546
-0.0977571762510432
0.028727176736299546
0.0312936444367541
0.3698319209679772
0.332219774838535
0.19075262619838476
0.10632816767724856
0.0014209413597534224
-0.11933378705601963
-0.22602279158251373
-0.37779479771690994
-0.43051969895422326
-0.32286324065505584
-0.22782649672345948
-0.3265130126903265
-0.1659887670025628
-0.10198307762222493
-0.2696646489529631
-0.45558054276105914
-0.4097601315877335
-0.25354444956365646
-0.49213321777822217
-0.7135771522825027
-0.4389547838044023
-0.36067115032917885
-0.47563748780007226
-0.39607386549878243
-0.23660646437806138
-0.26542878984379503
-0.19259403149671478
-0.2540137617481794
-0.3232600393060585
-0.344617802087202
-0.1727870020569921
-0.10796535052469737
-0.2629137647065723
-0.5228017205535102
-0.4875457460829648
-0.29903806376916897
-0.5385197476189225
-0.534942799474276
-0.3556293963538471
-0.4163859099674138
-0.45931140500600465
-0.5320074284687423
-0.5986857132940979
-0.6121017579865907
-0.20905051600595898
-0.20583413206909676
-0.35263868261638526
-0.2078455774359257
-0.1638671124756386
-0.28410114852865603
-0.1884144587912155
0.16433731503500307
0.2824148022060685
0.17315904683959255
0.02917206693785529
-0.1764787019583813
-0.2090259252666366
-0.424079229918826
-0.49341805941966443
-0.4752865977151066
-0.3668428621850767
-0.2153459083266257
-0.1536886198085655
-0.19612999541956505
-0.24454584686681502
0.09155216145421623
0.09475454934938499
-0.08703840838870897
0.021085529336933733
-0.06917057005318991
-0.3546030235341269
-0.32382366735806056
0.015680738382056032
0.007085111333066088
-0.02199372378789992
-0.07287917239158623
0.16061534766680133
-0.2083665156347123
-0.5951915841437082
-0.46501413414563997
-0.4278312040729283
-0.5234635382134716
-0.4193773357403527
-0.33829440386349063
-0.22962826760845745
-0.3478639922457719
-0.011705721902503822
-0.07151920725586053
-0.045638028696263364
-0.19024672807708815
-0.10833598048694065
-0.09910125302104371
-0.21480977528559042
-0.2844298567195948
0.09486958770733447
0.16777987622298263
0.03335903577735988
0.13985183644031926
0.11089142446363298
-0.04609515181549068
-0.20976253677489018
-0.2799040598808436
-0.1717868176449519
0.07593774604899399
0.19744040214549047
-0.006404613980914154
0.051866463986695484
-0.036040309162783765
0.1534674140739221
0.08171636613030413
-0.053324320224015447
0.09339175052265045
0.18825440780875277
-0.08306821801075097
-0.07867584220106766
-0.29501596766355637
-0.5855143264998252
-0.5893415103113178
-0.4524927009586797
-0.31538614580889585
-0.37816857085550487
-0.049562751450166885
0.1296253871196588
0.11278853199312461
0.023389030518550333
0.368234541715911
0.38836380756154887
0.13799343881602996
-0.0240199626210474
-0.10746939731451154
-0.39522150509252285
-0.5552311378575926
-0.46557933354142783
-0.250449776325922
-0.23761175909724397
-0.13210276405197388
0.028373260403729422
0.09651870206310695
-0.0747590984550569
0.19069560774014957
0.168414566669329
-0.14325044063964204
-0.35925446568422437
-0.40961239980193087
-0.3654729659834683
-0.4601776566740311
-0.4951620459532584
-0.017357038083628127
0.16531509243022746
-0.01429536351728086
0.0038052652193984026
-0.24431262897352854
-0.42110405148785685
-0.3953132033311004
-0.5768511501619442
-0.43864859511430115
-0.26537701899029864
-0.33870334456537216
-0.16540165737479853
-0.13673429460954492
-0.31700888118832554
-0.08994209214130897
0.1336385386775792
-0.04359144077976015
-0.014882236656348434
0.2947806457449264
0.2933866238678703
0.18819400511024975
0.12183493618379253
0.047938819269928115
-0.25184067192402715
-0.5442749532519242
-0.7322277601752111
-0.7459276598963179
-0.856858822156817
-0.7515862066521674
-0.5250818484468139
-0.32219626258867673
-0.3798745037071584
-0.1845989443481606
0.10797747573277959
0.1678781898448454
-0.03020128365121423
-0.18456576067714922
-0.12146466534778148
-0.22381965940014345
-0.13739044529037453
-0.1707884881055453
-0.15193084568849888
-0.25316516394585786
-0.28025192096614243
-0.17223305185369506
-0.1980041156875973
-0.07721347348046502
-0.34467109586576106
-0.23026633769660765
-0.5871265894935986
-0.318628933763497
-0.43511944394675145
-0.28443474913049727
-0.5262114485392035
-0.5007180694236235
-0.1691246793799075
-0.5109780182239261
-0.33040992350961496
-0.24660477739905462
0.23014291168091794
0.27822860208144057
0.34419027964358845
0.4726019547750182
0.5344036764206205
0.535812948322176
0.4383097378457711
0.26244760930424366
0.007518035005509452
-0.15728554716630533
-0.14734904755793932
-0.3422785967792789
-0.26277738422960245
-0.21466296914527935
-0.5809330397394736
-0.6253078634895617
-0.4673581600228806
-0.6933304623229596
-0.668537934625208
-0.42653255456459765
0.10484348751223561
0.0012945314433256278
0.25973517902541043
0.7879178222219778
0.7044399866419754
0.9741782268628358
1.8671603871069644
2.8735224740402465
