3.3169983062410773
1.991325841873939
1.0643607303376705
-0.011659249766541048
0.6974394726857279
0.36233338501340084
0.059134777631234564
0.481278694859406
0.23901540543931618
0.0242545698552452
0.1698474535858782
-0.04254432175537564
-0.22130484087408944
-0.43039253489882134
-0.31870649020470776
-0.13628536521049492
-0.7026704728621574
-0.6220481099050871
-0.4049041453755157
-0.3758763729172658
-0.5252968187415242
-0.4715772448917242
-0.4181419863137691
0.004137845688503491
-0.17410749971400385
-0.06439406645415162
0.2797434182115784
0.27155931819404916
0.1309984671232358
-0.1483468764722059
-0.3836780639131977
-0.587449078226208
-0.619959353570394
-0.424071345348008
-0.19493715050026753
0.00952780159188716
-0.024446591781355866
0.21480436527884003
0.4519107477620193
0.3667589356172551
0.11948533790955483
-0.26235709123540885
-0.24106985280858792
-0.32807147017190474
-0.25639040171867283
0.010593469772919861
-0.056190865091742
0.10837951504581533
0.22971685848516196
0.10357174935242626
0.1271168282782547
0.09314528449128306
0.019604269083948016
0.24052418408941836
0.48780122599406506
0.6089163263420121
0.5319449567922168
0.30039016083772135
0.3657998430478025
0.27901624640084405
0.22506271709706627
0.15764317848123005
0.23667441981032014
-0.02778862874901507
-0.0503490105124093
0.10697970382615975
0.25243204503586464
-0.07519102092371555
0.19337840770904313
0.010985643590688134
-0.2643863781453987
-0.2802969145541158
-0.5259579971120705
-0.7216989266854185
-0.7492663401092746
-0.6812609761792787
-0.7434634171106158
-0.6218916500302053
-0.5205154614317915
-0.33197963492198707
-0.4048870041591745
-0.42091712425810995
-0.45972407267625026
-0.36452382986728676
-0.09910465350564171
0.17140083306821513
0.42127523021669205
0.18632003894045687
0.3081908230816906
0.3005007081748767
0.1563078147918439
0.009717322974490352
0.11582833879022286
0.045482370899342636
0.15475148291556187
0.20965036946998794
0.198335133848566
0.115636197611239
0.24729386089847888
0.4567745072628574
0.4040667161453806
0.20642680744933473
-0.05385037243298532
0.2319022991996877
-0.24704012295581385
-0.13365811035118152
-0.1876251869591652
-0.2640671525726464
-0.24390592225688937
-0.5164637976779529
-0.24651008824151088
-0.544499359972802
-0.45508757051320686
-0.6045126714881305
-0.3966223619655638
-0.8979193577575142
-0.9145127213583418
-0.8954529331823631
-1.0179392888995422
-1.655323567486862
-0.5751472871928331
-0.7061890095118311
-0.7005669697676514
-0.6151469449512711
-0.2522911782416416
0.06647216407662869
-0.13109116862195594
-0.43020235635507154
-0.21801072830891927
-0.4620895935467256
-0.4820084528380549
-0.45095893793191727
-0.19812393073286483
-0.07786247330342956
-0.08603471204280794
0.38883888564316565
0.5049814663465669
0.3126499815716967
0.22481642447845226
-0.028547344411228897
0.03202009343033186
0.3167430239484609
0.26052125317317737
0.22215085837533413
0.23765546721680098
0.19586662198179947
0.39014100178611844
0.01756134423774996
0.15507700468610686
-0.08050015940702063
-0.418291138445917
-0.3309102953893956
-0.3573326535138637
-0.3588267605801593
-0.2868434786388678
-0.09956448790476499
-0.12332979971288859
-0.09806054676745925
-0.3046315710765763
-0.3614810047650837
-0.113817420311106
-0.14376383535216275
-0.1448164250778112
0.22478716105480043
0.21876013298838798
-0.0902264288953252
-0.07404176941349229
-0.06628140828527153
-0.0030743746466406745
-0.17069340676318087
-0.0024680553165606287
0.05096556511667378
0.08312249859402016
-0.15260212089468672
-0.35090971535266086
-0.5376576399602461
-0.6043923802903006
-0.5805152727258476
-0.45069389111205904
-0.3871809821053553
-0.26740199751977684
-0.22898002570574896
-0.15717742173728377
-0.09195620253448376
-0.17659827650040255
-0.01576243185159865
0.17293337841453124
0.11641697367898465
-0.09612646594560116
-0.22760423074322053
0.0018736808509740143
-0.017037785409614207
-0.21123946165297733
-0.1707488996887468
-0.21373774658211372
-0.5195634506905608
-0.4494964968548991
-0.7841540804013886
-0.844089147380993
-0.7182142202294818
-0.7896899144675652
-0.8587920026041143
-0.7798926513919354
-0.5269316034563214
-0.316152199395772
-0.0400587839139404
0.1569870131279492
0.26070014118127605
-0.016950453874609913
0.018836637533189357
0.06373946071018048
-0.011607819764627356
0.00422563525202386
-0.09270386923977733
-0.3777795556335208
-0.3756745843518773
-0.42989754791305507
-0.7151324131621046
-0.7070918981898859
-0.5997563393076346
-0.168930459743154
-0.09713851945968999
-0.09133727328115797
0.009886805880965069
0.12501037554219327
-0.04651925250085986
0.07600032119196683
0.10956220997353448
0.03435683761886794
-0.351860276249558
-0.1929168848434806
-0.18469387606127666
-0.2824438981630148
-0.19611866166873468
0.04397361278086444
-0.054413815402436644
0.1495644172717054
0.17728323555604186
0.21020827810866685
0.14757682761473487
-0.15902490451894796
-0.3477861540557475
-0.4999272467056345
-0.5064293811589127
-0.1842375488128235
-0.03646488852375148
-0.10050912108970562
0.06798406743199015
0.043914913347047335
0.29263291009165276
0.050817155443091844
-0.17715699196389323
-0.25643852613529106
-0.4075144109188523
-0.49803634639375094
-0.5707571926137175
-0.591312939906625
-0.40740036641054705
-0.4460406690761414
-0.2383925719497992
-0.16109712014262523
-0.2024760342101056
-0.23001034307880608
0.01993305018466243
-0.1479909803727351
-0.3860087057417025
-0.31987027875552615
-0.32020485712971464
-0.37370609125905985
-0.3961503389009052
-0.22698490036616448
-0.1188262246539533
0.06429343243422213
0.23146542385174168
0.2822346265961778
0.15665121233060736
-0.14960922555380554
0.07319756459417037
0.11642152887370666
-0.22427318390120327
-0.3448454355171916
-0.19951389165186478
0.01038100119173217
0.29969232501076765
0.23023640335778195
0.007316954150044781
-0.3194506946271101
-0.4007870122051014
-0.4268955091565637
-0.5521417064028675
-0.5364494022253263
-0.18679650631456274
-0.15705463882554146
-0.19834778875445966
0.10448208158041877
0.03386366674390117
-0.15927505687073124
-0.18357667884261034
-0.2822834411763991
-0.262703626657643
-0.48344991126345677
-0.3490276582197945
-0.15333509007986232
-0.24468833513025126
-0.2701231698343109
-0.10932865323643912
-0.3771152340592354
-0.3088710683799079
-0.2715899191548877
-0.29815126418388704
-0.5665874788518896
-0.41013304287406804
-0.07795145587898548
-0.010386523060131152
0.25803313040486725
0.4749079590126562
0.6886803358911795
0.5941073177520412
0.3027403688345678
0.16581257993761778
-0.013516545972769863
-0.1260598814801408
-0.044013026976926224
-0.015658846831970847
-0.22550990946297503
-0.18654780833886356
-0.3461076126493461
-0.3544112825417134
-0.15892491667903924
-0.14013690467514914
-0.2245245505442681
-0.23447365219008445
-0.11986482987694574
-0.2047383982509943
-0.29547215110866915
-0.506646728044839
-0.5311670248886817
-0.6260782925081667
-0.40962065814875387
-0.17713406931643003
-0.16862001351341924
0.000980548222366649
-0.11107887076081772
-0.22409698145773724
-0.20621641459773757
-0.30371201647460905
-0.3731632943505253
-0.24401777134024438
-0.23294005155291814
-0.04816924026469231
-0.3285760237048056
-0.3959810616585756
-0.31596572085883573
-0.16621730146026814
-0.18701806258208153
0.08685112130352413
0.07116995469275203
0.23663919646609846
0.24933871153957257
0.14876064847596526
-0.12662893834652733
-0.4581771010487464
-0.35382623591462814
-0.361511056989235
-0.6575143615905137
-0.5114808739665082
-0.52745957545877
-0.2644242652033058
-0.2812696615250693
-0.17385178904183807
0.04446883381739677
0.20609242016476817
0.18950320212579835
-0.048865402884032696
0.010662887086349946
0.14154793660327472
0.04281444014506813
-0.08905194145217382
-0.11988605525817254
0.15281549382821946
0.4406667992097159
0.4238072477506779
0.4171392487930139
0.5847834445544974
0.5176981911574877
0.37198921709919114
0.20863506827941983
0.2884285995744603
0.05194472921956901
-0.3225433681545755
-0.3622190661842603
-0.37485595356826684
-0.1573010156428014
-0.3454967223245457
-0.4201214654041511
0.13129686457046216
-0.07364152660807993
-0.057469323519339005
0.0334919104018526
0.07059848033674886
0.14719596183956427
-0.09797151337170189
0.022182133521961432
0.13408153713796803
0.3460417571038289
0.1708126821516543
-0.4682628494293368
-0.1883479229473563
-0.7415688827241953
-0.8724569866486449
-0.5583105872619814
-0.31779667456649885
-0.28069012365900253
-0.0669049363647665
-0.12951545317765684
0.008015212856086234
0.1402126719379985
0.17775974347704307
0.1846409159819237
0.48178272122234883
0.39053304991919674
0.11570008128677116
0.23895848605967568
-0.3277921163874085
-0.5298241425882193
-0.4655369860833461
-0.373231218780736
-0.5024159436488032
-0.3686884477019041
0.08745727290556658
0.20379512269875574
0.21040412290835134
-0.0879513921728714
-0.3431123039804368
-0.3165564094418801
-0.5295958790425166
-0.3435261829940424
-0.24462788891766427
-0.09825063350490293
0.10147627391346396
0.04186649413102614
-0.2762543934251638
-0.2969056655545206
-0.014946247626003575
0.002349603818729487
0.139268446522561
0.18126789554580183
0.3229569526791496
0.3806308100648701
0.34127731845213244
0.3767621626805296
0.7397859332735167
0.5702017106170052
0.5929762284614932
0.9604841876759104
2.0726328066001467
