3.0693490577499194
1.9600873183281293
1.4102371670343126
0.9571678942785952
1.1773086447229133
0.5368278403939396
0.3389386749525706
0.14171816771073048
-0.08406560351595758
-0.3386388247965772
-0.33057288175212834
-0.3506726530450499
-0.17985114802113014
-0.010934919888471421
0.23662724254692505
0.4066833032872387
0.34935384656431606
0.18976160668277464
0.21829607653452351
0.1393502353306544
0.0921058910848718
-0.2668655501302683
-0.600690545223159
-0.6976884242044656
-0.6467908265389859
-0.5638281821955311
-0.3906854998445571
-0.1707403939717776
-0.09565582254967793
-0.06834841031348253
-0.16706645627070463
-0.2944479220528689
-0.3111140337941787
-0.31051193564967033
-0.09320289967508177
0.06940269070346712
0.12000304873246594
0.005138475931612058
0.11931526862616122
0.3017987132744037
0.03522846503564029
-0.304374302771832
-0.3078447618787242
-0.32654705780634646
-0.4127426694191017
-0.169288834373076
-0.04619635111768543
0.020429708045173307
0.24776515527213708
0.3050857821373186
0.20090839201277277
0.05961700075099591
0.03840471005578156
-0.03354772886041052
0.013543710998402047
0.072230966681095
-0.30564452165291045
-0.356175929766339
-0.1812344907493918
-0.1361606665005779
-0.4963684197573607
-0.20233137248681826
-0.3092779162696912
-0.6133485345388793
-0.5600498992121409
-0.5098215970039867
-0.43766644537763805
-0.2823801467719941
-0.11687534559594426
0.0644662209604068
-0.3597344211316528
-0.029114501313672565
0.09437278115948254
-0.26399592491681395
-0.3756980953925987
-0.09734941040647245
-0.3578186386991239
-0.5506375714610594
-0.5592477883863577
-0.3862571812304705
-0.32105592847801984
-0.5372079998981492
-0.376480979704327
0.07788604541069295
-0.024620777808449495
0.1845991107136776
0.2751671909167272
0.5039280386870417
0.6077744155568557
0.1994331203713768
-0.4123167372834768
-0.5077811524853518
-0.5598020318162835
-0.5319527932731812
-0.397963246252498
-0.5079554226543589
-0.2916645272110832
-0.3437754397595918
-0.17339029592893385
-0.16943806099681002
-0.12080499937435676
-0.1307473879751854
-0.12847477613819622
0.09193512039220392
0.22789738188696218
0.3085471315441257
0.3215197228564293
0.24277441278614142
0.2383005153312787
0.05062376325529179
-0.03281397856966704
-0.005522609495574685
0.04420043614963204
0.20239717158591602
0.292514117772987
0.6012706527738347
0.6852574190946593
0.5222743204052827
0.6263001458428836
0.425476303190618
0.3711960683973462
0.2482639960025505
0.21593224911294223
0.10490579760083776
-0.382782284730101
-0.5511324706658417
-0.4896924894471438
-0.6622727747496161
-0.5583143016079262
-0.2089712358868786
0.09453070508281085
0.12117650239314709
0.12972099766748865
0.33776275645571074
0.5750279008322605
0.4181867756783886
0.3608532010021941
0.3944190819995265
0.2753328188979741
-0.05614451935240034
0.021690718680201743
-0.12980037683113937
-0.09701611901777754
-0.30547597426452167
-0.16567871042833995
-0.27540641805738736
-0.5116450108923015
-0.6367542295699191
-0.717290056198484
-0.6050389805363581
-0.37689078385061064
-0.015263253404410544
0.21642233642405434
0.411014379273134
0.37125991912068407
0.5000135158347851
0.22926240921105626
0.1857176007536778
0.17453405492677332
0.18017679894800676
-0.10120225231878908
-0.1476717324082253
0.1091953946210591
-0.2049900526222167
-0.03292259105477288
0.15586176935862522
0.35179710654788743
0.01707486755144692
0.27907137407918564
0.36002483253392253
0.053863384505311286
-0.31450457179260083
-0.44421815784838514
-0.5476535762795139
-0.4981619078782394
-0.43891831908552503
-0.2912371461263443
-0.10252087566900137
0.07266563241758472
0.3368220006868183
0.45026011242520597
0.37835551703405057
0.20901501467887182
0.0027691370613696273
0.2815132719084825
0.4286596379771135
0.10139826680605737
0.15411685343185347
-0.11356476873316375
-0.20219828461550568
0.07575933797290742
0.003973749554777842
-0.17405009752035105
-0.25914214796320395
-0.0929624275797449
-0.31969371025113774
-0.3645618495394184
-0.13209501569991855
0.16048908781337767
-0.1140845590413143
-0.09635001128442669
0.2097482285081807
0.25317778262180624
-0.043984474123873164
-0.1904348806512127
-0.2637131346203748
-0.2562659296112382
-0.38113276579117367
-0.40002968438191255
-0.0539944250592935
-0.006364791978005073
0.13506284045278863
0.17724738107627266
0.08598304400280032
0.12061724023730493
0.15978037588251076
0.06038290842895472
0.15628948243520205
-0.19913631041056298
-0.24366098751727652
0.016070608239873205
0.021582519076952817
-0.24785949163214313
-0.20477097545238637
-0.05863573390963341
-0.2258179776216305
-0.1377584329394234
-0.06146908945052476
0.036111237012992264
0.18206093201115106
0.07311769233778811
0.05105517484047253
0.09535820763165387
0.04305161741141261
-0.025986263808467823
-0.21889752315041297
-0.2534131397083464
-0.2459118523143826
-0.1799226022192083
0.046214480394751956
0.009488774818154489
-0.0706611940880872
-0.20970173019619529
-0.220227919500525
-0.3501474051515072
-0.13140238583278477
-0.12999763369252315
-0.1376262517993551
0.0321853954305722
0.1992503654340102
0.27044693626881267
0.11764828297014841
-0.06339432338557516
-0.17587691971428548
-0.19828813052745592
-0.2225776851841263
-0.3537366281846714
-0.47311486604059066
-0.3596072389364826
-0.29589033588948893
-0.23183689661330575
-0.1526819892816443
-0.40275487850441166
-0.30556106974232133
-0.15359552056555878
-0.053817219517334564
0.017189077133661537
-0.010849787818411562
0.2934497020106626
0.3542013715955634
0.5083005743063138
0.2994223642979023
0.2510751058927478
-0.054775783904567305
-0.2946945021396635
-0.4576759194682094
-0.3992833038966158
-0.3748515482784691
-0.2734349870290263
0.29023415115468154
0.326163949795376
0.44499916131820866
0.3791246172565931
0.13284439977302426
0.1718147788090709
-0.01460901685089159
0.2055740969958164
0.1410701313673933
0.3831674416184152
0.29558224815377243
0.5326149934606155
0.3623723563567315
0.08438280352485848
-0.10070591632649357
-0.22247231263785344
-0.3413797185163752
0.0042179707257299515
0.06909208828317027
-0.0770555459689654
0.04185693645741044
0.21056555251136883
0.15830406350520365
0.15200584826626198
0.059963957979265736
0.05875406578661538
-0.028443057990249734
-0.025936910320250677
0.19314948553993888
0.14340227646090678
0.2615580579787573
0.21625715148319127
0.3720828445034381
0.11150018907072741
0.09261504648415646
0.20701518588234616
0.3804084942909905
0.16904233643533617
-0.10367326725136261
0.14649691946158805
-0.010062516933329858
-0.10042395368271692
-0.054799529816655465
-0.08358267728190542
0.040662657741123064
0.06950477904257132
0.11652255561006737
0.17238100049609847
0.26584283096973815
0.22340625296258487
0.2256470854377065
0.17214065207369703
0.33861634764371573
0.7984770172156734
0.824984873080502
0.7038164966840917
0.6636614898734258
0.4504503551303631
0.3188021814780274
-0.13028846259727211
-0.33804130680632966
-0.24085216352692876
-0.4318343278418722
-0.5182812078119353
-0.3283536101898811
-0.0904692621676977
-0.150207619384193
-0.15202991348053935
0.12070008259677124
0.053504487592821566
0.32440452000700776
0.3274094522258192
0.4345049509906347
0.2264521148353811
0.6169726965061825
0.3031234646952286
0.3999233399650373
0.6857939551954482
0.7955237094273421
1.334176173877638
2.3079827600932843
