2.61882156982232
2.22045316195452
1.039652353774369
0.33216278084387574
0.09917835678662337
-0.025611912223064654
0.18574231931997467
-0.21993826394800714
0.19752200881851278
0.23692324433675963
0.01560123004299363
-0.3194074038696202
-0.3085135047148082
-0.22720518381698931
-0.3412726279238979
-0.06548002685287223
-0.012160437080211745
0.11810301252241127
-0.00408259986909667
0.12237118553309904
0.017197939625483195
-0.0715518230735183
-0.28280617534233066
-0.34449485896410503
-0.11590778054319775
-0.15493890807396776
-0.30817836125186404
-0.07410158032024268
0.1620546326543402
0.24493928627458153
0.18764684457742337
0.032782523245663546
0.1639799732193882
0.021741998913214714
0.09813670309423958
0.10406016385991028
0.1512499460442205
-0.01768733531254018
-0.0188262032958646
0.2051179399104487
0.15851960604210433
-0.04288702016751424
-0.1783900811211324
-0.10358592761631398
-0.11076164423720318
-0.3602308057728487
-0.37981174425947517
-0.13168802361939855
-0.14336442397002136
0.1368507978253207
0.034856029469116305
0.04228937869598521
0.08682804040651101
-0.027105832086426723
0.005816996122877428
-0.051477954526509766
-0.21187794461672446
-0.18651678769855057
-0.21303091357339748
0.004147577809132486
-0.0569179737942186
-0.0422761248349112
-0.10863255257652019
0.014706691965796458
-0.12177473522787437
-0.21801359007690338
-0.2127249186886584
-0.5377811075297264
-0.6367696623406773
-0.6459160018909165
-0.3824694541410584
-0.6059628981393591
-0.6785894314886132
-0.6160696810458262
-0.39676925289898873
-0.4184843068474906
-0.5856727544618856
-0.4382830483583648
-0.2265860270674822
-0.03390939199888913
-0.1131507121260016
0.03539628302308373
0.20299703510100892
0.15690267055567894
0.011936701667476965
0.07337290728504033
-0.24970852925431708
-0.27136277113792107
-0.3449471697188727
-0.18945234568319957
-0.3540751870183584
-0.20249066282778364
0.06731690405069247
0.12709803201366626
-0.25498242768378765
-0.09274467192422467
0.25600158710870935
0.28195895815785815
0.008094885780923699
0.13695778545966245
0.13724604396462045
0.07626121722341478
-0.12019708422240712
-0.30883688131602377
-0.3261088917166104
-0.2658581095513839
-0.2673647480962788
-0.08908565127610418
0.25442457919972705
0.2963370063613362
0.15081590783784618
0.4607580512339821
0.442469836703868
0.10908784941640004
-0.09927317964075635
0.05427940326272846
0.09777663924021278
-0.15350934460976426
-0.023139972682852384
0.014075416601981689
0.08396111832972018
-0.002154297654334931
-0.2946694245056793
-0.4237952928843472
-0.5347527098123035
-0.5830363793069412
-0.5764568097522718
-0.5601736767859365
-0.35911704743019657
-0.11714260341344357
-0.24441061771460038
-0.13720382821099908
0.0145266007774467
-0.10260340643069966
-0.1683678108714501
0.004214794217988268
-0.13062121849059952
-0.3041522175835984
-0.31067281613617853
-0.03467491327405827
-0.11723421025220639
-0.12787670021724507
-0.160151008014152
-0.24944654720218148
-0.2538304682550153
-0.08624700150391407
-0.38141192800349444
-0.46055208432872147
-0.42677961015894805
-0.5712670849532328
-0.5344512268504704
-0.4469944883632109
-0.2021698286685749
-0.026418029656490927
0.3102916934729345
0.37739865855051447
0.45732112042069467
0.504855785138305
0.412884979542692
0.4026871674699698
0.7496120136906119
0.6354981520883485
0.480586509215883
0.350073905540591
0.28821181245944083
-0.19133353024480573
-0.3522407010518741
-0.02468379645632992
0.11942653656967554
-0.3934655259948866
-0.46687368557582215
-0.11001324296526013
-0.41843667885325836
-0.38708732638022697
-0.1604000075426554
-0.13632553779417306
-0.04888021122218944
-0.3175387130945349
-0.27781110361554096
-0.7788240776439864
-0.3715258436208625
-0.3243675529020866
-0.34711991180167734
-0.11366576685812309
-0.20844864102054125
0.008075857918203633
-0.019829383363426295
-0.12287360753967529
-0.3566607245141218
-0.2651635751045985
0.06009871928843366
-0.06095634945192429
0.15490840989780788
0.11484550447717344
0.21791723666164242
0.07555663592779364
-0.019997485906242236
-0.44562079567504315
-0.3367916163864548
-0.4279094981848654
-0.46559856627205926
-0.5636159528688658
-0.9726265601902307
-0.6354418366043091
-0.5298374295458789
-0.49061548258676996
-0.1648841803358909
0.10476046206501433
0.19028041591476566
0.2397250548094593
-0.004258951476528688
0.096966376366638
0.035670082324912915
-0.038585530161329956
-0.07062831756784807
0.13899386112769374
0.3893169197987958
0.31458338069138014
0.21916748424417132
0.23401488173359827
0.43222227578175076
0.3908986475839683
0.10856350345210662
-0.1919887838209956
-0.3263171824138647
-0.14496036369592344
-0.22162200257375061
-0.3676149424368443
-0.19384249939466183
-0.2925667401586292
-0.4491027730456015
-0.4382329014191815
-0.24686272129081238
0.18728682913264472
0.06604310029449374
0.4948638723327061
0.6345605054999249
0.7002855584007224
1.148344153836421
2.0071181086023087
3.162914901124365
