2.6510277725182685
1.160105891882212
0.5564024022712669
0.6425249243410777
0.704518099956347
0.4980568678046904
0.575938600485721
0.7816966160272606
0.7779443913580881
0.4728747627867092
0.3627565406885236
0.18869759583526238
0.13762372961047464
-0.013786649711805555
-0.37016554262859536
-0.40431418526786767
-0.2279675298617487
0.06796678478528018
0.18416868345465048
0.23983793125530695
0.19085414444218643
0.002970790587188411
-0.5922286665237687
-0.640847035988889
-0.585658727212277
-0.4963837924646686
-0.12841047628145086
0.12078624012256883
0.3159404468498204
0.4469136566950441
0.46379969429674683
0.2924259746265913
0.273847928228339
0.19380813009634534
0.025009315977554156
-0.1734076783805842
-0.2066125743713835
-0.10589316025030061
-0.20293996031764142
-0.036655302260260376
0.07453533850619273
0.2261397980611607
0.3838898928731864
0.3545785691897809
0.1597011476844722
0.0668903794542862
0.20876595731879605
0.17570737979611833
0.17843006834579908
0.23647241741332795
0.03568437738831583
-0.07499798311778622
0.18755889419179372
0.23664715618500928
0.25195153627476224
0.1761511326960978
0.13558860459016756
-0.03638256832805304
-0.17775616334447486
0.0732821089391621
0.12575320512619437
0.2622797044294291
0.5258887467418881
0.497006784830431
0.25263335999097164
0.11330101748652509
0.2573660518986066
0.12024640796809985
-0.06889406035904139
0.008689036781628948
-0.10200210151097297
-0.39958204478073334
-0.34490705209389944
-0.18206173173608417
-0.024202579311033173
-0.12823110409879157
-0.17137570339320557
-0.12192932493407754
-0.27226602236679237
-0.12299531420761803
-0.09509391532659639
0.2680054801550841
0.24360354050977504
-0.010452105729064668
0.03436995894960799
0.4819065385334644
0.6061313026218186
0.3702658549330475
0.1417530851608783
0.11795361853769322
0.12036862257060138
0.1554533056008541
0.4072580845393556
0.4833103293259781
0.5915680683883054
0.6382474863477161
0.5113937791388683
0.3758331069867662
0.21682655479955293
-0.0015770850169356694
-0.17034004228623204
-0.43646303295199246
-0.6372392570212924
-0.6488160394680895
-0.7062929952887362
-0.6844002051454865
-0.566357201980001
-0.19438680488470356
-0.054470545872794957
-0.15978129285588724
-0.19230322544581296
-0.3242548682239572
-0.522982502440962
-0.47369908841410363
-0.5709067661039062
-0.8047921714812437
-0.669671700087757
-0.35222097150056203
-0.4335103602220505
-0.35122446280039743
-0.00824582131722276
-0.051677135438379096
-0.12245959677227114
-0.08316268303663743
0.07934956311290961
-0.05440983311719442
-0.15688818238486174
0.02048264267753516
0.08203808756017741
0.12424244183160908
-0.06715455107901541
0.028333682887061035
0.10479943106767661
0.10601830308192772
0.20004171013253402
0.2662221343835127
0.4005531520120617
0.3549462714579091
0.4379761249517948
0.31686315659806463
0.21735788100252554
0.30372538469377
0.0001094833891987798
0.06266902311984046
-0.12063059616297805
-0.2504616873596638
-0.10417615586066324
0.024106044414145586
-0.1376301358426584
-0.149336322641853
0.1180238178608574
0.20821984882133665
0.12716138228164678
0.06592948912637199
0.317074024075296
0.3803508505695465
0.1525165117710164
0.03429457785560982
0.2780969975588832
0.4982209555518111
0.4661290513777904
0.2770997021265301
0.19107423218254818
0.14100864964321344
0.1234428891428661
-0.29256593856429236
-0.48423112511137684
-0.31824476884430636
-0.294138701001261
-0.5609174271322466
-0.5250219084752672
-0.30053786890109035
-0.17592671601765789
-0.42615840484261147
-0.25330775880156753
-0.06462859888103453
0.2407959649360345
0.15310820768894584
0.1843613164467749
-0.017349910525472766
0.07810839252297731
0.15355328771614443
0.5045166381099802
0.5287221902948799
0.46330484826186846
0.5394756871151781
0.24369083811998063
-0.043509453258830946
0.008925107125766168
-0.0829234190272058
-0.0588605036695599
-0.1427908386063419
-0.21927022473678284
-0.1926683360021995
-0.18490212811127488
0.01648932622423425
0.03410808466346124
-0.08027844715827437
-0.5150114398089198
-0.596331705608669
-0.3351838645416892
-0.47135225159124816
-0.40542261679423447
-0.11438087910544384
0.06989446683705318
0.07509044232633026
-0.044821724827175585
-0.14419766240444254
0.14657292291986365
-0.11119051329460242
-0.113030057454208
0.041367033967935694
0.1196049106117624
0.060062504296822486
-0.21825921851881663
-0.26158918747330406
-0.3791550993648834
-0.2449882546391489
-0.12076449467776147
-0.11693527339628763
-0.11946773099844293
-0.22129175395860282
-0.09178546863935211
0.09905034156690795
0.041789792741857505
0.23223458719746284
0.3050204403298233
0.20964009998619348
0.17420194406561845
0.03700772036366552
0.08028724048382632
-0.010678837574207943
-0.23737226756796795
-0.3319336267622588
-0.6159396371889696
-0.5793633541879956
-0.527359702633506
-0.33923366232578217
-0.029968368277452747
0.267406351975058
0.21386766414020453
0.47830773086576606
0.6029153867910613
0.49193277040929995
0.2640639755101567
0.1157719827229959
-0.021183026588189546
-0.1853268103493643
-0.005028148415347752
-0.04877839362046238
0.1655825831478716
0.013070172363227274
-0.2646710893196192
-0.4622773936453063
-0.8755728835612903
-0.8655164151207311
-0.8610408168870035
-1.0337121942357923
-0.8871440782339549
-0.6709162462740711
-0.40515382528772353
-0.35751158785706727
-0.24566102948369392
-0.14024851594382043
-0.08926279617577092
0.1628076131335101
0.39695651338797827
0.42414910724012506
0.22157950571835364
0.3134892233596465
0.4631343782824523
0.26608969791860515
0.1916785952849713
0.07744757537419085
0.16949242746880663
0.022898664303901504
-0.2560796396228779
-0.22690589108690395
-0.23116379036876097
-0.012294080428837041
0.01569850815728574
-0.03171908624662872
0.15376970049566188
0.014488835340514648
-0.10808269004276666
-0.03620249738758869
-0.18438758230262373
-0.13660997560979668
-0.48406784378579376
-0.5509867845476616
-0.3938151536912039
-0.5722131058117377
-0.5175493890507282
-0.3508229507156013
-0.24260033194591352
-0.6429326612566163
-0.5357018243240054
-0.29712389555533236
-0.40880044432936086
-0.42344037225766507
-0.38072270704537026
-0.009336281032754764
-0.15751208765591732
0.3485980082340998
0.26661013641779796
0.311573626878615
0.3037458524139041
0.39235295039158785
0.3063789704766356
0.1618630773583264
0.20668445878817537
0.07675771327051154
-0.10582368871630178
-0.30024205594068326
-0.30714164649423575
-0.4350831857391306
-0.5064963394828591
-0.10329529536790917
0.014753777850570481
-0.06937456788458964
-0.006534573423629565
0.06322219863194194
0.3726499415559499
0.1676424968517484
0.03654135002233909
-0.0016070416181737303
-0.29748454721024636
-0.25398419579335646
-0.12183488130186512
0.20613338807276466
0.17655048020658526
0.2738553403841873
0.22772145531257118
0.15948263362780032
0.2293429021351226
0.006736919455142482
0.1315595752344293
-0.0003110619689128218
0.23881763383537716
0.23179099794021982
-0.01464431339013361
-0.2500290485014968
-0.18151443344645796
-0.14429070063446947
-0.3550790722011063
-0.4477066803842511
-0.38446320007779017
-0.006705572373818071
-0.11058031792085418
-0.0591772061777106
0.30778893360631904
0.38656742200663297
0.36226781040986367
0.45957341256380324
0.6192874163710759
0.5687411318125548
0.46783078902370917
0.42126754361245494
0.14552759621254255
0.036668159895445335
0.01879683920688163
0.02958973771109687
-0.1621971676660077
-0.32743559382378457
-0.16272207626648738
-0.1590357902231337
-0.2110732260202485
-0.3768437852747757
-0.24755882906713295
-0.010366676587509232
0.1506859057599494
0.2623536658197378
0.463969713886645
0.6912571216176077
0.5564060476612981
0.4619344517890424
0.4309140534870628
0.2674691738880401
-0.11316212060678847
-0.28895640643718123
-0.42836996126541815
-0.3463925042984089
-0.263581790834708
-0.3518244530227231
-0.401741835289216
-0.45729644974866196
-0.5497336726303449
-0.24675933398384528
-0.0019417664954886858
0.09098395750066932
0.35746325257144984
0.4091482591510782
0.4929058206651326
0.28661531475003615
0.3712270149843883
0.4334784812833313
0.02179179417067452
-0.23219016744115437
-0.21403847805217016
-0.17344892805148826
-0.39614741795527386
-0.3662962351843808
-0.12053549562981163
0.02230882107438495
0.19524036958345115
0.23113645328442664
0.4439003143903258
0.3598663125177543
0.17176899432369833
-0.06570958614627331
0.01992260954021273
0.09288124452851952
-0.015882077930987993
0.11621511117332345
0.13545921706965156
0.5382104013219147
0.6494982432218326
0.7938410280407396
0.8563340474617014
0.7667708083821497
0.37610728741424293
0.08234968366910211
0.17547845499029502
-0.22505865660778093
-0.4573314768965599
-0.2525918478690083
0.14101129390410874
0.3260175283278021
0.34691771133085497
0.5420906269842861
0.46043733433464945
0.5452565641461934
0.3894258097011355
0.23021561755190625
0.17292610739969588
-0.04746249482096274
-0.03996474832165431
-0.31666119380199637
-0.13038054768275528
-0.06153570257041038
-0.21275563622938265
-0.018110194164266232
0.04534219483164491
-0.283925212843455
-0.5171290140660046
-0.43728830006990643
-0.6086467051442416
-0.5299884637117681
-0.38339416549480887
0.005050275286858027
0.32299502821545817
0.3574862437679521
0.5122153827265313
0.3324992457922739
0.12081339497917169
-0.07903944965179306
-0.2672375048404283
-0.5744427410912901
-0.5329279478337081
-0.5551820499245915
-0.3929874397704365
-0.4052647290194175
-0.38428523083490834
-0.2563581374828462
0.16677334549151246
0.3861113406762059
0.5211683969168202
0.32545048268901955
0.12972082006179322
-0.15655127403477756
-0.1714954745048831
0.09313723201041042
0.01567162253478076
0.09897943202814892
-0.20942968764639827
-0.11419868877540171
-0.40807349315611047
-0.38686960594149256
-0.166924959286893
-0.1715789533528557
-0.3644962862436092
0.005546058192974727
-0.011957768819128732
-0.2900119813050276
-0.19089199169491566
0.08315754943013899
-0.16971938293213165
-0.16898426461490723
-0.4587931186868393
-0.30166515141524175
-0.47166122802998073
-0.4014073280899355
-0.035103292289771305
0.2415404949383553
0.12233646185027093
0.15142120779346968
-0.07660729852489946
-0.067175346431835
0.07127077717231445
0.04189225746124325
0.16958688432130256
0.26500415307932723
0.29916165572119224
0.06073314246306279
-0.3099130214614791
-0.36232081361685065
-0.3519042465130317
-0.3907161104688187
-0.5136464458740175
-0.3325313593501981
-0.20013039922305703
0.016329311680541574
0.23423678337321077
0.15924260470379908
-0.004887008444766808
-0.009205355145968926
0.12370571764045275
-0.012914113798077389
0.1839263463664417
0.3321234117418241
0.46880447986813695
0.4839474986096986
0.3789545840207448
0.5637923078571838
0.6017831454980576
0.3272254681483058
0.2079624107538016
0.23785662006622446
0.3392691582857981
0.11774953980422811
-0.2584715980335336
-0.39894992829146425
-0.5827898452716356
-0.5920216570929697
-0.49852198585068563
-0.16200825246935893
-0.02231481180343201
0.12653954951734617
0.11814592245553487
0.13991392632326585
0.06008813709154867
0.2426175666857734
0.20407635833580265
0.4460515785755586
0.6089687826591703
0.36768436530892773
0.08931232710768437
-0.07642679541822534
-0.5461042745661623
-0.6733154136068823
-0.8051457150332162
-0.5646769886703356
-0.44382747413706397
-0.22928381553937252
-0.12675639240193318
0.02780343289510989
0.2627538646365783
0.566837303498469
0.3754585187930824
0.21156160660882797
0.07845066167121002
-0.32900722717203784
-0.27733630436220985
-0.4164849904693711
-0.43814832638654855
-0.5980746290509014
-0.5077897314718008
-0.21773507290227118
0.11344861341095552
0.40054058888243244
0.525944749548839
0.45026799594057526
0.28316623198151014
0.2672210767919699
0.29280201190401284
-0.0910146675941987
0.23111125512244485
0.39204924266200697
0.4216101594799612
0.4307589831087992
0.3595613136064822
0.21000571238309937
-0.15082197967885536
-0.2109431504419277
-0.332983830968725
-0.3325020423476744
-0.1057606388943906
0.15424985658810322
0.2430406216520418
0.2730035111574597
0.1929798725764092
0.04730879774234926
-0.18998269286717015
-0.3238697204567839
-0.30779769400518037
-0.17933443508616073
-0.05944290944527542
-0.031823650861319074
0.16955610707349675
0.2085011179585564
0.4966414907544577
0.3636076480181986
0.18070417271862368
-0.13397346529028714
-0.2924152322603405
-0.46923794602248076
-0.4053522938114261
-0.335595858927234
-0.3404532338744142
-0.016356185838715044
-0.25630650374650527
-0.08091465808975214
0.048279917445051945
0.16131699489262522
0.21469073704096978
0.04611762953147162
-0.02830528066584794
-0.2288387941978772
-0.538161922950687
-0.6746283780340799
-0.663685290069148
-0.7896846152511663
-0.8393701256882982
-0.6154463634892254
-0.3385757403842174
0.045847649920067075
0.2931306039180835
0.24565139903092198
0.46176351453550163
0.5669682547528564
0.7038839028831063
0.624667725829736
0.6444427760240005
0.32680464697951395
0.3647767543389542
0.4491200735525308
0.24616664288537873
0.38762735082503424
0.5806102864316487
0.6426719856995274
0.5895020624357105
0.5816357215578977
0.3183024987661549
0.10898884654802177
0.09086321011540957
0.04347915087616075
-0.1362485079715587
-0.20178612266368015
-0.1766012940333361
-0.0921901251205402
0.028674343859330785
0.04646559827002069
-0.12355073379322082
0.045680389216093256
-0.07157406786139883
0.1836363350574847
-0.04659712813350012
-0.09874573689505999
-0.4992984493769039
-0.5774787814370528
-0.4996440922818685
0.021784356954298742
-0.0645842163478178
-0.23508303221555008
-0.12747455680613767
-0.17980744191065523
-0.5982194532266149
-0.6695138770115002
-0.4851416512057611
-0.4703531031531274
-0.21435080312661534
0.06613614633330868
0.3277177990146261
0.5755833897340096
0.4775019015031407
0.4914633103771421
0.39496668498378223
0.22233792403904956
-0.02228659767574061
-0.33002368426827233
-0.2435767682593242
-0.27009150436846563
-0.2204245379447659
0.034582745783322794
0.09476441635643885
-0.0766808125268717
0.1082344609461984
-0.1694458192987927
-0.07686909862206881
-0.06554524615752876
-0.07995218312793896
-0.1958953671245675
-0.27977943899009056
-0.15462990188079914
-0.19796791876517825
-0.3359374960746452
-0.4947713894927997
-0.18774969057884303
-0.17710811900414586
-0.10482392677002426
0.039644567609698644
0.23814293904971964
0.18593143944983315
0.4038655501549596
0.3235744186253846
0.5601229688308292
0.6521297270071709
0.5568390459029433
0.23664147340305114
0.08172956922084453
-0.26848132195912716
-0.3546569034443285
-0.25739959808460083
-0.2730357972994945
-0.3741460816414361
-0.301142721158933
-0.09514957616098466
-0.025680047087044255
-0.19118047871791585
-0.35849203840499994
-0.4183545271681899
-0.3788677883405632
-0.388224720861285
-0.19774859139562315
-0.138155571890244
-0.2847701134847356
-0.014972562166818047
0.02442327504804114
0.0884588169440304
0.09811759609620244
0.19954281844176203
0.223285960265959
0.24604780363250678
0.3653644873186821
0.3995958910900348
0.2077438324664611
0.39152685071445703
0.32353600021543266
0.47306160004061243
0.572187553119151
0.24678768171089677
-0.04375542716468651
0.12097650113752055
0.03966687878683758
-0.2927256270293516
-0.3334181770806874
-0.25644980251375527
-0.21263126912467398
-0.30140142142126636
-0.17039299090902232
0.21048516471877493
0.1402845409183649
-0.03019143514560063
-0.2027731084749917
-0.12393779241164554
-0.1676323607175145
-0.3303155091964884
-0.19328787399790362
-0.023927659456068825
-0.341854111429682
-0.3731380862631792
-0.13105061991245082
0.1261361056924819
-0.09713716479582701
-0.1660104406504476
-0.08237748368301237
0.11438055835947265
0.04589979964200513
0.30797185281328227
0.43719670288977647
0.44903011525425385
0.35067173522134326
0.011055234778576587
-0.278229687312407
-0.050229557936988585
-0.2940678165854653
-0.09799183350453088
0.10263864184902553
0.2766643940414807
0.4788481296538623
0.6725240319029163
0.5588485691199833
0.3964246257554473
0.1369875485305413
0.01453931522529194
-0.23766296894846206
-0.09036088680531176
-0.09180349669178077
0.12986928619908747
0.0444952594869818
-0.06233264345243221
-0.1841901175236116
-0.27636037240983313
-0.5584165503179214
-0.6864167103037875
-0.8894576875057499
-0.684499532700208
-0.456088011621381
-0.2400112643793211
-0.16773919532071893
0.09590930794364554
0.25037973111852596
0.23859520644989887
0.3034916706012378
0.33220203000151727
0.02910322159477283
0.08415775595989769
0.16201209688769952
0.20651241278890284
-0.056123003599656954
0.08501306275211513
0.28720915429445837
0.1523801866635602
-0.3117698377963482
-0.20776429142484648
0.20872004270815245
0.12643580842936236
0.03863880500989836
0.30981308716188133
0.3597372650326953
0.3635678566303192
0.09708137902787425
0.24780397392829767
0.17417814261849138
-0.1555619367854592
-0.10841403631990118
-0.033319782811282915
0.03785701285085838
-0.20391857749655387
-0.3097879087983782
-0.0664089954633522
-0.1046897269395339
0.013690918051139426
0.17688126920947875
0.17488367505879554
0.17150894712885517
0.23075028479673276
0.29632690748252216
0.28371740812268736
0.3446054010823138
0.14780682753598326
0.19456481760834277
-0.04843435188160391
-0.05779714413847228
0.23096962701185045
-0.2299033886857139
-0.18860993107650997
-0.07864176894932885
0.1121282068658731
-0.27043037627189737
-0.1782380417478783
0.0014960418473450165
0.1532312604017528
-0.1347330365263432
-0.25923379407203195
-0.455727138894387
-0.5167055983490774
-0.33564122244760675
-0.1686088625901975
-0.09551078445661858
-0.5025084586408486
-0.4902588983560381
-0.5328639365683839
-0.6973419630480403
-0.6434108995007338
-0.19910481038543112
0.11035794250006105
0.3394687133814649
0.4324910229710384
0.2537763577610714
0.15433919889923137
-0.30493763452396383
-0.21295844615542392
-0.13483196738741596
-0.13175047722344269
0.09177038707042309
0.13324701928003704
0.1312271396363208
0.14301030132574652
0.18640218282892787
0.1527750448902593
-0.14763764313090516
-0.13033924287294507
0.018746194745306307
0.05672356004207017
0.04531510954662428
-0.09772562483278341
-0.001076638533238552
-0.0009644339977023682
0.19507619439967042
0.2832687386862397
0.32798456453318436
0.4336762079056074
0.11393168058138081
-0.15052196841288518
-0.22903748367717794
-0.3871170893085399
-0.28174613349554734
0.03000136384218784
0.3104304653901242
0.24956652227898748
0.06058349600894757
-0.09071946058040217
-0.3882550282913213
-0.254163813698367
-0.19689104951363462
-0.18617897860235924
0.22386029230416607
0.4561601719449092
0.4424467156012619
0.48363544590000707
0.4557524490994613
0.04463789075565236
-0.09412128939933875
0.07608012020612315
0.11036264421155614
-0.0236588954593045
-0.26932985884529653
-0.27168771261988095
-0.06983254138745937
0.029797590396810885
-0.09706922796107936
-0.13579309191557312
-0.27189462396829756
-0.38757372293535775
-0.7288503590103969
-0.5844218815931822
-0.6518652384311641
-0.4000690207751272
0.05612626774599217
0.4373379218257246
0.3930537927149865
0.25997468122796946
0.2791110088538677
0.018550675537446285
0.10130447872344173
0.021666129727227226
0.16581041414912162
0.15165920938494173
0.13681034754401095
-0.0195681782840898
-0.11687916036850453
0.018517490771532665
-0.056683813166006555
-0.004621708018674013
0.21872830341658905
0.3418825223009088
0.3161499583955181
0.20645796339499461
0.05830170917410953
-0.04872733727499808
-0.3981568317318213
-0.7381706885850009
-0.7822703117702458
-0.7526285173734164
-0.525773474804697
-0.002158333762024691
0.12834978953074014
0.1595644432721771
0.12249914911995866
0.017326693350255353
-0.24150450907774534
-0.005745511318839338
-0.099769984086662
-0.019512345598840703
-0.2520738879649446
-0.36162821905145115
-0.03611215433165608
-0.019722802618744366
0.0798841746257695
0.15408450863041384
-0.06495485541692322
-0.5288769109538093
-0.517961891856817
-0.4321820840624193
-0.4181888308242867
0.11221853463065884
0.4694969912752133
0.48345364388983897
0.12927886667229818
0.13087001955480498
-0.11322670344401468
-0.23107640847419136
-0.15805817583192786
-0.07057224941821204
0.004525348371900554
-0.0961736350253685
-0.04553506632804768
0.10825845890143085
0.18538735372255966
0.09434909698339225
-0.26156258374041863
-0.5202518477399236
-0.5002203628860258
-0.44733172018008793
-0.4721682806700549
-0.2498228518089041
0.22555156191386674
0.5459275338915646
0.5018523322575776
0.6935836021894827
0.6161460355241615
0.5195929469781745
0.5044378297191618
1.897512770467861
3.057150562550888
