3.3861692362966065
1.7310593505173975
1.2663710866888354
0.7688647115118332
1.1546989633304412
0.7411530208783605
0.31090139797198174
0.38101128195100387
-0.1635282862814254
-0.151135344740513
-0.659258832197778
-0.4067661720256549
-0.36864284327999175
-0.317578968356271
-0.177988998245107
0.026153199464402463
-0.03968133696902865
-0.05682315125226309
0.029428892348658447
-0.3657852257961294
-0.3754074061311573
-0.06491477438016316
-0.1365718137912264
-0.22901288982043694
0.07128611007234695
0.23024015200992365
0.13116018814087135
-0.13806047317768555
0.12149573027851643
-0.04942415906075072
-0.004361068241771211
0.25961771316011606
0.253789626988334
0.2586684216066217
0.2378165160996478
-0.058476745503698475
-0.16661641224610413
-0.2989726955070051
-0.3866538056541487
-0.20888287224123508
0.09632887600457306
0.1393864834329436
0.09978570698556462
-0.16957294564919664
-0.2324475659982583
-0.16451415794035443
-0.32987990417685903
-0.47816938935166214
-0.5055861707272777
-0.428207974004587
-0.34208480882914194
-0.4159366543996523
-0.3796720682900066
-0.2977478501039469
-0.05728516006440796
0.10372013943427735
0.0084618676384101
0.07849381127089552
0.45223073133897257
0.5225771059887807
0.2630251412851183
-0.04842772665191856
-0.05767770981964722
-0.1225853787893657
-0.4416018197434782
-0.6195760131704514
-0.5944080570692574
-0.4043507727028543
-0.36512039180711603
-0.23908269426687787
0.17089632102898697
0.25556318603324746
0.31198550358420385
0.4099670070107179
0.4419985856290226
0.080321081474046
0.08231180908292046
0.1977845225005263
0.21403651704460525
-0.14417445170277815
-0.14719557234208658
-0.28686821992336364
-0.48345872532946266
-0.43383470979766703
-0.5810454703128671
-0.3261148465752661
-0.6208696143552946
-0.6925363153788163
-0.6572468146833382
-0.40999612928684687
-0.45776687541333777
-0.4523111017554364
0.03639182582785161
0.10233390266148053
0.24609554658227237
0.17113779640524293
-0.02688657174156
-0.03247317801113826
0.09809847098638592
-0.16265057453653287
-0.27385314881229733
-0.1421543591685244
0.007681719659626111
0.24229896205566326
0.4858112664705021
0.4959127887031813
0.4105842703708285
0.2860986181771692
0.2471388273855589
0.33009866968810886
0.04730575558072796
-0.2278068316622057
-0.3695245474133491
-0.574177900270979
-0.5518885108997449
-0.6843635015882426
-0.3510004895886811
-0.23439939271419533
0.2860482370488496
0.3761533314580918
0.5786654387862333
0.6363315685697343
0.4616769305340073
0.4781630412078952
0.438251542664415
0.32061649659567815
0.09517537752587886
0.0031755603315177985
0.12158546620341924
0.19479355396388578
-0.0068871702579020675
-0.30177038621550306
-0.5111871979414306
-0.6429568337913769
-0.5763767956140063
-0.783652264821237
-0.42104572366317866
-0.39441947317219533
-0.26330604486486775
0.031249594010271737
0.2619176372870558
0.32716176141009595
0.3740202821601079
0.26814276803333953
0.357435081914294
0.2899261683984667
-0.04200470853569337
-0.07852637364900292
-0.23966998351719954
-0.3948834904245577
-0.23865547103351634
-0.17840730964350993
0.005737709497996119
-0.17971592013090196
-0.023606959074638365
-0.031204698816989118
-0.2757397317553924
-0.3701573061906026
-0.2767258308704545
-0.19627878738892457
-0.4262989891863659
-0.5764223999070122
-0.6766307219258193
-0.3071001770335506
-0.43247546930320346
-0.38259931325113533
-0.3449948575293856
-0.34617417518975907
-0.383656609730101
-0.3202715939859495
-0.11773132480494
-0.2308485019211497
-0.03769249210983935
-0.07187726227345506
0.12649977373905616
0.08810002375076958
0.1477390725437578
0.2896551031013315
0.21070044972933114
0.32304840296407256
0.5031714411214326
0.6703382215151463
0.5533462254476849
0.3478529618046205
0.20107277852167846
0.1568309919100879
-0.09264316398533028
-0.1968393838071981
-0.30060377968399776
0.022697048705880893
0.30217274804996697
0.3621048607815857
0.28060773289189983
0.274171004671473
0.3515830040430864
0.40559467830111096
0.07106207987872186
-0.13529507146629885
-0.19312034798480118
-0.3268138914499294
-0.43431397931979565
-0.2135955224460918
-0.07472460607618849
0.13424383656331942
0.11287859149842297
0.23646444365338096
0.3873558290302302
0.2618434934132711
0.21070678098317647
0.49104752149422676
0.46611380010294945
0.28133959275918113
0.04892977675091646
-0.17021791819328658
-0.1803312120597674
-0.16012049184890215
-0.061129296992797566
-0.1696564094904516
0.027878442474647
-0.14712678550237987
-0.41747155075105
-0.23288779730629003
0.07813769542946807
-0.2072381208120394
-0.3993013488911801
-0.21694128042117822
-0.08175609596167872
-0.2537120504519292
-0.1275457912819499
-0.12900557742842322
0.16946649597429705
0.055059217666300786
0.2856449373005602
0.6496714305839655
0.7141958419810663
1.5318504209356802
3.002494127898175
