3.0991263056402754
2.2431678823008974
0.9256996734917821
0.173920743112958
0.4511519808851148
0.30001490432848305
0.30367136993387467
0.2139343346735119
0.6981362736723176
0.2509776274866441
-0.17888803869119033
-0.3165293248116439
-0.1855996254159962
-0.5259468089032425
-0.41891847897384
-0.13771738873842276
-0.11104892901126105
0.06365265482680105
0.05651974929948003
0.4401190882936022
0.5782401303947554
0.588665264296505
0.3388722540685559
0.183112274195429
0.2512315098728763
0.20935141507616556
0.05055561356127821
-0.023146285449896158
0.26701196372173297
0.43665577564177477
0.36603836570566606
0.009608426552093454
0.05686444789567873
0.1646368960821533
0.1219228788863055
0.39137869995113445
0.5091756403559725
0.5143827434468213
0.43570065248238593
0.14516111099376414
0.03647700736863522
-0.18427697312852465
-0.4905879452505277
-0.7079096779734305
-0.6202113349088835
-0.6517870277135925
-0.6291144661564679
-0.3911164625342405
-0.01587291843818315
0.024659749513294305
0.1499360318881076
0.15376125365141005
-0.053121697174275104
0.05566640026958238
-0.11860697615733976
-0.10054796019499199
-0.27698020416554725
-0.45612692449058073
-0.3410397323269992
-0.41288781076633846
-0.08033932133490006
0.16923684937976463
0.1044373683614958
0.3658720602378352
0.256049941249853
0.15674109010539453
-0.09929640079386579
-0.1943818970527388
-0.5540725280956175
-0.5908004740662842
-0.5189945440562691
-0.4461107389328365
-0.28968576023905823
-0.005663409988100856
0.03505728952555398
0.21158529231436082
-0.08001543939381096
-0.5465235089675161
-0.4873481537408396
-0.4378865280166849
-0.3755794819675832
-0.37403639233279534
-0.1351992313268232
-0.13018004213652545
-0.03726726312260441
0.06871799717277495
0.08623821192670034
-0.15938923349865022
-0.19211088888701242
-0.035106951790180724
0.2574377097162009
0.07447012490968356
0.22081023517733922
0.5153929773540741
0.14356764703082645
0.09749523445063421
0.2915127905043763
0.3665177702626705
0.402960380299886
0.1671985994378559
0.46953358514823695
0.12904061749573933
0.11034022948518263
-0.2057834260036677
-0.326321800219218
-0.031693799268948906
-0.261838225474887
-0.16939592409786614
0.04566927885878577
0.2695981492673774
0.17190858023326291
-0.21259908711525127
-0.2576365291295793
0.053386141734795535
-0.1374890065028763
-0.09035756481102214
-0.06527281106849146
0.10410321572142282
0.11613449661358097
-0.19333389198910117
-0.4507513015113046
-0.31658117212361747
-0.41555454281222104
-0.6334523767746297
-0.8154228554757301
-0.49254879580612493
-0.6932199807412748
-0.8219574949564736
-0.8676729232828996
-0.8701939273883935
-0.8368640911976967
-0.6172763624482337
-0.2746877442211573
-0.07833869986892178
0.16508617783669327
0.5723038679340378
0.11424364939817129
0.11161627003044888
0.08549769190439097
-0.060185230049409386
-0.3173863983596051
-0.08264465177319628
-0.030659328317020788
-0.23545404226374225
-0.2934424643286782
-0.26541864160778383
-0.09925425577120398
-0.22191131573812242
-0.03767939344010469
0.3509226585306248
0.5785605155210969
0.5961720757011046
0.527007776581128
0.2919786948558185
-0.23752017080988994
-0.3168967621175928
-0.5291252076492063
-0.584206596010531
-0.6892729220238494
-0.6608124688190915
-0.43532085589894104
-0.27366708285647207
-0.18450140422201333
0.14480489191358062
0.19346304935473949
0.35511691613818164
0.43015504415602285
0.5385641269622675
0.3602525333900134
0.277486490865297
0.034802260012603364
0.23299199189622813
-0.014906732826959179
0.10834121804877705
-0.12677009529973657
-0.047916191429021836
0.004619016547594712
-0.31850191513850057
0.06591608603070516
0.05831472763217017
-0.2082868330836933
-0.39622110585649817
-0.3230630250079426
-0.2512269886432426
-0.09860944044965869
-0.14099884774316543
-0.27013799704324387
-0.1041875327440328
-0.06383153951705717
-0.10588319088356382
0.011315032829681637
0.0831685104619709
0.3178127846955947
0.4375522253033588
0.24224305059610077
0.2875063209159214
0.20510662533904125
0.03502979276726155
0.03986580114517362
0.08550640863484857
0.2526921079181777
0.39541118865028213
0.6835895800932241
0.5860375106300975
0.7426055676618412
0.7672495970333114
0.5495161362688581
0.3316990474951973
0.36612053056792143
0.0025181720467925806
0.0766122793815433
0.2922784290598934
0.45821390547265717
0.7620285420265296
1.467378578023696
2.7479842564889845
0.8308790377885419
