3.0398343710138342
1.661771746931935
1.1389045847048611
0.7726409190759461
0.415701940185363
-0.21053674675322068
-0.3183419641696128
0.0171728167797715
0.13013486026356813
0.28240917112797204
0.43505176518194305
0.39460310194406945
0.22973694985691356
0.05398384206128116
-0.004817401219320118
-0.2564494706526521
-0.4205699152469458
-0.4010787821608144
-0.15922189200096712
-0.288847503398408
-0.2545534804230976
0.13783426759880069
0.2701553682195584
0.2796163210780496
0.4706086025050765
0.2730033987748238
0.10411110321610534
0.20109574171345335
-0.12633788549610353
0.05896220913020146
0.23778653506623532
0.16885475970397545
0.3445277706269847
0.2976232061318229
0.5742503565059788
0.5173049931257802
0.20938361433645644
0.32669123339544276
-0.10657111868653629
-0.09074786694978505
-0.2655899912582219
-0.5743509692325104
-0.5471469217125216
-0.6965832683777746
-0.5883926413268892
-0.8762707330729206
-1.0441206286861482
-1.0216465054626889
-0.9138541858457534
-0.5770913190640289
-0.39030380952483057
-0.31397220086273486
0.15681436518807074
-0.03751473775143107
-0.16370762700888222
-0.005637788156439257
0.059249219742769345
0.1021386657746162
-0.09410898245791297
0.1922018190344534
0.20440578502955994
0.07902013174594064
0.22882996536263303
0.35548314869335934
0.1374713500435472
0.00033128551601227
-0.0390189226739454
-0.09260680734781307
-0.1282957906056767
-0.0746883694535058
0.0417572689423611
0.010631017109875716
-0.05124169445937308
0.2991464037343443
0.23219094429723972
0.00531498228772565
-0.01446200130900943
-0.27036270387786737
-0.19076880874666588
-0.5262427694564185
-0.46618709608390957
-0.19496442411747514
0.03687277786155266
0.23202986304219872
0.2708597555757853
0.28390904272036643
0.24210347522869888
-0.0032420067890544576
-0.10878508383179868
-0.09543768291731224
-0.1600048327167735
0.011152085297105528
0.007854946985789727
0.16024287563080525
0.33512712866151845
0.38533353773713686
0.15886055616263803
-0.005790231545513362
-0.12115403731523816
-0.25855330130738274
-0.2051779385055135
-0.3374861282159564
0.024439797746472595
0.2694520913338896
0.2816678724346523
0.40922588747620353
0.4973809196462316
0.3279363487934717
0.18071776082133134
0.08651638136526553
-0.15059905871079815
-0.3537735813479157
-0.14971355664026229
-0.0016556743690348942
-0.13874740780376688
-0.46396334220568636
-0.4101160273948269
-0.2811523497417712
-0.03624948322105341
0.13436848324819883
-0.02930924615786407
0.24838353507452096
0.09363704642796365
0.3037732628748034
0.16843144125085266
-0.1807608393246644
-0.2408599539512607
-0.19622772917040368
0.33195186058091797
0.6584165228558163
0.6683007421485729
0.6066986786581392
0.5021280585023911
0.29167934559422726
0.0883740998560279
0.08487956715506506
0.06970624364006944
-0.0367211632145959
-0.24000123951965374
-0.1380036465248533
-0.05532962533330127
-0.09960141914621608
-0.5701639657719703
-0.4696028006228962
-0.4344629652674621
-0.06012967328735352
0.1555078123243954
0.17278200522759263
0.4565510212814389
0.6329909838740162
0.5042940241615822
0.33431689166965894
0.20984483559632705
-0.14804253805976778
-0.29718364041282497
-0.20323809126160192
-0.2260954670119249
-0.38708684237562735
-0.5887941250225919
-0.4743543074128027
-0.32313541266080104
-0.09103537926259558
0.22918196783825084
0.17735128213708085
0.3685452499006727
0.20146201609112238
-0.08302430048924454
-0.07708629487321167
0.23493949543501152
-0.2796288163248411
-0.06427524274354622
0.1628554856583932
0.3774163547474823
0.3206012295010127
0.3033977325701714
0.06465263863489523
-0.08862452019956124
-0.21506814318101494
-0.08904851508238472
-0.19568725011838295
-0.10794881663763777
-0.2909379369408121
-0.17087398413595936
-0.06540131001205811
-0.06281627935667444
-0.16871684427962907
-0.14873142844387052
0.08230806890770363
0.04886708556971586
0.1212797988077336
0.2063021327553935
0.19603523773444115
0.13930806129290016
0.051863717462805464
0.20518887586171855
0.12788752131541797
-0.0011701601172792082
-0.29242427241307306
-0.2670397365053157
-0.5001088277490356
-0.4127572616501212
-0.36452453930461415
-0.30262195935996283
0.18620879029397416
0.38403837248236083
0.37844925998374596
0.31877596386526263
0.2579080442701531
-0.014285896058051193
-0.45109271437273313
-0.6057377249465289
-0.7837013798730023
-0.6845160225929998
-0.5598265107014241
-0.19808486829052271
0.42858174062047927
0.5074730494711855
0.40659988033260663
0.4003977590953464
0.20281110827446544
-0.2769137265006589
-0.4313472359791371
-0.2394748875664466
-0.6518140067439249
-0.663877499152565
-0.42531376464063364
-0.360268663670055
-0.5138794527711302
-0.35648303556901073
-0.30724532137830135
-0.37846348757525095
-0.4159745322456968
-0.5985867692039598
-0.5075217998336453
-0.6954083945120325
-0.5499490667002332
-0.5082387572070863
-0.5367279099496661
-0.49487567146600797
-0.2651368209786572
0.10040959555435414
0.3102070236421591
0.22394989378151295
0.39706779898394046
0.46283370161480075
0.25820330035817834
0.31223768062452967
-0.03673393400321519
-0.20379277611522845
-0.0561406232860093
0.16245741559195007
-0.13427121036685305
0.002725493901871901
0.11253486750736655
0.02157233732488195
-0.2686153411606661
-0.18332184190975212
0.2203840042978591
0.29891830208176984
0.18766974411194548
-0.026943451201721487
0.08957774537676291
0.4266269505466679
0.6077818943155237
0.6013502640887403
0.5958729926899051
0.6369424735201366
0.7700170549848296
0.516730630670406
0.3041404764901811
0.4676061475463623
0.23934498722605022
-0.07532523717316456
-0.18892049998452262
-0.1894198138777176
-0.26838183609286625
-0.4454662680576676
-0.3644239271390261
-0.15970965138737755
0.06575010008476467
0.14694598584726568
0.19537273845172132
0.04829746053122262
-0.13905127039266507
-0.3245318102890692
-0.2568265118193814
-0.4401786861684829
-0.26890803445600764
0.11061505049449995
0.18145754793920063
0.06371270214658056
-0.04521213854141804
0.17647553034468372
-0.039203763415965064
-0.13919079679444213
-0.04246805937903228
0.015232986747438292
-0.06261874382633131
-0.10772806456387277
-0.4042051445310151
-0.416930436672159
-0.17501698134389224
-0.0383078842201995
0.12755897586089013
0.4953890123218641
0.3959876720946625
0.4044356625017927
0.10301733277230536
-0.2185508227759804
-0.3127739147722434
-0.6158325714364277
-0.5354947070840246
-0.15288665744010063
0.038742164445317716
-0.06761971906677211
-0.02077162340002297
0.1864020770316113
0.36270583631640113
0.26633615316282117
0.39073892096418084
0.2612531163149908
0.11122692725678268
-0.10384556155452078
-0.2712904714055747
-0.14305023693888708
-0.09993456148573757
-0.1999041009441723
-0.3374013411576354
-0.36030433973612797
-0.4366372910179155
-0.3090486244268297
-0.20529173851131577
0.08105238108495258
0.22360080243597766
0.13374427185872487
-0.021697679140595557
-0.2714388690843274
-0.488020421814547
-0.34741326697371194
-0.16239779910808
-0.162980286362934
0.17753437860433782
0.2508379786168841
0.5450770957416811
0.6426876945558693
0.6034910270245037
0.44163800884384924
0.2487339734093885
0.015840596238869065
-0.26313291437601666
-0.45108300782569144
-0.23627886794260586
-0.36464241061345576
-0.30850065863869397
-0.15660620401554015
0.12756767715169914
0.04983090629633256
0.12384761296451362
0.4147887880496922
0.15553811666885856
0.234795818035669
0.16805306994961547
-0.05303531800964855
0.11137706061310426
0.12289127444475582
0.10535185765171984
-0.12971603231298948
-0.06002022164689817
-0.021313003506944206
0.09350218633749084
0.18156386793716273
1.1439574807247437
1.9091752476234352
