2.653488128374064
2.8860363490975853
0.998629048272748
0.4369579733228539
0.6992863903196072
0.2759977149621565
0.37649019372337394
0.11841409763996086
0.0940515880586281
0.21557042474802435
0.13569394282086328
-0.013159921808668578
0.10550886102369901
0.09634560702806048
0.12349652586840608
-0.06562991283701512
-0.20458866181864055
-0.1552177883822397
-0.2480854004157976
-0.09610369237023947
0.16918856213278863
0.04923153862935648
0.15525286067951224
-0.04023785523811475
-0.1866181069942513
-0.04346965847894479
-0.04581366507555164
0.14057506757956675
0.2718932605424593
0.08106890603430897
0.38938188736711093
0.49938524528318823
0.40680395559715715
0.2051221137901222
0.21811965579892156
0.0745183682867257
0.17231839489605089
-0.02923850654112641
0.011133071734877919
0.06469584260749234
0.10458887665410962
-0.032529356624895645
-0.30480753129262056
-0.18738135575582024
-0.17012852415894267
-0.08580181773681451
-0.2082059159234667
0.03582221960396962
0.23687989826924682
0.028763371596583213
-0.2175397224750585
-0.16248753525522247
0.05294822863999955
-0.18195017519891868
-0.10432089108677568
0.07268513500041818
0.33796413213922094
0.2835038883022064
0.3991421245985546
0.6631615016603897
0.4031143952892286
0.13027535460174772
0.24879394047465067
0.2881785809231106
0.06684204745270063
-0.06435818015097886
-0.07744763337212146
-0.025252535742535474
-0.3382584140999289
-0.48671939879113896
-0.4111408332794082
-0.4282012090030612
-0.45192604744307896
-0.4699458643093125
-0.4117005465922844
-0.2670999341062828
-0.19528430789050666
0.18170101955290485
0.233004759444555
0.18238851653933325
0.16855465741770814
0.14992637425256247
0.19787989789742286
0.09302061022423397
-0.23999482598637162
-0.435261721316271
-0.2687323952358995
-0.15542762053929404
-0.16283524590288387
-0.04074765266430174
-0.12466580145358135
-0.013221399856954065
-0.016793503811284378
0.17123785701787683
0.34591326224304875
0.4913170834628796
0.47400351389462875
0.5038973707322881
0.33275646797987757
0.12951241213682957
0.19517280555220662
0.07991415333456138
0.11078308847561866
0.13607868511555782
0.11373735606452264
0.28012922775055665
0.24270494217524127
0.32312976953547545
0.4159081277532249
0.34783432242044066
0.35454076540907403
0.21169141367608216
-0.10059834056018954
-0.21485993449949994
-0.2282042980292661
-0.44714344286792
-0.5532461194247498
-0.22228591752358107
0.06231290523699043
-0.0024421465531515077
-0.1605918273032217
-0.029352038064745456
-0.016152161221057997
-0.15328749063658267
-0.2718501643568779
-0.2314507077021417
-0.1260229551553189
-0.2900748343616197
-0.5273507672457978
-0.5138682106698743
-0.6830584040552508
-0.7296195390264835
-0.3705452770916569
-0.39818882911332476
-0.4795019224317127
-0.5584977102913589
-0.49001654705723635
-0.42517715059438577
-0.34198803384994597
-0.14135729017344853
-0.1646042832857564
0.012663034658294497
0.2535010947850795
0.13452357944158158
-0.17150805168616354
-0.18170482258150006
0.01708112830437302
-0.048751208840742674
-0.09040000349166472
0.01498260101543353
0.21635072452556361
0.22927516253402044
0.23297444939358136
0.16556590948250735
-0.06284361433544092
-0.014159820179233146
-0.15978740562705582
-0.07114773715703424
-0.24663350925538116
-0.5834588379722275
-0.7223504545978207
-0.6832531245061719
-0.3908248167503874
-0.5679049773588334
-0.29943918437832956
-0.25315976000634977
-0.3336932466681042
-0.6392234669168794
-0.5068969944248285
-0.6711603255617264
-0.8873444455931951
-0.7091464472051623
-0.8022824225926064
-0.7756510052939238
-0.8030929717112915
-0.49886537266104436
-0.5065300533512411
-0.4336949530522983
-0.32044734406707914
-0.09737952016865643
-0.23284419438953707
-0.14121701001434206
-0.11516823227446994
-0.2180079147948398
-0.21428780714871637
-0.06821175721787226
0.2699554940820943
0.0908812295317006
0.34915377782755247
0.34408978947478097
0.5844690137677482
0.5145210782647142
0.4454400716316413
0.33870402545764255
0.3487570738672016
-0.028648780188231873
-0.11534014372641968
-0.18714079199621766
-0.23395497008218233
-0.17474226908345786
0.0306734122633002
0.04026172489560079
-0.19263511852939655
-0.35219634556245943
-0.46428375289204693
-0.4272806813981123
-0.1927007150696415
-0.1936402053890921
-0.40834674280990313
-0.4033932490836001
-0.2451565642748645
-0.17993340407328975
-0.29072251916234276
-0.22183828302612613
-0.1778524852249649
0.08159071981546628
0.3558240658738247
0.3035393528875134
0.3781354843917532
0.46876325649217365
0.4582604559113066
0.31790550777095455
0.2641104283145022
0.25014780475568404
0.10386729806490186
-0.2351496944833461
-0.24053520033112255
-0.2210326991591755
-0.17832314243717096
-0.1969726435809858
0.0001594650667889395
0.10579752900890683
-0.1525229663059968
-0.07999110702429017
-0.1679214402900586
-0.3421141898310967
-0.40099321695898227
0.07843783507611213
0.01521496168990219
-0.3037676891445325
-0.22513167825145278
0.22453433659028313
0.08073616425486671
0.21105326021376047
0.3694476051226105
0.32530300550562447
0.01836287662764245
-0.07575146456394811
-0.026638107352382825
0.014190362372281403
-0.285826099296364
-0.06508112545037792
-0.26649549672734424
-0.3185622116029887
-0.18289757341615276
-0.3088653935199884
-0.23369983269825687
-0.08042806868322348
0.13770291195929144
0.25547141007655433
0.12203284831857085
0.12010779729118362
-0.055581477310307485
-0.13068751797935707
-0.04671476359191238
-0.14533637678731876
0.04089622018682605
0.20062679362185987
0.04422114487529107
-0.31638582997058445
-0.4052883131950612
-0.17521502348863718
-0.19055651507791233
-0.14019998061752792
-0.09629292737133276
-0.016887808882582792
-0.1875937738849576
-0.2547537008776558
-0.19932211492144442
-0.046663704326762014
-0.12863024667513853
0.07735117103821648
0.1388032552155225
0.3096550192893786
0.2793585899327949
0.040469998661335195
0.21192214231394083
0.4089796757011075
0.42525337873481034
0.4892890304625192
0.44519081316147613
0.24976883547939524
0.045780117552277816
-0.16606589537039804
-0.26392778064573735
-0.28126085375984655
-0.4474752117770161
-0.3980920534100466
-0.08058695678405088
0.09514425980176063
0.1523482582349484
-0.2658249477834229
0.007415763737575359
-0.42164587160027744
-0.4397612399536363
-0.2929797253409468
-0.36982460704890047
-0.29571450341837147
-0.38677682489966997
-0.16216510573827125
0.2107931540344408
0.17409429161391377
0.3234633897867862
0.30721021037058227
0.2791534755285825
0.4321331793259382
0.12090166008220715
0.11032129454558286
0.14159055589098643
0.14938401874430776
0.16850618015633775
0.3394816861776207
0.21895903630344868
-0.009956069854137661
-0.23308784733660187
-0.37373166935774677
-0.6096881903771192
-0.7049355310678148
-0.5576521949092232
-0.6802510602501987
-0.686877780956399
-0.6955087913655662
-0.5986854692838425
-0.39621654210833307
-0.38107800516204865
-0.07206809164474207
0.3449356744883971
0.599742001547873
0.6084053294762569
0.4714148227899813
0.5252666687419718
0.5315008137286743
0.14768288055864456
0.055759697444850265
0.3201532270144049
0.1770910294369201
-0.14472935220641717
-0.1242675398883343
0.22894327457319522
0.2969441625430872
0.13721539510237937
0.4037714535764358
0.3681328616040129
0.18340230642085864
-0.17606017129131232
-0.22781977401637513
-0.36941905702139016
-0.49742403906811816
-0.542736781860797
-0.19068762600362174
0.08259301910245077
0.24300346050778493
0.324495217533857
0.40126617500621253
0.32570122584079864
0.43045892501788247
0.20885249178312368
0.2870097521796492
0.17876671792054444
0.4869458150310949
0.49861762309901286
0.5314779245409329
0.751272050458418
0.8723223828725131
0.6211868432352056
0.30634929698255303
0.2675967825776411
-0.07993170165667313
-0.3597565134685288
-0.3521083406935636
-0.18151418127038074
-0.054433417411916575
-0.3020909924150491
-0.3172694159935215
-0.2496478232276003
-0.15221318345729531
-0.3398009178679505
-0.2765114516109518
0.12643869053343723
-0.024937034373430974
-0.1822830112834194
0.08734378279422543
0.0224957037067766
0.12869268702104275
0.18207983122721255
0.45158389394143994
0.5210247268028658
0.30469932644376096
0.26605352840797136
0.3595370943035398
0.3451333650707062
0.022606914750531892
0.036238731071525906
0.23504222213908602
-0.023836509847617576
-0.07799160074125167
0.11426626205183732
0.041234112970612566
0.2349909672380938
0.3220355648225308
0.22119724372443988
0.18575406850141843
-0.00018827369159896026
-0.022524915430925038
0.2548583987531142
0.11655638209922908
0.3207317940575919
0.4669439573552091
0.27867275791125173
0.2587732313702069
0.2622580856223455
0.14866402703908244
0.12926488090029756
-0.2649137844062003
-0.5594359380644174
-0.20044341140488592
-0.29676792184915796
-0.30182457468188645
-0.1462434186886512
0.2516303842723391
0.28679420806368505
0.22496942784073545
-0.03974476268786461
0.12620976937644676
0.07555589971808901
-0.3379448498140252
-0.504046399605385
-0.4393948103976347
-0.14230603043065268
-0.30712383383214165
-0.14573457374835844
0.06558509215875324
0.08491734564314395
-0.039525645831341105
0.012441723512193439
0.12767625828882295
0.10508773865892843
-0.14866830939170186
-0.028279154526545402
0.008482127469951903
-0.07255946673041704
0.008185266826583106
-0.3560516304066638
-0.24176701028310188
-0.19319404954355401
-0.2644157566466952
-0.47787392747524243
-0.36928344358770926
-0.18968763891811202
0.101573675566872
-0.0399182311475753
0.35660365925014986
0.42804230472313837
0.5389084353290122
0.45123806669588257
0.4533953517753048
0.39828396995330134
0.1385241291126932
0.08776023578256116
0.06292439187663788
0.055851096810230386
0.15006511686576046
0.15234187327702
0.09114858026989803
-0.09722329865427194
-0.031919992593215415
0.17038519647912845
0.277504734985226
0.2891960021611754
0.22850239208262682
0.1792548334639241
0.1671340039958615
0.0007073543557539542
0.11551440402235885
-0.11780100718639545
-0.41155012354664317
-0.353952806415312
-0.3315432989924332
-0.2547834387002699
-0.3352527553963978
0.04461470604450828
0.25216913642417227
0.4016757785073454
0.5970279652179651
0.9866775283958089
1.2424968233120248
1.5968645522469576
2.421967987722598
