2.72201718739324
1.7103136356591104
1.0164289463783989
0.7859361024662156
0.39609620260515943
0.32756922434956764
-0.22214549265120162
-0.34972645458548185
-0.08971785676715918
-0.3223948890459882
-0.22782366726134168
-0.16310433411571382
-0.1031086769253101
-0.24975071223522738
-0.2702929438881092
-0.2214145320897937
-0.10734175099300229
0.1313398534071598
0.27250922320417453
0.4408773915932243
0.2501232417890786
0.3464438433734075
-0.014064022445342892
-0.13232388515508292
-0.2680716122351872
-0.21818352661209556
0.058538725364757876
0.000675183201599579
-0.16368973654976443
-0.07514742178544295
0.016403845886037285
-0.17831185825240015
-0.1830955621988572
-0.09998165629633429
0.2615748932952679
0.4034216071621628
0.2945448736746477
0.31376415839461935
0.25410922491557303
0.04145291111518729
-0.11291772659879352
0.102405331277236
0.03347157372512754
-0.2043527387750437
-0.23372509646188108
-0.07675932830418568
-0.18708737893393315
-0.5248853307573419
-0.5084109415381963
-0.4380696622082546
-0.286273171532853
0.08485839269801287
0.1349935181537869
0.47408437320154606
0.45579797797939603
0.3522954787190101
0.241465268108029
0.17370100683705111
-0.17259191700413665
-0.24314541559153274
-0.33687339992837917
-0.6424474851966833
-0.653464859648277
-0.4129778883577961
-0.3105550324811779
-0.4138731032268959
-0.3830933187014043
-0.04532726393871687
0.22395732834058882
-0.050996902140217897
0.019823282926656905
0.3361212904506099
0.22077451609361295
0.11383360177673878
-0.09624759404181031
0.05877045522303286
-0.36210204684126346
-0.611280930100198
-0.5721786774954452
-0.3662779845094512
-0.5644439234814735
-0.47786598241659445
-0.3040324823201233
-0.21947355288098044
-0.3692688852825555
-0.1649245880127479
-0.20604656270881733
-0.2833152170115746
-0.1401363022343053
0.18654733199582865
0.4196097210325832
0.3352522075076929
0.3742791326140281
-0.038472311467641844
0.13139175499311873
-0.19803066678837256
-0.28535321465446445
-0.1274893692635416
-0.03691271754356741
-0.44078770438253123
-0.3193752045290029
-0.4144772135638513
-0.16671297017142933
-0.323405777736064
-0.2516297900392305
-0.14712974410337268
-0.3479204696172967
-0.5164131903018646
-0.1821719681790344
-0.2524095374252941
-0.3673285595330902
-0.46284520840178883
-0.3564594701072915
-0.42729478000333854
-0.5152545575594047
-0.418238024262657
-0.2764145890801873
-0.1716916808210809
-0.3090594931629821
-0.26203448914343097
0.09638049210100826
0.10189188680399561
-0.14131746102980974
-0.07955657552340707
0.12412300499993975
-0.18085617455521835
-0.42016442004158333
-0.29999624809624
-0.20694286492105113
-0.47748253973569543
-0.38702703935317534
-0.3509847466154071
-0.25766222498857533
-0.3022357957891299
-0.27600642803976344
-0.17161617653847924
-0.3207319425877419
-0.7270065093204958
-0.7432452581703403
-0.7616338492319282
-0.7369896417581935
-0.41061261468919313
0.07249091940510322
0.331817835111842
0.47988154758890694
0.6369950606961865
0.5791186365186441
0.3216721062536087
-0.029569854740449757
-0.08852399270352315
-0.1915274717598385
-0.44496855822594544
-0.5195806125840844
-0.42969350440940873
-0.37996617942381405
-0.5003613969869427
-0.3169024979551342
0.0093181448412756
-0.12757709114119486
-0.41902403593696397
-0.5508668681773723
-0.4843873823888084
-0.33800440911514984
-0.29306480114064687
-0.14277732071147425
0.05205283447226676
0.22358997697940722
0.2202988618435987
0.22028298381765501
0.47842793991264
0.5369407860465396
0.5362896828033032
0.17794657349054246
0.24640312861212205
0.19866457588820619
0.33646399674363575
0.35315115425184973
0.3742286681960625
0.28546786461660795
0.24211717733931618
0.08164680287759501
0.13143983039963558
0.009494059692738132
0.11949562054592319
0.09571809291997382
-0.024456899132510975
0.25362607977464235
0.28140729923842306
0.5279377787823808
0.04843486483940398
-0.043647923219400864
-0.35963868278827116
-0.43136590835179217
-0.509129165516322
-0.6912232316584126
-0.46258548148296
-0.39030965663403283
-0.4389711166663316
-0.39261036496835544
0.12258135079754776
0.28368186347218927
0.2982613599269274
0.48708921677582145
0.2100818415615976
0.018510082947016292
-0.06146120882861778
0.13412317795883122
-0.029666390571807193
-0.3594356527890445
-0.3703249174576895
-0.24632165412700593
-0.622555071239378
-0.5418013917355388
-0.5520523363988645
-0.4696546360597304
-0.4140433065040321
-0.3512958132946132
-0.23930886329216994
-0.27539473888186694
-0.3212160540298952
-0.341371828411929
-0.24763984930689462
-0.2732267171147194
-0.20134914905876702
-0.19780247591585468
-0.0954226381434294
-0.19842758758284537
-0.34391267602526276
-0.27329360059819036
-0.21048299394663766
-0.23777548123578665
-0.14362999140893187
0.02329005649665897
0.18598526684190778
-0.11657634799773182
-0.08910791342674106
-0.023749720927667112
-0.20347629980333254
-0.38673315197562996
-0.15065759302726175
-0.17191856630786578
-0.44114648114839144
-0.5501183317498424
-0.3105394186700479
-0.49443598134152617
-0.5437509248069871
-0.22130589028769138
-0.2342016400003865
-0.22504531260266172
-0.2040065417687905
-0.012609510653406337
0.0672750709445116
-0.055391807341773784
0.09526441593850424
0.33830031908218067
0.30327565214729163
0.1845772043793134
0.04000064183910178
0.11063199627751864
0.08568674605836436
0.023116261008480167
0.017984509843918695
0.30652398797909236
0.13767988868063433
-0.14030225671696278
-0.030989519639302982
-0.1760799371612976
-0.3401838025295408
-0.49667301061250724
-0.36031700938508276
-0.310185128060612
-0.26722671840285656
-0.27118144024569923
0.13094673395522774
0.054999739978002456
0.1898032487445699
0.15844299912385967
0.10714622106932108
0.00839467767823735
0.10957669164277614
-0.1285559748091643
-0.020843975177025013
-0.03830092614846278
-0.13296811242162943
-0.39067030672877523
-0.3495378234275107
-0.45086749993517544
-0.5447834063176827
-0.49821343622169206
-0.2856416174270471
0.01857122965352992
0.02981342143823696
0.3792355453507629
0.14623411172374481
0.3164885756521319
0.25023888632172525
0.19359495387597941
0.07175850457240884
0.21004965066061201
0.22465384319785842
0.6528137738107276
0.891421827243229
1.52600217619633
2.847296636905236
