2.4301284124892137
1.0502803567162429
0.39704588871304924
0.006832381246537454
0.10386806341867127
0.0006834846836818781
0.3341444906132637
0.2933379763396894
0.3786646238163521
0.22603485006335466
0.3036961622203223
0.3066960903613643
0.08564520883863028
0.08868889657711534
0.2612686867329741
0.2514356353909111
0.18877000785628906
0.32238341489974415
0.27166802393161177
0.3328054717405734
0.09801155211066928
0.2513600779814459
0.5872794131108947
0.4101038034250774
0.43668072238670314
0.569045387454597
0.4890287537706785
0.3211270491667551
0.2586264569499434
0.2878806330591387
0.4627773187060928
0.29528087326020236
0.2720822649920789
0.09827431755361894
0.09220750366362429
-0.04604632555278908
0.08700334047658363
0.030266412460041737
0.05747568314979772
0.4611832078834825
0.463235171552051
0.4080567671219177
0.43471916196100857
0.38612644499784854
0.3127146723870782
-0.03806123758473608
-0.26845262061812414
0.010861441959563484
-0.1727355991756761
-0.08108445315678729
0.10475176168871494
0.056267020451179664
0.06259460598720845
0.07484015886018856
0.004193499427876328
0.16361098139388655
0.08641280464065801
0.1546822816000883
0.07763210431682946
0.08194625980650701
0.17085116896577351
0.15098668542327578
0.19089726743804147
0.03674113907823194
0.19703366477640652
0.2893558714923845
0.11329586635314587
-0.1477093968234644
0.022293282853287275
-0.25760954204461356
0.13288063632864108
0.21091677388237698
0.17873546739254575
0.02184133154365988
0.32811380136203155
0.5152785170413645
0.21008403950806362
0.3365447399755555
0.5405879120273276
0.33991163120756207
0.2168613805454578
0.340211337144438
0.3475291657389475
0.35155476309357375
0.22626236026899343
0.42970359111628315
0.3435209249947207
0.11604046300254832
-0.02035359730548266
0.2834617495228419
0.3697551095543173
0.29838417445528664
0.39772750027542847
1.040497512024198
1.3320241283987955
1.8789125065619363
2.881097455271051
