2.6876118088067447
1.4989064063732747
1.1697832018624421
0.7662289721753328
0.7871712767926076
0.7372343977301425
0.4388528925066946
0.5488348427984768
0.2042293021858046
-0.15884572421801363
-0.056327331701187935
-0.44362283264683827
-0.5006134606775794
-0.6573674392547254
-0.30002940992172006
-0.22079121289526069
0.061373342057466806
0.2932171694851772
0.7767055591393752
0.9257913879928651
0.9255748596824515
0.8592521375000383
0.6582157561277123
0.5048587008566635
0.27470087556654005
0.3831902733222011
-0.014899942160649653
-0.0005243928111704384
-0.01843746095826044
0.037382067764873
0.04002120593791908
0.2622179571310031
0.4537410369448767
0.24748646928041892
-0.025458176011737176
-0.10269046779380538
0.008842951851196292
-0.1958633592960023
-0.14223972793464804
0.015752490754216312
-0.22121121844631372
-0.3809506376486677
-0.4724817238747898
-0.3865409851295025
-0.2388968833855882
-0.23889216053484072
0.000805942526000748
-0.1927828562612721
0.020228035254672882
0.050052347829540156
0.1570383720744311
0.06663639988986766
0.08759077291590468
0.08100803217730423
0.0832206465977067
-0.29098972066860473
-0.44268311004893107
-0.39213641741461824
-0.5032286809096465
-0.3821084423106958
-0.31147746402072946
0.07438500093530248
0.08518209388441784
-0.027505045222742365
-0.18616030788640142
-0.08940636011511265
0.048386673222948505
-0.1726354974193717
-0.25567811781359095
-0.20030472938850005
-0.13902773082739117
-0.28787495554848574
-0.22871621433318365
-0.4837110819975758
-0.5347319486915324
-0.4686371536158657
-0.3673445735163874
0.061907424371278746
0.11893363805819424
0.04598051231940964
0.20101981574139738
0.22142384296691156
0.38871071832256066
0.09441984448266817
-0.17607702794760452
-0.25776591517265457
-0.02276601566553423
-0.19919943560165732
-0.45732766279144477
-0.4278775588998787
-0.17793370876752518
-0.023877299405785087
0.18130643319090986
0.25415489872044417
0.5703902423155431
0.5200006326045449
0.543860026994633
0.4412349612286868
0.19361165797120342
0.2511955277680682
0.3375385625831801
0.043125674523011116
-0.2614033724803211
-0.4171257722813106
-0.32582438679251013
-0.16469447904200557
-0.10292187243306741
-0.03173479784634407
-0.10578620935781825
-0.11595059518445532
-0.1913080405347595
-0.12313558863559886
0.23370801836667818
-0.09998723236770721
0.21426495609266152
0.21133111108213068
-0.049789762489756334
-0.22449060656586842
-0.24584690990356
-0.4463173370861276
-0.648760508163679
-0.5719037445556863
-0.32159573848661993
-0.4081033370973018
-0.3373129881022023
-0.05487872039158195
-0.0830880722396414
-0.11019834133555413
-0.01432182047727013
0.15447538476123107
0.06542263445681258
-0.038380789843987524
0.08008068464170125
0.03115446426868656
0.20726648937621522
0.038512121483351994
0.15234233194569247
-0.06826949657641601
-0.131510034480965
-0.12598386638492767
-0.4502257580291528
-0.4960539717222209
-0.5594421128719027
-0.6075294354725089
-0.5464215596090884
-0.3812482501032341
-0.034952166273350786
0.14748380097210537
-0.09037909030560129
0.11461806157347683
0.14568225261024587
0.25200836733269594
0.3330477343682781
0.2686926115730521
0.0349143734655799
0.07344895209098992
0.13213839149993828
-0.2131335243361197
-0.2796184441358249
0.280780660542525
0.4853435732232388
0.3815476584124113
0.3242107351759583
0.45614289645928346
0.35826668763410485
0.27841084174582753
0.19283563290042602
-0.19653385089115663
-0.22954120222685104
-0.3630295796341635
-0.4670278472661362
-0.5479167752918015
-0.5680281950545575
-0.6451080937864484
-0.6158022510500247
-0.7348853557790379
-0.8236034571004547
-0.8827793906551114
-0.8092670687152437
-0.3964253858661477
-0.4826374144203724
-0.1987038633688284
0.17094228617940393
0.22109151783027908
0.4368560666382558
0.23314676841989063
-0.13753084138569452
-0.17743650761712143
-0.13244816125819917
-0.07212001449058038
-0.30907027712768326
-0.10266496722376002
0.24203642841740855
0.30920135206512117
0.14898431076528001
0.18204400423051761
-0.08461064527117612
-0.17220499151762506
0.0817072433938607
-0.15078579563390238
-0.35130760376354103
-0.32412368347106907
0.01098323012732576
-0.0410200983808979
-0.1888576577111984
0.08482454010156866
0.20748379718378754
0.27583097335174506
-0.03725438786788565
0.2044119492012211
0.3454302535139816
0.23376066881119908
0.34303780415518365
0.3398164712280578
0.6000382806421042
0.5310964566293845
0.27356157298063744
0.3428035545140705
0.11487703214194826
-0.3506252219354849
-0.32972368379066247
-0.4442092279899787
-0.5267067984281387
-0.5428167911456038
-0.5268999391530288
-0.5055851843996181
-0.6255942891404991
-0.6656728121146073
-0.7672048333460262
-0.460528911776204
-0.6553310015842345
-0.40106703136157096
-0.3491345186107534
-0.30368283620449654
-0.20970395911570017
0.10023292901206136
0.49518454751656477
0.5125065106428953
0.5027374370021443
0.33520790297296416
0.3969316462999462
0.09911696244198219
0.07897342691115701
-0.2901319561156906
-0.41500084336284143
-0.3133600879936945
-0.3655837674588344
-0.4902872802848343
-0.15261199911869375
-0.08331776821727072
-0.2024627004103964
-0.12256595059710299
0.1046460240528267
-0.049958468929272595
0.15006287769936774
-0.014161625729486616
0.11213672363228558
0.15875391294608363
0.10433384678234937
0.3900495986864361
0.2161303953658958
0.1729711782202972
0.2978748999055994
0.4161125294664411
0.12635984197800018
0.32796077160566317
0.16041358097722863
-0.1188979891788427
-0.1471203885841151
-0.28948242805625113
-0.24407579881842278
-0.5968031875435597
-0.5038464121766255
-0.5947664285506903
-0.45937031021221403
-0.45543742458257375
-0.18636796162627098
-0.15274796930319617
-0.2288781230247493
-0.11131624578250336
0.026975439881411604
-0.03213362746549645
0.0334949726110046
0.08009703324997333
0.04640330959824139
-0.21212879186062672
-0.042181018348700194
-0.09243557448339079
-0.22724286203767985
-0.2111225901698132
-0.12054629561251938
-0.2406303426280761
-0.49917560710923814
-0.31613505042379475
-0.5709061355172211
-0.6167726655841829
-0.3743982658786307
-0.213410533096814
-0.288010511531944
0.04081438367127301
0.011196302859729992
0.16042635106704764
0.07586963284560988
0.22762209143724604
0.0903620610104194
-0.0974556569722865
0.12746486054133596
0.1047142150241199
-0.07518372612132855
0.21367404866306897
0.0739157783234612
0.04623728845430678
0.21495411339813486
0.8006068343165043
1.072840210982176
1.2577395956116542
2.5898070284376167
