3.2509130980080596
1.623978192102278
0.8153201813288719
0.07726468598517439
-0.6393315217520972
-0.8199131553130546
-1.205402934862156
-0.494342952993486
-0.5586452264822525
-0.2611201012025316
-0.6264700595051411
-0.06613429593116393
0.15264125029010764
-0.17198078974776634
0.07286118985057442
-0.09964298764928324
-0.4740324049680632
-0.5797048515143703
-0.20936564360020132
-0.25382478953776577
-0.41616371579818584
-0.44617460934638925
-0.6407021943033081
-0.19034858155073853
-0.8639441995726457
-0.7114901767063109
-0.4717718827873651
-0.24411874883343881
-0.4198297876377649
-0.2531590965690013
-0.2929668709426304
-0.5473740858216943
-0.5352549753396161
-0.5536459480403991
-0.6019252562192128
-0.6136357204474647
-0.31958263373989765
-0.0037225529323687036
0.20237924681524333
0.09203373051613667
0.3376128698256255
0.29878337746509065
0.3785082629513403
0.1049771764810497
0.17951056805492302
0.1693665965610247
0.3136752856073856
0.02172536880552066
-0.09204008643988992
0.16948530321678767
0.023721992589674216
0.09445498163105251
-0.1269927821636388
-0.3080669700421438
-0.321232195504305
-0.2691913784506646
-0.3414647300732206
-0.1881702597082107
0.12025168515009736
0.006758849124729806
-0.020632414969204878
0.3194778719163431
0.30852552495108276
0.25336110098838227
0.30697156115981833
0.06146721632928406
0.08223824646248896
-0.0033020887896909722
-0.06534491460275801
-0.2309886902915294
-0.18296147391351664
0.11635088313112274
-0.03954541669241609
-0.18661453522166344
-0.18979523587668623
-0.432471328027509
-0.8924303793101362
-0.6087357509501615
-0.5194930686289297
-0.608522916137693
-0.5755941617586984
-0.26057140516817906
0.40287513421898563
-0.0387081914369714
0.21794685537394243
0.33281811186434174
0.1862219567204961
0.118679787314042
-0.20563107171248493
0.20088898952570608
-0.48175415931946636
-0.259951141818699
-0.36731197247750014
-0.41902639223054455
-0.36993344746196494
-0.2527829341496918
-0.11853722357954453
-0.05159728115319271
-0.22784152929474982
0.006431388416588831
-0.5767446473253761
-0.4748060986016432
-0.9902913272536473
-0.9961126951369269
-0.4695452124863052
-0.7220372499800455
-0.4330309253889512
-0.20608932117756087
-0.1674221165766908
-0.08614676719448008
-0.24607609177443146
-0.018070413296439186
0.13314454942788137
0.10728663058228924
-0.3709566123682117
-0.1029427945596914
-0.18746513002254886
-0.1236283612508076
-0.4231654190068
-0.041284061787664215
-0.12999157344157466
-0.3165813705466886
-0.2110217803530063
0.006883000737037229
0.2282513736189907
0.1303115034415813
-0.11993939999346412
-0.1150785377206232
-0.30823290527374264
-0.06389464385379456
-0.3309536126232714
-0.13676399388873825
0.07583214076778058
0.22448932341793731
0.2081551087419778
0.20839298425429065
0.22928059056730457
0.03476704245994624
0.1938497876588121
0.04043296680881725
-0.29690028863383716
-0.2765448028726852
0.006126867873856548
0.24254046215489866
0.2926157792351871
0.1321440947046317
-0.11188307105627734
-0.19445490136044036
-0.4643319395516149
-0.4975025397335273
-0.5727861134505565
-0.7631290066482506
-0.7763046634239876
-0.66397031447047
-0.6236967330352913
-0.621770892753674
-0.5635833596426656
-0.19706848944584437
0.26143608982148775
0.21741798367441156
0.3793356351995643
0.46059109729907866
0.21585118880194393
0.27061203758939123
0.008050308111799001
-0.11177740953905567
0.06986593110224905
-0.03746217236200934
-0.29769816032563734
0.08171895596139905
0.390131027134249
0.2649813234388574
0.21193647909085292
0.2551857996090924
0.09755749749750757
0.3054914829353516
0.2656483519490561
0.1710324775055364
0.2115878345618967
0.03787522066258142
-0.061711204125322446
-0.07447486259030413
0.05445734902885778
-0.2832633042625805
-0.5357607787086752
-0.4584608363141163
-0.21367508336160013
-0.4613602906751301
-0.6445058383103179
-0.6530233836434405
-0.4560712758052835
-0.5243955092294265
-0.5256838454355361
-0.09818190323264303
0.2983265542432567
0.24157063361254774
0.4077176026791918
0.268967978359839
0.10642645026708299
0.07464183945638402
-0.054230569897248164
-0.10613398959675985
-0.18516004413482354
-0.17082702420178156
-0.14673997783315337
-0.0628929908137355
0.11216730037814826
-0.07131774700282788
0.18720934230912453
0.4003705113936346
0.4889232915025061
0.23761558014290837
0.12700271912537617
0.07659321070750409
-0.07656900392482123
-0.11239617863207424
0.076759067940573
0.5467141199674589
0.6287788693264941
0.6093577262635262
2.1646468870823528
