3.1284209116340267
2.062989888736271
1.1804646242247718
0.5307408965731999
0.026945451198113944
0.1800018098818655
0.6197587525327468
0.4959632654396097
0.3532865380849011
0.29822519952907695
0.18307760282358937
0.3342355959735099
0.4756547889457138
0.5905624784941825
0.26069925215216716
-0.23489465758554418
-0.16492441103678257
-0.4484555495792071
-0.7222285734388807
-0.5706290506675933
-0.7598044885998165
-0.654429857548318
-0.48560581906127387
-0.259428636967591
-0.019754200266204204
-0.16855207218111992
-0.3231531431918533
-0.25845354832000556
0.011559044078855073
0.23578175954270653
0.2741265892117951
0.21422934143567743
0.09057396161304636
0.3117434356059444
0.16792507281953167
0.021780723851128232
0.19885619693762202
0.19390987568812493
-0.13681477513767273
-0.2573488281461352
-0.14045545084796107
0.09146860654033159
0.003015643516269524
0.16590986417782128
0.16981456434642714
0.4505754825679592
0.5750478646167081
0.3250781756099355
0.19258369780608844
0.07371562773613953
-0.2936078308384706
-0.31837840384545524
-0.05006418363401384
-0.06775202273056007
-0.07768385114980295
0.0762014330805438
0.0879994807081988
0.04595928059201816
0.11797766139690521
-0.016351060637922632
-0.1927809144077545
-0.6596487833226058
-0.7111741850872829
-0.7942518890222728
-0.7284859121704274
-0.37478723730600405
-0.11642873243585672
-0.15194332066217534
-0.2939582179236346
-0.12971488438854908
-0.058225937604856684
0.0015128797782571392
0.0011884965020728631
-0.08222310748037635
-0.212345772959441
-0.3388572362592715
-0.3276011475891967
-0.5156653603827906
-0.510366649931483
-0.3268513774977107
-0.3082276310120001
-0.6118341804660197
-0.43595270646179357
-0.25292711338445956
-0.3635763008592584
-0.1459004363439885
0.0638450035328453
0.18328062810061038
0.07955644443099832
0.10693414008344422
0.3955656973557432
0.49698575619423646
0.2916710792035771
0.05427884811107814
-0.04122107385428536
-0.36293179458605135
-0.5156655188008303
-0.43218526783134953
-0.09617835308975428
-0.1860668194204689
-0.05480275874859566
0.19498819532871497
-0.029325685550437894
-0.07389851867370648
-0.025272448820789252
0.37737265264949216
0.4639967645884245
0.16609778366513203
0.3600877416530071
0.6031994785802433
0.42315794728221373
0.09709029164764636
-0.008892213085182158
-0.229246340458181
-0.4781122980155972
-0.4775757670528674
-0.43855461396443046
-0.3710749443196621
-0.26692211827156903
-0.30880175251675906
-0.44279682140748056
-0.5729670590099794
-0.590129332681538
-0.5245693656084094
-0.40062847459024475
-0.14791302284568408
0.06373646025722651
0.4854565926519707
0.4757391439554373
0.4698488878597348
0.48739744396015305
0.42409271125688863
-0.03197671272549806
-0.1491645288194157
-0.06560630597329531
-0.08389169628702688
-0.2875311034959644
-0.26189746493707644
0.03227801492485813
-0.17858640874697848
-0.11938218347437664
0.20260210562114064
0.34778876725215363
0.19973151694980387
0.19545595606756264
0.018885797847549752
-0.36343479874920653
-0.6499823371066228
-0.5271547799750372
-0.42362052183953675
-0.39477398370189093
-0.35269164967487776
-0.3065181568406632
-0.13577145486603698
0.12022316523649829
0.28145360886831255
0.4817986307416726
0.6577597691201501
0.5833622284019339
0.3767632432192626
0.6837079206247123
0.6347945865569358
0.511254357673781
0.15763464632153204
0.11216431223979248
0.2975026765647021
0.05834995484853577
-0.03794220053817389
0.3761920415239173
0.33072563024970697
0.05925929638225773
0.11454909834523552
-0.19006122830629033
-0.20159288797440086
-0.35584850762100195
-0.1947069426138816
-0.3022805369205096
-0.3429358561685432
0.017299163783086418
0.011283856702455332
-0.2845163316037284
-0.36928139555463624
-0.08919609830989933
-0.2957083730149129
-0.5610003028561351
-0.3352827275608098
-0.4210053290636026
-0.23042700698094618
-0.08472567868300325
0.025731677320628074
-0.06103145356360881
0.07864328178588896
-0.08991660573152084
-0.1695248150664703
0.04184395019041151
0.3468919678533233
0.24831027130991817
-0.019050859875844733
0.08176706404720915
0.16813079539468995
-0.13565446676730353
-0.3582145783587362
-0.12601324799586233
-0.15564503043410352
-0.3727882836282837
-0.25312837965658014
-0.04458877730358455
-0.3030438339961669
-0.09561064389013305
-0.05810562781175828
0.15483981775631983
-0.26711407280649996
-0.1262938342164444
0.25349111578028266
0.5854680223353673
0.4901246467395083
0.4279386049681366
0.6579202773962785
0.32691266718211215
0.013475654381536192
-0.07765373178239483
0.17552357695526552
-0.08616002886540651
-0.06512732469501935
0.2381908906668829
0.4028890297698186
0.3619987863535817
0.1984019105657304
-0.15864162430366124
-0.10272718118601094
0.05665137672001749
0.02583698655437161
0.344283448493691
0.43592401088880645
0.39128475440432126
0.15587205606209095
0.16309064362261846
0.17980813079240046
0.28002685818954104
0.10673841844335162
0.41205239622137757
0.6314948381451203
0.5808061907171637
0.5131053220988058
0.4237977638439156
0.40261172759682684
0.14915657306988536
0.044113182617636075
-0.2111006267217785
-0.39284463942712566
-0.33972283237669815
-0.2604860198981168
-0.27715929390235294
0.13343369715028683
0.3606825114989632
0.5328790282773054
1.8457668356342596
2.8130477395931033
