2.6987236379895707
1.6368165143277913
1.0692979594268128
0.6092245942358677
0.5062419913195807
0.6963056825149923
0.4875874241444393
0.4741853519171262
0.6905668534355517
0.15395148583592683
0.15043991526705527
0.3689035449066546
0.37357980795391543
0.407422287083402
0.277056849367028
0.3628134960948116
0.4368182305613721
0.2947287327580352
-0.03606103509541356
0.08551988752328014
0.07451403515178927
-0.17348981128256472
-0.2009947684035472
-0.02961167469617496
0.2638190644192184
0.003626003977475305
0.25138542373708717
0.3278953643278613
0.3531738425757797
0.4590781509095719
0.4525623755643012
0.5204387579973585
0.3910986825606747
0.6782979843953569
0.5999464598628915
0.3298561671635133
0.5974135318161349
0.7442459860783626
0.6364985448525434
0.6898524171196602
0.5499381468260923
0.3904341146324411
0.10912858848775693
-0.27669093364885977
-0.28946254585540204
-0.10017416195670462
-0.17115091557374731
-0.16640054577678
0.12870538682066548
0.3351047949710901
0.2553599530470816
0.14150532708763033
0.4917401772816242
0.32694198357179877
0.16289050124456964
0.3570256491561465
0.41792252003879793
0.46967693800004523
0.3406184989624883
0.4600431652837811
0.5864959303454231
0.5116026396153381
0.32246488300004716
0.291281304635939
0.16527201908383982
-0.15649787546155933
-0.1978629486438305
-0.05579023381392781
-0.1397266164933999
-0.28212750314051716
-0.20260579071194584
-0.27311601245317496
-0.37119388452467084
-0.38796632646173285
-0.18333656309095245
-0.183934068510301
-0.21685497874329202
-0.009307062488160892
0.11163191386567682
0.16734768448080453
-0.06235725243738618
0.057902379694839134
-0.04870777335099356
-0.1704931981387193
-0.1804609806274063
-0.31127125314268933
-0.09185510259551405
-0.2928016464719943
-0.5397435204453672
-0.43208195108861913
-0.3104617497179788
-0.3864152404216761
-0.281768321215178
0.13360459419078413
0.11464104542397124
0.113275428901053
0.21839331193363926
0.4125880437204069
0.30647999208842724
0.08833783839940494
0.14461630948246612
-0.11069377672640257
-0.332655341847001
-0.43105064160670387
-0.23468295549723722
-0.313341577266238
-0.4143633670887537
-0.20052354280146312
-0.09433558512482851
-0.3564118570660736
-0.196701483872395
0.07914045819369847
0.14628231531936042
0.4119531946691882
0.5068280992744558
0.7006569183092465
0.5657274654381683
0.37298737694755446
0.4861019127040308
0.2181374634971504
0.035940590828531904
-0.07101442596527736
0.05273461520109762
-0.14114935911782325
-0.3206239455575575
-0.03693445717970514
-0.27335131887091524
-0.3639597695304405
-0.07140569457349609
-0.06556575658631789
0.10807970150838982
0.31360158115635833
0.380593610770397
0.5181355691794206
0.5910029297599044
0.22496098108764662
0.16407284950362333
0.11496471316615203
-0.1051344134239839
-0.07559944821034839
-0.042578427653051906
-0.07360695512534006
-0.34083262387235863
-0.4107396144057593
-0.2782729122946221
-0.3943643056640134
-0.6157337579959288
-0.7098294820003541
-0.7305436425092108
-0.6773197836362871
-0.530251423343415
-0.22651068703025273
-0.11160661428360555
-0.06336043618274628
0.15337094098842924
0.21345925733123494
0.03697344819986
-0.21791812758062226
-0.18205279471235516
-0.35231907160224984
-0.3811136594771081
-0.4478003268383539
-0.23882251783705594
-0.42688133336094874
-0.21608746525569666
-0.012452274922050399
-0.1506794806602677
-0.08201182805165666
0.4649116623234512
0.29928512966858334
0.21816706476412234
0.36237633509514755
0.7086192145332191
0.4742515346606539
0.42320718315097033
0.9457562736422782
1.2444131839758044
0.766731995009596
1.441380367552783
2.9334567343016786
