2.5820859076047884
1.6245964194621232
1.098135669166045
0.5276978775182166
0.19593561055224779
0.2124427143635392
0.6588495255445981
0.27184768979157203
0.036069230543837434
-0.023207880067484723
0.21469975503703978
0.06929520480676843
-0.17100463381978231
0.007658546296604763
-0.06798196972893561
-0.294881565905224
-0.12260814961416523
-0.21651986276060475
-0.1586057177636432
-0.37461870832908334
-0.23060535188910064
-0.23498759191767904
-0.07020809212858659
0.3942439126376386
0.32838660032730693
0.5016780386496305
0.5842014257535778
0.35073871395683065
0.39667852229817874
0.4704080635250294
0.48252413104353536
0.22870565015724922
0.03050367870897118
-0.0228809269686824
-0.23293898090823362
-0.2744175178777626
-0.4018552998637805
-0.36463352957000555
-0.1602745607563441
-0.17941916052919724
0.024823121735336334
0.038889985346079334
0.0055543035256126055
0.2954487950182863
0.1349741246075419
0.35582014682766466
0.10547466828695926
0.24987470546804086
0.36086573917846176
0.04664102808013698
0.012966909605138592
0.3172398033870918
0.5092580172282998
0.587550305536781
0.5410006280518509
0.42427855601034553
0.39630831794686844
0.28333981478475245
0.1468607693663203
0.027077725386488765
0.0355070243914991
0.2144892008107068
0.25736912941617734
0.07519692151915254
0.0975847815647833
0.25149552219140076
0.11843697877973497
-0.19098069292646508
0.0018440694833597292
-0.1106097555793769
-0.3008772627954756
-0.13053586345778267
-0.13309886115462705
-0.10127718733743496
-0.3423997870607778
-0.23721800534473056
-0.26451510968938446
-0.1990574710857273
-0.11860208372499421
-0.169899485621677
0.059992879394550815
0.10487336867775696
-0.04473970436347622
-0.11199327688350126
0.07292954943810954
0.16581921685565648
0.1566340611294628
-0.038188126766046986
-0.2390415646579989
-0.17802501068753268
-0.3247757287091867
-0.5054591975501279
-0.4629554196345248
-0.4192726553481881
-0.3266123175283094
-0.2971550813905154
-0.038423467518614626
0.04833204510781522
-0.09817372803456989
-0.2998699276951786
-0.3149120588045343
-0.42097839171574986
-0.41603900535657656
-0.12348215791868604
-0.07952972031563349
-0.1356062149299492
-0.1764884682766069
-0.15532500449385328
-0.2211948594256389
-0.2702627425918467
-0.03597898245394542
0.1875380121984973
0.15274603096615405
0.45215068996946667
0.4101689046298775
0.47433507001199254
0.1371297591705836
-0.15525019729983405
-0.5004325961128349
-0.6134484321546242
-0.6233973252862712
-0.8205821126733328
-0.7513245343844536
-0.704429578688741
-0.5258465302935713
-0.13569610160427376
0.029822882574979587
0.20024414882065497
-0.223436612012673
-0.13990983790090997
0.00676609124678336
-0.18766053570295083
-0.1304051779918858
0.1984397776038136
0.42164888201023015
0.5175918293895208
0.5734122946006346
0.6311198150268377
0.4936916065720478
0.34548674960571574
0.25991435129067714
0.3010343038465897
0.0844361651157156
-0.20745108157619593
-0.10575536368956698
-0.1699514595366121
-0.20682597865539212
-0.36279287125465975
-0.1692746446414007
-0.16714956253854144
-0.23052677207392677
-0.049115049676113916
-0.05160131609666667
-0.3028357103201609
-0.21219884614394563
-0.25681040703448876
-0.08596228464795927
-0.04341603811744192
0.013241722616460372
0.36280584086194284
0.5194012765158449
0.45884726951440175
0.3477119353518432
0.4665427993557457
0.30676948247016117
0.12110887715591988
-0.027541702129533486
0.0459850760105653
-0.10822150301164905
-0.0629030771633885
-0.08002045476960322
-0.14307597268008454
-0.38946314499344264
-0.5388223231177778
-0.5162183411541749
-0.2968423780250623
-0.13196302944082508
-0.07913434246673508
-0.09349148203722266
-0.22697112955177887
0.04049465623560279
-0.06208030358872123
-0.18828992406113465
-0.15133753558550328
0.012783679398795275
-0.43280478632625247
-0.20043581597340496
-0.17890517867800063
0.1869780090635821
0.1857836157024389
0.2764127349249523
0.4151626591483113
0.3871142920398217
0.13564623935017292
-0.039494131368709336
0.17948083544282406
0.19379788340661527
0.061643356088021586
0.2166420051946608
0.22957995088131197
0.12451243335116595
0.22408381256236334
0.22096260947835747
0.21029161573423907
0.04941410482998112
-0.03342132367342636
0.026896793803976235
0.1842565443828954
0.07783158144277022
0.2483168146954852
0.33706276954827274
0.5103314244575236
0.127035529060362
0.2691321646040832
0.26307627040978016
0.24698146354546457
-0.012842804567714737
-0.15105053297452184
-0.3794052641113756
-0.44853092458439214
-0.4152229030620214
-0.32953772334528364
-0.39897134639013837
-0.4503614124923016
-0.3363456046339599
-0.26254958553433316
-0.3479480798763905
-0.36253174685269884
-0.23114111326978043
0.12124060152631679
0.03254753791383183
-0.18974017055051565
0.11577789308755995
-0.11049683225515737
-0.11564302376902189
-0.03694031141117367
-0.23858179756819717
-0.4061041941831431
-0.5139658159609253
-0.422786765695337
-0.5031849963581527
-0.5366283556968375
-0.2774849520224728
-0.3528847998325184
-0.407076650412474
0.07779787718208803
0.08498730647906086
-0.07061524217314098
0.09188574961878172
-0.04604791017205773
0.02641439527339969
-0.06285790934940122
0.002898733725130927
-0.02144632443447012
0.005653687408893918
-0.24435125345301886
-0.3057827844932883
-0.3762120617184118
-0.14765276655628756
0.2104743723928061
0.34340206488505776
0.14204794670006948
0.2662180842445784
0.2118736897540792
-0.19718712411933637
-0.3394718007211106
-0.22255031818563256
-0.5748203367683743
-0.534042695202179
-0.19048959462848988
-0.040601403767308274
-0.03226469060972362
0.28497134647372735
0.29552403631895846
0.3477596693845539
0.2331904800713204
0.23121425521392394
0.15315980236406462
0.05839697711336767
0.019862998315771378
-0.22284381934872904
-0.0040209596018571814
0.02772802503817894
0.198020935008499
0.07432995628240156
-0.2517372869246645
-0.31827160309592367
-0.4240353044642465
-0.22227796829287744
-0.4022245547181777
-0.2941868561370084
-0.12019927656040748
-0.10498796083768121
-0.30784826293866785
-0.1648188107042239
0.08110241413651582
0.1762863022342999
0.04819757997593124
-0.021670098393637257
0.01812701760645234
-0.37068150201877487
-0.26965414004080196
-0.06024439486793299
0.057199964174900864
-0.04524749276662604
-0.16600873791623214
-0.09879144611080208
-0.2955131566995137
-0.4924464666985192
-0.4236427620149512
-0.5935733895908818
-0.35794709712546613
0.045060819747055926
-0.054995551334566975
0.21425655471163885
0.24326791515845184
0.5365158333267909
1.0291413285067452
0.8474670665208467
0.8580191089025425
1.651586796621804
2.9440515208448743
