2.4359740508132792
2.7157108440103563
1.0203561158452086
0.8129061777459946
1.0459473352662154
0.826496825872411
0.8527980658793566
0.7956060567099541
0.773906941782531
0.3250519451352326
-0.03573740906267267
0.057266556116658415
0.20435731643925595
-0.24591956198747944
-0.23279139891208395
0.1417273034684022
0.19423034068605902
0.004995964759229189
0.18705657589286898
0.33274562741901614
0.30727917995866133
0.2533090052284888
0.23535573031966744
0.18052023544949736
0.17106065018001168
0.023364030694083687
-0.026975647574331255
0.07112673828288185
-0.07102809002449637
-0.14239952331544936
-0.18991803275193583
-0.0321257492136488
-0.012412763695455475
0.20844195555642156
0.22727298703535365
0.03228274400826842
-0.2849913245783032
-0.23268334452291087
-0.39568785406600115
-0.371016295693089
-0.22776679611964853
0.1735780670118189
0.3736807694528425
0.5099917154086661
0.6003773917123132
0.6222666608402447
0.7733592975440514
0.6673309247690851
0.6362913819770409
0.6844792304852433
0.7104575267274205
0.3666596036095655
0.19169341161453815
0.21702061206028103
0.006670858505438724
-0.0039928767776513064
0.2736170694903462
0.18060263514896582
0.045830408062019885
0.262487708475521
0.36148230154469696
0.2334172131484363
-0.028226722128378717
0.13486723360365058
0.5050589510369775
0.6733265320845787
0.7681056406021731
1.1020652305383913
1.1466405872800138
2.2432718076811256
2.817181935887014
