2.7453633039102914
1.4824512069305071
0.9631345923286244
1.0415285389817843
0.9324666240672939
0.6349697309811803
0.2995741986974614
0.16935856584927703
-0.14052526291764184
-0.048600791390556265
-0.21965017254374103
-0.19708601570304093
0.23559351211586502
0.23341656083919968
0.08792446528583224
0.0816852410443164
-0.37124757509436856
-0.39132994627314965
-0.5499471757247979
-0.6211772454752928
-0.5764761588060758
-0.25990831630086136
-0.151439174600652
-0.006553168520713459
-0.005020793207158835
0.16903554860709502
0.21691044285761754
0.16563735057435638
0.07074717199828796
0.13030292742315167
-0.20971380411488036
-0.3911839430374657
-0.22148720177897127
-0.2877004846116042
-0.3927846258198426
-0.4755136758113905
-0.17258959994553097
-0.10294506863649201
-0.17438859784948163
-0.05211828937903229
0.13187326028155935
0.030675478554078876
-0.6011139967506122
-0.4574990702019217
-0.7697785704438287
-0.7991128183726288
-0.7513556401987639
-0.6405198374560069
-0.24620346245600858
-0.07895620547715958
0.16160114077273505
0.3131048048682744
0.4092611580891779
0.3581041807489668
0.4707251170003045
0.295494990274608
0.17489221583432432
0.014568494794945826
0.1039171487567472
-0.3201209459859686
-0.27771942025643315
-0.25346662597214614
-0.22275695715955574
-0.2351690158121134
-0.12178919830352253
-0.17642173365255326
0.027264148821877526
0.030245870032443032
-0.0798783310212316
0.30059453240250683
0.053339322088179444
-0.33820184043343493
-0.2644043179178352
-0.42955057650482853
-0.3967172412691699
-0.6475728581476504
-0.6343840937688925
-0.5218228312640525
-0.48221168614800863
-0.29854995758817243
0.11201022020587917
0.19510699199119777
-0.04715123499763618
0.28153389098840237
0.022212707743196926
-0.03511010678270615
-0.3079824303054589
-0.4442164656964972
-0.6031197641797008
-0.6994984750965942
-0.5678806630734006
-0.26630201002946663
-0.2640150773791807
-0.27854212588470467
-0.36699920359931887
-0.4242667599926742
-0.4991423106575557
-0.5192903031984607
-0.516724818739592
-0.4949098456834695
-0.549594009199657
-0.6395621341823501
-0.36348660314579556
-0.10570332998674131
-0.0973783007114026
0.16696673988214417
0.12101060793245343
0.20340628272715197
0.31709877688274535
0.0006926579905728659
-0.06000131684235742
-0.20146406932257716
-0.2697947374450219
-0.5022812800248966
-0.4755002614661067
-0.5715143302810944
-0.40627739843000943
-0.24112057274369397
-0.1286426551069876
-0.13075784600275864
-0.08848078495232431
0.0527293373637157
-0.2723397970624212
-0.18962034868218952
-0.10966640783413073
0.010474017170828779
-0.20562664773503772
-0.03155420351959936
0.07282687333810677
0.17361880586920392
0.4033209609765973
0.20423270568748197
0.12926765300352977
0.2763962273761677
0.34295123286752327
0.43667591654034166
0.32994274294162557
0.10880501754584689
0.22210708173936564
-0.004325391075307925
-0.3351948699561716
-0.4461494968311096
-0.1814429592909238
-0.22607903368975937
-0.34793240507861134
-0.11435942287791762
0.0026800292946768303
-0.10847171860194955
-0.31907115682155196
-0.18126063069710277
-0.46999300880900374
-0.6472599836189328
-0.6809763381174999
-0.4944705880884537
-0.45236835423078187
-0.5555839187220778
-0.6042953901181763
-0.5231124262652664
-0.2853626680160433
-0.24730398502560624
-0.151816632195755
0.05684945573488574
0.26240308829448433
0.296858129087096
0.10086203174962396
0.12069791915562572
-0.03094150077419991
-0.18574889258315117
-0.462115581718955
-0.4596152231729726
-0.19717604903202232
-0.06416634962611861
-0.34998987174936935
-0.1510126024266313
0.01254104888367639
-0.15616970917439668
-0.35508087792955095
-0.22677453239130954
0.08194628253524498
-0.09964250051770603
0.013668168777004797
0.01306694831649915
0.12297306100211167
-0.07468131354280327
-0.2122139685803161
-0.23895480185084797
-0.20647702261139295
-0.2607488336254079
-0.24591190225567755
-0.21423536227278994
-0.2766234803660531
-0.3588777815059784
-0.4357303985664709
0.0077110468882845475
0.14188153168543205
0.21938663799554511
0.015730808316702167
0.11735056468816803
0.027817619406714872
-0.2593381876150744
-0.42361366285166674
-0.21999939378941408
-0.2625648863906217
-0.49316997508971117
-0.2943923882400159
-0.4831256723359545
-0.5436667849442057
-0.4352421445577456
-0.3592833987703214
-0.434262381818256
-0.3337722084732558
0.07733966116872093
0.14862003679898508
-0.0281269351300474
0.2851355046497783
0.21653581709854128
0.035504430129311385
-0.09327642361318747
-0.44329923729932874
-0.30361084830362506
-0.36834334264661256
-0.5589915598598806
-0.6957080732008764
-0.5429176401380059
-0.33427060718924684
-0.5801990681940601
-0.49068721279860844
-0.2493041599894083
-0.0963356963443471
0.20752899625710686
0.12247652532574022
0.09093558037605926
0.07845516376197957
0.1506043176653817
0.07708293615469415
-0.38487273692828755
-0.4632994563653421
-0.14724753130624274
-0.3721020030251409
-0.35267157398749
0.12176711356167544
0.4258408169418628
0.5912546966078001
0.5499919829478791
0.2907949852134104
0.12250054860201383
0.28406323142285844
0.2702352200526509
0.23556988477088459
0.36641512437971385
0.46648640811838027
0.44548910036497263
0.5778267315953904
0.25149239073206653
-0.08551660641903842
-0.29569578081546727
-0.4312538691939871
-0.6123325008801386
-0.7190545874748605
-0.799096278052866
-0.5058465388983013
-0.3978747889845012
-0.15841289706818995
0.3874963274459068
0.9381237021608108
1.5344933649374528
2.3625888846645835
