2.625713935271291
1.5978504171753503
0.7997831034438102
0.2683800697882277
-0.15159985429318262
-0.33952113461034555
-0.4981451478728774
-0.14838568768279123
-0.2411222464281322
-0.10097134735569527
-0.10476448777835977
-0.11061018768712018
-0.25841892094445684
-0.33299588543806147
-0.26504241808774454
-0.3356174126600457
-0.35361961312964657
-0.23149755510205344
-0.0555744751409441
0.013043363248487124
-0.009258363082293527
0.020050123325493982
-0.30155344172854154
-0.5785685073138307
-0.6546321594602303
-0.5949871702592293
-0.7599390155097709
-0.7563819424386817
-0.5495441696311045
-0.37718286507375787
-0.31128585858365776
-0.21012003599072457
0.013798448906450983
-0.3315146559808542
-0.3423087393299877
-0.07394889269883569
-0.10016672190816418
-0.17829666221852758
-0.17366772529800226
-0.029294705152409638
-0.10223745661343878
-0.30583460686542935
-0.15721717287163625
-0.12695567594836077
-0.37309395533297585
-0.2500600619213254
-0.21838861897132675
-0.07559945173020557
-0.01799466207310868
0.17761028530565187
0.0966883914124171
0.28525730805813004
0.35208866485925866
0.15191381758010555
-0.13025561828053805
0.10518650981670362
0.2200122798047902
0.19348921565862262
0.18350649949597195
-0.004525772914484196
0.12166002601972385
0.0295414477259412
-0.013816085623156534
-0.03015682364573765
-0.20991309465752708
-0.24278806878224343
-0.2037584494775415
-0.19549791026582997
-0.2043908603567837
0.15956626694792683
0.3245824979754875
0.2558339190162169
0.1900138342427177
0.011080676396808308
0.04106328653364565
0.009414031479538737
-0.4019253576392569
-0.43423396132021624
-0.5699137249217029
-0.6339554008622458
-0.768879317206636
-0.6854210552940443
-0.4639074556813148
-0.04454211700337931
0.25896719115512246
0.49588579883203515
0.42664922821321055
0.5707184926321336
0.29629326315240256
0.4311450002193632
0.31728154208403014
0.2798586855744082
0.5476713679360691
0.5436461392175695
0.5055122971982139
0.35024904535423346
0.4261739206965515
0.14396135540921243
0.331024367860437
0.18146315551982153
-0.09877643100646251
-0.05827524150667407
0.0899686293233129
-0.19003140738770818
0.1557050262661088
0.20434126133241287
0.6275896577794935
0.4808395238938408
0.6998436422912704
1.7887942314684668
2.814369202972002
