3.1664439096728842
1.1790212104685942
0.8089264685595018
0.6200007696572224
-0.22578947343220176
-0.23685040958376957
-0.13316687427845822
-0.15240584270715085
0.09906994514148568
-0.2940818398315784
-0.3265127253502428
-0.06556096856124047
-0.07324718506901726
-0.297339286259417
-0.285364896015321
0.06648178860071344
0.30689978061642165
0.2602370020980662
0.1599912411393735
-0.06026833343595707
-0.21545381362466418
-0.3972576559500198
-0.30308733921816505
-0.388646774435851
-0.21070146357390007
-0.3385198188899783
-0.3675390127711944
-0.29959124770043355
-0.0774345059485292
-0.0084155460722665
0.36509691838873093
0.42779975719302427
0.20869086579439589
-0.06501100851374601
0.07000034736224102
0.28792171529679084
0.032036487996670894
0.09316802751453596
0.1686380678940183
0.2553483376799466
0.2582908210165883
0.29748401162628424
0.2779072865095314
0.49079815347471256
0.5925062605060698
0.35934091608476826
0.43998201895506406
0.1926018983957687
0.013468180166917748
-0.3306380302799717
-0.3180162301699488
-0.3294222891467271
-0.5377554645980169
-0.4023399225602619
-0.1798562603629418
-0.1672040356209768
-0.1599180030652451
0.03776920620903098
0.00471473123634041
0.14312575101238498
0.23320516879431882
0.3744926990497665
0.05683906477910965
-0.2170253325118462
-0.17149481016837828
-0.3885312418697576
-0.29634793439699
0.07669602657578285
0.44151096129156814
0.5491204204206518
0.40034978210358824
0.535013320006909
0.6634122056619755
0.5845232404253664
0.22665083153973312
0.1565823142708298
0.163000997401356
0.11048126939109881
0.27936607790183476
0.21101823361922506
0.09902838946990666
-0.03611749547407974
-0.1810743550931698
-0.4004553418554649
-0.1606144609681093
0.1358477883018331
0.17193152276031537
0.12167177991402453
0.03333986260971341
-0.009286922797574914
-0.26985534444465775
-0.4052501635474299
-0.09142810405060353
0.15946346877797585
-0.05650773445437854
-0.2066127500835029
-0.21542542136326095
-0.3739646163815662
-0.5424535969932589
-0.4528215417523793
-0.6472988424833441
-0.30496870237797724
-0.31476058579009325
-0.17083808764224073
-0.44009282469647937
-0.13492420475892813
0.21034328360706722
0.18320191635571323
0.1261930855503306
0.03784418617768346
0.11331607069128757
-0.09294061798000644
-0.12685373190828672
-0.24392125087661676
0.08100990679902435
-0.146766717600659
0.03704383269360411
0.27053407091272413
0.16920297303945495
0.1727015431942349
0.3308497278553566
0.02999574391021627
-0.033701765116181774
0.024113953976656062
0.11800219329278502
0.1839225353228391
-0.002853261275718979
-0.15687403816707562
-0.426109562602059
-0.5104232710761303
-0.631126591876767
-0.7509708342671901
-0.6462540254147954
-0.8083014021224184
-0.8457766183989044
-0.8767134502459463
-0.6772315973698748
-0.6776613727164748
-0.482056489263999
-0.0977106296608838
0.10833050472490405
0.06887076592300762
0.1264542656779269
0.1702430553034222
0.15023771534967165
-0.05103967040162438
-0.168660442125292
-0.03277895898463743
0.010932752806288321
0.08687536698264887
0.2272612182909052
0.24046217897717534
0.2592313943070076
0.02447399751617568
0.2039211410586105
-0.04482823437649808
-0.39416502812605086
-0.6286433232256313
-0.608939749350145
-0.6874872841814302
-0.5409297901382125
-0.0866636819353647
0.06217789102227391
-0.024798018876494726
-0.11539280267492119
0.1716316528178273
0.04200442800269794
0.1654160919618385
0.10302082406207352
0.19076073156078188
0.13747664096910986
0.2525896129358294
0.14793718112390242
0.03352212931647365
0.08584113093619951
-0.007735522454028688
-0.05890939682664767
-0.039697194020582256
-0.09160215320040316
0.09101280614763162
0.04831450802878755
-0.18424067508997563
-0.5258806253892266
-0.39632936444801414
-0.4895867105711563
-0.6871752442538616
-0.5383903275609668
-0.35979981085487167
-0.611389965820569
-0.4663509734207428
-0.10587946694229501
0.140664640316727
0.01759052818029827
0.14806377511608018
0.17746882058082097
0.4187014792953559
0.4064134679693427
0.5762546179007176
0.6586969666376151
0.8977010672078666
0.8095223956488149
1.2466653369221679
2.537239526847392
