2.517897940916635
1.7515432367784713
1.0540255558322047
0.18794491399347343
-0.11794446046197334
0.010312832897921955
-0.23173709024680672
-0.33768867347389686
-0.3992903463335549
-0.1733643803705378
-0.0870772724842293
0.0900246936879594
0.1899639751721937
0.3024710598996525
0.43911185259235147
0.2441108495645461
0.2856335749000202
0.49448934737474565
0.2778930103608462
-0.015823898074991644
-0.47157640046029564
-0.45432692514646195
-0.46439161429460846
-0.4168415144649698
-0.27050210979878864
0.16309800436337982
0.28046550619492033
0.2124835480854295
0.20892098010711513
0.21540635986211057
0.3352890660431832
0.17708786457063955
0.13659648726649268
0.02783847822215733
-0.24729351134560804
-0.36789265000139704
-0.1251012302266385
0.03434296891671733
-0.17161242563153298
-0.301993132433768
0.04650771459034878
0.1386249343369805
-0.057450728039382455
-0.4460160463986603
-0.46885296362843704
-0.5420217690564537
-0.652415106051673
-0.7386917098378525
-0.39199395913605106
-0.08259755696115116
0.08817829319738478
0.23387823144814898
0.29227695042059965
0.20587980652130786
0.31559099554413
0.1872350815103581
0.25378101941397974
-0.05766295291216249
-0.37010939854574837
-0.6311430407576637
-0.49144991791076126
-0.4242844215347204
0.020491305558737218
0.0012853778786497945
0.07648755677360881
-0.013286572591445504
0.12247955505845164
-0.02647171007247171
-0.3367972185868279
-0.1896385566139369
0.037730329996246696
-0.08381208189566146
-0.1414743068751217
0.1314817963234445
0.3832991030637751
0.41367278819284126
0.2607204185520611
0.4071664938240956
0.25392945965857777
0.19992710393147778
0.09188275893175477
-0.10020540631149426
-0.251033980772652
-0.4298938325006622
-0.5650763029500225
-0.3512559970892573
-0.3274714283887594
-0.051504315625111645
0.2428892842363425
0.38690990398223235
0.42980411503017435
0.5676931139600226
0.546704394700415
0.3751764023552326
0.1537350722132723
-0.025284288106398278
0.10834116798734458
-0.11555230802567622
-0.38931371643638285
-0.5971071294803064
-0.33770558205206364
-0.13876855036470667
-0.31670802716340407
-0.042850959386461385
0.34350188146922367
0.32899691239277923
0.36765553822909625
0.21069589113311687
0.1879123561308045
-0.07942676773496574
-0.04416854587828349
0.3148022791172933
0.13069589186476663
0.30838428563542025
0.5784692463234234
0.40979654846448726
0.1728612506608579
0.2839827236850883
0.08870575005136629
0.08185083545197037
-0.25657037128143023
-0.3064810977385691
-0.43568054551443647
-0.37713564371143377
-0.4124546871213626
-0.42260569650399676
-0.3825145488654554
-0.2926216324190986
0.06617384858387894
0.2600114677532162
0.16939081092162334
0.5304767685883085
0.38000504625742404
0.29292217767768086
0.116552609559936
-0.31579679489713813
-0.5600600534524597
-0.7277811925053
-0.5985611925603559
-0.29101180948619887
-0.2546860641826726
-0.14639144054042974
0.07865813666186583
0.36248670150791834
0.33811899650201777
0.4172396206469736
0.36239666016368977
0.15983550157549006
-0.10291581879112972
-0.24900486432087807
-0.33420702593096224
-0.43762846478537676
-0.3020898492889774
-0.04884865711106986
-0.01694520516065635
0.02546756047606384
0.1778416883995235
0.4009057880505273
0.20766191320335495
-0.2297073256713994
-0.3006403006031709
-0.5134912290031134
-0.7171659163028598
-0.6441919563433582
-0.3841298999527437
-0.4844192798948955
-0.25214607956270974
-0.25060287886104365
-0.20777719804633446
-0.2997546307418277
-0.3791838682767412
-0.27184067850147403
-0.3884768481624156
-0.34425957471283475
-0.09984066825017392
-0.06300550712856641
-0.031305898852142335
0.02423665581776458
0.024192181827645327
-0.1817663870001285
-0.10563303680033172
0.17440240828013123
0.07231241988293591
0.06002176915286917
-0.011048702172247698
0.08000719756905982
-0.2137586897565396
-0.1455096885950307
0.15696286184323965
0.23323382191827982
0.3494777535547804
0.45264947057789223
0.45691162924336504
0.19394417726106825
-0.03900886655345796
-0.278704146825163
-0.46553797498354815
-0.4194364465515378
-0.40707871606784857
-0.3079696105361609
-0.1558718040473079
0.3555179163060999
0.41448384865405924
0.5789361673700224
0.7148744597791709
0.4977027181407982
0.45330121172750604
0.3512164948148936
0.36145453816530076
0.04020957791697655
-0.025902140328243246
0.010122724453463816
-0.26578080567993834
-0.21742135208842533
-0.21568813420869798
-0.38428607380230123
-0.4571956380194925
-0.42431562160743713
-0.30147226996086235
-0.025047227680185663
0.42837508564394133
0.6852812157351896
0.6679784119172616
0.5922640078473869
0.4220860953624403
0.28074383584874923
-0.08636119854665261
-0.24281182162850642
-0.1904720550655262
-0.29260299408157975
-0.7060281791211571
-0.6600709493658159
-0.5140322220128022
-0.39209104461303873
0.13283831661217207
-0.05580599079979152
0.008220952419146851
0.052985706671873536
-0.18742373796142117
-0.27699891126952747
-0.06893899697473417
-0.2720603611660553
-0.05401377711542572
-0.12580025006361792
-0.11420291677126573
0.07052097194489597
-0.1621544365466782
-0.32789398202818015
-0.5544997414743457
-0.43748519554549686
-0.39100614944769885
-0.19105577800887377
-0.37899813902431817
-0.12067011164646718
-0.05082513567223764
-0.15972288613064917
-0.18706183557053388
0.04613002510285246
0.18958706548682458
0.048475453143137455
-0.08504419104516936
-0.350854709493235
-0.42155922629840636
-0.4547126182618416
-0.5872791937341342
-0.5968468438742093
-0.5428769769569797
-0.5337579354053434
-0.5822832722663599
-0.5120588251521557
-0.6574124006339093
-0.5137147954473442
-0.2761547458808525
-0.10053403327976372
0.014099141399072486
0.11552671856549315
0.1774984431081984
0.012500365199729574
-0.3991374563317528
-0.1985602586683896
-0.2822098741546012
-0.38280801421044097
-0.35971190206018927
-0.28988968433071427
-0.12336383477181474
0.05782647997169492
0.04259129067396226
0.06282642636443708
0.058175381983583456
-0.029573511957620393
0.09010856492910664
0.22930302929582091
0.024665164651190473
-0.1838917859574511
0.08728801414941845
0.08979907303928826
0.1990786702985419
0.48621181851063927
0.5919217883244723
0.36185796445705565
0.2332013085897246
-0.27658390365323443
-0.34518089165408683
-0.35498216095501506
-0.310942310886656
0.0294124565460289
0.07460551891359693
0.04284909388423611
0.07596333126999834
0.2566714334036868
0.17254350978171873
0.32146775890294266
0.18559794454887116
0.5819928021430852
0.12147272091868315
-0.06287601291243987
0.1426868682188889
-0.07972086062075168
-0.3226797511997581
-0.35217471030386444
-0.23018223804033688
-0.32520515813917045
-0.40181309284362093
-0.34336515118952704
0.060067681881090046
-0.0232469844761304
0.32432289486399396
0.33306341341084816
0.28933003531976464
0.16166039753868647
-0.42348374845734177
-0.37153462725719305
-0.5730836509167149
-0.4810540668460506
-0.33921328859970473
-0.36439581834003176
-0.13676769629127886
0.17709571203177857
0.3376234753968872
0.2469714522451303
0.46060448282153144
0.5601624934690633
0.3853786421780903
0.17154561376941138
0.45986833525015797
0.49027852822996
0.11694505255930465
0.053737174660270025
0.3742855135751272
0.394143544527775
0.11524003496975341
0.20430397232146952
0.32588943543278626
0.11214689908013298
-0.1428163562898799
-0.07994099789330054
-0.21417037530536534
-0.17778882369521196
-0.020039851546043732
-0.3183276116034691
-0.6784171442044977
-0.7953081616011604
-0.5310421363178016
-0.6480293590408076
-0.4151266161458815
-0.0074011618554182396
0.26337612061272175
0.31155941247264224
0.4712666322077611
0.45205294318164835
0.4053991613346807
0.17776318527184878
0.04036080415244819
0.32533271088189103
0.24863842432596486
0.22825486504736947
0.20947921311084552
-0.00834905959969015
-0.1978870471746196
0.05080583103274058
0.5328836044705242
0.657610804395573
0.9574520968129776
0.9132197110219651
0.7215056144729566
0.8335542503585264
0.5949877951446689
0.1564309055207872
0.1350240970320433
0.25890488339015943
0.26468199502862033
-0.02204814212855278
0.11627103398575948
0.10154856509569643
0.15995899403746153
0.10307038206525958
0.3368082560031558
0.6167908435799662
0.25457230125945185
0.1660431744801194
-0.18999322356477602
-0.43553356429922957
-0.6096800121762754
-0.4557127936503608
-0.2978607479140215
-0.2697254988155435
-0.08178673610402662
-0.010974362690066982
-0.13368538704914945
-0.20553384088865048
-0.25297491854460047
-0.2521715217409748
-0.10957689612939407
-0.2858460254867737
-0.4215859815293275
-0.3478435134909849
0.0016701149637049443
-0.14338579391892944
-0.005625265704040323
0.28862893389712546
0.7816558139424854
0.6650325660629488
0.6719816046621548
1.0650904632629634
1.4929219510076914
2.0413558640981093
2.918740967882899
