2.939019771323321
2.007484175379594
1.6012687961355827
1.3856116318524134
0.9856188435827312
0.7350205869849342
0.32033874294553566
0.2467379499990044
0.43476323196302047
0.3289399452712316
-0.006818529817754883
-0.06766729387045207
0.04404387789452306
-0.058803434076183846
-0.17284333590062004
0.08243470450009391
0.23987547045792854
0.3255801638792814
0.41008420913974525
0.6414763066329853
0.6464496028491525
0.598322829033939
0.39633344387492364
0.3399869046275452
-0.25955563330846815
-0.16666563489270012
-0.0693358175941138
0.11830289309068845
-0.3309075619405412
0.025912673954851518
0.38700135340212105
0.2992156282091326
0.13281193771263364
-0.14811839768364124
-0.16809526969361416
-0.2428511789829402
-0.1755862790566479
-0.1743603789318838
-0.3082021831864956
-0.06723737180704108
0.13161196966634678
0.06363312249874828
0.033105386907577444
0.3294002030654948
0.3815795464449993
0.5694605453485707
0.3979798048455667
0.4071860623455162
0.42870371105447336
0.3513250741117185
-0.14599250319003415
-0.019528431485971588
-0.1763773487865326
-0.4127234686778071
-0.379445106018522
0.09476430130988504
-0.20513406100581363
-0.26912732451517
-0.3444129189230679
-0.09517731116168046
-0.1157353433657819
0.007276305538080466
0.3074886945160645
0.9391461002943533
1.1136212360216364
