3.0377013123674774
1.9629098979835362
1.287281209844856
0.6838990976675507
0.5232495061627156
0.4749624791961475
0.3434691030406897
-0.18011617629353247
-0.26227359910153764
-0.015274265748902683
-0.12440381823213566
0.12876967250115223
0.2546004525335354
0.43789550167903185
0.5371789366680776
0.5955225011954121
0.3628296081599054
0.12477756343553707
0.18885313873314227
-0.3481502559856987
-0.4309706933521982
-0.31060307068091786
-0.2480904597515075
-0.3161858533634854
0.13404427439392383
0.19323366731658795
-0.06785902874794648
0.31094679173869805
0.5051113062775612
0.26290480114049525
-0.02768166268985963
-0.07562984849528329
-0.3952819245760395
-0.43995600349188335
-0.4465325033967083
-0.6083082888893968
-0.15381841758366382
-0.04627358773961518
-0.24248212470373484
-0.37921983136630644
-0.2070057425164303
-0.27100258519179105
-0.4023098891466644
-0.22717508079764073
-0.4210093097792266
-0.37271870863615386
-0.26785064873941117
0.1034175096324062
0.2325710784539913
0.0810125299595851
-0.09715563939908982
-0.20973316967090674
-0.3332046891850038
-0.5591772474168565
-0.5967234496440595
-0.45037321997304874
-0.3992479667549656
-0.15473053477625878
-0.01318463620872313
0.20490210962436875
0.18301846088188783
0.08842102737244766
-0.11410075594526596
-0.06042583122175837
0.13025614867160615
0.1822427499851753
0.2664289592064349
-0.14559395694261965
-0.1295169379495504
-0.06852682292896921
-0.033316563941937945
-0.3735770855022363
-0.3030418945074512
-0.006949420004591122
0.06905801813094481
0.16590608707700394
0.24003249166685445
0.151430311287016
-0.09178836222331682
-0.21194676779549596
-0.30189468279339043
-0.15778886387914276
-0.47794672385804626
-0.47475231228003517
-0.36847325932302194
-0.359783346818805
0.08371652523551484
0.24866971869009982
0.11731533502425515
-0.14069809927070026
0.4971017926272082
0.9362816633694747
1.85917408515362
