3.0612163097526532
2.264946217918621
1.3437286884038486
0.8218391126045721
0.7264591167116128
0.8361305749628831
0.3760910475178509
0.25870866393823794
0.30052806598323734
0.19750866567097786
-0.03339709560496991
-0.1756972930103438
-0.2048438571509281
-0.4401147375506588
-0.3461394664380182
0.010569318454229808
0.033121997808424085
0.046899322921060194
0.08539935173243929
0.39293213635337154
0.6248652643945003
0.5049812779401515
0.20734113709307211
-0.1342846786273769
-0.4187076853455381
-0.7233662777476507
-0.5959134326830905
-0.5781613887606643
-0.2388476535768578
-0.09549991918471123
-0.18047960490544582
-0.24136353367932176
-0.2212786187972157
0.01740488517722159
0.07239247685035546
-0.07132994340612314
-0.16192455017205581
0.031640324718486046
-0.32534653362692934
-0.2511292926661008
-0.19470245699705066
-0.22742739385059604
0.04696759402433873
0.08272017239289714
-0.07254188256891816
0.22581209960570123
0.15470707865180772
-0.07456482888633753
0.07704835015207731
0.21010878497274443
0.37195854653270316
0.4282037394923674
0.27031786209723213
0.1425836744475006
-0.10937186547375839
-0.01808003824707179
0.06487861184444609
0.1588683908960733
0.11398756971360503
0.08254537678983852
0.31401679429230106
0.2894535301135799
0.30079208166607496
0.16269182734088342
-0.10543415104336236
-0.02162592505184401
0.3406794148774159
0.46777961541736846
0.40676797986180424
0.308470963344564
0.04957707253907442
0.19499352591024713
0.2809789296108603
-0.067947006487123
-0.1888969138009802
-0.14841393480080853
0.06943400058986046
0.057003912696648486
-0.20687801393963318
-0.2098046099851202
-0.385736628746627
-0.4538261025348464
-0.4556126300745817
-0.38621928787140797
-0.2548168818583622
0.2214863760822993
0.5245222064838189
0.2576611859399667
0.05841987636283628
0.05421952078065202
0.0022684540995289047
-0.37605054347684014
-0.727280138171808
-0.49214306803450075
-0.5953128451237079
-0.7084459661382392
-0.4809910367410114
-0.41117085612948084
0.026789985716117022
0.4631901204164797
0.5000750351621966
0.4085255255332179
0.32989318627894976
0.3316481693222111
-0.036544529168952185
-0.06792070146930924
0.0029201297564289217
-0.08389297127904685
-0.19870134653852337
-0.18387280922931654
0.2809378650379045
0.11589353331278104
0.06954774402156075
-0.18601447892558057
-0.36423734454840695
-0.349316816328276
-0.31809731293606786
-0.552575136811282
-0.22903544145196383
-0.3898602204503935
-0.494477771291698
-0.5383891715263349
-0.21097532472991756
-0.04954513529841425
-0.15540950274716112
-0.02406221074460125
-0.10741635373458397
0.06214766175307762
0.4667931790318992
0.6006923564591214
0.48157987356483134
0.40605529858734396
0.2635402357951768
0.16226412918749603
-0.06022097496258581
-0.27158794568782674
-0.46098347505329634
-0.3749490155296609
-0.15226553791548966
-0.11720923570188728
-0.17326996574128678
0.18132402452073088
0.3590263688872128
0.3274995403002782
0.3442863855066255
0.21878567269187232
0.13625797838464365
0.261079982888379
0.18768219675684208
0.018185560424802138
0.2934003473221895
0.42010864733169007
0.21166773230626804
0.008505630779864935
-0.017790963158237
0.05110936801634197
-0.1589897482047909
-0.20308111780190127
0.07035540638924331
0.16884336790622625
0.3916201902827892
0.680447087001802
0.7121310758396578
0.7678382376582575
0.48695731934317954
0.30937375559334607
0.09888577697414222
-0.1511252152328653
-0.253212479484786
-0.10338408505806855
0.005170040722748151
-0.24363315252806753
-0.10681032841609661
0.17184322954048398
0.295853258508588
0.1179801996504138
0.06592164499221784
0.3188240951115096
0.3464193427564165
0.40992743334466775
0.5941516445935967
0.6566879156173531
0.6297009809583513
0.5905845512603772
0.48038550328894286
0.17352832090314055
-0.005249694777404709
0.1800153990184497
0.28220487343287654
-0.011610587833511835
0.045404602587535293
-0.18681050705935734
-0.13801358332988606
-0.06728764692510611
-0.0486438740193214
-0.2522105711055237
-0.49944357980985987
-0.5557040418951952
-0.4246018298144481
-0.2830358727821488
0.151825111466959
0.39287510942996723
0.6603550734457299
0.8817574894770867
1.0546101624420317
1.0876408581269077
0.8245729724165033
0.4656955835535374
1.6767979325350004
2.7854841878378003
