2.9472321299308613
1.8921743357254603
0.6958586069152115
-0.26668559500824485
-0.1795407846727922
-0.029512594399402858
-0.131735724580221
-0.125826786320777
-0.23249625159006918
-0.5008986099022604
-0.4032321389702588
-0.3449906460545075
-0.22818263869831568
-0.26612882590695897
-0.1851331480065459
0.015558602895597035
0.1492903755815478
0.06413785708018428
-0.11030937580580319
-0.36996667465506883
-0.3510511575250576
-0.46565135632509275
-0.5328830151594999
-0.32120656581103096
0.22864131176307959
0.3801388624744072
0.2564944248204019
0.151082376385484
-0.12332756658713198
-0.5033605595371188
-0.6779904504291535
-0.7231051265128974
-0.6050536003527787
-0.29883481779455806
-0.11800282348929615
0.21959477054047416
0.48391131305095436
0.31150404265778886
0.03554230493163166
-0.17377368397013376
-0.20763899757584578
-0.2855279505956813
-0.2695099674283728
-0.14229990275087814
0.004321135344714092
-0.09605786886245363
0.11235458285162434
-0.03722342134115058
-0.024262802495398347
0.1082145531908576
-0.012737166096277763
-0.23055499041004648
-0.43827720984427504
-0.4559397816699765
-0.39714971676918764
-0.43534556062606355
-0.25971084871553574
-0.2689376260478505
-0.4360349252451537
-0.2679170461642301
-0.10223025408158054
0.09901345869528111
0.3633787474140336
0.20154777253993078
0.10688636450767958
-0.05170989242854457
-0.10666866135530716
-0.3038368349474175
-0.17880262582422327
-0.17475474951636502
-0.19228944138322296
-0.14475147446750572
-0.23484934781919461
-0.2905619608056662
-0.09785117828257256
-0.14360578765519372
-0.35406164357895903
-0.2672302332630446
-0.23777186301945855
0.07814825775487023
0.38381775247283106
0.5331048271865666
0.4912482205203889
0.43477871578939775
0.2842073558159234
0.41985972884209394
0.6583675160609209
0.40580529643976554
0.47761467185990153
0.27933987712759806
0.07725051318237686
0.11673367204556967
-0.25298184720021044
-0.26697285936058884
-0.3739480869631467
-0.4331215334282528
-0.12827459445181105
0.035093605451844014
0.18086368139266445
-0.0006991994250310615
0.11508004462250523
0.47288180522579787
0.5661848502114554
0.34127729639940857
0.04940652247442321
-0.11869877937379651
-0.2441176051080372
-0.2767759056131338
-0.23737150278293653
0.22206923782109572
-0.25949848264118375
0.8103177556144944
2.0576311010911947
