3.302956801194362
1.951858484966859
1.255415834083752
0.5636689366140423
0.09849336957917385
-0.03755512761176812
-0.03748343915896598
-0.19318126494434124
-0.0750771981070076
0.13551085156018167
0.3809659601956713
0.2769628489498449
0.10450142066442814
0.3200895894991907
0.1063678714568594
0.10619660347117608
0.08145403288675335
-0.1304340681929478
-0.06293018352625909
-0.05139751391384816
0.07304828899441207
0.10948280212033594
0.15333127772844132
0.09751059322314815
0.25369453944729126
-0.023546256382741253
-0.0067188091977752225
-0.37902363112107423
-0.44353723303835724
-0.238912529675074
-0.2434444354216855
0.08947019389350515
0.14356412793784704
0.16403740211701834
0.1616143025246477
-0.1391774742815325
-0.3889368674169998
-0.24436472942310453
-0.047885192293431966
-0.07229352706133578
0.025214366317719707
0.06658595944754095
0.05431472203954841
0.015525543230331663
0.09225935581717684
0.44091198018647787
0.2369010875689833
-0.027701211559007163
-0.06478084061966201
-0.14488155746531214
-0.4032212971960726
-0.5756974845651174
-0.43013817603816656
-0.3603767390053603
-0.5253665780077552
-0.2776262334349485
0.16124274971640068
0.029902764037298843
-0.0711866101775804
0.16047197715003264
0.29814543855026066
0.1383859926512312
0.3005436740518075
0.19611071597602817
0.02108497644664096
-0.4820936183501619
-0.3818409649653362
-0.2995796954235491
-0.06863256332099382
0.13498207150024788
0.21547036138377043
0.3297060521598874
0.4701329518156101
0.3194146786673484
0.07653211904431821
-0.010280466558810314
-0.1429801010348998
-0.23590929790759904
-0.3080659753863092
-0.4030874228157832
-0.17912340509104427
-0.24984578599593066
0.0022903915303612984
0.27793364758741385
0.1665200255461963
-0.042528991028751684
0.17430859305516816
-0.08777207185852035
0.13770333198800555
0.17925459906206626
0.19846456506839666
0.05070076188516042
0.01764236816380649
0.25456755351594457
0.17206645866592665
-0.2785407611922147
-0.2522746226520367
-0.05514423582545391
-0.3576162992710448
-0.2045985801659604
-0.1638338169675085
-0.13752097599234409
0.19110972180957383
0.14781092226501052
0.2191344610000228
0.22114562646863475
0.17775088139279815
0.17161495788396453
-0.08648111821030906
-0.2786980378402565
-0.0911046621659508
0.19566077129988277
0.4120288357752676
0.5199163956442264
0.4674494856144569
0.4996618062795114
0.49623490466303327
0.4056234097981912
0.3126425420776959
0.04981368203896474
-0.09458621920150687
-0.16928996353012946
0.05239099904086388
-0.056171316021144835
-0.020402849379692056
0.10458993059795155
0.36438910680121944
0.5235951788492585
0.3391751174157629
0.2846596770976702
0.2230586086246581
0.3958275909465954
0.20277951059123986
-0.038072741067491096
0.0009237479970364531
-0.048854699070327974
-0.07985186794005746
-0.3114252976140129
-0.13197240861423506
0.08686004859962447
0.38124498012375896
1.1911629419639678
2.5957605202918184
