3.317020067489487
2.0854229298840963
1.0397165076565598
0.5279685265392882
-0.00019510910594470785
0.2178212384400707
-0.32409491267740975
-0.5543747081939135
-0.08857981831167863
-0.08059157533581197
-0.1180470103676234
-0.16567959621637626
0.12725571949148518
0.2952175306118136
0.1745007443076311
0.22809090880695673
0.21453983954573866
0.12394852051396336
0.4022560625567581
0.42548248138301625
0.14983141581155282
-0.23210737555971217
-0.6847904053091106
-0.7067778622581921
-0.626310255221762
-0.41460068339753103
-0.2439800693935864
0.09122140497359409
0.06099878858828523
-0.12923560182574084
0.17216743150096414
0.24116220987167378
0.2944895579361925
0.4418909655117812
0.4215700071585535
0.517705082434545
0.3611870502487766
0.1332206058508429
0.04253611757023451
0.24499280263727044
0.5427360501803773
0.5123484654967809
0.42808688898011604
0.20592169667604934
0.202017631643409
0.083874160205145
0.04364385594777922
-0.011114509794154903
0.0952490397811723
-0.11041919233092479
0.26242970759135914
0.12501724783570417
0.41096409752618734
0.45854595217260674
0.6004367649700605
0.48564115564036825
0.12961135392406029
0.1109409522002638
0.2503868548144692
0.29498473465176606
0.020866257907757733
0.05030072657138357
0.24884062464981663
0.12736191513913395
0.07058019645273939
0.35600593614888604
0.47812112391910283
0.459347065022528
0.12869396185662624
-0.10130900898343644
0.037102147603336084
-0.3191857390377887
-0.23364041213432818
-0.185619224919941
-0.08548029492262559
0.04999748095256795
0.22401411777430016
0.5052105186008826
0.8028153453884097
0.7323993916581376
0.7276469489901752
0.5285472910820178
0.38150573651754177
0.14598762699530818
-0.08483894215230307
-0.1620023937786541
-0.014134286891086445
0.11490130066336794
0.14277415037485278
-0.21524392770879025
-0.285478720562286
-0.3046316702849947
-0.48821496259605945
-0.3727880720107564
-0.23814472087264993
-0.06269199190706622
-0.15163988762806171
-0.20724233950245372
-0.23735326078681973
-0.5437952634372412
-0.3481243448534794
-0.018397500963590867
-0.30583364888014347
-0.07581735716297977
0.3697644504392107
0.7152865810253666
1.1133076898815397
1.5858261269515224
2.4884666758804768
