2.895244586726076
2.086295696903008
1.4311800341219894
0.809000071205051
0.9735863430840195
1.1841957639288112
0.798850815570231
0.4640749121859371
0.34037944135204595
0.2602457818740384
-0.21018910968082008
-0.33602831979706876
-0.4763752633445665
-0.4819181281183763
-0.5454943468503736
-0.49442174436924935
-0.6501823671666563
-0.2902066666127745
-0.28650911063744866
-0.30364227964280366
-0.1752971085021013
-0.15652533146579894
-0.5297365240990248
-0.5170646969519975
-0.7261333670029597
-0.5907125098167197
-0.37238972444773566
-0.22587382386080546
-0.1956506178146547
-0.028118295535087857
0.26958828805047413
0.3613720493039677
0.04751035176149903
0.08475667796549309
-0.13869581042553372
-0.09671368694236085
-0.08139017008302944
-0.3793300978289951
-0.28010761706055465
-0.10568453908281657
-0.2716680634607638
-0.5000980951752693
-0.7221637109127139
-0.7442420236621281
-0.7443512848489549
-0.6540305210227778
-0.45251174085105644
-0.31252131932993954
0.01981123752108852
-0.09911036248408389
-0.2787529991189837
-0.1695154143656436
-0.15098939862448343
-0.15735366963106023
-0.07285462222595988
0.1970495243805104
0.14231008967199885
-0.1380252167011026
-0.073051112183132
-0.15519925344032093
-0.24402303610292872
-0.4374712904651918
-0.45379808890176343
-0.2904671704395867
0.08685560300198487
0.2624898320323822
0.20816921489785517
0.14089937751421647
0.14238508299805427
-0.028794401984733698
-0.4105194111863616
-0.4798165012077936
-0.29201708105427526
-0.4637883731602188
-0.4660728362740512
-0.5321306664979031
-0.44029335313357154
-0.44039656183401826
-0.41817659978396415
-0.4000831098397342
-0.4015122402053186
-0.6161600089566568
-0.4673291171504143
-0.1955222163320387
-0.297751407212434
-0.6179606394389701
-0.6481501952517903
-0.4403896513945294
-0.3067367987788351
-0.14926041879986343
-0.1438129760471943
-0.0792739908461624
-0.37199185822012576
-0.4623379043710562
-0.17771157160528978
-0.23643112364271504
-0.23253849950180613
-0.011114347717847488
-0.05641275091243947
-0.38134894585253576
-0.6242993707775123
-0.6463954082253306
-0.5519773012538692
-0.6649554267979223
-0.547027495875189
-0.22104864642938812
-0.1992725805750171
0.14326275877226277
0.26739026487106426
0.5835358859698079
0.4003217770753405
0.21141375773094734
0.30358106013234404
0.11465702201594986
-0.3674849378604573
-0.5597305969244601
-0.43009242992673535
-0.7384687823977624
-0.7546514369890631
-0.5907899625792395
-0.3940464083386216
-0.42309949623497217
-0.32480704116314674
-0.28699934916775954
-0.11166993708941242
-0.1660355446188145
-0.2501494005289149
-0.15188132374291816
-0.4215246753170979
-0.28328477374930094
-0.21279934304349446
-0.2667963896049312
-0.3065702030631618
-0.32592195819693465
-0.0748503275047227
-0.18294544266841037
-0.3661886181053892
-0.4258299032993435
-0.14939353826760268
-0.20328032397911544
-0.11814049364712913
-0.3735142222701041
-0.5346625001323964
-0.6475319225291623
-0.644018661015125
-0.7119779342508724
-0.5959620219074756
-0.29327214820146097
-0.06911402748572298
0.25698727980531316
0.28086210665756167
0.09755712652368266
-0.09066229587855526
-0.11094987908418104
-0.49590147300287263
-0.749849834652597
-0.6756972077703711
-0.6406214446295669
-0.49604237013290736
-0.2416652697333785
-0.1743393403562025
-0.23513945187995264
-0.16376937729620641
0.09139795033085023
-0.0979916655968309
-0.21209684203022797
-0.2169598608611686
-0.32280980087848404
-0.2662033026443802
0.0003607700563380402
0.05778201677936728
-0.16869353013126973
0.01568069924184557
0.09710873662681407
-0.016526171848092387
-0.014345965590569382
0.03353596103351363
-0.2870699089142892
-0.34006240677575233
-0.40487694012037584
-0.22597884824422612
-0.10334441853512905
-0.010583200533521528
-0.2795906977140995
-0.2974393818524639
-0.1841752572748405
-0.19967319802468023
-0.13857457194044742
0.06134328224410215
0.05317482416868024
-0.06061349731417039
-0.1467768239019808
-0.12865768696700697
-0.006514638836344603
-0.09548549247085959
0.08143233840669838
0.22072588858954897
0.21499562324721183
0.2921232244836384
0.4221662392734749
0.2861936935719511
0.22253991079397553
0.03652821600852432
-0.12166072173827426
0.05353372137062482
-0.08346034744431963
0.010480566236772716
-0.04893999481432153
0.17840544300090555
0.41503710751843964
0.3525494396479555
0.43419014986662624
0.5670388889532306
0.5553329624227245
0.2833779766111299
0.20340092727663403
-0.15515869715870884
0.030387799607197497
-0.007002603923538152
-0.27621366198285097
-0.33430808810333124
-0.23619799346034515
-0.11194138704538875
-0.36494518764945333
-0.38389428093035244
-0.4336325291649729
-0.6107140622981069
-0.5931110388567212
-0.4551982633240113
-0.34801603667854375
-0.3876636486428048
-0.060977914750878714
0.30126178938955683
0.41861749242319785
0.3880327982548119
0.1900751903581105
0.4362963802076612
0.09509755506798319
-0.6212061418663894
-0.5876135137124924
-0.5271358610412329
-0.5439804860030709
-0.42746986721043956
-0.1401974624657593
-0.19256364521098365
0.09489126512847863
0.3455664729069146
0.5901774215775734
0.49523273202746987
0.8452060116036991
0.8534623546897294
0.35640846030679635
0.32845715930215175
0.07251544214787166
0.0003564216071839058
-0.11698661506346332
-0.11937331146527683
-0.09128269801458957
-0.4458753885911477
-0.314539030356164
-0.2953568263122847
0.0008153901896845309
-0.16033209543651641
-0.2503143047046691
-0.3064968948861726
0.12718824664047632
0.26523835999213574
0.07197670628107707
0.3408497805612137
0.418138056948014
0.4822795747821928
0.31631269320411143
0.03178326466769436
0.2726185185054433
0.20598204453998198
-0.1687007034803981
-0.16369236955801833
0.045810758775487126
0.1929623943078835
-0.03531327107535419
0.010478607052419028
-0.1798956121877729
-0.41198493748968
-0.6054697809133515
-0.607647787803486
-0.8327479409253841
-0.9344212995073196
-0.7720022267811606
-0.5927943902170467
-0.5571971429152551
-0.34907317558054324
-0.1053977157952124
0.328695078222105
0.5208670498448231
0.6702074857765914
0.9058064004365733
0.8583705778807621
0.5741297868660724
0.7738183881530103
0.5504999462535639
0.2113690569189364
0.11683529134173065
0.10342364012575164
0.051600360092886356
-0.24975480539494158
0.06352300912991508
-0.11122602546390518
-0.31140387454029617
-0.4649920388300818
-0.43536817719960064
-0.4159821307124407
-0.6107141671027834
-0.4613077874237667
-0.348014386450713
-0.5447645058083773
-0.6294710304949926
-0.21904122947002944
-0.3306853099353588
-0.32598399537462314
0.012278307896934187
0.046220607930875235
0.05150769633697581
-0.1334050851386693
-0.007267083863650617
-0.1933917473311594
-0.45036011608767984
-0.5736159994551245
-0.47272067993884387
-0.36269158636865134
0.0685262141503577
0.2487805216563541
0.03451126818193481
-0.20402697634751957
-0.3448209234734214
-0.6309063313007034
-0.7738245376622518
-0.7828043175688337
-0.7745736422963048
-0.530460489257911
-0.17825788843965032
-0.06765484959707281
0.2598829368850291
0.46715860830849504
0.6908366401486596
0.6923918924176997
0.1562051438406458
0.32749653249306976
0.5472462274626924
0.31123660713932016
-0.11966243347704736
-0.1316098396524147
-0.20217747513390413
-0.2818490996435415
-0.40845138099940315
-0.08424689003231088
-0.3538031871417089
-0.33814105323315563
-0.27283948714148115
-0.3113509898402859
-0.43839172746456934
-0.38421650706302046
-0.26290811493550326
-0.33116391467804857
-0.35023095757469674
-0.0770469831218673
-0.03955818016038267
-0.21544289124667879
-0.09611295344792785
0.037106100291484416
-0.15048238737259825
-0.06764210794184095
-0.28203340006946415
-0.31343951439366013
-0.2848521804364273
-0.2763044445994075
-0.32893606474667797
-0.4056312300404196
-0.28622485998805786
-0.3096946147528239
-0.5302479755020892
-0.7064925722318228
-0.9178496339183593
-0.8848551614161403
-0.8809853307299155
-0.6413162511008823
-0.5909202619887255
-0.5751913022532671
-0.3940335331780856
-0.21706591514177578
-0.3282913579798458
-0.35343284782443607
-0.3374903577444526
-0.22671016384291467
-0.1454105831011819
-0.41354935674059295
-0.3137437405476399
-0.2769023530542153
-0.24437684849561195
0.02932310533007335
-0.029215197243238265
0.0805371330413529
-0.30814350165029253
-0.37310269674632873
-0.5145954070732575
-0.5388050480592547
-0.43484877245654485
-0.2971396356738362
-0.4438566052485304
-0.5981174907237369
-0.49419094658736296
-0.5615266072064904
-0.5300066581548538
-0.23186501848482702
-0.17446179352762706
-0.3718635975743417
-0.3727014143149672
-0.35082673515127794
-0.2702978211577574
-0.24531701625756366
-0.20793161837377117
-0.32277820254999706
0.013274602146685329
-0.19672846088581672
0.23890695939686749
0.24689755428958415
0.23401342487237206
0.07108454065654475
-0.25276096444960877
-0.2879865643113429
-0.28394952310890254
-0.39175686128660375
-0.4906903986166595
-0.3974667213458657
0.122846497862943
0.45072990408154734
0.16727799474966415
0.3250951912982058
0.4129512228694078
0.5031482397866512
-0.019720213553785275
0.08146301431791188
0.4012508632393534
0.29021688322886074
0.004099740784257816
0.15948113414213816
0.3563889525333166
0.2981658067715556
0.06616342680828446
0.14211906348881398
-0.36387556185164005
-0.45906713146980366
-0.2570629277520647
-0.48092452105539724
-0.49850813337667105
-0.08334794098645848
0.409893363331533
0.8196570621978019
1.8499801893052557
2.820246101017443
