2.592188514593173
1.5432564581424024
0.6779601876809115
0.6175866267049103
0.2344968486661875
0.6866153488397393
0.4941148258843563
0.6765162079229514
0.5552541233720986
0.2593320827162591
0.03921069815207339
0.17627328275098414
0.02931734837577
-0.05903368489885375
0.29439548883832467
0.4625928643305441
0.3822950904121014
0.5801832342671884
0.7360834022148807
0.804429887444749
0.7366165447563994
0.5062768789209149
0.2021616623421982
-0.2230655076017843
-0.29579243823407936
-0.5720955024592792
-0.7338481355661163
-0.7066573009472101
-0.5062082107549117
-0.30516237478671565
-0.28809383264268845
0.06325646167093171
0.2261216884410194
0.026720192868234054
0.23751308486991612
0.3666132640835907
0.2855734635596644
0.1094511640198192
-0.04525766417078307
-0.5216419651954012
-0.5107094067407003
-0.6487678086480259
-0.34136322314482637
-0.31314166571681845
0.09380413516233006
0.19965460184251202
0.4842424302475569
0.6421109775604686
0.5850524354642319
0.3731746745563468
0.2785427402240973
0.38490475062021273
0.020040954401958702
-0.18219945494763073
-0.03933215906103706
-0.11082492209725883
-0.08372510786365805
0.07746999177947861
0.015583806408441368
-0.1772489452540502
-0.32071196237055055
-0.38045945084026
-0.2420907926277426
-0.36526528533237146
-0.09223451819996463
0.10956553507814822
0.16266953424867217
-0.038221830803157095
-0.21587670443342988
-0.06451598940581413
-0.15624707323429576
-0.5051386396679346
-0.39549941822166707
-0.37810089492201143
-0.34639384876756196
-0.3362229363300354
-0.3544455420006077
-0.2600112181973982
-0.01926676913555618
0.034428710901016395
-0.11569399787831482
0.07420271849317492
-0.26875739869518844
-0.21151702488512333
-0.18017252859847546
-0.005950082310039398
-0.03828389717688035
-0.0866875954311652
0.3828143447284926
0.15645155597403956
0.06597741409026278
-0.06746681013852066
0.22798353736760457
-0.054857058964440916
-0.03769951830386322
-0.24705313473694226
-0.01927830056283983
-0.3020382899737257
-0.3566667997105428
-0.354913590411331
0.028571472954434206
-0.13551447569816297
0.020032822846097826
-0.17736106858923864
-0.07220161750795323
-0.2223992084323751
-0.2960145881354108
-0.06253069435531967
0.056596895884729076
-0.2283921366944733
-0.05643782100772155
0.1515312026573484
0.29022007088404855
0.1430196032603552
0.33915382732858695
0.28123196190172306
-0.019688021569770522
0.10657180842090028
-0.09271404996736513
-0.05012538566933982
0.021077171342218527
0.31864187243942727
0.23410998399513966
0.40326967913781664
0.37350312991193485
0.06999124497493628
-0.057285502647284284
0.09744018186758088
0.18590339182956675
0.08221773681784258
0.43147856582041216
0.7829436867809986
0.7721096908069357
0.6855056832424582
0.7688848680873953
0.45766075139770884
0.25021623931985754
-0.04732497833637882
-0.2658815107540978
-0.2340958395473007
-0.0208197643575106
0.2545028625173784
0.11944584909031979
0.009179939701540357
0.043072267190702895
0.2542515146162865
0.2112690888146854
0.4284124750682528
0.2961000019229554
0.36545084452427906
0.24491646740144915
-0.3508855212140904
-0.46302016277564556
-0.4514312327589021
-0.6519266363445213
-0.6027358677504755
-0.5239000674385006
-0.34069511542442926
-0.25825073231815293
-0.27484839612159195
-0.14053278043539164
0.09284602797374458
0.2790702390685373
0.19405801437949705
0.19881618291797815
0.0032613568432973677
-0.03172130351646131
-0.09741503997694183
-0.3681665154782125
-0.49827753570705047
-0.44616752255421666
-0.356079444113645
-0.3021800893286283
-0.1430187869025376
0.2057295610505217
0.33551739117460494
0.4531635346678581
0.47972374041791715
0.3496188804540424
0.08961053000696127
0.11943500383127818
0.00526419777842472
0.03184042407229644
-0.07630596483683441
0.02802534833069224
-0.09666607996239011
0.2444672539852055
0.20040456626608255
0.02118526501796415
-0.12197325415040333
-0.17386906665245755
-0.4108694506373244
-0.5714984020459329
-0.40390196957687646
-0.45430981021895434
-0.36942474665754205
-0.2138304977762727
-0.04117548165681587
-0.09874354996573924
0.08348938930001777
0.1628424277904945
0.0035632987934036135
0.20872272690889745
0.001000293432438456
-0.27198914583788963
-0.07866512831540795
-0.20660720333014637
-0.06726698340765139
-0.10049273523810362
-0.14609169288601134
-0.04888331015650471
-0.16165764530852877
0.08875943036698777
0.07793802848422422
-0.027789273874141728
-0.26108048217007296
-0.5378631343511585
-0.5549427196900928
-0.7642224522949074
-0.5405799308462838
-0.16847753499759105
-0.10821338538816279
0.14048054011246322
0.3965090287744823
0.5099869720415813
0.5410089868279033
0.26175806916632743
0.5384140305781937
0.6579200489816316
0.22934722153590983
0.41268267209144865
0.7122389808802373
0.8824925338813897
0.46171570967229225
0.6762260777302765
1.2218711101545643
1.2020128649697275
0.7775712171948244
1.6280554040091482
2.48220883713813
