2.5925209623400223
1.7759588638824118
1.7301561993149817
0.9230536924074378
0.733701231604596
0.5183112516932784
0.23722902540422183
0.09568757496833434
-0.31336644126124785
0.0008890805853044713
-0.11926911013737705
0.004073486222348956
0.3616982615949942
0.41315833655202644
0.37112106871641387
0.138979983258262
-0.20369232059048673
-0.14803375093282714
-0.4057870196130184
-0.3324293425998751
-0.16456110466578913
0.33722543005986055
0.3107138293811521
0.13356938221205314
0.11655376256185127
-0.04383716289474364
-0.14584220678831494
-0.5234410007666082
-0.5213821284310364
-0.7380464670677713
-0.554186224642082
-0.4803916967446747
-0.25138936331656186
-0.008293292615493936
0.07150812031670147
0.2993131958326605
0.4608457475445739
0.19465330718892843
0.3757515909375141
0.6058424069059997
0.5284533806591599
0.1236682987961154
0.1875005613422815
0.27304640606443964
0.4172333361476646
-0.004052086876537493
0.1640575836351154
-0.0399639252999625
-0.14516863848921677
0.04987583102642945
0.12501963875168445
0.13805252313700223
-0.027695678183772717
0.04851182666822771
0.5700937843125338
0.3878491026574612
0.4305684964578452
0.705847347070859
0.8000078238542175
0.6909421837413702
0.5644312646332005
0.3460153490595013
0.3167108753217327
0.22619978060324175
0.50053281792253
0.6938159878818775
0.5379367501979452
0.5036518873306356
0.3863329322260618
0.326181964771226
0.4037742052062194
0.29740556370368637
-0.1274395048322474
-0.0986574749941121
-0.10560797480962426
-0.2174003553326631
-0.6291096880254324
-0.7276554843730421
-0.8177172907077508
-0.831863585226553
-0.5370802365457189
-0.07738861090423751
0.10477989117325943
0.0694172791247121
0.13502743282417673
-0.11803795395768492
-0.17815672824555284
-0.05932983096272715
-0.05592308905997751
-0.21258742213324938
-0.44242896244757385
-0.49257808117940344
-0.15910261017833086
0.1097506212733164
-0.06323863829515533
-0.302075019418522
-0.2304738043209992
-0.17145670933965365
-0.6767803635053892
-0.5985558769106543
-0.6056097936289582
-0.6211605418256195
-0.4487248294432741
0.14518683157583817
0.2975019854506036
0.3872839297248319
0.32430119811546637
0.4113987806928082
0.09663711663248292
0.12463786130845442
0.10551437787577443
-0.11457794471553817
-0.15788945994631495
0.10741844185658342
0.21173760216306464
0.24698236645934346
0.44915652739541384
0.4657331155047874
0.6222151571193778
0.5567580139213647
0.7066574137899018
0.9055170525844664
0.9426540849697649
0.8566461727121738
0.6348929721126154
0.3702124711221858
0.920863175434471
1.2160136143952176
2.0593458292798554
