3.077098578691238
2.0564233938508885
1.367434160335905
0.5961572269981009
0.1686009510879887
-0.4896391577081556
-0.4014015587483238
-0.40101611612775123
-0.2642613249036349
-0.03356977573560055
0.18752811541590841
0.16325695728894613
0.2134305670335744
0.11682616502326912
0.20754759227996109
0.29937596237828995
0.09333999853265897
0.11986837454915089
-0.06541862339081264
-0.2405270209267433
-0.3932650717139947
-0.38049416429843447
-0.38809261533004896
-0.4706048939715249
-0.3585425503663173
-0.36874267608331
-0.21179463645647792
-0.5169300235907467
-0.49700973609261473
-0.3701743656965873
-0.22563647711478843
-0.09667564100540936
-0.08610213918458041
-0.1825292507539331
-0.21463150783923132
-0.2442378965468402
-0.13882589471495632
-0.13914496858618589
-0.2876604956561715
-0.4019281795441961
-0.4454177828694531
-0.4294906002439918
-0.10694289409133349
-0.1636080129802717
-0.27440954845875765
-0.026613997757147817
-0.005456622002031355
-0.000366808503629067
-0.14344631216393702
-0.007494433629272962
0.05348132264673829
-0.02311145603059962
-0.13618576697290816
-0.16517517524107625
-0.0393664501105779
-0.2630147305631187
-0.06275813228034653
0.09037260284933855
-0.13501081371592014
0.07965346973807615
0.12088819917007348
0.4160765046512334
0.37003902667992333
0.16758483963044116
0.11375830456400317
-0.02239099738287359
-0.03637636045663396
0.3326946120300906
-0.0023088065775913047
0.11153115988344083
0.28359492405592596
0.2125637914497483
0.008045999780706073
-0.12557114009521997
-0.0878682719313567
-0.09647596275819095
-0.298905089985876
-0.4099371811338609
-0.2835380328674496
-0.41100877754693427
-0.5180596359690063
-0.20990987409829995
-0.029832221498216474
-0.025881359893491194
-0.024816597208627576
0.06346834923746728
-0.18901429211730816
-0.35025568454648437
-0.4672070597684335
-0.42776701074424156
-0.1880638535886738
-0.09991082290024682
-0.3776347902514621
-0.2546696826594978
0.06594656947920541
-0.0521696803952582
-0.23164476242999787
-0.04538549826665352
-0.06925206585844498
-0.23137420214764312
-0.18667672548383737
-0.06877185524888452
-0.11629357683228785
-0.2531477326664073
-0.5422259479444548
-0.4300961277949885
-0.5288520954065279
-0.48126250589249314
-0.27882099849412784
-0.1212062738221022
-0.016350517504851038
0.09652896620674223
0.22069214110455462
0.11211437971823451
0.29873845319693326
0.2944871534538335
-0.07006881826403699
-0.013187393610293148
-0.04788853224966243
-0.06857044276837825
-0.1588088868439456
-0.18761042604642883
0.04545521315556855
-0.061407250408641624
0.06340320214765957
0.17176038047611622
0.04936553119552937
0.13787564730756105
-0.02143897854315116
-0.20739192025814288
-0.44161149075481415
-0.5285789096001823
-0.47740146149682167
-0.3694536702105277
-0.063546057553371
0.3216271468521193
0.4664015124884771
0.3850097352779789
0.3802313866853044
0.30193257262694695
0.5605813544320725
0.5004670836399389
0.5387620399185425
0.6706029772103871
0.5383801614321871
0.20902629536600867
0.13620619232474196
0.17515898493410553
-0.20062201994773818
-0.4892772897013374
-0.44225727586061797
-0.5309593991670509
-0.5256888109541499
-0.3628495924800126
-0.06270493190037839
-0.11704311929294679
0.1006405570699695
0.12633067402796902
-0.004411116855926281
0.08921613039577993
0.07706474217578879
0.18024619608076883
-0.10598784865452339
-0.4036812345491976
-0.4546513923701328
-0.4563593638721286
-0.27789066967278675
-0.006966917049056788
0.337802884678265
0.13254576224653172
-0.008565067924139701
0.18615349879837637
0.1814582617105929
0.23991358373254734
0.27547879369471007
0.07126235896068926
-0.03446872217657538
-0.017582836021971488
0.049328192777125086
-0.11720375281747103
-0.13816789564064705
-0.3175862557607565
-0.501167562544019
-0.6113057305606683
-0.616459406392186
-0.5272714937779144
-0.655881165804526
-0.3670311585341713
-0.3581028349241367
-0.3017653745756226
-0.03669654707691077
0.20896177447053413
0.31294719218292394
0.16409092765705632
0.3779851533289172
0.16167844010294366
-0.09123451392127493
-0.16841259787401866
0.12154002193972896
0.1553222265248286
0.23165014832760658
0.16915672248204583
0.18156055417555475
-0.045481060623634446
-0.20875178365428054
-0.263145884843214
-0.007091714448959237
-0.1462204327661946
-0.2259887720795202
-0.11217804047142527
-0.14864894171087165
-0.23256294519794185
-0.24398658858539052
-0.17198336204006806
0.3693912569992008
0.2079370477440099
0.7156233654618999
1.739982821568379
3.229294109434371
