2.4522976898609694
1.604208150772324
1.3489157723063783
0.7096132397810646
0.759280363043276
0.5068110821231704
0.42515018167166624
0.45249649829712446
-0.06472182666634374
-0.3117551422866213
-0.152974539636486
-0.09900020764647845
-0.2940708952439152
-0.3756815120172324
-0.38881619431093023
-0.09321435157858701
-0.16058074040150444
0.02502907801062937
-0.16984867037076978
-0.34050431523191466
-0.4307493387390112
-0.23009590663620483
-0.21303369727119187
-0.25804519381654484
-0.4665000210842635
-0.5725161193896692
-0.4554626251293044
-0.6566216520342685
-0.5183541212352105
-0.37436695821748744
-0.27487668272489557
-0.0775002015138241
0.22322959978498116
0.41190042551285927
0.2804625469489531
0.10937825150126979
-0.05885722503939385
-0.14722034857398023
-0.300509057099661
-0.48065573467375494
-0.2447486264612172
0.023738292449426886
0.09749174923163458
0.11013524667138284
-0.026907065649286417
-0.0030262277726913747
0.038297254780335736
-0.13937130925511929
-0.14903343916763834
0.13286970329325531
0.12929514796718194
-0.14540991856271965
0.049570465167351294
0.08648808777333762
0.01080491246231056
-0.03016967409614844
-0.36031354363908874
-0.310100317130963
-0.2280349070053607
-0.026305665285422816
0.2826537853651032
0.2539150080116474
0.3856685533518208
0.3244491058426579
0.3745375552163398
0.045679184920612105
0.07422176828089251
0.0344688645997048
0.10769517062004873
0.004765018551977236
-0.2170078163139039
-0.07376556863752995
-0.08502925103045578
-0.1869609778955898
-0.16652835222615758
0.12928555740349437
0.20573000181068854
0.48434180757604234
0.37231909780740163
0.32854719587055176
0.25002723557324674
0.204038008652085
0.10010464783130826
0.2466685864735708
-0.14562433620304593
-0.14166648926026684
-0.052393195365399825
-0.21069751903554507
-0.12311613653380363
-0.020653710738024748
-0.045050146990888065
0.06721724345285403
-0.1127976329823442
-0.22839753497214085
-0.42101159377989905
-0.48800327282578626
-0.40285821123676113
-0.2862600446842513
-0.06266965225019755
0.17741565197246326
0.4426979292826093
0.6221292293119467
0.34517229001466143
0.2584781833478147
0.07316729144571689
-0.12175727397227365
-0.37549690338799047
-0.0884827070384719
-0.22292448260101258
-0.15135931444091677
-0.2846129828932997
-0.13667762343900705
-0.15478176889528486
-0.3422534656245358
-0.2989468668516293
-0.35947661673823983
-0.35870127306125427
-0.41311212736120556
-0.19275265557977805
-0.11263166565693757
-0.21953367280900807
-0.3412159169167295
-0.29173019350871393
-0.30378235872469145
-0.16863258307980136
-0.07715469065447335
-0.00660520907061992
0.01512900962143805
0.2882058616047874
0.3587541054560059
0.38978226919310693
0.4125455433708938
0.43498372567050986
0.2766987043502661
-0.0059893745555587375
-0.27440108152098214
-0.6516182464167656
-0.8430314316214642
-0.8216211239459605
-0.841714158652614
-0.6370235088952412
-0.3063948144532472
0.05197566851339093
0.3820925674231944
0.6230701737129221
0.6631837557138215
0.5066263732167956
0.27481897583235537
0.0727026472099795
-0.06298821185903815
-0.363992429674669
-0.572510567694724
-0.4511242563365512
-0.4549134379331849
-0.5117552586555235
-0.33542585705819444
-0.1503798988638408
-0.006728438867982319
0.18800075327695032
0.15835051530982067
0.26128809794643704
0.3857147710090674
0.5327565694865307
0.2861776719600679
0.2454653099427198
-0.05615853317496588
-0.3243506927778873
-0.43064494942703924
-0.5137531509486667
-0.4040791300614429
-0.40322893981943025
-0.2524019128895121
-0.34506445939092373
-0.1907149677736219
-0.16033495559913
-0.04157415066965295
-0.06909978952432647
0.3331961877641777
0.33622527225176907
0.07971661046644465
-0.11018011763840692
-0.042134442300790734
-0.08458657758241783
-0.17585348522199729
-0.3997784146276204
-0.4111207594876623
-0.2911929733115174
-0.2104180043931083
-0.17649995322927764
0.007642362513891188
0.023602440307709256
0.08161655619379035
-0.11513414871124236
-0.5093739546727145
-0.5960235387609801
-0.6258913991493562
-0.5213854474725048
-0.4530937305806856
-0.15159513589975823
0.02595758889379251
0.25569187523258724
0.3234238289277662
0.09845337969799624
-0.018654830940491158
-0.2452559523827559
-0.2820531253249228
-0.4652703577065314
-0.3822460336407148
-0.23727302125251845
0.02038734478970617
0.18001077484540187
-0.10694585441230055
-0.10941464181188772
-0.12326476510105912
-0.05287221276538744
-0.11459504536679575
-0.04768708690241271
0.04009158314539552
0.16056881628745187
0.08822931383210346
0.37174447485768586
0.3990775392050036
0.10730257999557949
0.17130473672644086
0.17163006750115045
-0.09031294282939267
-0.2894161117753808
-0.12765248887158526
-0.2227623732299849
-0.039991219242280635
0.11984542543308929
0.09996237321091743
-0.022282573359092374
0.06403091036775374
0.1581485957426967
0.13861196790372354
0.22001847011684111
0.33800172639934967
0.1905948778600757
-0.019139845393207615
-0.019501268755820107
0.05430399965614527
-0.09226595908370401
-0.07737951858308113
-0.11495300924920614
-0.08026667339980036
-0.4080810465844311
-0.24572343511690567
-0.3397410947778358
-0.2331220927993788
-0.20519582184427884
-0.020273063578154473
-0.11358170112784956
-0.21298389321867783
-0.12519664337651035
-0.2065942271374675
-0.2213609952525288
0.16030435285209962
0.03249413558369512
0.16920165741327323
0.5240457417981966
0.37609390866803366
0.6576681873038167
0.5235176382260165
0.4278208195975061
0.39330744994052774
0.05257553273554901
-0.30970141175000043
-0.5217770698784566
-0.31624008622666433
-0.35437689086741425
-0.14073502793582576
0.1328501860302183
0.1944063785532882
0.488034553449165
0.41960532305870135
0.42074053345506424
0.43514532329232714
0.2452004543911968
0.09466317913220669
0.06079250597315673
0.08762655223166037
-0.050156600458594394
0.17029992027900187
0.24620043796095437
0.29911779903136676
0.08591151448283717
-0.2736730688084822
-0.34799579938238034
-0.47000709512685857
-0.38336088656696793
-0.38284429016443644
-0.5755193880874316
-0.4722208130094508
-0.4627790860853488
-0.6851321669094155
-0.6594439281750858
-0.6691940846014145
-0.3430578593008482
-0.16056279158476008
-0.31060197493240466
-0.2228838649968818
2.709288111722865e-06
0.20640294129344705
0.043426711355897894
0.19557439441585464
0.26290966283252565
0.10533013666220033
0.07310256034195813
-0.046882832916233894
-0.25130896572413725
-0.2879458139062361
-0.1738629744093121
-0.32657568033327905
-0.4766135373032374
-0.4068544156905302
-0.1748415891862031
-0.2965496022386226
-0.2774412658805879
0.09150824312201383
0.2362328485742566
0.29246221068130845
0.3943930266781405
0.33996495406378846
0.3107206294130604
0.23322314139182795
-0.08386359350435144
-0.1570595710200374
-0.29780122258020025
-0.3490300029564089
-0.16936067913031755
-0.08001566932111133
-0.34469821172863313
-0.35327366885275946
-0.1547770341668556
-0.13505773431674276
-0.18140749417331606
-0.04232850875597814
-0.0010622439585800166
-0.04776500528470898
-0.20815472147729677
-0.10826282549827622
-0.15256131378095147
-0.22445098717934198
-0.36209699626475456
-0.29487408485365435
-0.2784016083905801
-0.31726083789309834
-0.4441250125089837
-0.4701402030078411
-0.3346443489456344
-0.1805058743429991
-0.11194010513848295
-0.03510606844816929
-0.2686413710972514
-0.2782624522955233
-0.09844921064198532
-0.03861157379998812
0.025815732005592545
-0.0651039717821913
-0.18397200797753574
0.19563520510886095
-0.20472906645492753
0.08864382022630585
0.02231396637607099
-0.06040829357527448
-0.10977217115912685
0.2127400777422616
0.2844524976572978
0.7300449698025568
1.3653413572160042
2.2536398355776495
