3.3393186511209887
1.9209851170373495
1.088899958654224
0.8570895810491805
1.0505715460400413
0.5459540173355094
0.26847494587439746
0.6007279946189877
0.7222951747446416
0.4591780591576781
0.29728415742170616
0.22388125301904838
0.19594796848911603
-0.107773072242132
-0.2566693860225777
-0.14979470340273524
-0.05601829347019042
0.029720258154506057
0.1149085158927054
0.27201074735619274
0.2226015394482617
0.24838090276699104
0.0005948173954687824
-0.21528795752832888
0.04177366770198914
0.05262853026465755
-0.028669633342750953
0.28319415621666333
0.40303940113007936
0.38112028157435424
0.30889455234698354
0.08313038480528151
0.12772734897495236
0.15639736375679653
0.3204746594766972
0.06520061087639327
-0.33230248391056505
-0.3104243854122042
-0.4647820353766073
-0.6681283974142587
-0.6225656809099163
-0.4909943394478492
-0.5122293406452014
-0.6883269094121113
-0.7494340626883239
-0.6708486675624682
-0.7330042800838942
-0.6033215292879852
-0.3756438547579302
-0.2726594477631162
-0.13358640724024173
0.25749916197903583
0.3832296093104795
0.3414150118854244
0.33659078846804574
0.4712834450767894
0.5995538372520856
0.6294532858755603
0.7722010125798596
0.7012202526813528
0.31436132912514186
0.1030117289250408
-0.026993477795309334
-0.24838754102070773
-0.3449781048250516
-0.3108775243071533
-0.402586027475916
-0.47033004507008475
-0.4378217653603954
-0.27893215789386683
0.22398933326472273
0.2653032413321183
-0.0038242760506414473
-0.09484429759012984
-0.09654988788876097
0.02141593223565091
-0.1391415620247096
-0.10950271026659517
-0.15634599564002338
0.08348285467331742
0.005320645536723536
0.12597396901640828
-0.19833059513348267
-0.46942639968401134
-0.6383526801822196
-0.5221286695501892
-0.526632186362643
-0.29253999712580386
0.00902543735163222
-0.07274972200912827
-0.15647619135297353
-0.06692484690822469
0.012128065365658887
-0.0862586743111887
-0.1839913650769894
0.04843295278979693
-0.18787614086268328
-0.07282025651440195
0.07814643183781525
0.07002928013268274
0.01540980439954037
0.016243390622718495
-0.2118394033135639
-0.42830720785918164
-0.39078560491870473
-0.15108405772156072
-0.26873734175605946
-0.3159699757994409
-0.07783295656271527
0.17389484346123474
0.0968006867689425
0.1358325074561347
0.310276394209894
0.28138541852879995
0.05336608139910281
0.03872781074127134
-0.08854719237028427
-0.5727006253989875
-0.6646736018632297
-0.6179202468750936
-0.7176162526673977
-0.4845125414370996
-0.6202960695215916
-0.6285542290281063
-0.7383969945838961
-0.5050043262397611
-0.46100883663056585
-0.32238347172453163
-0.07981702348352324
0.15737696281129773
0.08584784931382365
0.3230192337702206
0.4642054002933311
0.24079850990105617
0.1216513537758766
-0.1966705732632873
-0.3293843580453175
-0.08609743748352541
0.060410038059193816
-0.18726808264917588
-0.14715069045462895
0.027671957209472246
0.0396189181057413
-0.23118920338962104
-0.10228201004949201
-0.0016614503741280038
-0.05140477182195628
0.24219981754114364
0.38331356001130024
0.5131235287085161
0.42497899322639965
0.3072213881005644
-0.07371871554331495
-0.3313799168688827
-0.5203773881124815
-0.6672164817225034
-0.7405974187041291
-0.4398667296488612
-0.47811547800348914
-0.082044132216412
0.15304641458022947
0.2567805307222112
0.5982267126204927
0.400825174294409
0.41316144391222875
0.43565067776396665
0.2788695642677362
0.062443731613281386
0.02443333240196475
-0.14999705918597475
-0.38163570482105763
-0.4413996602071023
-0.22368662671915002
-0.22864795385347336
-0.1604870938866995
-0.08197512722015407
0.10962854580109259
0.09900997210498298
0.11230878673128776
0.36517490744514397
0.16336596321933788
0.13317481931535555
0.33888407782072744
0.2730804462611403
-0.001841778789012396
0.2309836379661622
0.1296307857811752
0.14701191994892746
0.055709306159858654
0.06312159455168662
0.35663847797101567
0.19734578673910488
0.11794969628113713
0.13303878631363972
0.05576003015211375
-0.24742994381919953
-0.4041285394703699
-0.374629644726655
-0.45593519473207517
-0.323271143404956
-0.23893058097755962
-0.00443312073164348
-0.21325566469224377
-0.25432100062792723
0.09855592196875251
0.4205058328842266
-0.010988106547437562
0.42977350450463286
0.7907649012007821
0.47151225722090256
0.797792386884536
1.9049833289342275
3.4514647418193536
