3.370505613979328
1.9381474891635382
1.3816044569394101
1.164401849688537
0.9518707535072047
0.3903690374243232
0.18260550108011153
0.5103615012618884
0.2534904209266328
0.2950315025030096
0.15099476861886874
0.24761258530609884
0.21112366649687667
0.0552678119925679
-0.10975392273810843
-0.12190675787215287
0.0021207171430731786
-0.37599120661843116
-0.29132195702645386
-0.0913026933415721
0.3257339586721702
0.5786065608031251
0.5730544142551309
0.3389533534732098
0.2557342694401853
1.452094736683574
0.17443853857650438
0.1697453779382631
0.04384374225424648
-0.16538840871930982
1.318503025887354
0.7194076545280685
-0.33177611521590256
-0.6092064616045533
-0.5151562783554717
-0.26472941044089904
-0.4016125601659493
-0.48676444578027916
-0.2624648720976444
-0.07391154497379675
0.4013113130530651
0.5344659288361725
0.52552306502702
0.4508847661875118
0.4249713121723408
0.15995648780195518
0.14027705886369066
-0.20722377776990572
-0.014450103893651652
-0.05858396085150407
-0.3043384716025594
-0.19260441379748258
-0.418080347986283
-0.36638985959418363
-0.30366979347075046
-0.1031354030871546
0.03750757300347686
0.15975303421826736
0.2583706142391263
0.1479061522720876
0.04887201293494812
0.10502116724356272
0.19867950077622673
0.2252628662159891
0.162131235398701
0.19060017692870945
-0.07734780867322154
-0.18330622225767687
-0.35701459582801925
-0.19499763682289703
-0.37442442807257525
-0.3643391056582114
-0.3189305293261988
-0.07772845385029914
-0.24949022951212316
-8.679794491107604e-06
-0.2270495766306706
-0.3324019205483762
-0.09586429787500242
-0.04300395882979866
0.22066437692702898
0.2722159966349506
0.615121856103904
0.4729629146363624
0.29696069115731616
0.05537830550676729
-0.1648793341475478
0.06956277245136247
-0.025611580464099434
-0.08162570834316804
-0.16038125864567623
-0.04513584190387977
-0.009181731779986253
-0.2638840229977669
-0.12272967055342159
-0.16212739205847565
-0.21748996621605116
-0.025608209975278944
0.08008921492431118
0.1491985838321044
0.22040162180529438
0.761110279658031
0.5523619521926278
0.3054830396724962
0.36438582891280996
0.334881975617153
-0.033013703995601634
-0.07586628785393032
0.3171872940794134
0.4137697033376603
0.030486587538073127
0.595594671726769
0.630664892402299
0.8459308992874358
1.0818703804220327
1.7420822979962824
2.5174585366422613
