3.3716970656355287
1.9838358256539133
1.2765949708819584
0.6396955828848682
0.4193501863036511
0.10250657954043291
-0.3548114127127612
-0.5816861273683231
-0.3623780413244165
-0.3673407314907804
-0.530171812944686
-0.27365862523358236
-0.06671415326654156
0.04352651592277194
0.06124301256589254
-0.07394509720167264
0.09185861996390055
0.26866775740652143
0.3282257972688854
0.303944390110909
0.33517055050179523
0.549759541716895
0.5198597155500266
0.6204197650290296
0.5798755653027831
0.5168550822659923
0.5668464015501776
0.20552087831943636
0.014586471914574427
-0.2570667574871102
-0.6710497266537861
-0.8498578359358531
-0.7122152979819671
-0.4049449477653259
-0.5927989801387838
-0.27801276905103495
-0.09545841474100505
0.1907682962994113
0.5701583738853915
0.5243863267677369
0.40142434361839907
0.2418471026951984
0.061623490461788666
-0.3293091929125623
-0.42838323753811797
-0.27203638632993893
-0.4233422279989646
-0.2508444794298449
-0.36215424268441343
-0.34407739562950534
-0.2712485967185812
-0.04556407386547876
0.23361570457271827
0.15099042251213518
0.22689868339189478
0.34477660494262047
0.37229634395516314
0.19927633725640867
0.08031663546477638
-0.008217949484609006
-0.12454471313290438
-0.3113626205909422
-0.45252480779409693
-0.27563425303963907
-0.371628061229232
-0.6729353273936863
-0.6445989362102535
-0.3819273630211737
-0.5054918915519809
-0.626140204243872
-0.3502009894516253
-0.1434330350520464
-0.018253961716178026
0.2163805176622929
0.31189858842524937
0.5564240214079519
0.3004720718664813
0.09955287053883134
-0.25106940298571173
-0.6890801938477494
-0.4434143869687096
-0.5599089102081737
-0.5702238641293107
-0.5805627009107365
-0.24251171287635007
-0.04257230852269301
0.10284619764484922
0.05198701597399742
-0.23742845629733328
-0.5056843518440172
-0.4736261045326429
-0.31907301334291926
0.007840456168548192
0.03532426284629336
-0.346945111006911
-0.44904531140279885
-0.32886967805025125
-0.611713981946619
-0.7088002334504214
-0.4547233355872815
-0.27054765918826995
-0.41522214364868254
-0.28677478018090063
-0.03639833782036822
0.17354293755253197
0.212899207774461
-0.01949861039226936
0.3178106462888612
0.17913565212106608
0.38243354549253505
0.3077150517519475
0.2043769417081902
0.0063870501976360915
-0.10442999378149997
-0.09524747265559928
-0.10594650857769737
-0.500538452302108
-0.33493789169952404
-0.45834468367704667
-0.48912005347657683
-0.2594558631115459
-0.04610709673525009
-0.3310212978074438
-0.2900092209401449
-0.04246336066528226
-0.09074229939364739
-0.1026100062515024
0.1248063600094607
0.042968222736190866
-0.18250448836418418
-0.3727838089087242
-0.31790369092130727
-0.2676481195099307
-0.8679781680512334
-0.5162799946783926
-0.689187295179127
-0.6228341338667229
-0.3607735633281452
-0.17523224461131073
-0.16508098716898084
-0.2639186723492099
0.03441198902436356
0.12108221063865372
-0.012596240513549349
-0.025064693088488736
0.16755825004173525
-0.03865412536319973
-0.2512831594113421
-0.20784301034238303
-0.23988105907380772
-0.5373787096232134
-0.5651669813435135
-0.6606204237659776
-0.6281300449151577
-0.3319390923546169
-0.039502201603508924
0.16524145936289328
0.3945656263187689
0.3486264132822869
0.33342659193406327
0.2726450167611155
0.30268641810988717
0.30087643470039005
0.30557881703027867
0.03641777335352328
-0.18537218300006061
-0.3318557421152939
0.1077404200344796
0.33648153772162187
0.04581214341001354
-0.03632774671429002
0.06515685357221405
-0.08636368062574921
-0.416509695171675
-0.33620379262403594
-0.2851373099837132
-0.23478327931802195
-0.33876290374165813
-0.2441464034718325
-0.07030063890725635
-0.15007030286381487
-0.12404011418946165
0.03303503154366429
0.13320268928655274
-0.015326884543425947
0.09224894773806813
-0.06554538756726044
0.2526890690547674
0.14963578880107806
0.05589610873902546
0.31694316221568597
0.2801990809913164
0.18639883972182253
0.26027217280948944
0.1291223703129895
-0.0029383902212422
0.1547912136414507
0.28431180035925224
0.2904533737215562
0.23214969147117212
0.15260732583002548
-0.0747609102096763
-0.044518110517232035
-0.21847455754271386
0.03115529929687656
0.1470558543082427
0.2071228953399907
0.3759906345562964
0.6184756618046178
1.6532247065173322
2.9525737550329048
