2.1425034859368557
1.0992976693330505
0.4930238040098934
0.22907677711456587
-0.024681420948173095
-0.06199392114247043
-0.13272096779293374
0.07899302526587683
-0.15729620452819748
0.11992384065324817
0.24949954532661356
0.37346866503358844
0.20083474989375177
0.3225435753979644
0.39855339518849087
0.41093370063049367
0.1266194481194329
0.06059376107694849
0.4448513776488897
0.44654823073707295
0.34120741034106605
0.2507109816851725
0.39281308730687103
0.4804030282577276
0.3390653704157731
0.07876938030638361
-0.08609522795066323
-0.15409107147285492
0.014864286087245118
0.053561809759230146
-0.10077796206667126
0.20152472215944636
0.1549813058561443
-0.0943390280602646
-0.2637491014943789
0.0018661419956725338
-0.04073734548642189
-0.2734172216803075
-0.24489239266143986
0.10159524319848358
-0.18848064753574714
-0.13437820202711276
-0.15481529164548102
-0.03307175749277063
-0.059791550631242
-0.3492442524354873
-0.4256895302901977
-0.30663264390503653
-0.03569895676333174
0.11639537509177844
0.5078796246592608
0.5130587409491246
0.6766909208918817
0.9926034385101606
0.9326688997042556
0.812191206602654
0.6533522484654879
0.5188550469907336
0.3311653334382919
0.1491131139841617
0.16960977514700018
0.11820345341808373
0.3979410277432122
0.38548393697273375
0.3940333664629715
0.12183284021283439
0.325865554346967
0.0873103507507254
-0.20228367632962505
-0.2232138692838615
-0.35166665904542166
-0.41631788489082544
-0.20151031376081144
0.059668610697013236
0.37608354983540154
0.27580850110558813
0.38250868247999426
0.4560453923812448
0.2132146773933827
0.033959858628217605
-0.03716819016715175
-0.09219081346122054
1.293617970601284
1.906001048384182
