2.842568268195921
1.9349024264947459
1.2422761275355068
0.6378517798075213
0.24048868839716078
0.36838388864676136
0.3397988020097328
-0.19098166342763456
-0.12298380321739852
-0.07137585076400517
-0.009331808137210594
-0.07726560698304503
-0.04497396362558941
0.19648648908880537
0.0592523442153635
0.06886264303730195
0.29162252160798313
0.1709246255714099
0.2509249774003605
0.4012756245577703
0.601036121578371
0.4923506855011523
0.30260870642749654
0.5270636255565831
0.17434748056814578
0.37005891949106284
0.5466840524382072
0.37320368625605155
0.22855384713059948
0.14463991147051855
0.3171086549192979
0.030459783862162578
-0.3376004105466936
-0.3169940322233934
-0.11621102756422928
-0.22915361281293573
-0.1679470157105953
0.03410544449772949
0.3453392159951551
0.21868570840220955
-0.023087523639995423
0.14924756037634876
0.021107727251907037
0.1495586102102804
0.02533236294938967
-0.05038959030291148
-0.10957729715606195
-0.013488011094720136
0.018764669954354732
-0.30912227480346477
-0.29813066503377567
-0.370353444631464
-0.06409128758551363
-0.20063128005902292
-0.18047811964177746
0.11050172521085483
0.27424728079557337
0.18148112632138783
-0.09072438883872087
0.005948767124888331
-0.1219644095784514
-0.007327547987887997
0.1913277341866782
0.40301726826959605
0.40021167318427503
0.31884341538185523
0.2807534558711919
-0.014621083421647448
-0.027613724323174358
-0.0033034765665268502
0.14373601149262596
-0.11466075818534167
-0.23893550582528686
-0.22911913787954344
-0.10382914747904766
-0.4128654573884631
-0.3839533809432331
-0.25110744865625784
0.03474239359700274
0.2718281240313284
0.34093737067291024
0.3087099283693342
0.5009477437037274
0.4305062628323435
0.12751392529787692
-0.03511973881659725
-0.129058429900172
0.07960126493885283
-0.19843838755085016
-0.4487764753596667
-0.44813924998359994
-0.21670158942517284
-0.40356013351742676
-0.2717843188791043
-0.053318050721527836
0.13082201791182144
0.15116713283619826
0.37868282317407814
0.5380817199907219
0.4848087898917191
0.3469386787877456
0.50835660913648
0.7173963176168977
0.6525503873711512
0.7574635645957929
0.5758344225357388
0.25200128892842844
-0.10456790755281238
-0.23747191242085772
-0.2784823636173184
-0.6989309863608885
-0.6804395438564497
-0.6584553117660067
-0.7947730182776517
-0.6876576474708401
-0.4060418120150622
-0.5294728047410265
-0.3721156984648533
0.014342412097920173
0.16562453357553542
0.24707106828677042
0.03598090812741826
0.016671779998419303
-0.0241787138737612
-0.1693508644966946
0.06930884163231756
-0.09289326976538242
-0.045637091893565795
0.20975162235535863
0.2821110162459896
-0.07158176905762198
0.09846152035101273
-0.38500878544199696
-0.4019544898516209
-0.4605502558909563
-0.23909855435428398
0.4224178224857192
0.35259743170539803
0.9735223702669741
2.254000305445012
