2.724446335440111
1.8840272026771179
1.4917300082118914
0.3509516949206338
0.10044603632778029
-0.3449189821804147
-0.5800838274449707
-0.18706306281864382
-0.35872432597159043
-0.1254786944016082
-0.08204758994796257
0.09150131897030961
0.009901068131078546
0.05949151977716834
-0.03232954175497814
-0.4189848224674881
-0.517199520337714
-0.49633474309140996
-0.5404887920102944
-0.6546324719969474
-0.7260279906583098
-0.5305135741296719
-0.19199042815400622
0.042535067253301306
0.27357628426745945
0.40209037534113684
0.42584733707356165
0.14641097788433124
-0.07037822702196986
-0.09502111570696976
-0.21967687809160072
-0.1329800486935355
0.166431866262955
0.4844144336730466
0.5905742994773726
0.6543700439988334
0.7613456820215857
0.5978514612788378
0.35153214401754534
0.29898423948276776
0.3183042225880887
-0.12154026914235824
-0.14589260980280416
-0.42299932061005646
-0.2612172091882449
-0.7793889080632508
-0.7116179337903451
-0.6570484941963716
-0.4089724173298429
-0.08284855304595776
0.13344084361810188
0.41583860703244757
0.6171392710157707
0.2293491305354045
0.034783094365154144
-0.3414841736814405
-0.6801713182665876
-0.6430747479649406
-0.6214588634769211
-0.5890141255143685
-0.3928037401798423
-0.3264755610787832
0.06693378807073708
0.08163820540700042
0.006391804518648356
-0.1430770030604747
-0.16819869094210427
-0.24747187932919906
-0.29935159792974797
-0.09833016414893841
0.01081887891617602
0.2733716819032638
0.23855920547324627
0.39600200452071427
0.34473811228287626
0.1301659655796895
-0.049390211998920394
-0.1554995824168482
-0.08480183435612754
-0.24486959561157437
-0.1531804313615422
0.07695874242656317
0.06356402297651435
0.18397184722203655
0.2635951719068726
0.2224056230854508
-0.049115195218018264
-0.029737475253737117
-0.07391372673768963
-0.3602146209397133
-0.13616527021904035
-0.17438444570892936
0.11764844952350761
0.1263205975192747
0.399797422801348
0.38806088696348284
0.11112901085677661
-0.05620530890549913
-0.4047003111824854
-0.5103882863996412
-0.27114055132779374
-0.09836748663724028
0.1699085342116718
0.42093321743923234
0.4796176039737567
0.31783779190116473
0.17298121439924333
-0.2911192816184032
-0.35239500188442296
-0.18377117394663378
0.06895116001890372
0.12016010388829243
0.06623427628704735
0.051660001048911455
0.012147736068580424
-0.1470977822021925
-0.23557588906593363
-0.3514459264423507
-0.5480240356001821
-0.48378809088344116
-0.3140507096330164
-0.30242325130408965
-0.03963646378542199
0.39428871718708713
0.6406033087632254
0.7269552158786768
0.7097974105589676
0.8306893776810103
0.7139647008818558
0.5348604017136848
0.6469876507929125
0.430846831850223
0.25915565555128334
0.01112071253647712
-0.03355893762053775
-0.19000879382000158
-0.09102568833241347
-0.1869419458602069
-0.18894030500691084
-0.09176490036099011
-0.02940095773731563
-0.024438701182248602
0.22846135598520828
0.06673766117975502
0.30271962515309825
0.39272427827755624
0.40851429061104333
0.2358766974687897
0.06604397748840157
0.05909863149374093
0.2798418985239532
0.1270899486543821
0.25721148805741434
0.2014723000773942
0.34431465640839737
0.5343454813038526
0.10746959722537584
0.1904870912265985
0.4824910526784619
0.11539534621241126
0.21649366851208515
0.30188340086789467
0.28221668527597643
0.09852391325972158
0.4226027380317031
0.531690764071279
0.3636351588088307
0.3788855002850875
0.14375531203513625
0.04863985654005883
0.06386081249827273
-0.15301993348529622
-0.1537463841445809
-0.16369589861481565
-0.43836518945397795
-0.5506114748542262
-0.6595946526646052
-0.648799742960783
-0.5637059776314891
-0.657877964743646
-0.5627035269107309
-0.44125828861424765
-0.16808524167597297
0.24162035485887065
0.31086421192676145
0.417818719176907
0.5213390360846205
0.3009129385806534
0.5751476422771797
0.6528819825657912
0.45419232508698537
0.34383195740356604
0.333420185055518
0.08870316201902664
0.11464238486836394
0.020199487714612004
-0.15261779608662787
-0.21820377149161288
-0.27173481786956744
-0.5681653987656499
-0.4474496325058663
-0.4968949869786531
-0.16947245648628614
-0.06395883294456484
-0.5777824646414518
-0.21352211991951453
-0.3285125397880316
-0.3574624148340002
-0.3510861176767934
-0.2849554660265087
-0.2490249230694068
-0.21014165925825581
0.0016587238906858655
0.05955959217881545
-0.037443192415094244
-0.26463413213647935
-0.21629594836631694
-0.31900373370541807
-0.041393201679582645
0.1485960835680665
0.2851738213643588
0.6075262834559844
0.543962714608214
0.25140700302937335
0.11998547875045587
-0.09769094309410785
-0.09738284869463783
-0.11082613009301807
-0.0740521849634999
-0.13015817368614566
-0.11838905142494414
0.17023444178864325
0.3704560336444926
0.25200719993658854
0.27580250701311726
0.2428472531442972
0.2454287354337841
0.02656607256708537
-0.16781058888383973
-0.3049983468868891
-0.36196200916936216
-0.3206907993288487
-0.3687920257080345
-0.27969170903725626
-0.31389938981516335
-0.4330776906805116
-0.3037106504779525
-0.3118724740110862
-0.23977081717040974
-0.1358266073490868
0.12633281123698584
0.2537245585577626
0.14742698950979496
-0.015461072192209342
0.1244226589676497
-0.0563178957441342
-0.06339652037909552
-0.23092569439459723
0.11923956037114528
0.1972750424700894
0.1249882531636966
0.40403419122617557
0.6390069560631959
0.4970172139765764
0.38631424232117384
0.43522443642555597
0.26239697365909653
-0.002272803509588325
0.18871293354578036
0.20261169974942192
0.2541545643957686
0.0681796608358153
0.2985665366183173
0.548875385019908
0.34306396923185006
0.01852668533394938
0.11689771589257374
0.12586851108790756
0.12932679348921144
-0.09650714954477776
0.0499903536249428
0.15856044135821387
0.3101807615750996
0.2184960674208407
0.16639555615893833
0.05122155142908818
0.0133891646036047
0.47578429906941505
0.2934320500342014
0.12718581534726006
0.3703613429116681
0.5971451159790858
0.4702222965739657
0.46550522245539594
0.6058097306456772
0.4965415276590696
0.5514122991259544
0.5160242607763859
0.5625338983953666
0.44277038581632355
0.47618465959129913
0.5699381502990004
0.37860943183865786
0.08685675893437278
0.016517326652392215
-0.12865193774307587
-0.2616198549929965
-0.37446053970506876
-0.5492409638393507
-0.6972616111907459
-0.5881584984238147
-0.5611852810286626
-0.40673548906622675
-0.4883121405298861
-0.5026993351222566
-0.2572725903785732
-0.4571906649932738
-0.51309870141657
-0.10022806285062283
-0.004092448063771935
0.18793574283787323
0.24150782454630168
0.17563058163264128
0.02931500539784563
-0.23866934414760477
-0.31260032876396376
-0.4551202157532354
-0.41950601097051293
-0.3389083347394294
-0.23802945873423573
0.039566950561683197
0.1808908464233769
0.42258373028308965
0.6119627529120025
0.6086328287986051
0.44902512924209986
0.16294217727421523
0.008789664847842821
-0.02615340321241081
-0.25979376267600224
-0.2008481205017551
-0.09493365057003507
-0.1509262999849964
0.05665542553357036
0.2124604757985193
0.10667209169071593
0.06160935802114774
-0.08794578207813765
-0.3241262666722921
-0.6114401500997282
-0.6689328439587452
-0.5285278751752346
-0.5024202112692895
-0.2687931170189864
0.014638970361444119
0.015178771773176699
0.14246787082601883
0.08978208871480561
0.4195052565374989
0.2566424820097458
0.07322919144268816
0.2980048870858229
0.39576696582945853
0.09521516937951584
0.17053921998736868
0.22988215973070408
0.08111911365149868
0.22012988281160747
0.33322472351258
0.35780846091453683
0.30347062269089287
0.26969298300056344
0.20839489795558264
0.611705498740622
0.3365527826951546
1.0255368059560117
1.7947443951148474
2.69753585037399
