2.9023936890620794
2.8355541498924492
1.7102062043262949
1.3847222774598715
0.3516383074337173
-0.2399398550956223
0.09452115160812519
-0.19303805053147374
-0.5791968855359959
-0.5734572201567837
-0.5988175801567804
-0.7735298939407229
-0.41650741633104715
-0.1664396486623807
-0.0697780406599596
0.12195610593833642
0.2959457529585046
0.376626730403401
0.2602962448503767
0.03042198649651195
-0.011692443696227697
-0.14005174487265537
-0.049083138445029165
-0.054983356035628005
-0.3568684006966047
-0.25403279923924343
-0.3847564190742999
-0.6200080833015561
-0.5876853717542927
-0.3965623733735932
-0.11168262608525663
-0.11837765568735512
0.030434536925715187
0.20351299728961555
0.6221702358712956
0.25606557909691
0.22330126750990362
-0.04536924095120784
-0.05756858318838002
-0.14124403902665852
-0.1237171257901076
-0.05374312064127006
-0.1247461154445366
-0.41213360951961225
-0.279619911799189
-0.40516816669975997
-0.5769199010613404
-0.5183975614277538
-0.5412067195735603
-0.32917106133335067
-0.15610017779424665
-0.060850542059966616
-0.045838132524885083
-0.08123541744586965
0.09107688046352252
0.21746628492602318
0.1163551388877579
-0.07048125512146892
-0.03298552555631595
0.008907926909916663
-0.2415042569014666
-0.06641991243288917
-0.025345539985561813
-0.3118464971567247
-0.30447870943194266
-0.2364159357641371
-0.13134062593161358
0.01886095642686402
0.07128090458736068
0.21881733154037705
0.41242883699085564
0.40615885983953287
0.3663958588167903
0.2801039627234838
0.43748844486409383
0.027023661314503466
-0.1702577494482443
-0.3844036401296037
-0.4119193734698578
-0.4493033264214608
-0.40572547680737503
-0.08519236669856083
0.07996948867871356
0.08621179095831984
0.4057012142406472
0.5176939015915608
0.3791108484693153
0.17205964708438118
0.0404261037412731
0.08387250330844558
-0.1617963498920187
-0.08506956335918538
-0.4417996025103336
-0.2393375045478489
-0.442425546870528
-0.42283229674654277
0.04340413373420144
0.04022112801507633
0.09957246574479339
0.38918317502794114
0.5632302714147094
0.5827210529939068
0.46465288508302643
0.36604468458778877
0.07008973974300788
-0.22527729235913516
-0.40996593035843976
-0.41049244771789195
-0.3128967005304584
-0.6534935849974167
-0.5576131158491426
-0.8306489613997722
-0.8114901301127878
-0.5758128826485925
-0.5477417052304667
-0.2658776926712873
-0.4133054837092787
-0.22784705218766813
0.4220834987915789
0.5938265992367956
1.6264618840616516
2.502332111567183
