2.7014033945511575
1.5248021563939214
0.9882605362506448
0.27061564892126944
0.039636784346793366
-0.07287246268101254
-0.08400798789133465
-0.0063714904351804885
0.3451350431312557
0.33089876604455987
0.32605368567833165
0.37601283151069914
-0.060171275414312886
-0.25112252293377996
-0.5444366421462963
-0.3266261715429459
-0.41078804219054127
-0.1668733316428511
-0.05701668609117803
-0.12343100675546441
-0.15823989434398888
0.003980623456259886
0.29876682367161694
0.27453756726452805
0.24218273508792956
0.5136924896006227
0.6210006954591573
0.5926568750342859
0.2295735338055591
0.32794293207147673
0.26138367672978213
0.10963665203899399
-0.06971472919218584
-0.4386765315167218
-0.5497569476801893
-0.47750974813315794
-0.490829257235489
-0.2497949635157744
-0.0016142837058406596
0.2209496761133071
0.23661573777219133
0.5125258957998576
0.3093914075880045
0.09051302573052428
-0.05026545738338779
0.1878752556246983
0.27051525887993694
-0.13116836146813354
-0.37004896509514346
-0.24746934789802064
0.0526889008932948
0.06641440455295543
-0.05223391210130908
0.03668598351108607
0.12593385722533398
0.23930516359773676
0.31646468756364243
0.11895875465722551
0.1531695761078304
0.15476791798076298
0.18687161316510073
0.09666105393625987
0.19072395407898393
0.32134357727268265
0.41053138644624604
0.5517968504646275
0.42765161493329107
0.37529095904764576
0.46475162939056375
0.1618721544812872
0.3248008604334883
0.41717056586061435
0.569383620732422
0.49293371330073055
0.01590227955653732
0.024072837136922903
-0.38288339581331554
-0.44109277339542957
-0.35016126990499236
-0.5557641045089793
-0.487609834563315
-0.4570959344485833
-0.43782844172051866
-0.12928283963071194
-0.04097581283310444
-0.07576511392881717
-0.40798097011519247
-0.4651631897064695
-0.48540442758386104
-0.517508871932789
-0.22522724141016373
-0.27837238002243175
-0.13492524943608533
-0.01821514789620373
0.20868451992606463
-0.11067611267596486
-0.23650373845334008
-0.4343672143251906
-0.16103354720195304
-0.28444341767331877
-0.33393180673811446
-0.07116867578394016
-0.5129290477141332
-0.23136499476523112
-0.06739858892844955
-0.3189226180700673
-0.1570632208982383
-0.305962582264488
-0.17347385846167315
-0.22403142060881664
-0.05959195746968294
0.16791000400989023
0.18699940486503738
0.35106917088859063
0.4109382805207688
0.11128608751529014
0.3667120646439319
0.2099449795275288
-0.09564530241150675
0.209997901573681
0.24412938522363473
0.13430654758724783
0.19526860654532782
0.6595405719905997
0.6277772796180776
0.3697982972022199
0.4528464022214283
0.6931627581479696
0.5093206175431254
0.15885518261682718
-0.07875427562305634
-0.14409491482104106
-0.29211851983739384
-0.2804911415508999
-0.14421622690133745
-0.029112386146545
0.1287350011126454
0.11129027941055857
0.10753274579840959
0.24625283472344983
0.1328913496145388
-0.11500651065707172
-0.5185798241799485
-0.2278278823530178
-0.4736772663049487
-0.48373050173786153
-0.36132514069040916
-0.27271168557975395
-0.3052740590171821
-0.17200513603773246
0.17088255689622936
0.3777217024067655
0.4903028723918487
0.4159517774356152
0.6036024368991934
0.511279960366419
0.40319295193758375
0.3801593903202038
0.3532188564931072
0.1376042737796007
-0.08954105027313831
0.010734894219811145
0.11534945141241788
0.3091220246320143
0.3114679439337454
0.3998242567435999
0.30184911240525664
0.061951151349488115
-0.21310983975242112
-0.47124790237254977
-0.5174944375684802
-0.2962307191925102
-0.27824202178764235
-0.35093852670573633
-0.3180987658523985
-0.024934861878617903
0.03520365455629451
0.11515062234858926
0.022810201621165798
-0.035968068442203904
-0.31812261054868696
-0.3795312528661365
-0.7317499352815624
-0.8445002050077884
-0.8514930500434227
-1.0619294069887197
-0.9103031205283698
-0.9449182679752056
-0.9202102823586695
-0.5599235935000307
0.044936209073063
0.16662091201265214
0.22706041182212225
0.3144950052002777
0.35925585676547284
0.006653647901202512
-0.026723441794799702
0.002634117699985587
-0.08877880136326335
0.1282474531829996
0.22871882092482834
0.6073877149253534
0.7332555789360133
0.6356792197623753
0.5045923216013409
0.2646228976036565
0.12434073921477219
-0.09201705536518769
-0.056966067066007
-0.07766796016745586
0.08866052752999722
0.04165670527809355
0.057235407522049225
0.11219313782674213
0.1713951859767394
0.16873803436306561
0.10858176080800021
0.30498823719305196
0.382508080653494
0.4073079196785522
0.369952431975937
0.03676228063128275
-0.004635217361510826
0.09987028210420595
0.02795644526443351
0.051587075357696535
-0.003601905298760642
-0.1884833564008033
-0.4850641893830839
-0.6629987076550922
-0.5491500410137146
-0.5537280491375077
-0.30288975509319166
-0.059241191735289564
0.14677787965549854
0.2542347827522981
0.5015411763302798
0.44499923555032816
0.5491641947391706
0.4614050792867157
0.3788256771530065
0.4840334244378272
-0.01003208665349817
-0.05587362443603265
-0.06486117143852406
-0.6440745237432461
-0.7150910922127924
-0.4350675635267794
-0.4483598150978944
-0.3557182759737482
-0.2468237831345479
0.19314928937874062
0.6224552799875691
0.7437658549780556
0.7064586292006051
0.6712280614073171
0.4302246494423503
0.14269548063813298
-0.04905508072225212
0.15358082494816233
0.19283712161614133
-0.006059520914604335
0.06193451456374284
-0.15837445646559026
-0.07627023570899556
0.24762139433637992
0.11203915212281758
0.24321694215426728
0.605542145197557
0.42149892520360815
0.4719990239662595
0.30436568817591725
0.5130999947831075
0.17152979996128018
0.25037470653742316
0.23476617712177061
0.16597232271916387
0.39346247081844515
0.1252399169158007
0.46963667666347225
0.7719004740604812
0.6219190674014644
1.434608720709828
2.6510519587062307
