2.9738224898173633
2.0046093418510655
0.9155182666692657
0.24822181777474067
0.4536154564452526
-0.1383862518013441
-0.39620979339758006
-0.2702176170813573
-0.1513497843349511
-0.21391167692490953
-0.1763429041021533
-0.10281029175906492
-0.18160929461030556
-0.14784982410627878
-0.13511870078427354
-0.032721972135180716
0.000136722735447313
0.3177106815064328
0.37002075446857396
0.3970127496242222
0.6122259385797543
0.42408834264039935
0.1547915888190047
-0.046881366450584674
-0.04034446797763034
-0.12148678463469187
-0.12591895340655992
0.12217496113539911
-0.0005424814978114184
-0.055733991622659095
-0.047562989467250134
0.09685320555254331
-0.12916554851371284
-0.28384724831919605
-0.348956957514439
-0.5098501099758895
-0.24640415933642926
-0.184277044217731
-0.30005957127549926
-0.28019356600963147
0.017608752384022323
0.1862910515535345
0.13953160508391096
0.15249719802907374
0.4496617075194907
0.2701896794930618
0.47978477503323985
0.2271320945825727
0.2538897346259238
0.09276335903151901
0.28514907917294763
0.21421450047943907
0.0375534117773854
0.03528670481521672
-0.1819747209015538
-0.24621718014573976
-0.1645015584194745
-0.4618738730865632
-0.3563455528836973
-0.40812794428615895
-0.27165260383230755
-0.31359341788162776
-0.5453705993445024
-0.34790715217748786
-0.22794330219411948
0.18836111063234925
0.04149911435991207
0.12883624339468025
0.15201747681163413
-0.07446738981992977
-0.2984214853616021
-0.16892337169876215
-0.4001212489963916
0.9933521622587393
-0.2688724037052232
-0.6045513756522047
0.23888534233841555
-0.2582024069713846
0.1718864030918101
-0.3760169392935648
-0.270440223781473
-0.35523731801186637
-0.141789973438137
0.053901219222560144
0.11327884924409883
0.16954311470054148
0.644811438165472
0.6025951859177707
0.4820874360622662
0.3988665655807652
0.5267739527414435
0.4354176645243079
0.14286021251273012
-0.10428593080317632
-0.40650371430344695
-0.5273890876544298
-0.3299349673600476
-0.2267087510217955
-0.32614598323641614
-0.2705894885119109
-0.14987326350125832
-0.0727514202543048
0.09083812036014355
0.15511972183191025
-0.05631024712599812
-0.2153354610412795
-0.05090399268375222
-0.18542609138073715
-0.2615844728303569
0.04507783020178665
0.3369399931404388
0.43221352756444764
0.6774268046410973
0.5119113678312744
0.4856805829637335
0.14226450655109807
0.019085871545537793
-0.3645556143937318
-0.4850072632128786
-0.43598577329607296
-0.335887640636426
-0.18247029524175004
-0.006563267893106574
0.03020966020406547
0.22963987598678975
0.35927067845500466
0.07603180690677484
-0.15319216984141276
-0.3046137741108059
-0.10850702972029594
-0.2680120762493787
0.0692407394655329
0.24017254486832182
0.420963910578595
0.5323812603986028
0.14290655661624682
0.24691129790661756
0.09363391686853413
0.23194886930075717
0.3752945913768889
0.1566758600068206
0.16953788648523285
-0.16092670966583109
-0.2566415326081087
-0.07741255211753299
-0.004608145579295593
-0.05046810926704859
0.13838734664754612
0.14447031463893192
-0.12246526115723329
0.02935263593826133
0.16987294469927938
-0.1182341566741195
-0.10526698601977252
-0.01334538309314247
0.2922157649687786
0.469508093012901
0.3413808088047271
0.3418750914304248
-0.05161351711096388
-0.20079874568308925
-0.14318742397870976
-0.19557916355604105
-0.18934634454473703
0.18199439786237
-0.12216300385108654
0.3571307443410694
0.23692059293911266
0.23339913560295011
-0.02563295927909439
-0.17368256186826136
-0.23027724869471025
-0.45746458643500626
-0.22194441487207708
-0.37409726948739336
0.37219146376180445
0.20383392062791442
0.27085172903781335
0.39159590721100734
0.42203105552111325
0.5136295979898626
0.3753685523130729
0.27171998570034217
0.15360104832683447
0.18129691206237344
0.15145995315579386
0.23535728475709392
0.44766737523295536
0.17408223127567574
-0.04898070102054376
-0.06862527988070144
-0.029788195548487578
-0.21887592152305724
-0.19563885800220693
0.011825917703609449
0.08282899296030047
0.22535536135246098
0.2913538520917022
0.18122597115476072
-0.06554457601998456
-0.06902368617129737
0.25522720141915833
0.18708214838743234
0.24566141883898157
0.4709026694250505
0.39933844699765764
0.3620428674910576
0.14527194851783734
0.5820471613625925
0.14852524242538198
0.2860324307016985
-0.03175813487700323
0.21959610523721843
0.34032668847720676
0.7964612183436198
1.9697054126899451
