3.1025219209370936
1.6052392625566723
0.8560679470990282
0.4024272743054997
-0.16091675228225008
-0.3453341358299514
-0.41916551375893146
-0.11400291028158023
-0.30839033054787024
-0.5053003888567852
-0.6562409054688506
-0.5914382193470877
-0.5198592546764724
-0.3770314939143416
-0.280782989467737
0.038094760163430226
0.28885555000737156
0.2669023062392677
0.23440083145132803
0.3044480236864759
0.28919323307102807
-0.017074392776255998
-0.15716804910157411
-0.29257854025520985
-0.460889429432004
-0.5466217135549328
-0.16399474221367846
-0.6300696607380786
-0.6292635692071716
-0.6073000957037327
-0.31305423347942307
-0.12323481077522017
0.2878467772936028
0.5957534672813207
0.6813308646214497
0.4460303340312457
0.1978102985802096
-0.29281148665008383
-0.05806242778240232
-0.5745953821020697
-0.47475269976191076
-0.25470835099181216
-0.4280913851808128
0.0208985593639452
4.743515787774405e-05
0.2912442522892559
0.06614542715773757
-0.29221159014604847
-0.10816248611048768
-0.32599721041875973
-0.41099684989516316
-0.2314544670541279
-0.2422170076288248
-0.035434549320720946
-0.006105495732927795
0.018021729866151893
0.13865194228659458
0.036247806085840543
0.27746062641985725
-0.03479948749338739
0.14930669377259734
0.38880572963393123
0.3779872876189259
0.4997920422909943
0.520450635584533
0.522145330316074
0.40661871530861365
0.2843093014107682
-0.1832978485993357
-0.24202719995052638
-0.4182302673567721
-0.6935967957310664
-0.9082967634215761
-0.8381752157680806
-0.652130099596998
-0.8006995273152387
-0.7893716599904924
-0.5138260873292346
-0.47352867802284443
-0.41250006716320586
-0.6977677374000393
-0.6017435280177341
-0.6577122315935672
-0.4424681880319077
-0.5856948359540423
-0.36795391170636393
-0.2531761926110355
0.03688587386478512
-0.08406908126918652
-0.020346639453951994
-0.05915112892808967
-0.05084684611974339
-0.05572767019095094
-0.28231323331828456
-0.09550261217012582
0.1748541366677154
0.11152339272775146
0.043673227682947964
0.17924378336082789
0.18416512303123564
0.499565872724167
0.4166511120608247
0.4906196820682035
0.5703621695854301
0.31189692450138246
0.0617661941306272
0.09210041452886202
0.07477124917588712
0.09066876677755027
0.18826827617106157
0.3792704374597302
0.08051833286135995
0.003063909348840139
0.03558376200089301
-0.41154478815209344
-0.5973982783573903
-0.5281509876809588
-0.33683076507099324
-0.2633313009459667
-0.3358939489846812
-0.3207334019376452
0.10181702200724446
0.3292578481615677
-0.16028437608905732
0.3699762807951325
0.42831467720364425
0.3773322143624894
0.5539456568840619
0.38663564425503577
0.111215218109098
0.10687529415214142
0.5867196677711984
0.42595941658694847
0.2367713838418832
0.19990977355743408
0.28125759886521245
-0.158792088635571
-0.18815226166341867
-0.12180392704684784
-0.16174679622905233
-0.2225531077929051
-0.5107121349428747
-0.5853026554923327
-0.4462494881869575
-0.12320732242039716
-0.04932825735588569
-0.10921717535028458
-0.3765468421624361
-0.3896558082549046
-0.3097758955255346
-0.4831436128043831
-0.304744761827686
-0.1658040870662429
-0.35566055622980713
-0.43082641119982745
-0.22036410558126523
-0.5842052222846231
-0.43149851130072625
-0.6721084732337272
-0.7072378070236599
-0.7324160254192269
-0.9035838582225636
-0.7237218746383288
-0.473734343730864
-0.13484209597011224
-0.051313303718506675
0.3540813775544132
0.534920022627541
0.5139957049148428
0.5099275577928686
0.4614138891555913
0.308320979807897
0.11544637368763325
0.44618821680416115
0.22954482253131395
0.19919938881724938
0.020560241081994522
0.24179076300442034
0.2967490564053743
0.15325135891461192
0.02981644494831554
-0.08962860621497136
-0.06310941893585599
-0.0839778371437099
-0.14447889028744
0.2265483919576072
0.34191436735213204
-0.024861675676086773
0.021190503199798663
-0.18606800946579463
-0.04250735136124262
0.2752256510487608
0.04294380262011826
-0.01333046540056733
0.22461955588021046
0.39577844078189195
0.5425307668020213
0.19242577155012924
-0.03650979653577953
-0.37145245575730895
-0.5789155970477832
-0.5449753469157602
-0.3511077698972748
-0.067659189349427
0.18594750576255836
0.4745640306457703
0.45124668287063724
0.3643157830210164
0.10773020891531024
-0.2323309904014209
-0.20504334514140748
-0.3679163381687301
-0.156531932248043
0.05534790500702818
0.22038942357018862
0.43965837948264397
0.15675393149615485
0.1484034917323698
0.13400655789515015
0.13715218815067357
-0.02322444539450821
-0.04282089247852833
-0.3363754310093207
-0.019663477404241448
0.07906436838568488
-0.17921791886695457
-0.2678773088666954
-0.49346595246597713
-0.4931332074413574
-0.3163703095618823
0.046893808033006315
-0.14544258706572566
0.0704422389896523
0.3356435727012524
0.5367237141175998
0.5423650386596425
0.39619464999699877
0.26498281017644054
0.11638211980719519
-0.26263969726480707
-0.5144552756643834
-0.4456631250864142
-0.3560215835044466
-0.3503374863206213
-0.06563569838934477
0.030951895209531493
0.13470490382630562
0.33733898474625645
0.4426475380091865
0.38411022212562873
0.6573575962167508
0.7149702725948952
0.4365242902325969
0.40196538118476716
0.3526157145988998
0.006335449403589475
-0.10354831301330368
-0.04179203078629542
0.03504256266275054
-0.2152022231176602
0.05859138952311282
0.17067556603818232
0.3310814897161471
0.535134473070954
0.7126191509534336
0.6617287642652435
0.4360440323625086
0.42654142101314846
0.09533931909249908
-0.27629792236741074
-0.1814361718029022
-0.42396121035468703
-0.19218686307226948
-0.31596020032779604
-0.24099869398232807
-0.06523911619031031
0.10948698789292832
-0.013698400573503926
-0.08143568514843624
0.0020149952174211097
0.21711037265931396
0.42750034734705566
0.22231500473197965
0.07111533591697179
0.19589117233132455
0.4501071368327092
0.45741334877447803
0.2948417428733717
0.04112388502523782
0.13351355895430342
-0.0663422706110182
-0.2047331877189462
0.17888237179880123
0.2351782293060092
0.16411014545049146
0.5141478612006828
0.3878427586811156
0.13453524193825114
0.2853709781139356
-0.20957264557084235
-0.5387098538073779
-0.5602245434783488
-0.5478441117532515
-0.3667994533165617
-0.5107030892791151
-0.37081883110478353
-0.04668948079815801
-0.019891496173916605
-0.10545569955559794
-0.3492869931829463
-0.40785259193821966
-0.3688276679934539
-0.4481793882971152
-0.2573756486580127
-0.42438028687094387
-0.4292334727477353
-0.44497782461061836
-0.22552956465091167
-0.18080060080980323
-0.5143627061687227
-0.19278237857597544
0.30777387140569595
0.2982533128376428
0.3804209157305972
0.33678404431945785
0.007239498592270993
-0.26558601567359236
-0.34156754366765346
-0.49727058783909256
-0.11169406438428177
-0.18692465997870378
-0.26647337921993236
-0.12874428599305973
0.019741713653270265
-0.23306698891106606
-0.09499904819869794
-0.13265428505768465
0.03646027875241995
-0.2130787616385465
-0.48825895364857275
-0.06952976482499443
-0.05042111155274598
-0.5780618022395811
-0.3578519043487169
-0.3608163310442376
-0.36480143643867646
-0.4606612377084163
-0.20758274482545852
-0.17614559699572657
-0.4461195877305637
-0.3641603379566319
-0.20196113159309817
0.1364395288452077
0.13669718611731166
0.027305277729049737
0.051982323970144545
0.060264925320585035
0.04925258167448423
-0.11210897464267527
-0.19820692356684141
0.08126719330341096
0.279275670693944
0.33646182611735476
0.2747336309716815
-0.11143901839627492
-0.10825210982654837
-0.17164742008089104
-0.059218674960216926
-0.046335272360395245
0.21428173269927428
0.24917098187188083
0.45269516704084506
0.4230930684566847
0.5633939523401744
0.5802461184450222
0.5114944125394357
0.0001375027612499724
0.182454137238883
-0.28945010625810896
-0.4529461493518376
-0.5638790922645043
-0.2807950060808685
-0.17570989766802872
-0.05006453013158771
-0.6527128950364961
-0.4074771864210839
0.14748445539138078
-0.20894363166476423
-0.303563952805511
-0.013240564882985443
0.1180394293876678
-0.04770800323015925
-0.044955851263698825
-0.394625884570044
-0.6469318210895508
-0.7049489311911967
-0.545950275506317
-0.575553034404685
-0.5827245758378127
-0.09460999286530214
-0.29507221363101105
-0.07052253078825249
0.20520569441471104
0.2158945248178425
0.16392949629434994
-0.06372929011403139
0.04603871025948395
0.20027372873182717
-0.16303478304978855
-0.021092744398356126
0.000541511484955081
0.011227787112080225
-0.10150673009894884
-0.002610523353836993
0.03933017341487396
-0.3154958560938583
-0.3162523696001682
-0.4343431412954315
-0.4125333131360724
-0.610767302140474
-0.26196866018272236
-0.308093714588658
-0.32687219057060496
-0.08065372638073867
0.11739487521262487
0.4110492882921991
0.4855500458376377
0.3488716375664936
0.3723722158981941
0.39309991356775864
0.17388685120742034
0.07591894237037189
-0.130937022452421
-0.2849908313400136
-0.3774464521374139
-0.245156845660851
-0.22079884120308874
-0.21785759220520273
-0.17201805119836777
0.03673474293704749
0.21116315732611143
0.29198067338787226
0.19084446269700914
0.48990378535568707
0.5991202777322923
0.675874237871448
0.8178490432903839
0.7932279608146882
0.705367485124521
0.9109099342533934
0.769229775293144
0.37222151980588364
0.2841302498336372
0.15864562089174417
0.08393117520711917
1.0728500733886601
2.371984815542208
