3.0537975435644267
1.7856200916137748
1.3979687624237092
1.232135385155364
0.6926273762591473
0.7555659048598307
0.47734047727705764
0.13459367101383932
-0.1009421383527551
-0.10088439759158851
-0.28784157601065957
-0.2964682292460931
-0.10834794360139627
0.12904248278085226
0.20188802963806804
0.3299710299903476
0.4645201312148302
0.4120913719462181
0.3003569787793022
0.3217280376970317
0.20548280103752345
0.13077935749060873
0.12525337460260524
-0.06300149224056324
-0.007206625151498323
-0.19844652709144134
-0.1841033427363054
-0.016670193347107638
-0.09995481191492323
-0.27090540973805516
0.02523544517442095
0.2766768383333167
0.15499134565556336
-0.10793684054333212
0.08116178345478989
0.012848158351086133
-0.1884490294326706
-0.26120310413187947
-0.2999229599355611
-0.10176969448221126
-0.43745918492928204
-0.2044941402803324
0.25448205546834785
0.20459759330802146
0.35503859422208667
0.4432668366135412
0.47511839314214904
0.19536361201123023
0.41891357545721497
0.31317665255285726
-0.09778555266227
-0.11171382525316742
-0.07055536090373704
0.010747122082144496
-0.30550321786110296
-0.10830824066252062
-0.07648491477670434
-0.044030446777969905
-0.2546170117982664
-0.02623706248121844
0.12338379118523007
0.176120784565069
0.3115751036458956
-0.035488210637671
-0.08660562612883786
-0.06681417814774349
-0.35632213557229564
-0.47501129259244174
-0.4494599540839214
-0.26713140009962605
-0.020687789453706844
-0.16109525141276104
-0.3506425786554661
-0.714418769123758
-0.9124328769294027
-0.827975553232877
-0.8704437612423361
-0.8181403637903257
-0.643142622159006
-0.5688568244325851
-0.16214428649301682
-0.214548666161178
-0.4711770151801434
-0.42114946648367235
-0.27901673057758736
-0.34421973856632965
-0.17654806915797036
-0.039475644692064174
0.006777896463233735
-0.03907705733891474
-0.03778025013544383
0.009360310231307484
-0.025787394849128724
-0.16640496810543584
-0.06437765479024399
0.011800907162557132
0.15256852492058462
-0.02827842665183148
-0.1130876650769227
0.02408338448358486
-0.30879981367829
-0.3383410421261711
-0.2945396554151524
-0.1678673945388801
-0.3292122447188481
-0.49960344727765216
-0.2866845870482142
-0.1475954390243129
-0.34894571711691186
0.024695874481628344
0.02151984070958496
0.28034320025330417
0.11874021029174284
0.029243430207556036
-0.17532510341701593
-0.5102871233101026
-0.5161637239314416
-0.5054434414747748
-0.4388602692516597
-0.2550988933547737
-0.16109047158461418
-0.09553251981311904
-0.08269907671378557
-0.09117665648852435
-0.26732351732859305
-0.5115975798844385
-0.8142419402802131
-0.48761720810757714
-0.46164890011057064
-0.3497855861912193
-0.1646238593243117
-0.27944142221493734
-0.2967538164804613
-0.3018758357132062
-0.03180595479178023
0.21894153911636513
0.17110651884010164
0.29289469628897713
0.13325822009119132
0.3756936545105766
0.6629230856754087
0.5412178608442664
0.5479557554395199
0.40067986567598085
0.30379583650907654
0.20203397937621262
-0.07830610669822954
0.08019432047425636
0.22288308870696769
0.014662011506485903
0.31356452152678604
0.3634987954297952
0.11446145472311502
0.08481487764075141
0.24571099335606922
0.38455961408438494
-0.04042134072348093
-0.14757174538218423
-0.20468388671818208
-0.5484859886483205
-0.4018363429374041
-0.23351224822019043
-0.13603014271685465
-0.07006649181474964
-0.13729543245443016
-0.04598957335047523
-0.12505285693855261
-0.08340953674570971
-0.10867740348191549
-0.33409352164595446
-0.3776329525170689
-0.27158916064195743
-0.2694886066230233
-0.14904338452855592
-0.45020188822268414
-0.5285364054770225
-0.4463364832327462
-0.5799777090784874
-0.595320479160586
-0.40590647893523013
0.07597225785541475
0.07247678865986809
0.012063888230800998
-0.027435578826975712
-0.30351661504976124
-0.22920273700608795
-0.2758432206572871
-0.10269471648917952
-0.05220435902696878
-0.1698756117535493
-0.1493436390102731
0.047322630776680925
0.12039086312535144
0.07237491615517735
-0.30444830183588856
-0.1572868908872096
-0.1724568114163855
-0.11943786777937913
-0.10871705418234004
0.018925237125711585
0.13237793203398504
0.049390730680404844
-0.04610974167127109
-0.1462855169983844
-0.22330232627350038
-0.17885421499326365
-0.1696326677619866
-0.11721867887805514
-0.08935705026000232
-0.4752036853823839
-0.552873367813238
-0.2226088166135003
-0.2621887059999274
-0.185545737741004
-0.22066679689606342
-0.1215476367148336
0.16853545495154604
0.018337683050518423
-0.15392564176708148
-0.44348207601522716
-0.3649511266435364
-0.4241297782140318
-0.6717862950725771
-0.47614245470520505
-0.3554566219074431
-0.17348723737002417
-0.2643839963519523
-0.17727234084332108
0.01565825984931523
-0.028571061038508816
-0.20273009996735292
-0.1546932382397677
-0.14017696624095344
-0.18901983444427492
-0.39137704347859964
-0.6068411869347354
-0.5700332188060486
-0.3829179524018544
-0.45460276011888656
-0.35027282103653495
-0.23466287149001158
-0.12137728732043024
-0.12918805988750562
0.023571937328774363
-0.14718097177803988
-0.23037646381191912
-0.1598072583177941
-0.26334007841063556
-0.3984578061727927
-0.4639962936985555
-0.38459626195354024
-0.23155056879673733
-0.3838567967150927
-0.30395383818823507
-0.3047320936646869
-0.09541895091809387
-0.19134357213898553
0.004803238280953345
0.19253020705655147
0.044614346245685395
0.11598402095704043
0.08938459177682677
0.3042601771184325
0.500609102312254
0.42011327890247835
0.4769213313831225
0.4587997477593172
0.3221097059880782
0.08106150853846186
0.15142250960411707
-0.001998575642707715
-0.0860692810658589
0.16309506652398656
0.23026417315865272
0.3204845084082956
0.3576980986822261
0.1320343257786132
-0.05482365315560222
-0.3669887811890228
-0.3893234840413997
-0.48948343200923794
-0.16176361506278336
0.019709550426981803
0.2322656008916816
0.1622937503770299
0.3874827488073015
0.6572649260173573
0.6033108666440087
0.45703901982787926
0.31595066311399495
0.11488103606048296
0.06546132049850434
-0.06088143171147047
-0.34152889823957827
-0.3890379374425149
-0.6185807858790224
-0.6292148469314586
-0.569377231119052
-0.5011649849050296
-0.2548509004161712
-0.03194716751923053
0.13489096078857687
0.19797889675453176
0.1856747456262174
0.1585455567124143
0.041569550496406434
-0.29105897968078553
-0.3139151593181844
-0.30464222823312964
-0.12407865422142476
0.028004975801739388
0.16393203848250104
0.14844319598806077
0.09843784325483701
-0.14786333441748725
-0.19039512088227015
-0.15202263739258273
-0.15325880734673356
0.018476495156191142
0.25601962762494374
0.1493032184693337
0.1208140691953201
0.15982719360244654
0.3460270274082251
0.38631851576779663
0.2761684185014738
0.23949090810698337
0.1965577202657446
-0.017594052644018813
-0.17120295047429826
-0.1482121610020403
-0.28343460595705394
0.17037873658448513
0.23693803402295252
0.19774198074242466
0.21689343174315204
0.1714597295370272
-0.09856936040664876
-0.07941894990422999
-0.18906598878961006
-0.16764260390032856
-0.20801883695271636
0.07749395704155662
0.07225174825293361
-0.08242155274791388
0.29787076271459606
0.14720208237624632
0.2045069195897474
0.0516868908767852
0.07563939252229444
0.10363938609840691
-0.021551426422783498
-0.20997591914843744
-0.41670146793830826
-0.32185649479902245
-0.5159669296538218
-0.5532646149086177
-0.39113775009987894
0.11400611089003514
0.3842412311234471
0.2682632370188233
0.10895132487533539
-0.1559074115497897
-0.40900937132177084
-0.5451332520248902
-0.29212700039812356
-0.1895484564022184
-0.24465961696099456
-0.29812262230924286
-0.006037393298033004
-0.031442762052295264
-0.12000537115889598
-0.11645263598327013
-0.09538870848876786
0.04171163878944385
0.13133643108219614
0.1522877584610946
0.1644734479883073
-0.12233109240561214
0.0068286930076683775
0.13691129820452083
-0.053442715117872304
-0.25864823056906344
-0.008422164337407237
0.06221679529385388
-0.10590882094563135
0.10330975762120401
0.2284691843114417
-0.06406068010262504
-0.22336629756859178
-0.2201083321397206
-0.35999825345352565
-0.3855280716982867
-0.42281486769093235
-0.08472903727790483
-0.117071568342981
0.14948897099723946
-0.10827115248214818
-0.027275417341987105
0.3416655200365552
1.0422583903837133
1.7409205261298282
2.982767469978993
