2.729807244741334
1.4011157229852802
0.8042175454216745
0.37976100608104013
0.2660806795198435
-0.023067316667904212
-0.13372422237786344
-0.20326654721499512
-0.055528403785384456
0.3422479707275385
0.22254058824174416
0.3337770710505868
0.4024903389865157
0.2673606216186097
0.060989004610041274
-0.07352298089789641
-0.38773000042816325
-0.7092169307443181
-0.8107721086669282
-0.8095798020248206
-0.6844781001636487
-0.3251167622157001
-0.022560403775657805
0.16330955433490443
0.4681292852702342
0.43326890847654403
0.5301564821470092
0.5587270242138653
0.4746037056568347
0.3465665705643185
0.12486835071796308
0.11745462605784626
0.06103067460055248
-0.027260004156859453
-0.21445282372372856
-0.2990018186703787
-0.11696205856088115
-0.012808667523969378
0.012871109079384666
0.1699760908269428
0.2708068054996891
0.17297641160281832
0.19768239035647445
0.444691726235739
0.5437014348943021
0.4106798115625325
0.22333070437985944
0.1519387917240285
-0.14921227194083042
-0.16356346255776769
-0.24449914360476915
-0.09562060947370961
-0.2850945034170472
-0.08173319575003628
-0.10865949957943248
0.2322353876085508
0.19825778765897492
0.00572426499204715
0.11403620755901957
0.11296153421717652
0.009151464557446058
0.07528083433564257
-0.3808822057703315
-0.30196512912612333
-0.2568819707211826
-0.3530504919843818
-0.07288000695055749
0.25065804890378024
0.34034732952018015
0.4600662370332736
0.36692295960031734
0.21258561778903876
0.07923155044840412
-0.0950578149789885
-0.24705396365862553
-0.10904596214285989
0.15340009662679388
0.2706763843518026
0.28590292621309055
0.2861799060677351
0.5160680015032698
0.3452510277210384
0.1911747075691491
0.15369622890637497
0.1907703704265357
-0.07713918969939283
-0.26679143988568355
-0.28528638752873153
-0.4358825827388912
-0.4670922952249669
-0.14172355146221366
-0.23130363109606644
-0.1911219336384187
0.05636295895924097
0.00020509044856766823
0.41498745761468414
0.33694548876097197
0.10884984913956462
-0.07815867142426382
0.24918920993211688
-0.055231287858562475
-0.365859003692483
-0.3785903733796679
-0.22411282026320314
-0.11850889635603393
-0.12577419212682045
-0.028597333378547984
0.0555313689986724
0.0894045360837228
0.2074980971521163
0.07152483370135806
-0.056543575213437405
-0.32535610401196347
-0.2886166441789829
-0.33832002830880026
-0.057552940452492554
-0.17407530352461342
-0.19741470231450212
-0.08016320534828335
-0.2230827750116071
-0.08634302450032978
0.26640212468777413
0.5120190751912327
0.6012477394158248
0.4969459297760446
0.31569601889304255
0.07112031480992762
-0.2949707687926424
-0.380257971964318
-0.24502621317260567
-0.09927492799543658
0.022333925150944057
-0.06896989326165756
-0.12606579780037602
0.2287689191336269
0.3320917544293006
0.43534317934181843
0.5833016250114853
0.6402561338162096
0.538856163509242
0.1543052029529426
0.07507006909839353
0.37581660909194387
0.1688178216225583
0.13491267258910122
-0.0011218002595025697
0.00896632320875213
0.00329193610839092
-0.05140013096444094
0.10666919956167559
-0.016722927716056095
0.10763439356839949
0.14041862455183984
0.42868121373939744
0.7261296525688558
1.0455285084022345
1.1920500603110022
2.0786811559455
2.9626137529757988
