2.639996540758269
1.8478530351938072
1.2460923460564068
-0.14414627321027115
0.1977378225273922
-0.06623828038020174
-0.07277059291374377
0.24831240016127815
0.21723314561095275
0.0830000825675485
0.38821275582714027
0.40273716298497086
0.2484289543573613
0.26523838635148567
0.08344017367726105
-0.0717103038654132
-0.13588681971483813
0.2658927736236179
0.25119864572403033
0.062255580858790315
0.16368264492519388
0.0962927011956408
-0.0030995591179932124
-0.014115932268224069
0.25424064658339207
0.34729742164230054
0.26133807100678225
0.07778546060561255
-0.17070302480024446
0.019908987128417446
-0.23811973243229168
-0.4743118697794161
-0.4767795405190654
-0.12234799398002727
-0.250214792836315
-0.17427801919905572
0.057860921372122065
0.13716081240407768
-0.13436361902088992
-0.0882954331261575
0.1575369779741801
-0.03757936005707608
0.016703341125923015
0.40636064257493704
0.6988289943919205
0.6952794617334572
0.5773148820910505
0.5827375637503677
0.768416185629707
0.8428869102214723
0.862195200107282
0.7193876855588555
0.4300552520878263
0.4520936698980612
0.41632426914367776
0.5218128926309518
0.38182975178073586
0.46888602242343325
0.5710818815612487
0.5144267488138906
0.3892667916301057
0.1503650685317312
0.21486191372960006
0.32232350290645784
0.25004816202202984
-0.03679816204524532
-0.30540264535796385
-0.37162019174484495
-0.5436650798194702
-0.7644592599802892
-0.47634315084378975
-0.44950527177436644
-0.5323502455958066
-0.4323807604981604
-0.21781394221412545
-0.12456247497848234
-0.10744888485334059
0.13375078486106334
0.08146387962452292
-0.05725503362593576
-0.0206212198021458
-0.032768857166648194
-0.14172679440423488
-0.21869261780029467
-0.1927242410142701
0.020334840783828807
-0.1130657961506676
0.1296830276807865
0.367027354829164
0.3178460941717189
0.21822813940740796
0.12852216065818264
0.29733509132980884
0.18358774617929144
0.1289508054370584
-0.21734624688640725
-0.2243972267109329
-0.09128615244509598
-0.2923747060571062
-0.13303872343667125
-0.04072275012264937
-0.035746293758602596
-0.2041430769603408
-0.23616314995799909
-0.3076582041319366
-0.5477674318813175
-0.5797289844530624
-0.303613633164372
0.02887465456236501
-0.06403456191829034
0.24314317763087162
0.15125474924154975
0.2717728691793592
0.460682244746826
0.5234909183612683
0.6088997347377053
0.5002024123923042
0.4528271719349842
0.499853363893806
0.5976198109996071
0.6948266567666418
0.5832736967435044
0.5584814025906075
0.27062700190091327
0.40113846847224405
0.27594835991994976
0.23592013606682224
0.28264462136671437
0.0772544194880672
-0.016587921871189074
-0.3680332237435577
-0.6278311652120849
-0.6331654128473282
-0.5509676197297988
-0.6227301146264559
-0.5840681507135733
-0.45607520439680665
-0.6077115329503526
-0.4448893237154222
-0.04373542477258109
0.2931094877052392
0.15446365639022822
0.30924791205915336
0.5069716528633532
0.29662915955291813
0.07972994959526314
-0.018315150151548873
-0.06768457458141121
-0.33262666355149856
-0.47289468440439775
-0.3907118186832331
-0.2256101081967802
-0.07715109955101894
-0.22611731432870724
0.022655911737908086
-0.08607497105122418
-0.10827295223933278
-0.14486803824030192
-0.0035474860384557836
-0.1134428838924448
-0.14059518909926058
-0.3081460534846279
-0.2699315732540182
-0.1798131136918978
-0.21985885114765863
-0.005391558825364589
0.08912821181708955
0.08732749307649372
0.32747238300277526
0.36897688139682244
0.4749107054610009
0.5893549128700928
0.5843688188109277
0.4213785906305454
0.4616666151847941
0.4572117181230055
0.43174057832401247
0.22159111103746304
-0.0828302904689888
0.07585985981068305
0.06942722439597548
-0.19811999247363515
-0.12941736107137458
0.22750249008566084
0.35908873429022126
0.5083537960644382
0.5457021430285275
0.5323688715307324
0.2740922162944733
0.03483952028909041
0.032807406562309696
-0.07281538089165523
-0.4218649469252674
-0.3557256177775838
-0.40551931002154146
-0.4331384383306552
-0.12659702788639476
-0.1663424414753561
0.06612207538556483
0.31061956438412214
0.5069844145667326
0.7423261318406238
0.6776165436044042
0.6289434606465699
0.4816515265670103
0.4224360961161076
-0.06125412241232341
-0.12856833667863615
-0.24998264541717216
-0.14567057712562317
-0.000851252744922902
0.17410901668754877
0.15661966492356644
0.47465171552070645
0.35709618985101343
0.1910337546239576
0.3996261098207857
0.39636548428320534
0.09624481050739682
0.31231367095476953
0.488692499464557
0.3052190191469205
-0.15113754046019806
0.19170614565796532
0.2340990193355962
0.2683511734430335
0.25172103861337897
0.3751362459335877
0.3743202176322571
0.09281105729372827
0.03704684048002615
0.194581572636013
-0.012189371462630466
-0.09309665476534153
-0.2459601201651584
-0.3415776523353915
0.05363200683773858
0.17808459754161257
0.09005606741770397
0.3763924359939016
0.528243468962179
0.46682044514087867
0.25153203212377145
0.33073078893843144
0.6696523898977497
0.4334510229379506
0.49135611250218736
0.6181519751351161
0.6989289719633508
0.5779820923665271
0.2982550187877427
0.032467639687681876
0.24949530820130508
-0.0011912463258949022
-0.2624430696215499
-0.2873050284553123
-0.02365919868565522
0.19288268202855313
0.05475602297984831
0.46215904884597575
0.536882752157854
0.5392420852016855
0.6075366753226442
0.3424886694299996
-0.1321503049253047
-0.22381574199084694
-0.2827959648679688
-0.4647269435981774
-0.11937857569194439
0.25809428494465125
0.34261526727688996
0.39875748174638037
0.1857393799354263
0.0015955111188154507
-0.08439906505705605
-0.11508784778816364
-0.10325202877149905
-0.2883967451454443
-0.17247525283986628
-0.010377355741970578
-0.09404408577372311
0.1344932750791285
0.14571741898835264
0.2602061042932639
0.16922164086700964
0.04692694435562663
0.16445902634616816
0.007172972739058938
-0.07634315080801042
0.22148128215032012
0.2423628368067269
0.04077778719412846
0.040225969029725556
0.495460303865069
0.5054924837766717
0.3371943903311811
0.3695879545547743
0.49587239164938585
0.5211171324087094
0.3592327759854536
0.4922792413468461
0.6036893411924307
0.6541825469538358
0.5871004784375974
0.6098636047059296
0.3977252174658936
0.3752786214174126
0.8172524834435164
1.23024903049182
2.4142169513903045
