2.665780446027643
1.7572705628552627
0.9602189527092629
0.5331782169674677
0.6463672813707486
0.034558121180149746
-0.3214286444345503
-0.06997315473146688
-0.06128261747681917
-0.0756233736525814
-0.14082254056372379
-0.20486145942396605
0.1002817023166382
0.19287668063520982
0.3218571899143745
0.4326253519435352
0.3267099443362093
0.278613375479656
-0.06780118356118221
-0.16496646400422832
-0.15853375733330416
-0.4058171016479025
-0.3406492830940855
-0.270104995001823
0.07273885761510812
0.23374511539384216
0.14535954191386094
0.2993217208521789
0.13093942302533954
0.36242500056839233
0.40155647811557005
0.25887690729896434
0.1425283717228488
0.21814918680228995
0.2732176296219717
-0.037280345110763426
-0.24641400526069673
-0.15336328813532296
-0.11709588486310221
-0.29908359114719746
-0.4266221286238306
-0.44696697439532634
-0.11085220949051613
-0.3127645690222348
-0.20334276695538503
0.285790229854479
0.25775075962194544
0.14788039243722684
0.2684339556794941
0.3450742238752762
0.36017781851619474
0.5168520083554147
0.35623847935810526
0.4105984349397949
0.4139622740949994
0.2927432541477677
0.18845222962263242
0.004194790318372756
-0.010733953157538478
-0.2790458148014422
-0.38381720780666395
-0.16531981413232597
-0.2778158887300551
-0.5298754792003112
-0.4626615511788074
-0.1649501429805201
-0.14681619910769775
0.01163489945099782
0.15232696418620856
0.2070987660103727
0.3177615091129542
-0.04079209955045026
-0.38662558736366776
-0.4635038763929799
-0.6532224648850224
-0.775357685601241
-0.6806917649204071
-0.7756170316937316
-0.5662593946895306
-0.13034107845017415
-0.15387144397798758
-0.3026277714761092
-0.3083900304333909
-0.03247891166298356
-0.12063897141352001
0.11515475687696235
0.4816437258436372
0.4991492907725277
0.3341353554028993
0.18545792104629943
0.17653939345225084
0.05981925066736238
-0.19546321032610095
-0.2988766937086923
-0.4694238192371618
-0.3899081303557295
-0.1374088843247743
-0.09754964735801361
-0.09734973743906525
-0.34725626269415877
-0.07486460701242602
-0.24998547469320165
-0.4172827347860667
-0.42719873703995503
-0.3762081391436543
-0.28918188873592643
-0.17579074622008886
-0.11528637487968568
0.09973772095868146
-0.01890237819848923
-0.3331226521693592
-0.2312341201959251
-0.07868626180302557
0.03532408854231372
0.04002767942337985
-0.10498269106402332
-0.45655566163952765
-0.33046285708589257
-0.06547281893413931
-0.3215642668239004
-0.3396731164036777
-0.05972250717677205
0.09176682228375081
-0.0014314169413950598
0.2510555629116166
0.41063652764682695
0.17429933644905685
0.4522538320896458
0.5923432719600064
0.5192924216521563
0.08141124248941246
-0.3161531695040481
-0.21099955447558
-0.47298421341375885
-0.42324582955158974
-0.38514394451352824
-0.04686759434731248
-0.22403684040351043
-0.10188053377002879
-0.0915173675379936
-0.020342928120186853
-0.16988761558473972
-0.20052280811721684
-0.30064927264516117
-0.03035074302728542
-0.060830732400081605
0.09394651520453544
0.20259292654180186
-0.2427539088371827
-0.06118270146053162
-0.322238970654414
-0.47686951486349743
-0.5290648222864307
-0.3578402055241248
-0.48412165489540393
-0.5927758888153128
-0.4046575859382011
-0.3007164822249223
-0.47393687877016205
-0.5138190245426766
-0.4618020746006779
-0.26514766124256783
-0.29697618766688544
-0.12843536866822688
0.15035123463659478
0.06215913270819572
0.1842276679456284
0.303885976242366
0.3263955306315343
0.10217696397413617
-0.16793698002669896
-0.1962925943813185
-0.08860900886119477
0.12179645422150352
0.085970310120254
0.12182963687941913
0.04027770734199159
-0.10486073428248104
-0.18110670420158567
-0.34907780813592776
-0.2291535368637365
-0.358567584796187
-0.2656775493578008
-0.12053101870700715
-0.01304047089295273
-0.2641656908429573
-0.023038692414200066
0.0708131758477217
-0.19188383217279822
-0.06131415432614771
0.03950540602268639
0.03621023928610383
0.03085930979503875
-0.15725509743141633
-0.0031228755861324228
-0.010210891708524295
-0.062189992647350846
-0.13463121501527525
0.16788408511438713
0.14261359956944306
-0.13478581465711997
-0.23107340126029824
0.003332683748162816
0.03802726622285337
-0.048321296250505734
0.1384152334147033
0.003411456184782333
-0.2794413248404669
-0.3044177106351011
-0.3898118091286454
-0.4054585417579516
-0.32738124745980696
-0.14672933787576273
-0.16029088990240867
-0.24695862273686095
-0.12275263999952642
-0.13575351917178635
-0.141275466265172
-0.23757954693247962
-0.11670704658273899
-0.059485450303259864
0.21304303713121525
0.16314656468454414
0.505107371575413
0.5053657914196058
0.454977349457367
0.43777971379703445
0.21750898515277955
0.01589638486468864
-0.004536799709791196
-0.2428597197763354
-0.28137412845561993
-0.22301113049994883
0.011000463510430306
-0.3012226572875655
-0.2277878926882958
0.04567989176576214
0.058453002991657045
-0.1802643028190438
-0.19198490563219486
-0.14255675406537044
-0.020397754423947492
-0.064235379105404
0.1719203212575835
0.09120989835171169
0.0836972781065203
0.022474094461283234
-0.036253440707815075
0.010184169278210616
-0.20398564675116834
-0.3711156067913394
-0.508899177583256
-0.6889878107636372
-0.7201921477376
-0.7565546704910041
-0.3153348075192717
-0.3893145525838727
-0.34573181277494563
-0.052819148780802044
0.15160865416904687
0.07475027730041742
-0.19638201569729175
-0.16918797400411087
-0.31211641611389845
-0.5095722388616873
-0.5201497724907012
-0.4019328986225278
-0.6220884804716572
-0.7196469549578093
-0.6209082935308926
-0.3473161815072949
-0.262873447056414
-0.2469601954788237
-0.10968108735506003
0.027275464987094412
0.09695161874399183
-0.03206994520111843
-0.11172166482458636
-0.18228488071891746
-0.42747834434825793
-0.5516630859575841
-0.6031857261771327
-0.5286570822555584
-0.5532441439344636
-0.4469232442605534
-0.147982588522309
-0.18086359274142472
-0.2749844113838944
-0.23896565010596643
-0.2761016750946461
-0.06964436593360541
0.05032984855115378
0.1587056252045506
-0.0582105932318458
-0.02891405679543977
-0.01150655137443136
-0.06788462902875572
0.11688012516987512
0.3301952772914325
0.44560608951325803
0.3326941672560835
0.1680530073082743
0.49687683904869157
0.3318493761663048
-0.3396543717806487
-0.13737441435672082
-0.19808214117176032
-0.5244344560975503
-0.2306019980881259
-0.18820088339405433
-0.24762090315102744
-0.40283045347388446
-0.2234967261015837
-0.11462393341840163
-0.09479402332121611
-0.18163258986007094
-0.36713547289922976
-0.41457092152519687
-0.57764642669689
-0.35914146495880084
-0.36502445994781163
-0.16307808477228947
0.13996733119441276
0.05961420174553022
-0.29332846004726526
-0.19301746592960997
-0.12676875418243355
-0.27883261053992325
-0.14690430107407115
-0.1716723330803219
-0.3481233070410257
-0.43633601965207935
-0.6745472067721511
-0.3766527362266543
-0.36341385259629727
-0.5123791287631505
-0.49322081633070836
-0.16708406593153446
-0.06954346989792194
-0.14436285736885998
-0.25342731691340736
-0.3494929322988936
-0.39564657422138944
-0.5356752010814259
-0.6997304858084156
-0.7332312471803503
-0.8057471419333488
-0.7695438529248809
-0.5934422239836848
-0.2928698240350653
-0.09108454096356736
0.16809483153587412
0.07097213385359995
0.029602115642712343
-0.16808298534940477
-0.13622471405129719
-0.07575840717765539
0.03883207665769752
-0.08485721673453105
-0.30869024278617024
-0.3315794607192839
-0.6019607471348545
-0.5425645935989942
-0.5299361641991311
-0.3938053815815177
-0.1186339829112849
0.11622604986810296
0.1854577626752738
0.16237344243563748
0.12426109514482205
0.09959876223927673
-0.16070577828139995
-0.22321513598318354
0.06600726789367659
-0.13227063784242932
-0.08567531336425509
0.03621882836688907
0.21881407404926387
0.2533861205911028
0.07595645052559334
0.3761334165532538
0.5334321207163717
0.4314283599934956
0.4471373885519986
-0.02638854089350496
0.1540634813043298
0.06304658540231618
-0.044548946235406416
-0.28835724826229325
-0.2757804267352593
-0.3907866454339415
-0.4611599392575452
-0.42163315249316946
-0.2822487367332271
-0.22542799215279213
-0.064075543688198
-0.02569687714648476
-0.05480649761880596
-0.04818218848033451
-0.3001640076908044
-0.6818744873577175
-0.6909859092344569
-0.7029497503424266
-0.7809348177623002
-0.8488038025685077
-0.7055702178709564
-0.4733758829952084
-0.3813220610347134
-0.4159209418682218
-0.2113878639129736
0.29636105318055056
0.42622283782922993
0.39390723744933165
0.22685619725790107
0.19905824238691128
0.08441435011066313
-0.026252347862463252
-0.407729461970132
-0.413678145251178
-0.2924972291015637
-0.1966307863933152
-0.16551532286085083
-0.06930879987980727
0.2104799927831208
0.27320357102739623
0.27859688762196216
0.15863982482090735
0.2624741289611491
0.07235481405237565
0.19795586654871553
0.302148623609738
-0.030135015612288787
-0.035240639409782205
0.21811472403449972
0.1517516535391098
-0.005311107746766918
-0.11921282190423102
-0.10316717479557551
-0.23750820835371952
-0.19717988305257983
0.05298961997102148
0.08289242909884381
-0.11591752326830676
-0.030596354218924225
0.29630158704148823
0.5429915577259606
0.5854879285002477
0.521355839095441
0.6155108118822121
0.6009497014177312
0.532135548438299
0.3099511247580505
0.4167098196225127
0.28094289348979806
0.3708118681189594
0.34196002155367544
0.4447111077310787
0.5803307182497589
0.4661030640326987
1.0013878731709764
2.049013833461114
2.890855997276598
