3.3243729093407683
2.341387967555879
1.7018094411406182
1.0523082759807085
0.4782129905855312
0.13072862710967173
-0.07262369739588775
0.17352838841263193
0.2179360647481331
-0.13934268055359597
0.203841679321409
-0.06453117833014878
-0.06823914584317889
-0.24440836537879462
-0.15108975626593102
-0.12918628714808342
-0.1924718206243157
-0.2425809469852615
-0.05979489647682813
0.29966390850630026
0.3654153188577195
0.43885172808243245
0.11969838294578965
0.26825398010212465
0.1933159050035494
0.1714917732511342
0.4546960184616705
0.577185505808926
0.2457669946576164
0.07436078889404134
0.2910183417512816
0.5224923650738105
0.2938622281118262
-0.16951462675738801
-0.04157137277386118
-0.02994930922262985
0.08728918697839988
-0.0327728005802952
0.030552414704988783
-0.14569555041528784
-0.10020928727816007
-0.06046091381705147
0.28204613251876814
0.43253531799246403
0.460761295796248
0.5317930421761243
0.6392574436071475
0.42942425095874404
0.4568453055362923
0.3235280133588553
0.08792467519374006
-0.20393525174429294
-0.2933033860742424
-0.4618200105347236
-0.3711729112469802
-0.44385041331314323
-0.16222650393769622
0.15815432834990695
0.3896510880124381
0.2785076030309032
0.2588188418806624
0.3210407456689075
0.23342133108782132
0.06536489162482624
-0.15678183068239282
-0.2419352762652911
-0.40337454297773107
-0.626959474309206
-0.6912437265172683
-0.5623243876329905
-0.35140874503976405
-0.21890763335350288
0.018745809544245533
-0.15722619525204234
-0.22965557344023535
-0.6743963912467547
-0.741903610293906
-0.5408044283658912
-0.418969154662588
-0.2470800138895811
-0.017333568079602533
-0.022257039245541118
-0.1800896490313297
-0.048059097330641995
-0.06018473274244844
-0.1979922973025194
-0.6593759422624329
-0.5490594983681385
-0.7334843340018132
-0.6949388415357922
-0.6102310625078153
-0.30907223306868475
-0.15298143601151065
-0.07359232369670195
-0.30932644278366944
-0.541562176569268
-0.4707047465373803
-0.5587855696085928
-0.48182587380764647
-0.29841840695932187
-0.3963032272549177
-0.3508021968141675
-0.4990508010014831
-0.40952241026154557
-0.4492718209931417
-0.4357877441921237
-0.09203644616291766
0.10617747918388051
-0.002175118706100468
0.11317794947640669
0.061750587369212157
0.19459033218437788
0.26261859507186786
0.04874369097366134
-0.2047863226547944
-0.27996239355416574
-0.26371327882059065
-0.6396193660719717
-0.6136802688361729
-0.4359131650859955
-0.5715127089082307
-0.6174062325939558
-0.4159387997956994
-0.5406351553512239
-0.5624036971917545
-0.20399733077091273
-0.09950521735528076
0.010901578913461286
-0.045484014513494354
0.22765753160119434
0.3163579635829671
0.25332294324617866
0.1399684206230593
-0.0895431269662739
0.06983077239598175
-0.31505937101822334
-0.308075664598335
-0.44329620877638115
-0.6739589074430804
-0.6128115493801602
-0.43754460555972735
-0.11627858516902957
0.06669724309630704
0.2293503099641266
0.27140637199128914
0.2643942288310804
0.23737860095958718
0.1736701423536265
-0.12457135471246926
-0.3732232840069413
-0.43815069252591854
-0.4616917534758896
-0.8105846419419922
-0.7152547555085299
-0.6498632587140666
-0.6033629652477182
-0.5153563142723139
-0.1415062844088052
0.02516589483463138
0.04777639011978018
0.14502949457818015
0.29426853755016613
0.01016875916261745
-0.004596131666224999
0.12144398090414617
-0.19061685011739443
-0.3124526480228594
-0.19218658349436304
-0.27361219943295434
-0.18585563219786375
-0.20401032614616016
-0.2879355531224033
-0.2511186739067034
-0.421770098383896
-0.25984680545082606
-0.5585945461851752
-0.5234095645443614
-0.6005571310487673
-0.6071008503385034
-0.582244565500509
-0.6582157995474736
-0.6265310061091149
-0.4490436393497912
-0.25807372241833965
-0.190245013073723
0.21417903438329444
0.49051686220083623
0.4936037681187449
0.5018066525207061
0.4362641752425153
0.21032691283257668
0.03193973929666786
0.19724794299122936
-0.050385349566940185
0.061377364086192536
-0.3007958069587691
-0.4061542342667125
-0.4780266841704052
-0.5674457361975546
-0.6754164875390003
-0.457373343829183
-0.022030424533585474
0.0864836373271726
0.08207183206265874
0.4456937772730466
0.629283983307644
0.489560822433935
0.2572650747427197
0.07487658148496074
-0.15073943675306709
-0.42798341526011685
-0.35959014061181716
-0.14022526991477036
-0.2991435140659764
-0.34671853636834293
-0.21290423959476376
-0.20306878960985048
-0.2577117292559517
-0.12102786860707819
-0.2830324798941638
-0.2450757821238669
0.35011047388260896
0.16294807994704358
-0.028211867931350915
0.25229394917735243
-0.002666405560444207
-0.12100673900286406
-0.23144134484809095
-0.4353100066279738
-0.42680210951036307
-0.42550208050497
-0.1213173586611959
0.116786084426037
0.14827061467082148
0.2852972190597252
0.12116194918000553
0.1414722496223703
0.013155444412771222
-0.36528073822094037
-0.4812411555440829
-0.43488280070677704
-0.3310984741268149
-0.14248090777486566
-0.03528591102675009
-0.14267357973300251
-0.33027118931230404
-0.3053240326142437
-0.13962965292791124
-0.23133393307848166
-0.361782832765047
-0.09506266737419641
-0.07172086180920613
0.13471062195245712
-0.11703091541915456
-0.23437790595614616
-0.11667129270599833
-0.3223531234790617
-0.2917414842176585
-0.23240237296831792
-0.16712750495083137
-0.2697428881699092
-0.25184026887255095
-0.08182777518301115
0.2080411029529114
0.3664554683662375
0.24587415705618923
0.27201420467976806
0.25356010077027735
-0.004086551404659551
-0.16127124543766155
-0.1371367425557175
-0.3235242663279701
-0.5414531737739622
-0.5562098124772177
-0.370454305728908
-0.34895236245142697
-0.13107366937154194
-0.1415337995146409
-0.1561743960613822
0.029017075906790583
-0.1185508928365569
0.09660884078153378
0.3563106594715885
0.26607486161040567
0.13033012561128965
0.2561942601370399
0.19217745784122042
-0.046428827361868916
-0.13944152548435043
0.06020174942258317
-0.30402881313936375
-0.27101619622717943
-0.1513554489019915
-0.2440814588411874
-0.26957801341868504
0.15101842912209867
0.08348358173067583
0.11766915028922052
0.3109593271254416
0.5889551876915089
0.6694138860958713
0.7970018719714846
0.6770326853330054
1.009668876318672
1.056245476867162
1.2934994979371464
1.6355548171995666
2.149777146245008
3.2646591737097532
