2.6041670720667756
1.407447749936645
1.1553693233383764
-0.21508456890101904
-0.11902278748748024
-0.08345440040153662
-0.2259370043457933
-0.04236607460885399
-0.3471158002939137
-0.1644894792862775
-0.16941928988477514
-0.12327846480848226
-0.30881838208012236
-0.3895146019147948
-0.2085766661745878
-0.022989782381577846
-0.21685370285620859
-0.3097034319254297
-0.29952808151196053
-0.3101104461428148
0.04073504531587063
-0.08676025122777305
-0.009248087448022137
0.3106199098081415
0.5365012041613351
0.637434646818521
0.6611739671222575
0.5822072566678401
0.41935303933160983
0.5884682902889635
0.4366582486476213
0.19201086039052281
0.2873448006427383
0.6020245499979751
0.4153285246902191
-0.024975355934198154
0.0074380439004564924
-0.18311478990768196
-0.30338008857196597
-0.28390919074799215
-0.0813501577758776
-0.125056562905291
-0.1818263854022484
0.04068156682370988
0.2923932247358888
0.10756302629525927
0.15627879702024286
0.18783316871517794
0.06439563511488199
-0.2621199831301396
-0.459017359321564
-0.47748125932537444
-0.5842090070607883
-0.4004344958754164
-0.44878811142834796
-0.6534962705218721
-0.5129509360223247
-0.4399833500517733
-0.4424322936882591
-0.3803921706364546
-0.2761783539888
0.13083966649439682
0.12811271978909675
0.1638589057981444
0.20668046696943912
0.07014749790483096
0.10374338632509479
0.07277568740277522
-0.008743469836373283
3.187047335694547e-05
-0.06008215973753214
0.007127321041580294
0.4602298507820602
0.5625616090207749
0.7111148788723022
0.8270781770397909
0.8413027419571986
0.5433408644278815
0.4372191262927744
0.0034060492216788463
-0.13928037813938546
0.04045494342849086
0.2700061562116125
0.38012491937362974
-0.328576329235576
-0.32388965072705544
-0.37455648681252396
-0.34560698392828915
-0.4841486925929719
-0.6042919267700357
-0.4410817535011457
-0.5366251648781655
-0.21658793005757146
-0.15846594382073614
-0.2735727466044391
-0.13358849430350364
-0.046013277530751254
-0.30972328593594106
-0.48382880022407554
-0.46242882984097883
-0.20772586733218387
-0.27152120260112605
-0.046385720830077824
0.07376522266995279
-0.1501119848969555
-0.21275466585866426
-0.24162561528242854
-0.16497218785148804
-0.1784647129999555
-0.1310483976833886
-0.0038570577941665837
0.06631207262839992
0.2661419981029534
0.23171110348409169
0.30780531026510644
0.27703197430797194
0.32415285504898056
0.03167681458215899
-0.14050874359185692
0.010520826772657102
0.27828414233626947
0.04249480453425117
-0.33552121681536423
-0.20722558477490113
-0.16948143890776987
-0.23254473154387192
-0.2630314872894757
0.11472176274616794
-0.10525329186715764
0.1550061450606456
0.33255916163377786
0.5703862951414851
0.21069471622866934
0.41990484605097833
0.28660413705284
0.06297252762484191
-0.16590544684665548
0.1167719015174884
-0.12244222458995495
-0.14649432484794103
-0.14889554559000073
-0.41769326753523667
-0.3133594588056091
-0.3701049097980095
-0.5336266413887966
-0.37640759492705134
-0.15509017678570142
-0.5329509730357738
-0.4421831477529844
-0.48961616844455835
-0.5941075419978206
-0.3801295281138035
-0.13397224346160744
0.09787797398427203
0.30873192646561437
-0.015736683003366263
-0.03539050245284262
-0.18460699887136411
-0.17314605077492592
-0.22830142001852902
-0.3768591839005627
-0.25665887103745844
-0.18565450239868522
-0.18654256189948867
-0.17671918262063502
-0.13732153703560399
-0.07817638738669012
-0.1161038861958771
-0.2035008878309804
0.02329397749227018
-0.16935863964808873
0.089058403837342
-0.0624668410722335
-0.08626272301879812
-0.2077330691370406
-0.2954039714638511
-0.33482471968441146
-0.2994926010460746
0.06733293622560994
0.17167497641862475
0.42979082891546794
0.48885098375774005
0.33855904100925827
0.14967463846071297
0.015079796888815803
-0.10801558717188912
-0.12068110228215985
-0.20478294022844729
-0.5514054977539902
-0.637382102281646
-0.5161342458065067
-0.5934775887792022
-0.7090676156784056
-0.5613380223880448
-0.29332084130682606
0.09954189658056323
0.17838717374696758
0.19519425893380923
0.16493044576744234
0.23956359187728876
0.42687379879581744
0.2830015824570065
0.3144158562707594
0.06911047803463186
-0.051191109005703714
-0.05251714945085644
-0.1650562849805178
-0.15565929374847798
-0.06411977792321111
-0.09197933356567399
-0.1106252518996995
-0.27071512313414514
-0.13714609770620134
-0.1326474899691294
0.04233065269652193
-0.07845244829318938
-0.10284752744812899
-0.39282288447250013
-0.5672752441517466
-0.47343764076219713
-0.5521199447570045
-0.4986110080519056
-0.2897386175710455
-0.0610931153202803
-0.00894153183074268
0.3261188475256792
1.7120444246007211
2.4720278816448142
