2.1324006896400935
1.0214140553683713
0.5998285081694792
0.050587590957279084
0.18899409948506757
0.17173828240114303
-0.04779742740913932
0.24132055649028422
0.05293048148384517
-0.15156541101803583
-0.15382762166398073
-0.11581332996313339
-0.33353705796551414
-0.273130297821031
-0.0405098385235823
0.09725493052033968
-0.13007139521644162
-0.018180558238960323
0.053648212809531595
-0.0612791050463399
-0.07832687294468431
0.24361336131372965
0.18246885160124302
0.3099901260029217
0.2936128224695046
0.2372749035300679
0.26188685534945083
-0.004467080617990109
0.07048127933234118
-0.23438303201019237
-0.18060961556294924
0.026579419297560858
0.10460786081400733
0.04416594828498027
-0.1030062354740763
-0.4107641664502406
-0.6751485395780119
-0.7550667693269002
-0.5628356934115067
-0.6280045936202543
-0.3152348797583465
-0.05493790407132787
0.2233916889854818
0.2653597853920904
0.31293372769129174
0.140734172033172
0.15430850928310233
0.11530097550493328
0.1626552549489329
0.18484298025325793
0.24566398166429812
0.4847894524164492
0.43887050763980573
0.29278204701865906
-0.009588399261100326
0.19122541516715427
-0.08305693000871456
-0.6202783773749816
-0.6083767026208102
-0.6273312279091725
-0.4075290659217565
-0.278815400170775
-0.08856703872789523
-0.04234731705327145
-0.015302740574600786
-0.31601198950081544
-0.3827605691191368
-0.6141886960973846
-0.5641387561858698
-0.6767017371058729
-0.6167391548667809
-0.23294535208998898
0.08409508000428695
0.1818593765483912
0.16898527925105283
0.33976790954024877
0.3799519084101426
0.2395321757447062
0.275149960699038
0.3926498597878045
0.24678524014241424
0.47822025807572766
0.5452813387803326
0.3157323919718312
0.17186650340490947
-0.09518774430272202
-0.328829125128265
-0.34306991422692096
-0.37248493996393284
-0.19983365821158502
0.08883435088817039
-0.03510219276879642
0.097844995465199
0.19701835861925457
0.3033743710152195
0.27554348282463426
0.43364900856673405
0.538199000613498
0.3307810654005189
0.4033827695453292
0.7016725836580041
0.38893993383887526
0.2894045134067877
-0.001994018703884921
-0.3204528939023478
-0.4802436187283686
-0.6862456158116561
-0.6365841963124003
-0.4744970722479354
-0.078848687939968
-0.08279578980050811
0.03986716432976237
0.05938131458071695
0.14488623474143994
0.24037754053916305
0.14776448790811875
-0.02997857251622233
-0.14965806017933578
0.12426939441233213
-0.2518943127230117
-0.6446452581102018
-0.39249714946354564
-0.4636276689665945
-0.8121351536188175
-0.4296927960786261
-0.28702772850782504
-0.2831544969321032
-0.31328060169541727
-0.20094363405681623
-0.31858780769702955
-0.3634082981892178
-0.48012662031921394
-0.3867125995157496
-0.42647614007634926
-0.45126900725305735
-0.12387723100579486
-0.11085691947494726
-0.07626565039323252
-0.24271107361673694
0.13134129988085336
0.1226684963040105
-0.11990236980803413
-0.08499012249872887
0.1296672410671091
0.23188732910541515
0.1217400971974214
0.04235452849904897
0.056867333251138796
-0.2626030787317974
-0.340744781124527
-0.16795679759186027
-0.1748017433906644
-0.33161447633336616
-0.15541077353624383
-0.02896765638293584
0.18061283410454493
0.44988019147613406
0.5271284940717906
0.5173118635121888
0.34277836264761596
0.2955646961926216
0.01735695057073997
0.17069998438203968
0.1059593177177223
0.3855975354802215
0.22344070521545248
0.1354863532210989
-0.04234169192116092
0.06919283151130297
0.44441533658745647
0.5534714998142325
0.7821148682759693
1.5583366845129052
2.4550794658960435
