2.9898190135479057
2.164101381128005
1.3312117725919517
0.34409984099704116
0.06074016586685741
-0.2883419339870006
-0.3971539336645623
-0.45659869448340573
-0.5267751731162854
-0.2987951919770036
-0.16808552555819894
-0.2580562335392152
-0.14171810546426789
-0.22675045551425882
-0.09369366064379257
-0.015443616308168524
0.33186691285478526
0.4492110246784604
0.4182086726741564
0.3758435536822273
0.279890087810212
-0.030024899953079175
-0.07325975035397939
-0.24924017891220066
-0.5094255834786262
-0.548265406002391
0.05602823114809038
0.11833247110075587
0.24869206127540866
0.4019567166671201
0.31013769909324357
0.054163179283503206
-0.18981418885095508
-0.43741197657089265
-0.7184786036624248
-0.9176010131268996
-0.8706980607385346
-0.7359531234851729
-0.45321553110603724
-0.12841180074732547
-0.08108007854714495
-0.29084323582137706
-0.5723838015406082
-0.5819041730819636
-0.6151618437674348
-0.5138243311185944
-0.2442314117318109
-0.008778210718375317
0.35355447164961146
0.2871070480717126
0.2581381109347527
0.2898132131324324
0.35884172274131715
0.016216483161925095
-0.11975009766106656
0.01446087258534136
-0.18627267037902603
-0.20432911699286255
-0.19916234547236342
-0.18590286968081135
-0.23260106332614983
-0.10130803043120558
0.13236056545142613
0.17889182590747557
0.19144923318548043
0.198212715757026
0.06435273226141607
0.17139320166083016
0.1501578090455174
0.11564203930650702
0.148827253725067
0.18279636872292562
0.19893831224939246
0.14157322463705155
-0.07327821830753552
-0.29707960185826515
-0.22357688480453913
0.09863981372081385
0.30537830455842113
0.41171742413483
0.5310868293630502
0.7669127468972039
0.6782850230387619
0.1842715335870366
0.002367643126954297
-0.20981243600254446
-0.43943659344122904
-0.4306258851862698
-0.4013855196083851
-0.42035188658750083
-0.27747689620137844
-0.4905385127476619
-0.5586796914375124
-0.641468016045209
-0.7476878767196082
-0.5612397258493435
-0.41375553406267884
-0.4697705447220334
-0.21736974942304052
0.0696582277289904
0.0347685740881342
-0.25445292574096495
-0.19065714487511112
0.09357490598917358
0.1631680933936028
0.11015458888756208
0.25109387267967015
0.26773171839070353
0.5800019577147493
0.6793971995506023
0.6341871251459834
0.4473001553751343
0.2716602102179552
0.12332442930196937
-0.2054829349491385
-0.3852603209970742
-0.40239075968770255
-0.4174754195791241
-0.3412761253393985
-0.5258285608678953
-0.5895049108835629
-0.6699711154012349
-0.696956634458553
-0.461966243292404
-0.2708632136967971
-0.603528759013685
-0.5745719833602986
-0.4184418595446224
-0.15408240971993403
-0.3861095808197285
-0.2081930562088846
0.10270145385145533
0.19650453199560505
0.11788739666844963
0.05010170643457772
0.1805999387166124
0.03089687536400364
-0.1739787458322351
-0.2936771865224743
-0.6953670932942269
-0.897926059123563
-0.7692315890068095
-0.6489350984743901
-0.4352816527380798
-0.10195249638699518
0.02954288484157393
0.33139945696770823
0.46640957938785793
0.43445489608247373
0.2469045663168321
0.056581707168420065
-0.12180693352756834
-0.4747025149799989
-0.6536526854710577
-0.5936704666671082
-0.3407780964551463
-0.37742590407793924
-0.14344950567586326
-0.1742261508181828
-0.3153202904843004
-0.10608025084225786
0.21934648336306123
0.10124735461249476
0.03582226356846178
0.3261534073135614
0.397143502868775
0.18023017466804747
0.07324708600712722
-0.2583698135698647
-0.11403217189126619
-0.1671887793674977
-0.3882090208175563
-0.3454247527362451
-0.4218475084676375
-0.19448886140064275
0.05408208540377687
-0.3130667449480923
-0.1560815061434505
0.09232970342860264
0.026765859240386384
-0.08327504820201764
-0.261540523433777
-0.3764087160694231
-0.28797855225744945
0.09545109761940408
0.08882074810291676
0.19313399547131602
0.27890580809650606
0.07734159696389803
0.04229926840227853
0.09403199119820987
0.14191124101655728
0.1696967569422575
-0.16452158846428305
-0.19180959074377388
0.04075671339428722
-0.1634096253677915
-0.2912278991822244
-0.11587717755993122
-0.21304578947842168
-0.11741956999255926
-0.06951768587394676
0.06933770951139517
0.06079263216398819
-0.10927778515966022
-0.3182677688178098
-0.07363035518727959
-0.030610790758299398
-0.14845212125898774
-0.5281809059896966
-0.39796876520579494
-0.35042804573183467
-0.3530705464433396
-0.24117141819981422
-0.0031148624664000812
-0.18811096630943736
-0.3176814184390568
-0.14104789885681482
0.11784160149282112
0.05036837445659028
-0.1442918897890235
0.021048268294939887
0.03385299400421085
0.0632216097956961
-0.023259497430676155
0.3950457990919514
0.4989828104672384
0.3151907803759768
0.43942717486816746
0.19732152261071728
-0.13207151279819107
-0.3542871826093288
-0.47080098011915916
-0.5116166585103025
-0.5058435826444313
-0.44447753121462213
-0.44126104242973857
-0.12877006838305305
-0.31723125017502773
-0.39280977622442037
-0.13063042355836627
0.043136355166537216
-0.017144457346631083
0.1158877606343449
0.010981936382007125
-0.22108923357919144
-0.5403323155979953
-0.575540469085479
-0.8027313079502709
-0.7686155842695401
-0.571241530852921
-0.5806028494358653
-0.5714949014252061
-0.41506347919682496
0.13047973188919812
0.22826297031983203
0.1301194056614117
0.06683604803808081
0.03284230484983763
-0.013955092184475429
-0.021141303246616932
0.10271042312947008
-0.031489760775161524
-0.16956980639466
-0.03574200880585355
-0.2309644698750874
-0.22437392562285974
-0.18310591753507557
0.037980218092051765
0.27796758338882704
-0.0631749009589888
-0.34733641004782684
-0.37685791404172364
-0.47728517201922416
-0.7378099086709575
-0.5982515770126524
-0.19210875433366437
-0.014745421549697211
-0.1990369415752237
0.08509348332263536
0.2176596275453438
0.11292930098094224
-0.11227897790886932
0.08401109178631737
0.03619154689080404
0.06021599809848004
-0.004553758670838285
0.17300728701042342
0.24234204945226479
0.06088050420984566
0.08305028539729759
0.14983249303280105
0.11542560882835161
-0.08442528450131344
-0.24850093280619168
-0.17404479439135204
-0.08154996858563629
-0.2100813885256334
-0.11124828352698005
-0.2015249839580989
-0.24017001228174464
-0.2095428280206537
-0.5072867389901142
-0.7375398038303753
-0.597204307299731
-0.3039907348953108
-0.18865414219265075
-0.2170481131418589
-0.2069683694277141
-0.10494491564925591
0.08884119451791479
-0.05660152109125273
0.05125152273129388
0.04437890928755711
0.3685177511363175
0.32260873425450853
0.20480160623336433
0.03688959777327163
-0.12181401419579435
-0.1078321840472834
-0.2179145863594657
-0.39428138488412123
-0.48625513574760953
-0.3346959314858027
-0.3271320846717458
-0.3708808987146252
-0.17750119370057726
0.005840103180996111
0.18058093284172538
0.07663019574208368
0.18093257608651536
0.4192763744579655
0.29499593530861473
0.2160991325825896
0.2855951850397648
0.5235164800519706
0.38285656886249725
-0.005356552043776068
-0.1563603480736179
-0.3222631416957097
-0.36044687504862677
-0.2246409215107581
-0.2436029166844445
0.0025532214953821065
0.05302269982436191
-0.01624638805363081
0.026337379942378603
0.06731868726523123
0.18233738290029636
0.28899166172663465
0.11519869373232303
0.35636831146388254
0.43553392813159425
0.6783058423285059
0.4531159850749239
1.0301190610048998
1.7884555588065179
2.8086587525663353
