2.558535922254731
1.7147866935492688
0.9327958572387101
0.03282449242886872
-0.48256009696557745
-0.449227259249295
-0.564087626894832
-0.23607976127402644
-0.1916616165325345
-0.2751529474321635
-0.09696775782814206
-0.02453698176432972
0.14065137054820434
0.4447432063512056
0.3642512633036458
0.249986152692626
0.16462314971362102
0.15865054411413052
0.19340351559957528
0.04522789471484537
0.18489736707247384
0.23317085324922046
0.18448180152691257
0.42691744201445864
0.43119460850038094
0.20781447349358156
-0.03594217612663648
0.16262160787250185
-0.09328271452735844
-0.1576274570692597
0.01876900244821941
-0.009075268868639113
-0.09147413770894136
0.0705800943561181
0.10717177043892685
-0.04831882448186832
-0.2870136248299511
-0.3526907576111306
-0.39713121517935107
-0.625867829318658
-0.6658644701509435
-0.5228979297286019
-0.3057721428666251
-0.3956719135571917
-0.3010543618654419
-0.07202801979777605
-0.23428220979859538
-0.3038947379224829
-0.34925538794126404
-0.40292311054435737
-0.39551567500075724
-0.4114789816497224
-0.392000805755823
-0.34855548061782315
-0.18123065906395514
-0.0769521107970838
-0.22972022097667885
-0.16669530034571184
-0.279117094119357
-0.5300372248704138
-0.570667476737932
-0.7536256699488862
-0.7744413150418551
-0.5874031963811025
-0.533273275360961
-0.6031515909932532
-0.5499500477430014
-0.39756753844400394
0.022131853348318204
0.03613154060172197
0.1618436144892611
0.3127068154406781
0.2779935125387365
0.14232374643974702
0.2751778607408138
0.21742323672690414
0.2406928842818474
0.019119061874917413
0.07141020331722797
-0.08511972245215
-0.23685288901120413
0.052836076381512206
-0.10766803403327735
-0.29903153912466485
-0.30734329974718494
-0.14732770834124187
0.19504027141390012
0.1735345848406085
0.3001453376536313
0.11230412242074223
0.2088076828530463
0.059161428863453734
-0.006570578725603763
0.07601384317832614
-0.12078113905742328
-0.2436375403875663
-0.43402437858066834
-0.34709145554833365
-0.3796540811941657
-0.1390531215483466
-0.22307231308690026
-0.4567268357785186
-0.5176664451332051
-0.18941093737197479
0.133615364067423
0.32044135826717557
0.6188521158136031
0.5626016102699963
0.46313026369429783
0.46125613428895296
0.414011836649412
0.17340452212415827
-0.06387475829641256
-0.00010143949855507509
-0.019812947469078687
-0.3677363470653486
-0.22297884331065307
-0.02718529388635254
0.07709554889511248
-0.12670476812320344
-0.028909582981315678
0.09658109354260982
-0.10772104690331226
-0.08027430782663858
-0.06876447596139071
0.07420320177743045
0.18156113267413174
0.013556749462360976
-0.22591997170169928
-0.17794030647974132
-0.2340394869593183
-0.25033196492512905
-0.20528075193660525
-0.20685414567206734
-0.05952136601703127
-0.3330242146414781
-0.29957449803915875
-0.39482974433123
0.030343627427485323
-0.2836589856206168
-0.1780791209734441
0.19542659014273647
-0.1619296675021338
-0.28066875636544797
-0.32639404836767744
-0.022244032043815785
-0.08658847263933203
-0.3629882403157011
-0.22794974936728327
-0.5625569359584257
-0.48396406332731556
-0.5421298558994372
-0.38468922921697574
-0.1651020558539222
-0.17639788106184226
-0.5543928309875954
-0.32795130524374916
-0.25253119258607176
-0.29296188406290846
0.00519640049168643
-0.10825398739528816
-0.2772867097658364
-0.20239184984272893
-0.2307694983734118
0.06676817399879464
0.2060484864532749
0.046656901034350565
0.049256481695171314
0.13044774547213714
-0.02813642602255012
-0.29307302834109517
-0.3560549481565297
-0.092296551037773
-0.19228963316076103
-0.38060034898281797
-0.18231277558827982
-0.23796331740672663
-0.26764274751583866
-0.41001870311344873
-0.055687321782750356
-0.0364446275091786
0.20250488385718599
0.19654729352213965
0.42520028993033027
0.1085451937502895
0.17575052499399252
-0.00428871743841579
0.10416131383132655
0.03074748857982393
0.1542087523723828
0.32097680265555756
0.21353191764619586
0.04936026829762193
-0.08467587471560074
0.0927771732179177
0.28688255473541036
0.3778027665190627
0.3299644610907431
0.3727237140215114
0.09737208231036906
-0.09464290545389342
-0.11372315821456555
-0.055837122298313065
-0.2736844769724934
-0.28314621240084775
-0.09025601139350707
-0.1887893112132473
-0.10217457269492175
0.3962227349309932
0.37151068631176337
0.3958447191346281
0.3673948477454225
0.3049327104158653
-0.1959849116133858
-0.22513392140426877
-0.1769250115464074
-0.13575082598464974
-0.3389403891098781
-0.45713026171286464
-0.36591785366362406
-0.20731741256660283
-0.1147593355149167
0.1507864530601627
0.19059833743634316
0.11372544517096053
-0.034865337762294835
-0.22091922657738933
-0.3231002777128417
-0.539649661745001
-0.6059711329911686
-0.6785720624063611
-0.6022674459430635
-0.37695814706699904
-0.24787668088054
-0.1460194048582006
0.10702275288400094
0.12049746632225752
0.17710753942768048
0.0824261548641806
0.3185897112255075
0.3205759596350339
0.035256647300434804
-0.181925467803323
-0.2681901847393015
-0.3242376675807567
-0.40540393870066294
-0.544958289486633
-0.423185152479771
-0.45544057002164356
-0.2784136419466061
0.11543014374119645
0.2848317732747903
0.4788643972723821
0.5467545194110162
0.5803100441728861
0.43568455746190315
0.5779532776742742
0.42264281339487236
0.352899071527092
-0.06710258719378269
0.023098787588694904
0.10441309643015934
0.5873225872349026
0.5607093827038508
1.5426843062183007
2.474123830721761
