2.7124919097754177
1.7167126378697186
0.9250350009552938
0.6411037682983779
0.2534455682381074
0.5325817483724978
0.2141577804921202
-0.05672164457628473
-0.035077300289041935
-0.09282924939999078
-0.5292319235518955
-0.6660313285481161
-0.5008863665810587
-0.7381095092963815
-0.7730617694194595
-0.6283595952052635
-0.2877714572306192
-0.3276151657247233
-0.23676093126336095
0.009340106932184967
0.2844065517455049
0.49261472271366086
0.44404760018209555
0.26069029599032545
0.12026377835772692
-0.02169540220509925
0.2725876118452236
-0.04053820947329196
-0.08710174391572921
-0.10684401639527948
-0.26197198264807
-0.43461309089458555
-0.3914204273381465
-0.024321194107452235
0.0654604512749853
-0.05403906301600054
0.35243430210230364
0.41793780487699805
0.38354660413471026
0.2345479886948329
0.17090601837160202
-0.041675999888757254
-0.4086742724939626
-0.33329522589372146
-0.5447002788017286
-0.6916358228740487
-0.4003330470070955
-0.06506200883119016
-0.10386812997578485
0.07268947809381889
0.00491730971982695
-0.2953452237365703
-0.17543388417786027
-0.37273138475007295
-0.4028708349259386
-0.22292399938598537
-0.09574316890367188
-0.3264500900051266
-0.09849856543907742
0.2903662590729923
0.4684557067623361
0.43334272816154923
0.40428573943835283
0.3297094947785003
0.08916536240745222
-0.39441663450860653
-0.5349448251190821
-0.8319858826079694
-0.8877992861433732
-1.0130492796781507
-0.9779581282797568
-0.8486190925522162
-0.539407810349024
-0.24472852652066954
0.29960946984444203
0.3664136486605542
0.2556657067142001
0.18814319454443937
0.08969110046011952
0.05917121274477199
-0.15813328178755257
-0.21380569475579478
0.04416690387186352
0.00723527422352811
0.019865825098936425
0.009182891629337187
-0.11592709464680193
-0.2514041609423274
-0.4293638310148491
-0.6578800324216677
-0.655782538641463
-0.23201234677289853
-0.3519386338098366
-0.19345195568504728
0.18758254896718587
0.4137158703265755
0.197204752259487
-0.041540678358758826
0.30612329725377324
0.281692133251747
0.032496285329293516
-0.15750795341015023
-0.15690574075656444
0.19222720144330455
0.0833871860063676
0.3060401574905953
0.7828029686109819
0.9011138789094244
0.8652289833758379
0.6859692964272094
0.5860071252866096
0.6259592749629699
0.26803093264317834
0.14037349854813896
0.361028518469878
0.4913730067942402
0.35583999304801484
0.4164598731639399
0.4240764519444513
0.16082771043472585
0.03610154421939265
0.2295456874173252
0.33981939604611083
0.215688430174613
-0.04810524688626278
-0.17342173797989582
-0.22790847036585632
-0.3718457308190938
-0.26194516315566796
-0.12215932972805212
0.01596733903481856
0.0410959947796865
-0.12209189743403034
-0.09057584297966391
-0.20467620581371407
-0.14341444680178053
-0.2157364306313301
-0.2267149427609182
0.16588261802417012
0.02206132012127811
-0.03555388948682933
0.15976791539132515
0.2999711218495174
0.22916184124878883
0.1349906233598795
0.21043394355715597
-0.07178083793065035
-0.17143297014936887
-0.23685332628486488
-0.3720886583088619
-0.2734792741525379
-0.324986734458352
-0.2625010893396608
-0.04324453489198905
0.08587635674687429
0.1518541126634624
0.14160328909226794
0.10154870844084249
-0.09905965489124223
-0.37385930577464066
-0.2071717122745916
-0.26692092306112797
-0.19879672736010318
0.025894572960610755
0.1046744836141157
0.26677403618482914
0.4396320231360043
0.3975772059429697
0.3932678811647687
0.5323511061466243
0.22248848004840818
0.11208538521236884
-0.1433995723063583
-0.2455197682315048
-0.3870840879477316
-0.11126355813809576
-0.1680020880956948
-0.171863791258306
-0.06590230041765514
0.15084963741351778
0.13801723173091832
0.12050561596447525
0.11589061082610942
0.4855688365811359
1.4293722190445157
2.655468694433682
