2.4518995580770087
1.2745909591845104
0.5596882355023755
0.7428131932521901
0.3528652065836253
0.3623492447380996
0.24574620704959432
0.32871963417098626
0.18478986579650836
-0.08842896884555353
-0.13297291916594742
0.09055873412841417
0.1454378611329139
0.21261864095529218
0.3553061767912116
0.34146211805712623
0.09971970447118557
0.27188292419598054
0.2248716751865621
0.42200807104767757
0.496371156582031
0.5853096551331224
0.663021096332949
0.6323227761177559
0.7122658255654494
0.7337347569889152
0.561399593414978
0.10413939522522163
0.0215388169120316
-0.015426624557956976
-0.1294933944381684
-0.19811037259646563
-0.11209292495646989
-0.06653557714267788
-0.10815414562959803
-0.03647076214093232
-0.0722929098772924
0.19423612406749888
0.27516299157143714
0.33568176758235546
0.195056979525469
0.0853209381246552
0.04258100791872412
-0.11700085392878697
-0.45667830044083935
-0.46561223290384474
-0.3063165166958941
-0.2719477329838299
-0.06846776953133452
0.15812930264340672
0.06242808440005641
-0.27241493294017205
-0.08771433138131325
-0.014987226987049407
-0.4164545201418041
-0.46269523337125024
-0.015419234885233186
0.13708449996127872
0.28401533100332593
0.29649028475494293
0.43583634759920087
0.4239024684274781
0.15610898507956691
0.19664916213358719
0.09519358909129555
-0.22846757314691396
-0.31355413400936416
-0.19340128140060062
-0.1920745801952838
-0.2476330248180734
-0.0017043184402265848
0.045741336321775766
-0.12951101404850518
-0.00392451855063035
0.14430690869916132
0.015493954086439818
-0.05079662809815696
0.3599148208757183
0.45533078277526573
0.35770067600860106
0.4125734299263628
0.6699160732190618
0.422903483256938
0.31407041449429257
0.3020893641513599
0.4379558919449053
0.2317438767182545
0.287436807766706
0.5131593472610252
0.27939390456196306
0.1363964076623517
0.012537638932922415
-0.14735319996005738
-0.0686396654233866
0.15142867302327367
0.16365946261345327
0.3762769852271107
0.19508853148964594
0.17034437084493076
0.10511681551643709
-0.02953714068373092
0.004916666868394581
0.149190982234508
-0.17477343875568965
0.14429452471487433
0.3109982108775684
0.13103765711937748
0.1529371433967227
0.2815447788025681
0.2577528988964905
0.18216549201568602
0.384909109862606
0.4042902529951047
0.39222568758834125
0.436760766332334
0.4800467188576546
0.1838323408914067
-0.1257616491609648
-0.22689329601758063
-0.4724164572491288
-0.4977082642544717
-0.5399876430607354
-0.4396106614039594
-0.11310745944487752
0.10586462261450515
0.0023996034672644512
-0.15943142356021103
-0.10770444524603222
-0.27001942360649295
-0.39563219504795716
-0.2770998675045784
-0.3658636698476786
-0.25563385893524715
-0.13949621914933183
0.13760516890999555
0.24072405227140065
0.04399032310676437
-0.1400775504949979
0.015295373938539462
-0.11917859045536562
-0.29083731569964605
-0.012501191779570467
-0.06078317821236684
-0.11855961659356595
-0.0019157877355923652
0.1573301318062817
0.14521127204545606
0.3669999329045721
0.25721675667422833
0.23716694044966896
-0.011344507499219666
0.004678226207324828
-0.008721222113689685
-0.18232262659485282
-0.1538931705487514
0.19483417983252635
0.008397852554410931
0.11245750130464077
0.18713356992702077
0.46018357936583454
0.3212757385330437
0.1659381162309901
-0.0447998128909865
-0.1836417151851015
-0.5457027356907757
-0.7237677398436189
-0.6814372766266394
-0.5755726634810425
-0.5181502615682567
-0.380792298285519
-0.08801836124566165
-0.32044056847336555
-0.17092875321637854
0.0996416665201563
-0.03890104586777231
-0.07198557108214085
-0.1652565753729951
0.25639809766734456
0.18298718359203706
-0.020379261123206788
-0.06207742014286908
-0.4283849207504571
-0.5634783494890103
-0.49137318976562155
-0.4884402361840046
-0.7328982030369372
-0.6962189577334912
-0.609121580948307
-0.5562168194150822
-0.40017201688768217
-0.19118592290486902
0.1597161758343368
0.32584711214758066
0.18064896259706054
0.32032444979608815
0.16470136567063978
0.0032686326621109048
0.06552400495502804
-0.13726314443116316
-0.36272455830736894
-0.31016705241231085
-0.2688748495561931
-0.4527531535944305
-0.11750372636368261
-0.17636693835675696
-0.3048909995154516
-0.14412395247490814
0.09601569290133428
0.3819878572061181
0.31365047410485736
0.31323379719683764
0.5226608250396756
0.3256036690042349
0.30423494938037793
0.34035002268008124
0.13659299731442906
-0.266147247139973
-0.49968111919027436
-0.3070231158546907
-0.3720376679259257
-0.43667265232209523
-0.10594289768948306
0.014327009310545823
-0.158299975539677
0.12247062803519557
0.3195891923080689
0.43903527055479846
0.355456427472916
0.4472113279144093
0.38342299457175905
-0.09561396323550546
-0.14925032297114116
0.05919562125273277
0.20137903656361683
0.05808024109072631
0.22635614621015449
0.1954686276609562
0.45694735346450915
0.2538784336413656
0.24131244753252706
0.19227157224275862
0.5053341352041752
0.3481537074552314
0.6811357466684498
0.7125864679379572
1.1468659352237252
1.4738705597235342
1.904534339280002
3.0707072699236484
