2.4938964399227745
1.52910165376861
0.7203800141022361
0.43365772430197547
0.02927706686197809
0.015603850486319194
0.21306453957742286
0.39141641150159245
0.7511791512961726
0.5393860946788881
0.6478055525559712
0.7343007045597217
0.621009270961355
0.3884517788110126
0.23913020797988194
0.1936288071205199
-0.07773720885506874
-0.001024333959832456
0.004629006185411679
-0.14038368762548653
-0.030911101753508956
0.005584294019407888
0.04308541204423261
-0.26806188588707114
-0.2853907392053957
-0.14252030568452395
-0.190914259112003
-0.2700189387280266
-0.21459086146263542
-0.10607550432495404
0.17005321580453034
0.3367581915712351
0.42495166226080416
0.590923080178548
0.5464949892068527
0.34704260672521303
0.25148779734455134
-0.188752029149172
-0.24276256989447575
-0.21165327004797746
-0.29233371749784187
-0.3502512518960274
-0.23766401883662544
-0.11583044162792225
-0.12940019217201462
0.10408272602661794
-0.08889364227829241
-0.2095382373798554
-0.29939885283941864
-0.38958957101584996
-0.13012649642799184
-0.27657872984145715
-0.2387567818019463
-0.06596757134466331
0.400997402093547
0.5059226793217756
0.41611192065921765
0.3483382391348142
0.13865315759638375
-0.09403467861239893
-0.2645245327630345
-0.2814363074807791
-0.5462645173844004
-0.4703028115753751
-0.5681462486306617
-0.6141423256781032
-0.45988403546262774
-0.4985331708938238
-0.5327569249218931
-0.5217196094533383
-0.34466628648924386
-0.014454398847605906
0.0557559996150788
0.1372233650934687
0.24688111968482235
0.2344314509350069
-0.002373243095892458
-0.19940305178919215
-0.32352332938763356
-0.13180643400908962
-0.13385950449614262
-0.0979921128691303
-0.295917087073133
-0.3318817698181448
-0.3034973289029311
-0.5007266751247923
-0.44035590267027175
-0.37432175587537514
-0.09584759712322721
0.19231758045683783
0.29630215404210647
0.3287485720048815
0.4505739919737219
0.4251761870307374
0.28658425866190446
0.10957137066323686
0.06729290570449135
0.0012303752825478834
-0.3838706602774562
-0.5140074376907192
-0.17226135863891098
-0.0017039111999616317
-0.23352671369930453
-0.3920923815332767
-0.19814470323444308
-0.18611390927436847
-0.2757746470495751
-0.05660892820320425
0.08614108464547089
-0.052332459160010315
0.012146126688612112
-0.10633182725382667
-0.19590430471386464
-0.338441319482265
-0.6513929642008591
-0.7121934833616005
-0.752283767864375
-0.6080958849739967
-0.22967017065630072
-0.22171714336568568
-0.37144645416108746
-0.39632898247822107
-0.5138961101569084
-0.733423337446443
-0.5032225054113129
-0.46866520986198296
-0.4490662472882519
-0.4553697236814768
-0.4418508976520496
-0.4210649647900784
-0.5051573137326428
-0.7128000062762597
-0.500472107477683
-0.542771983268759
-0.518060173049313
-0.4815312771821953
-0.25612942669127736
-0.049658503827293705
0.20179269882758546
0.23040962739801119
0.552760194752132
0.2670309085859566
0.4975905570038744
0.5417650498382903
0.28177571874714147
0.09125479163735149
-0.20359487196541995
-0.2971042981026069
-0.5178233356348452
-0.6278525169209002
0.031100041769261448
0.2753023974464934
1.098961319120264
2.6093765197051493
