2.723534372249412
1.6859461336895911
0.7389471589702074
0.6712549762818216
0.7305619402564527
0.6636151549694925
0.5546013711672978
0.41948372735548817
0.22363364999033206
0.08362326212048522
0.40530579382738297
0.36871085830174233
0.28690050332397354
-0.024091776282112065
-0.17959926314013372
-0.4623955620247459
-0.39403164228269716
-0.2827725688408824
-0.2655671293557382
-0.0661855751973019
-0.10605061777129814
-0.2482778108831792
-0.09902198810261445
-0.04362510317284091
-0.22502752660708883
-0.1637803174053831
-0.11408244227543349
0.079831211684135
-0.07166910236023451
-0.16123333386842661
-0.1856380894757059
-0.09197583464947683
-0.1986546690498886
-0.02030016004014672
-0.11740515479705865
-0.3129840268456323
-0.28370048317060254
-0.4846004729828465
-0.40819449149113124
-0.1660847944262647
0.09379411621834371
0.1792136715229149
0.14231634913860303
0.29930859741441
0.5104265986044376
0.4907474972526048
0.23917245889726516
0.2637671727372213
-0.0689172112402342
-0.4302028421888907
-0.664885378970728
-0.7053866862139309
-0.7009865062406425
-0.419913757803911
-0.08716470714035275
0.08838420563257098
0.23950064522613707
0.3142779543773119
0.12194250445735715
-0.07451996529470428
0.1123337119168064
0.29337644707923527
0.11243897292186623
0.3814448312854322
0.726089453918629
0.8191818804432628
0.690667672016243
0.6259134141035738
0.6875774298785259
0.2536254275612199
-0.198282902593324
-0.391583452712435
-0.3865714092452965
-0.5369603132688606
-0.3561229739558602
0.023693755976268372
0.2866139820095137
0.22165596318232564
0.24568365437759662
0.43739498989049186
0.5119913433771279
0.2792138399006301
-0.06601157524220555
0.0584355837915949
0.1690719105891431
-0.06209596002442503
-0.027389734884624588
0.4299139467152331
0.5720647066520359
0.43836892268152045
0.27142738468246647
0.41769447372960106
0.06722016131950587
0.0718754291097861
0.11526893538895411
-0.0377482200467598
0.15509075994990149
0.14360670648559026
0.025367404568718183
0.036330290520468794
0.14938512910990218
-0.10488957827099717
-0.28473892202766155
-0.12890121608868035
-0.2099879375494354
-0.17913775047010033
-0.2348870964204262
-0.2543209072243865
-0.5046108140202777
-0.37643752411801645
-0.4913054428122752
-0.31380465661147466
-0.4045169070697753
-0.09643199104591928
0.2964381393040933
0.3762693120741022
0.35494679664810924
0.33879542149828373
0.2778689350855897
-0.06899524480943356
-0.2520697747696192
-0.06283175650528093
-0.12077622116988153
-0.23174421148658964
-0.17610298585514772
0.017836877825150258
0.05934583557672097
0.069769229156686
0.036216199181767654
0.18951294862930043
-0.04116066867717424
-0.0354291725250193
-0.1299059588741749
-0.3176529314147184
-0.5673209056660893
-0.5368405042325681
-0.5532720162736268
-0.40940943744298147
-0.6164630808625277
-0.6324809549072276
-0.4933888400343614
-0.6105453935334152
-0.3132612223386602
-0.5244061922736087
-0.48951563614711935
-0.37008621743223385
-0.38455074967587244
-0.1378215527006242
0.2049948754125846
0.18142680110243437
-0.057306005995838516
-0.04408029822132265
0.01530029431438377
0.12447279791799062
0.15033519070363985
0.34440071511011283
-0.08989114763821278
-0.21278597557137477
-0.5124541239098743
-0.7206745317979922
-0.562309948482494
-0.5312972910865322
-0.16999012940633088
0.11441158998669719
0.11664552378165087
0.45461946055956354
0.5563746672995948
0.6565245725465509
0.5853039479860238
0.6741773435273819
0.5686973933185867
0.16764238806912782
-0.0513955582393713
0.0751643287700666
-0.30192074604773306
-0.35948261652888347
-0.1665174387963061
-0.2186528769733491
-0.14554741677014463
-0.18922596580114023
-0.3424399051649274
-0.32710889944157845
-0.46853042704851683
-0.4942608380331412
-0.4702962546774803
-0.1385577489809306
-0.19440296324589465
0.20847915738487272
-0.17782078142924548
-0.08950862551578614
-0.06539803012379516
-0.17756144742249222
-0.3530243745312496
-0.3430389619196966
-0.16825964438145027
0.0452368453266226
-0.18413657039381404
0.008716542480866965
-0.3257781220744873
-0.3816998753628882
-0.44152916209169735
-0.31171015374390904
-0.27402741895270777
-0.40280423478066146
-0.41699149506876904
-0.29394624604319436
-0.35432157458325053
-0.22205746662909248
-0.2657766415645122
0.3600913369591918
-0.12299024974154112
0.2318361996173565
1.077279427320987
1.9773001767522151
