2.5592102270224255
1.3766354780716485
0.6822469112183229
0.19352325148074756
-0.05973103040984557
0.2868926750129681
0.1115953168331823
-0.1584186617989109
-0.16156863962754645
0.021165653439288366
0.041878445489709544
-0.18749662981258794
0.20566299739207208
0.242107997450068
0.11650878325180247
0.20491768469998828
0.4277739748491153
0.38974989084580997
0.06568466772548258
0.2552206105317499
0.03368473448199353
0.17241816930536194
0.15723958846839756
0.26437288444802437
0.035825179894229675
-0.16423660542133076
-0.21689765800901262
-0.39295908293443893
-0.23727561423421809
-0.07395870413789048
0.24169154000526336
0.3814399889538048
0.3941576176515025
0.6571512883573649
0.7548663524013254
0.5218080498348672
0.5660553455049602
0.5456812993313459
0.4799055843681404
0.4009036728896318
0.30681170641472355
0.043250460968637224
-0.14414254221517905
-0.1709110481112918
-0.03866074267378654
-0.039041888998413904
0.06745442891304021
-0.08135065771402254
-0.1297576032416858
-0.44055618063691243
-0.5005371896007921
-0.16587448573440658
-0.3462749483873671
-0.475401958552658
-0.23681319315678653
-0.050117192346700555
-0.25550045173211905
-0.42399641465047155
-0.3757338747380548
-0.19471212642487892
-0.11732219921691203
-0.1491911184000103
0.2301689816538435
0.29599335705001206
0.239041826158067
0.109463349145199
0.09332888100620376
-0.15655262812164678
-0.36689573918618174
-0.35587605659815147
-0.3233057256405708
-0.43183038445021554
-0.3699985270654232
-0.1385263348153907
0.10740956011050262
0.2697044521356303
0.24307383467592206
0.0945284441788427
0.11570605937750217
-0.1586266611866875
-0.5886707414918032
-0.5351068789559249
-0.36565254033311695
0.06904345683269227
0.253298551554407
0.42665096341746045
0.08857490272911038
-0.025944931455213576
-0.015971117858687336
-0.032861703686524656
-0.07853742927334714
-0.23837240467228973
-0.18579478818517972
-0.03995136166591854
-0.05164025717514702
-0.1257168972014407
-0.0981873713678282
0.11298859387640553
0.1002567913121122
0.10021635729606328
0.28601511640332544
0.315692759710328
0.31621732487526605
0.26433020376233135
-0.17333211085592706
-0.17812788249784547
-0.13260703350177436
-0.2377451980668975
-0.24366958122301802
-0.11216075425916014
0.4203925804364695
0.4174704844058608
0.4772308350388231
0.6559614934766013
0.5324941746315297
0.5089309586612285
0.5312910438773663
0.5754361986612898
0.731627493726256
0.6968666046161736
0.2239713768132546
0.08595449600030784
-0.04260092412713622
0.016249479585602408
-0.32102735184586684
-0.3535803101396415
-0.27597244102567386
-0.22383715701118898
-0.320939151949112
-0.18800834583252102
-0.045131765931292624
-0.22885247999807085
-0.3881968561016764
-0.09836086272204521
-0.04562448259333887
0.06319306779619661
-0.05871037157223715
-0.11507412944002178
-0.35397661523683527
-0.8882190112251617
-0.6984925236430491
-0.8432544125836265
-0.5720052697644917
-0.7765815899955526
-0.5148154628132987
-0.32735170142545716
-0.30126473879816995
-0.4391815959779731
-0.6907012057623997
-0.6033119208149943
-0.7033840626849059
-0.6695349457451673
-0.5447915907679026
-0.5139390824631643
-0.47178558106330215
-0.36037053927474477
-0.08420527432379163
0.14797897498772034
0.11330178761337688
0.08371837094622948
0.16855356268542776
0.40055617552972733
0.461457576747797
0.5917334985193353
0.32293818329850743
-0.04085458775678875
-0.07003473608663031
0.01674641782001812
-0.13331653822185807
0.11274804890609613
0.23396329124422377
0.2956113902836997
0.25485785944732164
0.1061287931468249
0.21346774508903332
0.3681611549371296
0.3351272824558953
-0.05163691648354795
-0.06245543716571514
0.21955232680662176
0.11080012115135059
-0.22511171558563312
-0.2670274964317379
0.0055491776284557134
0.07566014367833829
-0.23050287961887161
-0.07552635092639355
-0.0009921530489328213
-0.21316714340125184
-0.043128236959967765
0.058382336975368744
0.3040085657428026
0.10736771304153138
0.5221077521616133
0.5201786652513686
0.596766560973763
0.42632764018916147
0.22235377585695443
0.05795148687807377
-0.15407572595960675
-0.37033099611283193
-0.3127363348109225
-0.3587498980067817
-0.3194104247719673
-0.17461720188484417
0.15843869860646523
0.018386223387263607
0.37735344926158876
0.4151477666954134
0.4169680138281795
0.24946937151879892
0.28742581599416783
0.13791094589014488
0.19809046383267045
0.1549083133174896
0.2513618558843303
0.32216315445415955
-0.1577310005563541
0.011047761337342383
-0.07194593367664877
-0.29664818367001233
-0.49003833737146696
-0.24218537585157685
-0.18768642813770414
-0.28313341604848785
-0.0186989569593028
0.18299761063369083
0.7914916487322788
1.7668946129196126
3.0224455083588113
