3.6730274795709863
2.412815383062832
1.6477189338827625
0.6576945059308766
0.5072741880343301
0.7512604551531991
0.0819776793269143
-0.32486541069391855
-0.49931084688497773
-0.41337080043617314
-0.6186909721618515
-0.4726754392814903
-0.5620244883532703
-0.17541867340238496
-0.21145516771855574
0.14209911307170991
0.28503543250057883
-0.008917087744185882
0.1513603312504149
0.07438172021251452
-0.2468696811008461
-0.19839531521995094
-0.23994067493651886
-0.38362846690597086
-0.3559397005161394
-0.22663581000213306
0.013940307887370346
0.13637016825406026
0.43282412249472557
0.22902107257897802
0.1225351526846856
0.2930136370829345
0.3667070596358527
0.0547839056267782
-0.10439496934088051
-0.2251798955651073
-0.2262502946187839
-0.03539294228252918
-0.031807064531748135
-0.15041989891340624
-0.0988117004431295
-0.06828226825110015
0.11620558627474446
0.0039951803682513175
0.06628724489040337
-0.052348024552368325
-0.02595179778194711
0.084379046059121
-0.22998016957777795
-0.23037414287710709
0.13082686783988773
0.14152456769853575
0.17467631516009263
0.40800291744666867
0.42742573914196524
0.11723615566747178
0.13999208595663168
0.26035552826138353
0.3231848547357882
0.02555074026641222
0.051888895248104
0.044564822158839376
-0.29940154915906486
-0.6530007446429794
-0.932136806439867
-0.897923973121563
-0.9780429997972915
-0.814187379748838
-0.618674669133866
-0.40592632197984596
0.06726782223507216
0.23406259650503958
0.2929895990751833
0.18331632649902202
0.12495371339515755
-0.17004248590998491
-0.04923779519862148
-0.2223787761047826
-0.2951631197044013
0.02894036449196991
0.13285174969840954
0.11694725093469717
0.05668573356784401
-0.16742867313537668
-0.26008771800156766
-0.05661396414159284
0.0009108837167943111
0.08828976741197919
-0.028239720694518685
0.1082961755161352
0.27109738739663286
0.3571965762054122
0.35324294180459526
0.40208416376917777
0.591343677037296
0.6031378785011443
0.3854797692817773
0.13369039973458896
0.2473152291314159
0.5900095711109712
0.4865250135302926
0.4402538711553102
0.5100238808431414
0.532066740301355
0.38516091974236744
0.12549372983529428
0.18510178467510174
0.053310908420592655
-0.1502439593199342
-0.29172995456364137
-0.3529421259743851
-0.38361618646732
-0.6755935814578804
-0.6464368660362052
-0.4695381314463123
-0.1440206203277641
-0.3684635991035941
-0.20073162349511067
0.10695551349661508
0.1404823276751703
0.2548685476308454
0.5328101227296991
0.709428310249073
0.9547001041292018
1.7418972146820086
2.8079767279233545
