2.8638037934287075
2.024662740133412
0.9725340779590623
0.42328160451574626
0.1337679234693267
-0.22541497710801617
-0.6185690725315395
-0.4985035403493604
-0.4514504579524307
-0.3906774975720137
-0.39113709515527967
-0.2811322389063704
0.16599679876473633
0.03108099043899101
-0.10757694263113493
-0.2491637581769748
-0.31785661391457287
-0.26202943892038055
-0.24292259177864964
0.2362646729014043
0.5329710829896507
0.5584731195419456
0.6712188302032491
0.579844752734372
0.33967000511804996
0.06927734688326755
-0.02846424348981728
0.2259379296062247
0.16013645391541484
0.18494068101476255
0.056949624186821986
-0.14273448508792227
0.047513617171881656
-0.17981033875872166
-0.495821083736538
-0.6628942976262504
-0.47586072341136065
-0.28682151988879034
-0.676152574781776
-0.47227645514086913
-0.24113821814859185
-0.11929766530231713
-0.25846349161231985
-0.20521638250015542
-0.2625200768517422
-0.3653744674741358
-0.35369885217341934
-0.28581462705494626
-0.6430398469141466
-0.4856711294038618
-0.5346290658562163
-0.4138835035278953
-0.506703695981338
-0.2238890586541836
-0.3703276771035824
-0.09518361092834625
0.3326953282319336
0.40597004734309405
0.41565421010565734
0.28702018383826816
0.0764320029294903
0.14828544327115536
0.1590006385488152
0.323617929964543
0.379850826731467
0.31583246712462526
0.16496136625194122
0.342599061992809
0.2908576886738223
0.06662264845303661
-0.15489599527674472
-0.07670236924431302
0.03641600114036154
-0.3406296111346024
-0.5845778890017912
-0.26286838698534143
-0.262497879256358
-0.4111453765152698
-0.22761839260768513
0.08863434562747871
0.09242214023599173
0.2825045791536459
0.100235418968833
0.11544691591468186
-0.029521605707182434
-0.06517959492993144
-0.11596702692289496
-0.30443936765768786
-0.23910612928457212
-0.3467431137377219
-0.3634947923992314
-0.5383954405398452
-0.40883458869825945
-0.5661461256290182
-0.41132015464932975
-0.17867639077427125
0.08367709930791502
0.03559701133164349
-0.22477638164946218
-0.07911848077164804
0.10155548500769213
0.015191834015915265
0.11238645678452153
0.1851278189550825
0.04898960167597297
-0.09584812012497468
-0.1975765709573333
-0.17618935253463733
-0.31936541377085914
-0.33527552534760485
-0.5888898047834626
-0.5109100769279298
-0.5045120089024961
-0.6362024257774848
-0.4082537344504737
-0.13818749911768935
0.3594183016286187
0.37214547612662147
0.2446272149786243
0.23481972363745587
0.2744016924672336
0.40480174405908403
0.3412534018981387
0.38778417197477144
0.49690324109354744
0.3945143292238743
0.14947232642057007
0.28048127755009195
0.39152436803167917
0.2609783651216629
0.1652278275515846
0.10937789264886126
-0.1303328082749095
0.033731705426815146
-0.14453509968350103
-0.0738176973845093
-0.14010882010813155
0.11189229209626321
0.4081992752178509
0.3783243347077321
0.31754519404547726
0.2255453742857886
0.03477120837124362
-0.24361927540298575
-0.2348179414224761
-0.3363075929847302
-0.2042349896258037
0.09572889696895161
0.2443402587864387
0.2787494859199589
0.24275104179237136
0.04070213798051451
0.2569859252098726
-0.03063667024710559
-0.1892655532211002
-0.05242295896267967
-0.10376762213437182
-0.3457913704636179
-0.4267859226469675
-0.4499651568082659
-0.4391964292029911
-0.33460130265279003
-0.015431520589768518
0.09019045346693383
0.11898762415085261
0.07115580309201582
0.0749393919023612
-0.015720781106291132
-0.3428646697644619
-0.251937879874618
-0.12374614430913074
0.2306950216575063
0.32492177101278713
0.4142847831115414
0.6851767598950621
0.6863907442520979
0.3001492691346814
-0.060336624724706904
-0.056114487347914695
-0.1606640943209842
-0.35446856900334517
-0.35051165716739596
-0.23070857907516965
-0.09958693246037818
-0.1746272819522892
-0.317304889178741
-0.35898345679186344
-0.48303301402547316
-0.4318156821708575
-0.2457552631935424
0.05698099755542421
0.03644033146508925
-0.009910917122284157
-0.2049249703581254
-0.24565632490751213
-0.1942622413159129
-0.3564598669352924
-0.3863185833908229
-0.21315833230564893
-0.05523781864513701
-0.004137656690045335
0.1181638818640757
-0.002198498690799076
0.04696885441727824
-0.17900644505313165
-0.19104179308970234
-0.11956390986500806
-0.28529187930353567
-0.16053942820998363
-0.15697607993569102
-0.29698737273252895
-0.25522834621710344
-0.013519618641952823
0.09984556465706378
0.14543709283323314
0.0018594835084985099
-0.10846480691821186
-0.05993316192234598
-0.056043424767580965
-0.1016603340221179
-0.05079420208894138
0.1895666963348426
0.27605638966762525
0.28613827833530475
0.271107276815054
0.14754786458675997
-0.013430100176600077
0.04907917784871875
0.1583730186428832
0.025919927045241892
-0.36274576773217765
-0.44211310812738286
-0.6979094916483245
-0.7274508392132948
-0.6907939203223544
-0.4932472506098353
-0.16753695002456667
-0.10513494110695576
0.16608708882330867
0.45916031644175553
0.5083764318251158
0.45107596686350304
0.2968423671508614
0.11720591094775064
-0.08487714761479394
-0.024653164060027113
-0.09062407960511745
0.18790881305077714
0.16443237769499605
0.10435672261798017
-0.4004161684784516
-0.030716993220220572
0.309681242035014
0.4991444396006804
0.615652965409624
1.5888191088871113
3.1610450789003837
