2.7725580975324977
1.596318153388084
1.1821552347696724
0.6700577689275564
0.30738113495841257
0.8212365832368326
0.7215145053628316
0.37961681418234
0.21585195846835215
-0.03794203673392093
0.05288296482599192
0.06179712049769202
-0.25291787361697954
-0.20320389479441783
-0.1713349425111372
-0.22152641120832317
-0.24469764806153507
0.2498155295977586
0.28306243320350455
0.2692625011539117
0.30274620117576945
0.07681296572293685
0.04723843473054055
-0.1391774463378579
-0.2538584784360628
-0.13023289804333535
-0.20417474341978886
-0.22680887105000583
-0.061948387960675436
-0.032543839140037306
-0.11241420800092104
-0.1336740881214853
-0.368386196023021
-0.159004751874839
-0.30495049378332656
-0.6285892538857564
-0.712565989491495
-0.5809115855865581
-0.8496482592906563
-0.7482118622468841
-0.5490276495618498
-0.3671563877289127
-0.3045825377738219
-0.5544813348138558
-0.4145006910644929
-0.28063842869174355
-0.2973102977406082
-0.2780777111847012
-0.09989003113662916
-0.06052854668832242
-0.0622418053555735
-0.05141808540304206
0.3067121466171974
0.4154190132367065
0.2733338745527672
0.16205545634746288
0.2948798977972893
0.3066425937161189
0.23243881624927218
-0.16426866599510453
-0.373312626990389
-0.3594046854291448
-0.5327979714325183
-0.539810330805447
-0.49844003664783215
-0.3375551167441033
-0.49490617475473464
-0.4277180095149166
-0.41192456039890357
-0.060686728517948506
0.019262051364342843
-0.14207650327283314
-0.24343498448138778
-0.13800631966633345
0.12595523245897208
-0.02687020595348824
0.243218366323539
0.31255916333093947
0.21040726027441348
0.28784047785097727
0.6196716184611922
0.45858803860370334
0.17627830104519485
-0.08747435255905903
0.1711268091002995
-0.02799622648509386
-0.34703798960757776
-0.5643295937125294
-0.35984414905239126
-0.24117339136228005
-0.5409905497410445
-0.49526780184863445
-0.134337471518678
-0.2816698988920969
-0.18193219702307953
-0.44886946415643636
-0.24525636470379666
-0.3170857538124076
-0.1628412081308996
-0.27310023751038265
-0.09538917552504232
0.3865275611435394
0.47795629230279535
0.45020323946669827
0.41775770829857506
0.2852446856049225
0.052823498725546564
-0.2774517747507708
-0.31396408548043286
-0.5561040012813544
-0.7239131817788611
-0.7721450026015119
-0.39008146709036307
-0.4030161938272649
-0.3461130925025318
-0.13875566660834424
0.3494243227154517
0.46386559478810385
0.3477368259861976
0.12514972337103772
0.2526468077944443
0.07411537595356822
-0.11178278108404949
-0.19868358731573976
0.0041781828269117855
-0.1597635941666368
0.12288080666370436
0.040974411918678906
-0.04909503779119556
0.01086673812552936
0.13549475828214427
-0.20560024648344022
-0.5133621302337917
-0.4982851990256971
-0.48084290983513933
-0.30282071129427923
-0.1323693663211623
-0.026141393913614707
0.2841933319694803
0.34394886493957144
0.3785644277020979
0.2206572652559267
0.24803954073240836
0.15819555090430215
0.09461666447835118
-0.18984601942794482
-0.27257813231009026
-0.47654517572067684
-0.46097917761074186
-0.44339182462681936
-0.42195230777916537
-0.24191067366342744
0.20322129980497547
0.39915124817820935
0.37593205629928544
0.30818930055170685
0.4525808705332304
0.5453112623532967
0.48363555630227906
0.38504838621158244
0.45769225485276616
0.237177146958411
0.0013827773114945335
0.0030312543423010804
-0.39593340703490293
-0.518014922259068
-0.3924727010161817
0.04007060064499683
-0.13302533559874838
-0.22104530637152703
0.16172102034895397
0.11801301986942302
-0.03896726358953829
-0.5198473680215266
-0.08586467301233143
-0.1875234669915887
0.24521104601762364
0.8113712255993549
1.1411715796864679
2.248995508800465
