2.757545207751279
2.1602823754323848
1.1019767935174394
0.606474994352901
0.33515277305329966
0.27339404859529787
-0.15742509042442349
-0.4342773762027744
-0.2179916958848918
-0.24448733072813877
-0.4642120872377028
-0.3310697442307146
0.03282748727313413
-0.05482707819576055
0.06419971851751397
0.22883235732002902
0.045275676128318613
-0.17941222562840653
-0.41916423891103505
-0.6437183900668261
-0.47549288944945656
-0.4888750701234225
-0.3528217103591432
-0.26912334154495093
-0.2828022482812117
-0.45628533627868134
-0.5989961805133491
-0.4423731254927802
-0.23382499087297393
-0.2954158400071882
-0.29068120476059217
-0.16901628267562685
-0.2765783850633382
-0.27582198949054293
0.05715562929117244
0.2827155555102089
0.10528957021855875
-0.06667258908876618
-0.03608962792913769
0.14312596606367792
-0.10071965452615252
-0.12088860050420584
0.2135145020808396
0.30281552114620097
0.18467381102328526
-0.0961494221568069
-0.003995306308369293
-0.16308082020905854
-0.446176670313824
-0.468463058516138
-0.5260511234381471
-0.38939360216269336
-0.041661582176517734
-0.04647414617335171
0.06083289116606495
0.034067460093488315
-0.23971151937290971
-0.17587759829564767
-0.21978639556495447
-0.272722223886202
-0.1534736960768467
-0.10973557319127523
0.08990068596795397
0.43282588622156365
0.49912916215967873
0.2804706113198434
0.30998781451403123
0.3513386841728384
0.3148308025347433
0.0035456934390371052
0.027403953421052344
0.06098836582293708
-0.22278911299857
-0.2812590352654935
-0.299209138746354
0.27893285668057527
0.35063730250236774
0.3900691465707639
0.2743956012564962
0.4574077336187794
0.6674678403218688
0.2734156189473522
0.016093023194971325
-0.2369033694966384
-0.4406973885044153
-0.5207376395325906
-0.6336666390838287
-0.5938867024478612
-0.4385066385087767
-0.028507245344943942
0.2811316362558205
0.40004128935224337
0.5060290746404917
0.47027685262823754
0.3664776525530346
-0.13474229455657266
-0.39721054616093715
-0.31274797258257925
-0.3243010372593588
-0.5314316023248574
-0.510052954460395
-0.42427412777007545
-0.3486354752440141
-0.45985303887250234
-0.4473674563704867
-0.4530162318457997
-0.48903169549301356
-0.25101597137979725
-0.44583775846155055
-0.389277843923666
-0.3737300182809901
-0.20191750394958394
-0.1751462247421973
-0.24620275975780417
-0.4768382250563011
-0.36491963785523535
-0.13819358932576137
-0.009953187293252041
-0.11721245385599155
-0.15427538897720838
-0.2189033741864416
-0.4536931250840679
-0.5087334336305689
-0.5125634999711148
-0.2854311663574491
-0.2299734089736067
-0.22017377538295635
0.05122207414276714
0.055204957346607055
0.18080112594771314
0.013939702800587641
0.03468416481106528
0.22175691897588826
0.024808075633083636
0.16833989227889753
0.17720515046247348
0.19998351514838839
0.04793080416139488
-0.2597860250402117
-0.23445382685574323
-0.4791437606149504
-0.4188374665117182
-0.18903493162122345
0.20205718474684423
0.3188470480268198
0.3287978149537422
0.11822714671567817
0.01589802556174533
-0.44814604879759234
-0.5487792505455411
-0.6074120981022961
-0.5786498456451519
-0.4447861501894497
-0.560248567379297
-0.5092948236664832
-0.2010480390299579
-0.28374168315103365
0.03895757970473019
-0.035966563269850906
0.10178124230848634
-0.165613668695096
-0.33258642462733257
-0.42744638457441203
-0.31702991776603634
0.05504727177097464
0.21237637141293872
1.232494499179669
2.485781404668076
