3.217858245985692
2.0485702612627654
1.619589853776412
1.1343494978357056
0.6334812214441767
0.6766868291802778
0.5629850506637868
0.6172986751267457
0.48395737409432793
0.2290589962748192
-0.034508679769647596
0.062274929436980986
0.23330282970184826
0.10063959869283053
-0.003253186140683613
0.030480952982902598
0.22432195971097388
-0.05685828203707096
0.16081807992995045
0.5197368143503314
0.44050365053317636
0.21883041175411813
0.3545436322493419
0.5065514721570374
0.35712427512953526
0.13799025171942797
0.1510197839146598
0.015933438359296885
-0.1541116378281556
0.10364481235260249
0.07500989479967654
0.1099656534552999
0.06273625698750594
0.44390324136835285
0.13459563154078527
0.008877781862996844
-0.2883817004492366
-0.3175767686535297
-0.19722165185269533
-0.20293978578032107
-0.1324053393008946
-0.027125744951248865
0.20340699050624034
0.3189308362519264
0.1728617114744131
0.07750567937527267
-0.23008432004798426
-0.3914146836170523
-0.25809016188439154
-0.32382423945738936
-0.19186899015942477
-0.21681730053773898
-0.5643828555777061
-0.4745516004541096
-0.6282728048309465
-0.8301915500587257
-0.9344880828537736
-0.6115751254316107
-0.4280000893834596
0.04824415808943503
0.1398851233873596
0.01753635861897162
0.0471211467301102
-0.2946782741756534
-0.3898601688902718
-0.29415882826823947
0.20193539639397437
0.38201480143301497
0.46081827090052035
0.6010889486986705
0.6144997783012915
0.02465286354512967
-0.16657988689028266
-0.5908412603970431
-0.8282009829837306
-0.9360217912215095
-0.8206506396639627
-0.5563984544155672
-0.13324917798068678
0.055849094720827906
0.06558620783243768
0.06952837524225385
-0.3649887500771229
-0.21021876872064024
-0.3296852598417975
-0.3035623654335278
-0.1322997397753562
0.08587756428764862
0.42871878095618493
0.410497171197955
0.32205089914483664
0.16502183928248362
0.3149729996175046
0.3356441382851349
0.2857033921867496
0.4877630805887516
0.43950381424948093
0.33475192030482465
0.34257936813942785
0.26953744701863486
0.049778282345891614
-0.05159927115359929
-0.13287975125205054
-0.37193272625964136
-0.44867944548657623
-0.5208492119271464
-0.4098854225314123
-0.1820720277023769
0.009454371001193486
-0.011014216529383265
0.1724904279770431
0.04414339329921469
-0.04031438463671002
-0.07735047142222289
-0.16453777427286884
-0.4779659956379527
-0.5507525439875299
-0.29313014274162563
0.2208068342667941
0.1886810377882459
0.27647338958832307
0.32335594926653594
0.01783161165354986
-0.276766519167396
-0.3197568002086979
-0.23458606551225417
-0.25890069739448135
-0.15098000288286254
-0.12754899121864227
-0.038890913682467235
-0.03626484799881352
-0.15872914106868752
0.17965865075550863
0.2920936782371124
0.2866060076712894
0.7851814869021722
1.5935219355105064
2.8072680719606
