2.90424858086101
1.3656687258027194
1.5110656860770026
0.9949473248551827
0.7777026675600722
1.1313331813734693
0.39623012275036007
0.3843603379153895
0.47841100182964336
0.08663982510532625
-0.052687896265718896
0.0877502557126483
-0.1613480372302381
-0.16055704535951423
-0.1310472206306337
-0.4062512687481356
-0.22387430721173604
-0.267524976095925
-0.38799030786000777
-0.38771650136561325
-0.3697819388251117
-0.20491888703280653
-0.22178138148552107
0.06786930620115274
-0.003368186515780606
0.015327982458008224
-0.06662384081122458
-0.38589547765944476
-0.2759507790266376
-0.311798644144134
-0.10674270692018673
0.0009351051936779531
0.23678738564582652
0.1938320784557982
0.16372078272109386
0.1163004287222102
0.1659324408266369
0.17665744511295328
-0.19511509645588157
-0.13244927841967494
0.07807815344489083
0.02252816754978392
-0.09022129436775636
-0.007654925339794287
-0.2969756048288779
-0.11913403187186067
-0.13464914677159445
-0.39859332230240885
-0.4868070235837442
-0.3940484113560605
-0.5766010762908218
-0.38915164439979083
-0.4513477330935033
-0.29468092138205654
-0.05934939783955746
-0.06583534206447661
0.23763936411397188
0.35578408367571523
0.22980555600676209
0.06879892957186787
0.27407497681177895
0.19918778705287485
-0.11220029717065805
-0.15210093544389075
-0.17838673402839048
-0.24805196869559185
-0.4742581591170776
-0.7490615663532187
-0.42008733061203396
-0.7001910103460632
-0.7509860403335407
-0.4244398237508352
-0.4198412235625435
-0.31750051582156213
-0.10447542842158883
-0.08632575016951345
-0.269793028123321
-0.24668445474484177
-0.05613446845400309
-0.21370135282252464
0.02091522304251555
0.16514288893552728
0.11851821851709958
0.2267845782615402
0.30652250845641404
0.3232828441964176
0.1923355803705542
0.09243144154182162
0.23554934303098904
0.3699064030649619
0.22146841108396415
0.20818434802935776
0.28582181921776023
0.27854927750975267
0.15582233019932026
0.016414720032049347
-0.20222181266403713
-0.3216000910776535
0.02099674537182621
-0.24745429336574834
-0.31743199469652994
-0.39134679764140345
-0.34550068326371813
-0.49290197577878203
-0.5359526661828464
-0.6469672547491018
-0.7914653383445911
-0.9563467221180542
-0.9883065260047946
-0.8564872930165456
-0.9428546674927414
-0.7969088003639466
-0.5745155232766311
-0.5589383396310298
-0.5285556507972693
-0.49912613292793884
-0.4839209232270123
-0.46762051745824995
-0.5459533148582503
-0.5153199767681296
-0.272827855966618
0.23044622019805136
0.38849914956190984
0.36015125732988224
0.3648616427808386
0.4570976806327767
0.24104077888496803
0.23397490708167434
0.5782909839322649
0.39437254176715864
0.20086010776099286
0.11757160036605147
0.12585387398198497
0.1715953156054381
0.1840729229476082
0.45289991973422905
0.4523300167964658
0.45690634199505337
0.39172543932466636
0.16855260178167858
-0.3261350975646212
-0.48067035666398245
-0.5575357034454017
-0.7387475839513318
-0.760914164011161
-0.5361429353031243
-0.18551007202128686
-0.12350484393902586
-0.2535301383055484
-0.16941181073362363
-0.32242903109811005
-0.3497751985469896
-0.16390639690413902
-0.04756677064050304
0.06266490893236343
0.025680915014159394
0.3177305805717777
0.6233718665436254
0.549058892803367
0.5134444539557652
0.6318425683503311
0.6829520095587327
0.4313916025031206
0.20042641118870325
0.1134500392786783
-0.09368637033552044
-0.17643712946605228
-0.27672999144367744
-0.31111192232705054
-0.1890984754039551
-0.029424237777131875
-0.1618015349156629
-0.4112616587952565
-0.6181736112509048
-0.5217456137193877
-0.608789528149168
-0.7225396266891525
-0.8119360276074283
-0.7112572875092602
-0.4245906962875541
-0.1901739902967455
-0.06354484576574919
0.0763532133164744
0.03235443591504634
0.34985690533852276
0.3889928694275143
0.5517933777033249
0.4456054017342794
0.30055137956403927
0.33185946262070876
0.5432368176567118
0.6627672361053714
0.4103422035444698
0.1427944118351348
-0.06023348585310122
0.12100874185622566
-0.2570610598840963
-0.23113951937140798
-0.15006619247471062
-0.04900317577420979
-0.2642019670564752
-0.2096088219136387
0.16884676341422428
0.0798352781674397
-0.07601997048841944
-0.005647880232274222
0.2846855521794958
0.19733626971173035
0.13897266172432196
0.06605714421524
-0.1263571941713878
-0.14506906120759075
-0.35804303010503874
-0.3042862096030622
-0.18043470076033521
-0.0689921965621873
-0.31747771308109746
0.02727842032071873
0.0047589024538700325
-0.225192507655284
-0.3154426965202183
0.11540717947613618
-0.1174434358671692
0.3874016278266133
0.5086007524128947
0.6290226573289316
0.6045542026733739
0.5622329846664437
0.4233512193011883
0.3068700932399302
0.08803884604291096
-0.34717301909786163
-0.3508059435325316
-0.3443041699590483
-0.5262181754218718
-0.3691682150605784
-0.5526519610785089
-0.4093720168431228
-0.22162087062254932
-0.06257029694154195
-0.09420267264214087
-0.05180908316648565
-0.30885276471293593
-0.3199731404637171
-0.13623833976560093
-0.26296826661472733
-0.0909108402034313
-0.18512456822218076
-0.25951172086668284
-0.2842411096617648
-0.0971345637622775
0.01155024627741737
-0.28112069020704017
-0.31185152861455917
-0.14405491407765036
-0.14048114315845026
-0.10946754758072796
0.07946336942161714
-0.12730685757610316
0.003067168877598058
0.1455004198700871
0.03457604404341892
-0.296931041913752
-0.2807172967376307
-0.4212030436970775
-0.5115047681105659
-0.16989758402472668
-0.18846879759885507
-0.13190294228222918
0.14666358015197137
-0.02548840216916202
-0.09365184004139795
-0.20258838650299135
-0.058553237632361414
-0.19591207200377317
-0.2940310495391035
-0.15337107624491353
-0.1514598921529517
-0.2958254181170365
-0.01593905578119863
-0.20385760996354704
-0.004094564129605864
0.15086309988007957
-0.000729836672465127
-0.18841295996968116
-0.11942753604392585
-0.07650041301393784
-0.12298659163588353
-0.20509457592290709
-0.2485865775658129
-0.3951199187000493
-0.3810283063071503
-0.049941433785297897
0.2019194056213191
-0.06632905406005689
-0.11336423040914435
-0.31361350377062436
-0.6574097244463205
-0.7367393534881469
-0.9496656896071649
-0.8089524914238991
-0.9115786650939034
-0.5088903026762167
0.08154908101394809
0.34477803027108445
0.1900809640616117
0.3161231021356797
-0.08245573255716478
-0.0646546657321518
-0.20099413143476766
0.06696144615034028
0.08020165528572103
-0.02401262143270061
0.049442000522957025
0.263383920653217
0.041956564215492514
0.12239701434447559
0.46776671223587263
0.49402065970214865
0.41997821019132625
0.2596105948618908
0.5374467767058114
0.8585428846563994
0.6895148621642084
0.7150809618180745
0.9281985778438095
0.9818696142892563
0.9405184311399108
0.8195721389887582
0.7434621480452505
0.6191745556063589
0.43459895463289855
0.1508942125729077
0.3027402361072536
0.20761980673139177
0.13540636106820372
0.19146282792388136
0.20380619406914693
0.08911221824762927
-0.0172087520808028
-0.019399181917931867
-0.30771043002445175
-0.5303638775569397
-0.7057630168631069
-0.6687047063657914
-0.5394327272067875
-0.5441403398983407
-0.5465460118003017
-0.35826733513129483
-0.6441725222245583
-0.6874092287818817
-0.5369389047946456
-0.462845065195829
-0.6312864035748897
-0.49962978095975075
-0.23149091581395312
-0.5192871100081509
-0.19679230719869795
-0.08277621051638671
0.12650072827476078
0.12717739789559152
0.22945036820504194
0.126450888621396
-0.01603437657757176
-0.0005666510041472401
0.20441885332023704
0.37541501337687194
0.17937254444849385
0.1255482306749955
-0.22447505024011577
-0.5717060594337412
-0.7309196759135156
-0.7356888686802865
-0.7746854788817775
-0.3526276153271505
-0.33647444913817165
-0.2634904301527279
-0.034815955456156386
0.21660387502003253
0.12881472604331856
0.2230150454593405
0.44739266652391324
0.3665816540715886
0.41933898629604616
0.5179238945740985
0.6284181303390107
0.30175803400405676
0.24371595277339053
0.14290437813567572
0.14119605357013496
-0.17193159760700996
-0.039178370888939
0.04564777725936113
-0.24860082431490174
-0.26987193040922314
-0.0785804847849329
0.0488347262841886
-0.05026336876843454
-0.170608202999178
-0.22037293179697884
-0.02564971243652327
-0.11590099108138296
-0.29099281018625095
-0.10224932492543341
0.05254684224213352
-0.29142071639098016
-0.15868954277209013
-0.24669912728935742
-0.2959045966338601
-0.5042457224978623
-0.38669107487020404
-0.5258129126273431
-0.7709481593934019
-0.5232598117662524
-0.7630023977294785
-0.8525087476818907
-0.4934389326386124
-0.40491399030069847
-0.3464427346001468
-0.11091396177518102
0.24243010273985033
0.11930493348533697
-0.13170343894806383
-0.3307676098013258
-0.24974731820317903
-0.40625249863103124
-0.33220604608538246
-0.1580514119007947
-0.07369581463898013
-0.03373419188064475
-0.15786210842897969
0.03410114456662119
0.04583709288895526
-0.2260840420116114
-0.10187955749407622
-0.15948057683576078
-0.24932003275433218
-0.2405230250136302
-0.24615972376346956
-0.066176023411836
0.22221434773662643
0.47125103421983133
0.7445957073933456
0.7656068944815327
0.5562434295292834
0.3999424819875869
0.10873418189802361
-0.08114117601713675
-0.02354602632077874
-0.0016485189856156708
0.08288739896748816
-0.13522918887060473
0.25123792512178705
0.3579154757514188
0.4416907313581979
0.3672957246854953
0.04539356139687693
-0.15941204092720482
-0.29300756778231063
-0.014124030220132732
0.3025816164967306
0.18807482316140542
-0.04785572728124226
0.19508120921357194
0.027886799931879796
-0.23589935200319578
-0.05218831624796387
-0.162928754142735
-0.08642900612785229
0.14642228391168563
-0.21838029955618626
-0.09668833519793434
-0.12220735643534425
-0.0465596901829008
-0.12518163012156747
0.2066669189460157
0.08256737648941691
0.14522107269614268
0.17064523939934576
0.012591340788475631
-0.1660762999702097
-0.20984104047919433
0.03264640310260926
-0.046064668898172234
0.2130643552978155
0.4649801498569002
0.4712717998759161
0.34043515616663084
0.02363131242340595
-0.011317847002138504
0.10836987712298578
0.12412662103946513
0.0667302252405404
0.16065484468671556
0.2761936539559671
0.5629738202947957
0.6233422521619885
0.5482756579793548
0.39046943647968585
0.03439403006361935
0.10864094482986339
0.15082007659946073
0.04861281323424435
0.6224568208983551
1.5526929805057708
2.7366423411788325
