2.9984509051280632
1.8336592718981946
1.2387074310249433
0.3826748694759335
0.19131394605159202
0.16853277591777208
-0.09718541964482857
-0.22476371163421688
-0.07668322302485739
-0.3607423662176519
-0.34601680845320315
-0.3074963925530455
-0.6064764554280815
-0.7147476735132686
-0.8007009757317812
-0.7456780792784934
-0.5569172965354691
-0.48086773021272083
-0.37330197557864625
-0.22272008124187273
-0.30625149657581047
-0.28224864684552625
-0.46523611528708947
-0.3483095924761503
-0.02278010617593306
-0.00045662212928797275
0.1569781839248551
0.11916600072776044
0.22454295983060707
0.18168934767333605
0.3019265238315441
0.07887784628181568
-0.27169011569664414
-0.40103392654511216
-0.377027138524971
-0.46063880156757125
-0.5364570764595028
-0.38986102739328926
-0.0008462323377943868
-0.04573059958969227
0.14245950263500104
-0.22116572074235744
-0.36796934920882396
-0.4096686010071856
-0.5581046247590791
-0.5508884748020457
-0.4280096758055703
-0.3823408250826483
-0.274098168520465
-0.4464029970899293
-0.32519907929022446
-0.39890592344736947
-0.23668257172137236
-0.3392850817017611
-0.5219565318592251
-0.5613990883447252
-0.4473133539561682
-0.12773742629866855
-0.0936456103097939
0.2493592631570299
0.48464066920152016
0.3752039169291859
0.10013322816686503
-0.003755322057318298
-0.3514748808384766
-0.45989154236721475
-0.5742158358784736
-0.5599058729680569
-0.135323494785407
-0.14362667142786742
0.053035163377043504
0.10988301217790146
0.25090269275454347
0.3496592365578406
0.31335979378749285
0.04883292207120839
0.0413633692019436
0.11595676120907271
0.1812639757151013
0.11514587132138035
0.1311851440688601
0.27630214926405117
0.14548269390341254
-0.07846761503565816
-0.3626931256730484
-0.34125907333000777
-0.47642547404459934
-0.47627055964476056
-0.4793155252775114
-0.4609462497211718
-0.1490610578261727
-0.5340004912235732
-0.35673999623719194
-0.6120749813638373
-0.520830197970839
-0.3537830844018365
-0.4106905085206263
-0.3480176519742432
-0.25894797078700016
-0.4581195017663125
-0.509798274233763
-0.46335237384820593
-0.3357168503758222
-0.48134722236359534
-0.39277164671944026
-0.2615249496532244
-0.2554517218494866
0.003296843493242607
0.18801982798562067
0.2595392470194536
0.4552862333985811
0.19479796955729073
0.2730116060596654
-0.09573291898533626
-0.16339980781790311
-0.2634762545240258
-0.24508238324170134
-0.2140492852048208
0.08637170584306668
0.017671742707903653
0.024090085351295077
-0.0806401144048931
0.13166995166732465
0.12107955283192247
0.22949534558085716
0.49443087365130906
0.3570518013186956
0.29847761116023397
0.2701854573824629
0.1493576521375358
0.2381822240270616
0.2922321049428258
0.11981937633123917
-0.166012450692223
-0.1460407422735849
-0.012839597259099065
0.019866928830410933
-0.02697028789256438
0.10339415176673922
-0.08189209081095815
-0.031140293785133943
-0.03767193238902096
-0.03183869871648623
-0.19511827474518148
-0.5514298195513276
-0.6309732803293719
-0.545909976831727
-0.613025512655153
-0.5443824375226218
-0.30584509263559534
-0.2693315767443895
-0.19009645745438766
0.039416192976535765
0.20574659956166308
-0.004259081832607522
-0.035317095912835036
-0.23351609126314352
-0.23507881500765476
-0.28139515405383125
-0.3575444820838652
-0.178456946520182
-0.2133509247208051
0.04429458970537217
0.1559617249483464
0.14712138061982366
0.3641908376401578
0.3345113877993004
0.5241390793212831
0.5852739207432415
0.5910803693971055
0.5922678341363986
0.39229121863614547
0.07651957530042562
-0.3497553309462843
-0.37552659192650467
-0.7819320360695058
-1.0611586212478161
-0.856174720199445
-0.7868646151772041
-0.6324766198157917
-0.23066062930713688
-0.09583882259416363
0.05009552574302914
0.08011675146932067
0.2531048536527527
0.21381823725216703
0.08203580633969845
-0.05484933250417684
-0.00368610241680745
0.29303807029748247
0.5236434290722559
0.3338763671857821
0.0198907914073113
0.34929783518410534
0.26091033729537777
-0.07526708053525943
-0.23395834996477838
0.02035089085992854
0.06328006042003671
-0.01467171418123547
0.10656822041917648
0.9045788746092043
1.4618334923472536
2.127783895849092
2.903131765729677
