3.321388720466294
2.2615814863348285
1.3050565414991686
0.4103253086022107
-0.02560481310054009
-0.35032419610782584
-0.3617120968271272
-0.3103579676869107
-0.15927538780019382
-0.3185504304574091
-0.14785464153602743
-0.03301591845965775
-0.1275708865398729
-0.12227665424766053
-0.23458626298959465
-0.3062847574018373
-0.5274822878661043
-0.41416657104657123
-0.21499617167283328
-0.18504155068907
-0.2695913991767182
-0.0867817371349448
0.10298434044859706
0.23459257454421978
0.2723166925337987
0.19695837341471645
0.01264113931289072
0.02931905734756595
-0.1816466340480367
-0.08849306560399155
-0.05758076649016218
0.10435875515200214
0.0975978545277972
-0.10191161968087736
-0.10505770696701688
-0.10391795690913441
0.030664244397774664
-0.3145631627310193
-0.5519102740240157
-0.6880190902338117
-0.5277969198095002
-0.4356941457493789
-0.39525588406259543
-0.40937824372037107
-0.4611452662266355
-0.3329077206619921
-0.14463447924396997
-0.17552433937773118
-0.07198068805503183
0.09694948099425374
0.19881852560543178
0.22445895426849702
0.11599517243959487
0.10104775169478278
-0.042050214353999346
-0.23132045208133986
-0.2658394204459427
-0.2972854100954766
-0.34493165066733406
-0.21639077507521154
-0.0327029482958728
-0.08117866307465238
-0.09081735923458732
-0.044828519706441125
0.10390706543534671
0.0755194927095137
0.08044942210014303
0.103004419758073
-0.022658331374026758
0.1932413495790488
0.35341956299131294
0.4415397431428299
0.5442474762864382
0.5427245005324753
0.5299737063643055
0.3963723326957588
0.17173606935890123
0.30218451348623265
0.2595858630314974
0.2416275620884581
0.021014119416182645
0.2092278139291952
0.5798040793046328
0.34119163946621867
-0.05725568028987404
0.10824284777903036
0.11419867564553388
-0.0646374223567422
-0.08182002613791756
-0.08961606198489096
-0.3112666606350299
-0.34889921027079807
-0.000758195641761665
0.13270515950100137
0.1655062496727118
-0.04420889259241795
-0.23119978868814808
-0.09900447743402163
-0.4145047323957403
-0.34064959345824314
-0.32398773769203987
-0.25147799167905205
-0.028671440748829716
-0.02208084103051951
0.023343167098009897
-0.05934382271620928
0.11515197156386421
0.16170665126249076
0.1435879230259142
-0.07639271416524543
-0.1374333322579895
0.09471901452343229
0.183294441438944
0.002777527312257438
0.27037588282387665
0.3060249013658851
0.4804888755614944
0.4708079365675238
0.39396660036520026
0.2153121775107832
0.38283313441520006
0.5304835268119047
0.38313758727171626
0.2463630110176611
0.4503613370171947
0.4692348314337948
0.4830607357438295
0.5621772783457263
0.048120516531502316
0.2336022462795281
0.23896462906131066
0.3420217126621152
0.1897954986047483
0.2560260228418818
0.08821804540134208
-0.24982124248463602
-0.1291308392660834
-0.09055813823646491
-0.17653132810535138
0.02040041195306929
0.00478807513777204
-0.044017980507602625
0.12824879266452757
-0.018810976255541248
-0.3512401088578316
-0.3344145235847886
-0.13414133990165397
-0.23710489961710704
-0.07517970882968374
0.1744321686415117
0.31660663461223837
0.19540069230752796
0.3815728258625901
-0.0032865136601149137
-0.37537645635950945
-0.6076322439729667
-0.5990070310715366
-0.5792133840580757
-0.2721626600196427
-0.17121561462799673
-0.09167777741392488
0.24643244597022945
0.1987027791878712
0.05777882995459185
-0.05338976005720489
-0.14361574115814227
-0.4107573166621574
-0.3561453785478434
-0.36821541047126155
-0.5619610022993055
-0.3810099101733645
-0.21716389076061526
0.10817667509789375
0.10018608089824951
0.012676467301440902
-0.10504993570952793
-0.0021690868729022875
0.026774820082927468
0.013563271587474958
0.3243984323969487
0.16779682687681705
0.15697105379062792
0.17653976466375035
0.5592559092347592
0.4425412636074139
0.3272083465164157
0.0921612757093164
0.3874854981415329
0.530508428561348
0.16663867131329307
0.15948831810141664
0.5090885724850205
0.3413795497468221
0.10433011450868819
0.20933838548190947
0.11074539293541519
0.3324049963819017
0.22583913989018967
0.15271023663344702
0.2504737808672143
0.32966924507369294
0.06709730404947298
0.17748960910658076
0.028308146834740058
0.0033254830007616795
-0.22018480834447193
-0.2907803813898655
-0.6062317743205842
-0.8698634710334079
-0.7912253534307871
-0.5458537180528424
-0.38304273713893705
-0.17529332607261744
-0.09295911840153039
-0.15368134468287337
-0.17343249913498096
-0.1793949297407715
-0.2285417503861694
-0.21679771579516283
-0.35984381056303016
-0.07582752997395276
-0.03159201426668655
0.03441103340085255
0.2709244231313695
0.2255234238605048
-0.056439761741470494
-0.3586170360057106
-0.25912801768949917
-0.43957104458091717
-0.7142156890732811
-0.8188058970081994
-0.5008969095142719
-0.5710058272888641
-0.49597302591078046
-0.14279246761747938
-0.16660814850380473
-0.24169432137726346
-0.2544691496742178
0.2401539166662117
0.020758210507590795
0.00810709568155856
0.22414701897779263
0.35524361926367937
0.20901069227231758
0.02262306323900515
0.164937441935387
0.0689819191601357
-0.2638877855635626
-0.35302355620747083
-0.20980046992062304
-0.3704657227651396
-0.35585572971320645
-0.2860285182073241
-0.06907420864302492
0.052388008966901774
0.22907693516049232
0.32055400723243843
0.33136898748996235
0.20354215552038582
-0.0730478809241029
-0.5201113037831514
-0.7312210458036894
-1.0049747022041935
-1.0666826321124547
-0.9412157155528423
-0.8430991952510232
-0.45066572480592215
0.12211122874897196
0.15631714592752466
0.4206890694802791
0.3888674481577389
0.19512499388886806
-0.012591681872787665
-0.20677370836397185
-0.2628355597580135
-0.278253141309135
-0.19572415440490645
-0.3841810449443058
-0.5235777768425466
-0.32669864630933776
-0.14067170364300774
-0.3954124748437279
-0.46194799445178475
-0.15179927839034882
-0.43897937892070454
-0.2931434672634754
-0.015509004314199193
0.2158308016392477
0.07720314136193139
0.03223595093962579
-0.12596244162631534
-0.33474397811933326
-0.551637408341802
-0.6461649313562171
-0.5735663140387912
-0.5133670143573621
-0.1212061684647753
0.021663493669557728
0.3613429736361169
0.3609692918219163
0.3308275492466253
0.6471566714509385
0.626867039737797
0.5679316291230937
0.6290009852920051
0.42150711422405285
0.38527619929278584
0.12170029958541943
0.38499161879234783
0.11907225960436943
-0.023947217557340555
-0.10463511600711743
0.03687306490720234
0.0860190545656462
0.07676837162813002
-0.020161126145008954
-0.03262341754866791
0.1298417060435257
-0.26174984254010264
-0.30381846867391754
-0.13730155590182216
-0.15437053514659632
-0.3444408962265462
-0.3442283901266617
-0.18728922458415515
-0.21466058815528025
-0.21215378810818708
-0.1878747030446825
-0.23505423201675812
-0.2585733144635291
-0.18875894344070032
-0.002398797658389392
0.17038387602078822
0.35864573510563363
0.4026105398295385
0.2314949270396713
0.11840880969009468
-0.06603398820550252
-0.04358764476629133
-0.20516162187598136
-0.2893126170905465
-0.054182388814000136
0.014952532859946934
0.04808670378406681
0.44229680792461323
0.6681841317171769
0.7253834538096506
0.8926441526202594
0.7867927510753283
0.8300047720071427
0.8494757054550903
0.6963948433001919
0.06778872408939281
-0.056632900548645525
-0.24987081085653715
-0.3482742694172386
-0.37662514545040277
-0.14368564053393254
-0.1412339702754056
-0.2538272496736016
-0.13904277999736073
0.0728279103020892
-0.0008483139480164978
-0.2800250333341198
-0.06393242522440849
-0.21004420673516358
-0.2278790304522629
-0.01045340192331125
-0.01901836607982941
0.18729304506992894
0.10817776767091816
0.20713817099172924
-0.15613129231281378
-0.06027325201466888
0.16230361337513968
0.12803131846425433
0.03219403966392074
-0.09402683777996425
-0.35289691945382956
-0.31218833300789495
-0.6293506131069383
-0.5060677249598765
-0.4784481129738567
-0.44878508630005615
-0.3413885237797016
0.17624910329307159
0.3943930925771367
0.46814709610878125
0.37441515212042087
0.3778899074931205
0.26662004157244196
-0.05465108372744709
-0.06280001932551806
0.25318969659283397
0.17649458935923099
0.5939041267039075
0.7985362596817766
0.7690219598443903
0.8411158038494196
0.9357952709405091
0.8701143480336486
0.43776929487582844
0.5552875089415362
0.36976264277598037
0.2635835509379959
0.42083242059990694
0.6757284554914524
0.4545860800538091
0.4613744086040285
0.5617612623280221
0.059551950632826686
0.07141631738237818
0.1311164933228927
-0.22301634211502988
-0.304204707937059
-0.09199997023493692
0.011444822993402862
-0.23346406171981962
-0.17657807278656099
-0.18317212404159958
-0.23495913949475258
-0.19051106624420835
0.08344155400040514
0.056446852321963684
-0.2644628449178499
-0.08461859222392207
0.05512534698078705
0.16202436232386527
0.3907286390035052
0.5810575816157623
0.6303629534922451
0.43700361619317374
0.2347028616225955
0.23667519185620864
0.1023411151761255
0.03577733080977077
0.1972559398265031
0.16054677545363902
0.380554120564368
0.3631959840051043
0.3758813098004815
0.3217310506436399
0.220693912593052
0.1648039196853386
0.27832761992679694
0.18241435016947777
0.14446089512377427
0.10164066694766562
0.2533296872655799
0.30009778672357473
-0.024127066157738256
0.25512810912942585
0.24647362942216489
0.4563687401990766
0.5970178448079991
0.4481859426034852
0.3564011618763833
0.5596128667584577
0.35972329759610516
0.5694530803650499
0.6378318190072237
1.351876305875471
2.198579978030063
