2.9687991450127718
1.6711232204094295
1.0624878963246676
1.109114574946336
0.9052025859971894
0.9785116557328812
0.8630711952297447
0.5657780670744191
0.24435533726895065
0.015470452400590036
-0.05040702055683122
0.11018275714210517
0.24962461787628287
0.22515939226095794
0.2143295914521797
0.19138560949017017
0.23086018069687375
0.10772061891697436
0.10421353564332887
-0.07575479508671341
0.058842717773509405
0.028636739981644465
0.045863149451526954
-0.36078679978343314
-0.3835458836948802
-0.38651296482678166
-0.178294219879652
-0.157707437251283
0.2071424767284764
0.44921639849302347
0.5709344912825395
0.592350745906719
0.27555588069599446
0.26913661398447064
0.1342254582821193
0.08196565770197872
0.27613515272467165
0.28165680258508813
0.06088550425655236
-0.08974989080479352
-0.22280737418700453
-0.31138141027809524
-0.38262216115146747
-0.1873332379203813
-0.6238578799259936
-0.5068786914668593
-0.33718592512838585
0.009979316696007188
0.23067580338556876
0.3171034114961452
0.3002587955145382
-0.11206154229482544
-0.28335269043434963
-0.47487964080207173
-0.7263298966798895
-0.9007736254144244
-0.7868279059262935
-0.8031317891635448
-0.625493549619124
-0.28260422435674104
-0.033270064141238134
0.3783875282776738
0.5662032348440282
0.5959402392640887
0.4231048128338308
0.14867168450129187
-0.18378457091033673
-0.45554491851154283
-0.4783208482533123
-0.24507017006566584
-0.24995029346107356
-0.2697001957528685
-0.29103727453874106
-0.08897179070071609
0.000868415459207534
-0.01891253217571299
-0.0279786601956131
0.01852294377020563
-0.2524851868549769
-0.22667587243571635
-0.34098274750537727
-0.37082860935645195
-0.553339735848153
-0.5507039052889982
-0.5833720184504858
-0.6104762775412157
-0.3465568986195182
-0.03802266509381319
0.35089770437329126
0.3368232866727655
0.2569819993882571
0.11080239776538833
-0.07259059192391813
0.23878711390428656
-0.10781491196926626
-0.20962219728035628
-0.1605838675992863
-0.4863449945328031
-0.6690596452374209
-0.591826822380554
-0.5024641904972519
-0.37331435641397864
-0.6413571113086277
-0.24387535506700173
-0.4256760888868424
-0.2566778212157356
0.04120155728887383
0.25204130211051906
0.12768533196793233
0.22675987386122962
0.3318595257338342
0.2986445941729821
0.17211792707922846
0.217797168947032
0.008240284913018788
-0.4800417277642673
-0.3731431966768718
-0.632916472279146
-0.752872663612037
-0.4467422142738439
-0.7138448524046723
-0.6939361475224319
-0.526174036523961
-0.30725475148751635
-0.024076066505435933
0.08819181951891975
0.17582343224146474
0.25275247017879865
0.4747946728354093
0.4299064022590013
0.6154939013930716
0.4324706440374667
0.3842530959878709
0.3988796729305104
0.2701024308970706
-0.00717082204235877
-0.48898737418670685
-0.5504577884618562
-0.49784301379765933
-0.5806803996489015
-0.9221901381249605
-0.7331028807232407
-0.505348156516013
-0.13591369460675629
-0.24900877868103133
-0.2219414970082779
-0.09738917965408844
0.06207366845046354
0.04718813249030523
0.09913090492934677
0.04642410835847887
0.12169540290382334
0.2694584412640322
0.297418766542976
0.2839425268388331
0.13551149316539604
0.13762583101907083
0.1305015302856652
0.03305010710905576
-0.08713934991710064
-0.04161544932568042
-0.0508836588121698
0.2039935056017885
0.23248528400613375
0.04428184092224484
-0.1780680067550578
-0.29564461096119177
-0.3599280429833133
-0.24984485765684172
-0.3254271920550451
-0.5451189032115169
-0.18212267800234314
-0.08203057385933506
0.17109474819396364
0.2517245974785601
0.2163935899543597
-0.06722317640859594
-0.19480287177747652
-0.2531373411885039
-0.32870725109615184
-0.31769972220499904
0.0421364292911071
0.11819329930150395
0.005904864869165751
0.12414829115837875
0.219455179176715
0.381046316704598
0.24510000710812233
0.26683321342198474
0.333925141820771
0.4134310145161907
0.7117862282266968
0.49628544956052756
0.368195423008597
0.3787300812230143
-0.04733782157336615
-0.34800654447302665
-0.5032927625304761
-0.45993074821275454
-0.6336474919103767
-0.6350473329256946
-0.34650209475051985
-0.16824894605457688
0.10653815285949644
0.38974779580008906
0.4430782715034868
0.5087482070994982
0.5823624776130544
0.6927265150722227
0.6460907872445777
0.24117251753438998
0.06360769715991552
-0.17075594167217178
-0.28556974061088986
-0.4142332335825798
-0.26937327924090676
0.03249287520544375
-0.11475887623450873
-0.2261483468308184
0.11447279056916318
0.2001710868983799
-0.11425918240674746
0.302747993848321
0.34363057250453766
0.19772784537346325
0.06215447176667882
0.01978505033459756
0.2988116162291541
0.15901460788794966
0.2405259667869089
0.2914409040737581
0.21153312204927913
-0.19431668207386557
-0.2955812227004001
-0.3895956273951864
-0.6288809988828188
-0.3394201183953378
-0.6486596529532016
-0.6825429056088483
-0.5462836870682212
-0.08056281959761244
-0.018563580050768514
0.22723190844908545
0.24529919082625448
0.23419465442375761
0.3227514238802032
0.10058460039056831
-0.3001292413330285
-0.3698818728915671
-0.24986380372857378
-0.44240177225827654
-0.5522011340591076
-0.7962435686447509
-0.8079622287389716
-0.52162351944311
-0.7276624740495734
-0.45790062645529545
-0.19633827387388655
0.1953722930526335
0.4685794716773858
0.6410595247359684
0.7082955222036745
0.4576609792343083
0.4011099713970807
0.1301305394639742
0.2738016352566861
0.1747482139120529
0.5870125345037808
1.5274611807080978
2.7019118992428055
