2.8445533500015086
1.464627121513695
0.9096431379227989
0.42413830154527915
0.060268804671597724
-0.20615097523800333
-0.4489537573965355
-0.23991093827569468
-0.31198646770247257
-0.5370811505939069
-0.5839697875331245
-0.3323899633524532
0.07958286961817172
0.08157793146032731
0.11499150311519635
0.15361217119071363
0.16938277986904002
0.3017624490763159
0.04508619583348531
-0.11566755397308556
0.05186516939060955
-0.1142989412570859
0.04958685878152598
0.23270766308095467
0.5126729320768885
0.39351117138012476
0.37971162852837803
0.4020226487377203
0.2925513381013722
-0.18648659742510218
-0.19761310736699872
0.08191356532636317
-0.2763767820911136
-0.30795675124732025
-0.15087366764534957
-0.1202480626366453
-0.22944853562539994
-0.07472847422534218
-0.1084563862130828
-0.047379466550287894
0.315471424098675
0.3541733290768018
0.4073801186897745
0.21336086891005948
0.38953596220539277
0.14875367364597722
0.19505531584835664
0.33054558652363414
0.5247897943248073
0.26736058976981264
0.039480928872973595
-0.3257937794712499
-0.39606261463137316
-0.41250138456768853
-0.6724635036484711
-0.3643754575263597
-0.22080393509288324
-0.03707046043351573
0.17496054416945397
0.2950492066362656
0.2072135050317684
0.012827364909585961
-0.020694999429243553
0.28349705801403324
0.16382787860463008
0.027167750190191794
0.039381161529031004
-0.26501766108374486
-0.04529891273673225
-0.33797304865074357
-0.37367752651171765
0.004607399023804948
-0.06661265452213017
0.08635519821619357
-0.10069043234234923
0.05356580892839617
0.19632790653221485
0.31225773604688073
0.37679120783680214
0.376171777209541
0.2596393074068092
0.08222244989246787
-0.10751784106108003
-0.15158681700080112
0.22912899399617287
0.0338149054296822
-0.012846865218807877
0.2819858964955729
0.35766295794220787
0.09322440322588317
-0.12261661158431113
0.018720415447844422
0.07571867294493408
0.2032711821826022
-0.11858655346349369
-0.2345462053891655
0.1324639036057977
0.2371941415202493
0.0707998237808364
0.15131311838392852
0.03691196765664443
-0.09611768199813252
-0.058105197980464915
-0.27812356724321785
-0.21511809470307722
-0.36519105595127216
-0.24528313675284924
-0.4630565568088219
-0.5197162558313589
-0.5826944018546659
-0.41923443375387215
-0.16661904592391288
-0.1612276040142309
0.13441861089230708
0.4107485862273374
0.3745604814618904
0.16208928476596426
-0.030191995646758153
0.21299876910776955
0.22907734874177024
0.018423347921320717
0.0792824957131191
-0.361892333041942
-0.44583830488912746
-0.49666259947070795
-0.4361785419613442
-0.4339364156215613
-0.2851348786332909
0.005275032636844772
0.05632241982499659
0.010391244169220382
-0.0557257206665856
0.09218800419506519
0.2739538991845425
-0.29275394402230753
-0.1489449073242942
-0.39418674624889666
-0.5605305495975742
-0.5461173592731629
-0.2489365153752391
-0.07120371845357859
-0.05243334541997456
-0.18510190113736383
-0.09460155375781486
-0.0506734574503397
-0.1485260391924573
-0.4397061567018995
-0.5532099193186537
-0.5284374111449526
-0.5384260660463435
-0.31525957339150756
-0.2399257330041553
-0.4067628883346352
-0.3089665696246021
-0.417699418425286
-0.46928315598009535
-0.38397564378177496
-0.23859888727690168
0.10976672598223962
0.08244107479867384
-0.18658097693869152
-0.22978511774645202
-0.14901001768465372
-0.11639457847501959
-0.156882445511306
0.01872965836808676
0.3085286817833719
0.38677848606755644
0.36069267257393206
0.1574336817279599
-0.11759584639706522
-0.3521208702965286
-0.3934289674419539
-0.1730611244084864
-0.18579123695810026
-0.1205531715086738
-0.2329652063596086
0.022751054858251324
-0.02534639784217468
-0.32476514971286885
-0.3759648862548749
-0.246064601753522
0.054135962014056
0.0822836760804007
0.3734673653233678
0.21890583571997974
0.570860727277338
0.4344771565070217
0.3187762547163492
-0.12283748391908961
-0.35000722731067996
-0.48530366978737327
-0.5028757688058235
-0.42798805618640035
-0.2398914394502091
-0.3079125843886593
-0.12293057430222998
0.3245258397435974
0.4588188433960314
0.30687745563314206
0.16316371303199315
-0.0678409261260517
-0.3282004073881296
-0.5424245828407874
-0.5766555829353329
-0.4018997667998268
-0.3084279389989149
-0.27764315627047226
-0.08805403502737189
-0.3854050040739903
-0.37323040887856507
-0.33024548485758665
-0.49411529343275773
-0.5254822931184364
-0.5784904271382324
-0.6093419373705168
-0.6080561679348254
-0.4710584250572869
-0.36996088141958855
-0.23790555656168788
0.015713227644343346
0.04415006270289012
-0.34170391103868797
-0.07035445730763346
-0.35584141541356973
-0.5620827627675062
-0.4251781468163342
-0.3657023292251442
-0.29486418459577235
-0.4708151689083473
-0.20377239964903565
-0.009833131753819654
-0.4184235539519647
-0.34856107442423523
-0.18276947670152435
0.05120818229631525
-0.049238390353552486
-0.034833618669510846
0.4661162531888306
0.3356569120655113
0.14953101054652004
0.04874152310539168
0.3362930440872184
0.06685232484550319
0.13523744520838327
0.2524979256399764
0.3664755910721747
0.3270142304768988
0.3052101670499368
0.6046509329717636
0.34903701324730363
0.200305340595197
-0.11873041462859549
-0.10971971755592196
-0.36908855747740577
-0.3557676422795975
-0.24480271613253068
-0.05030637888390685
-0.12144200666444799
-0.41549972575348765
-0.4447465610676088
-0.09397199143292762
-0.2399894482496466
-0.31986726081991784
0.1642753178104713
0.31702816697271524
0.024799227406386976
0.2552440586291055
0.2513062421078155
0.09987204294679916
0.09763279215850931
0.12589813696073515
-0.045272852472128165
-0.024790941385983527
0.2674071980463846
0.3090570223511437
0.33111066643419207
0.4567315373288567
0.5651058102303452
0.24552004727280097
0.10475328038130186
0.08486216699322154
-0.12813377043378102
-0.3398843353621027
-0.26893634470549693
-0.2632877924625379
-0.25012162259143067
-0.11585772689686752
0.12440003643824801
0.3313460727282019
0.1762100218600097
0.27268228464733085
0.15049480378123148
-0.35074061985267
-0.5335383670611163
-0.4276416938164993
-0.49518677809376427
-0.6083330467733036
-0.3647189899963538
-0.40831501268807546
-0.21874058903521285
-0.13736813604701584
0.2430805260079399
0.24504691883574217
0.1638206853215324
-0.02667502423060326
0.14819710401098188
0.014095548377566427
-0.13763253566017528
-0.04168396741645741
0.12938638256950183
0.10669045188572066
-0.0857901021975573
-0.16684449302249224
0.23452812669870973
0.18407620015892623
0.040299801030979444
0.26277587007087744
0.5731321123170239
0.6747467701392897
0.5814515086799055
0.6002615562780422
0.48044590747781507
0.10700902487928247
-0.04063795419331257
-0.14026384900776517
-0.08141533109963496
-0.2580992167686591
0.0009809625961910956
0.19373764277938774
0.07343282920437329
0.3389284361285899
0.4332658996141168
0.21779424008574708
0.2595692471722582
0.1359388443984727
0.057741338686327484
-0.2500174033351684
-0.2888280860235691
-0.033711183964782024
-0.38662501615792944
-0.48886183440025255
-0.2967834776030414
0.0429363918816135
-0.008183783020345656
0.26348028609387364
0.3463121890630581
1.1715931798597585
2.492221021568401
1.263390208266387
