2.6303395843444717
1.6128928646215785
0.48237009073945253
-0.026284083026393967
0.201517220395012
-0.1595673973319062
0.2032716842113188
0.6513610880873537
0.30144962890441035
-0.03522418615284137
-0.005195237740006568
0.027687776651488628
0.005031814707880718
-0.15592141201591017
-0.1214327369161503
-0.014533890035173264
-0.0028496826699147045
0.24232772145728762
0.1376557333469209
-0.003571586745799474
-0.3061651381832819
-0.6076925534923366
-0.7719514800269345
-0.8026663405686949
-0.8577167420507221
-0.651316197876171
-0.5195082109902549
-0.1671228348032773
-0.15069026014064762
0.02204196404108852
0.2018160554179538
-0.024959483572205954
-0.25647336950077115
0.10368779212542258
-0.14678101419292966
-0.0548699665580662
-0.10817400708672881
-0.011692751967120222
0.10607681350342618
0.14720555122729936
0.30102234082035056
0.12929452664628757
-0.2792934332133082
-0.3530487541756705
-0.3131462635896792
-0.5156414541308163
-0.3159058400392688
-0.13392342279034142
0.04501401249050329
-0.12358460839068765
-0.03314872840080858
0.31997468265540274
0.19551602589031059
0.2458054634991232
0.19208106310719436
-0.30564594540698414
-0.650046986802698
-0.6795865674196844
-0.8048307801993558
-0.9539242285914775
-0.7656821900425084
-0.43290000040699633
-0.5111343470669324
-0.34291969749713347
-0.07894038152117623
0.09029091292225658
0.24035849809128731
0.13392516359417223
0.08920745413701549
-0.005890308923310146
-0.20609341203312312
-0.21462596989206134
-0.2803393464287697
-0.18685838038855232
-0.12538509901343378
-0.3253071860410353
-0.18409604784067868
-0.09728132898135898
-0.28790493078232693
-0.4310018098599813
-0.4358840845554896
-0.37311302740800206
-0.12066817159502909
0.12890013290855387
0.21833943461059557
0.17235385755637894
0.02967301106509439
-0.2880554268103399
-0.4670499667869855
-0.3248103804691633
-0.4298192871273856
-0.28582641884442533
-0.11532771744081578
-0.0467141745069413
-0.12659423238796863
-0.15641647955310103
-0.4283162127867393
-0.38115407572443166
-0.13607970572079137
-0.3197922377515998
-0.010632387178301384
0.3276032315075171
0.5113351556598174
0.7159828844999294
0.49784210425559416
0.37102004581900194
0.3857631778798029
0.338975486445684
-0.03429409695246231
-0.17776648689084387
-0.004553569540277069
0.14569082546500464
-0.1989793180034696
-0.302025517568287
-0.12116059518937893
-0.22918307400493595
-0.16728434869185635
0.2616070886472061
0.26078463514970285
0.2573355224586657
0.19704910662103928
0.3509386131102146
0.2391455584693927
0.17304801440078604
0.22171902939325455
0.41702557178553734
0.12342005744350631
-0.17679596313804827
-0.21447108332499162
-0.12820994389819876
-0.16333135681720445
-0.2712613109846709
-0.027702137435775813
-0.23641485129435066
-0.28896937927151095
-0.4486351122654197
-0.3923352718049315
-0.32996086297024246
-0.27122431058982027
-0.005642877157471719
0.19942444692033814
0.41404969366990646
0.3027842955078075
0.17641578229255114
0.3592776508670331
0.5419013632626059
0.50211079053132
0.3057619324304153
0.31990599782316104
0.35936056630797175
0.1205893177448217
0.051754540032598634
0.3588950329938659
0.26166456870463967
0.1030764272426412
0.1908177036299301
0.15203489737364004
-0.13077540640759006
-0.3096389221256682
-0.1466818988344461
-0.36290396716561185
-0.4810399796033535
-0.3445230836876328
-0.35737841625531086
-0.37839535063145724
-0.4012487444462234
0.03681481000111687
0.0586851159636305
0.1989458930144126
0.0010483537589913766
-0.19964000956517358
-0.22552007256533294
-0.3449763234796759
-0.35750318674242054
-0.47478934921512256
-0.3246805727457984
-0.21109131140014709
-0.22209146889850442
-0.19327986307155776
-0.209419360971583
-0.3119353584896526
-0.16470565301945783
-0.028769000814785062
0.2647034775890044
0.2131947351987833
0.26036977210231316
0.058684394963425514
-0.010881099419092795
-0.180090788183183
-0.05260135983606995
-0.25957637965315417
-0.5206685683035792
-0.49358333187937004
-0.6424037312685064
-0.668525016838571
-0.5933034962233863
-0.35182821240300693
-0.22299859374842154
-0.004454386693898874
0.2322038247878889
0.3683689030911432
0.48055391707192247
0.3116468782435752
0.31579768737637026
0.023861708202687428
-0.0604482715295867
-0.559988069431415
-0.5954523124245972
-0.6206813915770699
-0.37889587992799373
-0.42540133477244785
-0.35895493991952104
0.0022738982869660784
0.2137874407732944
0.1198235360918321
0.3399011654470641
0.4217865369920545
0.48481073693066323
0.4560982314065386
0.6962393937469871
0.6984950549347784
0.5353465877821388
0.24112780294151995
0.5619245431781319
0.5737996207144218
0.34083319773761017
0.315110617239247
0.10580308969061335
0.01735931367718367
-0.310185076750167
-0.5092911413849147
-0.646291093354505
-0.788483967358716
-0.6876330748361644
-0.5545960785542052
-0.16416468107360602
0.06537867637757287
0.043178244108811034
-0.18680996585796608
-0.035243709277589914
0.01743789829748054
-0.050454294118301275
0.11109795114767887
0.15024518265428163
-0.04585036025365721
-0.14612233497426824
-0.4455575381668278
0.07622269567822657
-0.38544090902325706
-0.20930254148376035
0.014313299657863572
0.1331937242723222
0.06781313855297903
0.2878251190882744
0.5646203038540459
0.4991748175443794
0.3164921715885711
0.40754242521967216
0.250915987604885
-0.0808424669065611
-0.24949397207671642
-0.4073414135504069
-0.44219620683234834
-0.5215265910275083
-0.4955517758825827
-0.3125019377064642
0.13723381755004327
0.23557292466043944
0.4879861912729486
0.6078598456973846
0.7079111563409963
0.6140438989415491
0.39045590013079107
0.30319018947004783
0.2000654761818088
0.017600599548833033
-0.1842555047577255
-0.2237054114534534
-0.41755437754268787
-0.3447662368331961
-0.23198022019524295
-0.027032221369362792
-0.11523207414221782
-0.20092349514212735
-0.30346544167489253
0.006965034718593652
-0.335218367424081
-0.3975159995321046
0.09104272375745434
-0.011739539004059706
0.34609888274878375
1.3617902767434926
2.814952042505935
