2.678146785007301
1.4769568507035538
0.17653904212297897
-0.010051839873690861
0.11550261682692654
0.7416289636952221
0.38186655838523825
0.5831276321832782
0.5927686392784434
0.5161893391156974
0.2939406603575162
0.538000461777558
0.2900392709166087
-0.011823525069368936
0.0015189571833806486
-0.016527812533318698
0.0493652179535061
-0.107681489794928
0.086129942399518
0.03632256908957875
-0.30056863872193146
-0.2990347782669343
-0.22094476412458522
-0.3816192943364586
-0.12381753816419983
0.06640987856764617
0.228236554450172
0.39387965713609874
0.2770722191146236
0.17574160825266086
0.11605342460110162
0.009678117133791995
-0.19493842424236174
-0.260230218670619
-0.2581003714544412
-0.3467187976747959
-0.43307221661212286
-0.24413207892884092
-0.37052244501963755
-0.21687532308557078
0.13615557311035406
0.2472150290430521
0.21226669543255192
0.14779723007920925
-0.020249987842592163
-0.25252360382993577
-0.3116217161452722
-0.2112832112074135
0.15701333687239913
0.03155235629989505
0.3287284404189413
0.5644427307522938
0.6813544196939856
0.63863033380799
0.5811494152463784
0.7759789371038587
0.5873225590805757
0.45825019884370766
0.4078968019811392
0.4105555710718914
0.010845353232159625
0.068845997656066
0.09771290547336905
0.2342057035770658
0.11304906821263648
0.29111186100875747
0.125747784491284
-0.12711928860593583
-0.10349565378641074
-0.13155795114328384
-0.14720429739358587
-0.28053964928055164
-0.6020169791243444
-0.6349666671520668
-0.637775467835047
-0.4836991915127373
-0.7805339910080364
-0.37012590037264925
-0.3493076408525735
-0.29294314620022494
-0.0021763512870558045
0.34943789684121035
0.37553287754436276
0.2837811554612587
0.048009444963401426
-0.14433168654231354
-0.07054301882808423
0.04211345936003808
0.08770969684845106
0.06354742298859525
-0.15876347576887243
0.23111363406508542
-0.00355202176356049
0.01903285473621904
0.14697603623309186
0.31624792847833827
0.41241300125480224
0.6288295075167478
0.9907944529273484
0.9616760522532491
1.5639417641297202
0.737601842871206
