2.8211048358035775
1.480027167043791
1.18651160726605
0.9059293199694628
0.6594056466677103
0.49067557622819
0.11221505006142106
0.3926022184512988
0.2560841914218745
0.20021718657859264
-0.07464477437924402
-0.2178228043746639
-0.023185220221661636
-0.21979116671745916
-0.24264379854079035
-0.41553119323685594
-0.294576091864787
-0.5413852485891376
-0.5524278022716962
-0.6372782365981435
-0.7068941292728896
-0.36401340172784075
-0.24361210830112354
-0.2556814770200537
-0.01057355570376873
0.17142351142790438
-0.019092950759562587
-0.3475826806705952
-0.5316138180734555
-0.24430900690091342
-0.7233231606181767
-0.7109948281741999
-0.48075846174599063
-0.16625467765515617
-0.19626887426685516
0.04462266557643775
0.06871726633808263
-0.05823131305943662
-0.12792471461396057
0.08056838934835998
0.10634370832851243
-0.030884611437594117
0.014408507738082858
0.0852156939131779
-0.02209835790748559
-0.5120145955623684
-0.508089483932801
-0.6285822357205535
-0.5691871602170676
-0.46576172404810334
-0.35383832562323225
-0.4800098279519193
-0.28953109334557353
-0.6337360123682054
-0.35826273204836195
-0.2176819544670333
-0.2455476656566545
-0.4176789541175363
-0.5858694468749683
-0.4926287478864353
-0.5279700957445885
-0.9184875476307162
-0.6737700359415003
-0.7023354614426994
-0.7022340692646916
-0.43298227924505434
-0.18532221518049108
0.05325242237834417
0.14548964572176143
0.0698384190238707
0.14074484877049165
0.28701392678617016
0.26117099471651983
0.24302603529979952
0.12902982233624838
-0.10806545548370278
-0.02507725511387103
-0.23617591961078502
-0.32378992755492086
-0.16597681505209114
-0.1926644779106606
-0.4433722794659135
-0.23695806162659078
-0.17802986029000278
-0.13937443635265506
-0.09229612070821172
-0.020275069612211875
0.08109233836719186
-0.2727929361595896
-0.08754638034162812
-0.13439597401671813
-0.14880349662497838
-0.4785514097519661
-0.42550841072972695
-0.555274467946388
-0.7390321950421121
-0.8897006925930974
-0.8124475914726129
-0.5615640129051476
-0.38959407371152277
-0.3620866594179575
0.004754863616096409
0.2758067474820207
0.5019876145744745
0.4987989410695342
0.43901927115555006
0.12213883099454324
0.011019514024080955
0.03903103552387288
0.03698768476604569
-0.4685566430202501
-0.2429849172979829
-0.20802058089594969
-0.14750767780969526
-0.2557348429677061
0.14879152989486563
0.12662636396249644
-0.10850771850391913
0.09137642251060088
0.2042084177846364
0.24029495626571462
0.24603984212875582
0.3742394272869319
0.5203952528013762
0.31655709278971605
0.04372523462363768
0.3546282568198548
0.1668036432062988
0.4466431882056328
0.6812985541735761
1.822444901240933
