2.844599621077763
1.9722100044867388
1.3222429961819095
0.5620924532410103
0.560781023752031
0.8221435438195512
0.5433061003249952
0.23301199138856887
0.44485304590900726
0.688211987087783
0.48137398633784095
0.1873507168366731
0.3810401048767963
0.3484242188821123
0.145769945073585
0.23125185181431016
0.23610872675484126
0.37562695622420156
0.23639172449495272
0.04650088969102587
0.21375103878243373
0.02608961534234361
0.06698731622273833
0.2776699763110731
0.5371977460220284
0.5129620560903395
0.25028148131798406
-0.015317149434039671
0.02862718862285788
0.15264017361943605
0.008382108991617893
0.11670727735257647
0.2418454328586402
0.34635184517801415
0.4731567357626566
0.33702692750253754
0.5437097003459853
0.7332398027404395
0.42780925551527216
0.34093746157810617
0.6163801515318432
0.536751289031284
0.4182918621505728
0.4492950331972984
0.1894290579254765
-0.02461562394765386
-0.20758570155847364
-0.1824812877808939
-0.28580643123781674
-0.302637685528282
-0.049373719633824795
0.14865975994228645
0.16888267031813875
0.14654198352535064
0.1355162989469009
0.04215362869881022
-0.31595271106217826
-0.3900483905374191
-0.6069059150809187
-0.5631379189479269
-0.49047569311894507
-0.17477582474979567
-0.1432510877377194
-0.11417007165508725
-0.2067921562405433
-0.16785275793532217
-0.2555305528954187
-0.025047643764260847
0.24406022507818675
0.125126013390053
-0.23928526057544375
-0.4298114380691821
-0.5334531013061337
-0.3733481410052454
-0.31569033576292777
-0.19185237936322913
-0.13451322460253776
0.044216983284123774
0.16136765719528767
0.03623932228533898
-0.20149130605493634
-0.6156058350222815
-0.40561420762823114
-0.6661482688981348
-0.9911971072628245
-0.6308061241480751
-0.31442570698159195
-0.22193522800333979
-0.11324235998604368
-0.08342085266689975
0.048577961692179934
-0.21588096038803503
-0.15582310522672607
-0.06890157589326203
-0.23987106580468998
0.07935577209698476
0.0032105606640486645
0.035653490488310104
0.15787206915863813
0.5965002504352094
0.748680426021965
0.6664077184618672
0.75354597681053
0.6822486558129468
0.44952015775512616
0.5485623742708646
0.43695796612849785
0.1651737224925258
-0.061211116229118276
-0.0770389169253822
0.0072218526687136755
-0.1199534032899536
-0.1930479791083846
-0.4374759217190101
-0.46338525925639923
-0.4423472561176277
-0.4316908058291067
-0.5809726107358192
-0.5717168072345735
-0.33509218492294207
-0.3748432828302761
-0.09258246067542195
0.2376492558587087
0.247478699673943
0.16655310494575715
0.006716625095465003
-0.17353849721418843
-0.11811571595977513
-0.2164361152592446
-0.056334846740775074
-0.06470154826632357
0.2950222620444364
0.7450278331650805
0.5711525163026443
0.324085323055014
0.31077851448723715
0.06308679505146093
-0.23601185761324683
-0.3353924478346986
-0.15404633178895868
0.09479052807336906
0.18407196766737946
0.3847344436251723
0.7475818176388008
0.6785221487439638
0.5869804797874257
0.6967463051453996
0.6853716749105315
0.5304550742431919
0.4336334994346899
0.2464902382969781
0.49738370081529076
0.42541944049301866
0.2582298381314602
0.10799783516227159
-0.08363175230261402
-0.2503997515521305
-0.3518981112594258
-0.42470917117749185
-0.4718934762442093
-0.11156311526720769
-0.2231036232881669
-0.25967247024181295
0.039114973050596254
0.0393141037846899
-0.0627520026780932
0.08696644443855447
0.498099929690526
0.22149318057931275
0.03585757056342435
-0.0027809756605256825
-0.23983561965925657
-0.5654791985468728
-0.4611325947512645
-0.08883085835777689
-0.2504801014249868
-0.22226895793429738
-0.03699582056069744
0.036184203520797494
-0.15365298164499705
-0.1929906523041092
-0.07691131396504683
-0.1918599553435327
-0.3519559710590864
-0.47308955947787795
-0.16394741987405176
-0.30719782545213437
-0.3407210735751659
-0.0043344617491869065
-0.021640107639325563
-0.14857218823753862
0.0936977679900255
0.2286914859487391
0.40299716355298304
0.44231612012689625
0.3360769116860012
0.10286798774199102
-0.11029326709366612
-0.36144532369127913
-0.3449647786336185
-0.20561050050653912
-0.10235581396225239
-0.02878798969416109
-0.060911490354763204
0.1157074541428114
0.2940814833959447
0.2514391924243928
0.16980498025873003
0.10350052626595957
-0.2988267226118379
-0.2355455379115291
-0.49097344051962094
-0.6779130582584907
-0.6705760370916983
-0.48807130072954497
-0.1866639218675453
0.2516284477201079
0.36855131827327303
0.2513741776295111
0.19766396080380466
0.03106551697288314
-0.376582915852536
-0.3181483881501796
-0.2160323529044626
-0.3637615873980223
-0.4274127937152178
-0.2550198204731011
-0.5010595835049595
-0.5136124181637317
-0.358000621193812
-0.4034233910641817
-0.5786315755263217
-0.5320504907669922
-0.3795726985433422
-0.2859040390983643
-0.28619397076116143
-0.38890272172206714
-0.19399145168029738
-0.13942808473001855
0.03383270399420348
0.09088065926184791
0.14928907858416168
0.12807644735113977
0.19745193799630878
0.14556619746713303
0.11421861306380418
0.2837180544295272
0.19702995911815144
0.19178857358575138
0.04816476567728278
0.23438269491472424
0.10462270613492763
0.20627873025914534
0.05426557655591906
-0.03794353508075936
0.014630280405066403
-0.05158664657788753
-0.02355140764803536
-0.04267018715058122
0.14285237178949672
0.28072451088879496
0.33359977024869086
0.439692338554569
0.6966029340541513
0.46177603118269833
0.4323039346092761
0.2644920160289582
0.1307211135387909
0.08206376540564686
-0.13779321531955283
-0.10914862643172774
-0.0413320246901598
0.09552800379434116
-0.01587517675345417
-0.17755445253375218
0.09465039280895098
0.10049535968717528
0.020306967159649563
0.2874629399617152
0.5827428571283629
0.4872377941569698
0.2765414825614091
0.358793277746925
0.24879273851997516
-0.08175790024595764
-0.2245100501703113
-0.12350508050104346
0.06588851960292581
0.24474348613766475
0.5312143482750088
0.6705095261092955
0.4320888023288479
0.18420664549966773
0.07111168711889744
-0.11112009886790813
-0.27648564015899
-0.6467849084930721
-0.4637551490035771
-0.34646565571361315
-0.19922625022245855
-0.025717009809266774
-0.16465492776517676
-0.26109009468745953
-0.0032190252150891014
-0.2446260798590543
-0.06613506998706367
0.10149327235001579
-0.002903033078572756
0.26768881436905384
0.18299435355373808
0.03553286011375245
0.14075053543151214
0.03451724616890271
-0.16647810409076091
-0.20124969747171775
-0.0982396842915883
-0.16008266813288582
-0.48504614217003145
-0.3648920855245532
-0.08357382669406284
-0.22664858843500973
-0.1497913126137972
0.03483712591217684
0.13583191546659523
0.12399681114921518
0.013034534757250834
0.22218303858698962
-0.045594781067558564
-0.27651250164435254
-0.3119609311514771
-0.3396712820258842
-0.4660474605265407
-0.3085465390364388
-0.26384734137026616
-0.41993219590216585
-0.29681629702894896
-0.04394168680734649
0.1570532503015507
0.21096501034719617
0.23055746127719842
0.11402091811726471
0.24437164007515982
0.21305747430717104
0.19604100675734895
0.13850667122450366
0.18673180587111057
0.02838090869919075
-0.188587126899366
-0.09067985842303986
0.2237911496270078
0.3692249201025401
0.4820239268219755
0.37633015491356925
0.49608208519481006
0.6213188470896569
0.5093657760388881
0.3201817986753926
0.503023772305611
0.5111523494573882
0.45448121720045587
0.4128636195915761
0.5682770977422404
0.49718798311465623
0.21373148541351178
0.10525291391969371
0.10042048728338548
-0.2811094691465349
-0.28678196762864516
-0.1488964245830412
-0.3399568257129812
-0.401924622471765
-0.35062861849523536
-0.29626442312498413
-0.5565167052657786
-0.6888317313142714
-0.6252611729371791
-0.3569277445213174
-0.1398103904976836
0.057612371664738767
0.28239161478623553
0.3957818178386067
0.5770939460037613
0.49256165255358253
0.2903523259251224
0.14414987429071177
0.11372668791917313
0.01622176408378977
0.032413848389000875
0.015297922038337422
0.030064835283221354
0.38530294070921645
0.38012621510943917
0.1340732113353299
0.1436359690004121
0.2815888796156163
0.321197749310563
-0.0596313743167169
0.2121039808716858
0.25854962952877475
0.29851120289802957
0.017022416102902737
0.2934826775760609
0.16935600555033029
0.1701207357095987
0.33412082084582484
0.10870917629923502
0.18062284280652027
0.23059821956243653
0.5287349268016179
0.3790163646246707
0.42712852685758346
0.28763017882437575
-0.08218845851863688
-0.30837779044213076
-0.28232880769194557
-0.3073849748723756
-0.13732520614529134
0.11533998874521105
0.1811886755200839
0.29084225399718844
0.27260654559594827
0.2342590230149917
0.06736055888423997
0.19798394043923523
0.31413191453812706
0.21340217648424817
0.24001323402916108
0.280892359193875
0.1220733517067163
-0.013419733597481177
-0.14080730136683034
-0.31115114680363004
-0.46408088102253675
-0.6569078349176443
-0.45141110600501144
-0.5242345979228605
-0.34369039754298564
-0.46848453861540656
-0.6207065506975826
-0.8512642768272247
-0.9471985093874797
-0.9834577814410702
-0.9234164596823319
-0.9173735934469469
-0.7330502065562063
-0.45649678029897256
-0.7537670839351445
-0.5571954647631936
-0.6642600547073876
-0.5945900547683273
-0.4077316039107476
-0.48713817901658163
-0.2874824684991671
-0.22974151096075376
-0.19496755938778376
-0.14623370674970998
-0.26648224785294067
-0.04346685558975196
0.1154789922646503
0.15971769532604685
0.07785175713512466
-0.07189262096030673
-0.2490648844988118
-0.2900831609579659
-0.2009622450735015
0.028095981305915226
0.36160166608222755
0.21022890539144798
0.06493207006646053
0.029725796607259786
0.19972935374657794
0.1111618887948036
-0.051243498548937776
0.31907348598231977
0.2125854195731239
0.43138301639763765
0.08961751982523342
-0.08928827311850525
-0.1259835199804884
-0.07993731183977675
-0.4032557216844898
-0.38850251071887015
-0.5419198387867586
-0.6963055438528019
-0.6688001212744624
-0.2633529815410555
-0.08079354172883021
-0.2398026248859926
-0.08366044096592092
0.14019857361924457
0.046586801956117425
0.08726525334710807
0.2720921455931028
0.071528910605859
-0.15204337628698802
-0.3108920163960649
-0.22847926510690494
-0.041038140365075915
0.14460949756658129
0.056557958032125016
0.11992260463014627
0.13691053431050923
0.18304987595144387
-0.059082062351590296
0.06446232594590706
-0.04519875530731542
-0.040566720664418854
-0.06541263790149586
0.015409254248047647
0.28151048884651864
0.34218387811987777
0.43173414669999305
0.3302196410702202
0.5233209038444354
0.4572682152508233
0.4598305275486732
0.41338705426156047
0.2326672285551825
-0.05755776477047403
-0.05866414827550887
0.19541498337757285
0.18955794191504247
0.16920213185345284
0.29787817035679137
0.401489933280089
0.49670100444468984
0.13159453118118777
0.18381350571162194
0.13048161768612315
-0.2522109981775171
-0.34633893389350584
-0.23727307815619217
-0.4357973151539332
-0.5086825554877553
-0.4422239486258597
-0.2612970105187196
-0.3062300524280984
-0.08758522562438426
-0.1256216181253988
0.1902864056993961
0.15520717315447383
0.06241038477070542
0.08444712398785195
-0.049541489755613344
0.32037201861609316
0.11473923724877144
0.2773221761363139
0.3242635325359755
0.5220118347901914
0.500841512971289
0.5195809211437538
0.5461338385398604
0.28143009780243156
0.03070699543613126
-0.3200123223777328
-0.4472537000345307
-0.38084388654728224
-0.45621035343012806
-0.4634376514112338
-0.119834972895679
0.12432867970324443
0.3194765289963383
0.3840594320856529
0.5813103501066094
0.559420768082038
0.5716878893978303
0.49322282236815185
0.3457728856102084
0.06606188188946396
-0.17797853514475173
-0.2949497314516887
-0.35580758706619003
-0.4151752099249362
-0.5307914717807944
-0.4693598888633688
-0.1971129466004309
-0.21025294580414555
-0.3085893148250799
-0.18519518461071224
-0.08070307517781194
-0.11267628489458786
-0.002903152265838679
-0.1605145856539359
-0.028726489223151522
-0.34433696140966724
-0.2976710404642876
-0.12544100196578845
-0.002962883780907973
0.07409165349576939
0.34817895740151356
0.38403599831594026
0.48433212232056155
0.1838580235889994
-0.14427847208755418
-0.2441074658983658
-0.006040927841946313
0.07127588279622692
0.020023890745297816
0.1811714339395686
0.20809041129198616
0.4515592077760586
0.38993837254165925
0.22780441711758703
0.2739786540039485
0.11257721556325208
0.0703085411969196
0.19927175852247117
0.30936483169161194
0.17788053388655148
-0.06537666606719629
-0.07600652501230529
0.04607729396379326
-0.1600293474936872
-0.2484114472813761
0.22132867723800362
0.30109616683381824
0.3665099362761694
0.279717020917517
0.13332848540174475
0.26567696739340235
-0.0022013484265834844
-0.18179704591480061
-0.04672370266654681
-0.12189282016678603
-0.21085091528653752
-0.1826534090167595
0.12427464011025058
0.39038571261958366
0.33528226619803536
0.5189539708992464
0.39836253078911643
0.03681903017963792
-0.18477459021862935
-0.11541266282066738
-0.012714368974031998
-0.018392006432145634
-0.051919761545534515
0.1337902133407862
0.16109910545440312
-0.03626935841641828
-0.28234722542301954
-0.3708316696899094
-0.38430265895225285
-0.4935407744438979
-0.5959588356378083
-0.5526754709076919
-0.449183325120942
-0.25672999926668794
0.06747708955577736
0.298215944294446
0.258506218610416
0.47544727378527474
0.3962925787965968
0.22662604340159098
0.13529470636107252
0.3538360151302717
0.42448773122433686
0.06847813372641215
0.18748839128673706
0.2987719387536044
0.1518691675383189
0.1911094259934148
0.22547834692379648
0.4726651791889275
0.4061737297755167
0.3465268414532069
0.12602079402733535
0.055653177323462144
0.1379592747816543
-0.12321494971519842
0.027374815918928742
-0.23253320168405012
-0.36474841808934727
-0.36169666943422496
-0.3886293202113628
-0.5287662297989684
-0.30020767381413466
-0.32714449109244265
-0.4336108657704071
-0.6346616468581016
-0.466122827785658
-0.24323526458988082
-0.4167743030880374
-0.3228254713270983
-0.1146142415607914
0.4706942715009082
0.5446991907918288
0.43790596021686534
0.2683022948644892
0.052551306934524825
-0.17149615745943642
-0.2610572387960618
-0.2610963853807142
-0.20470734936001003
0.06162212195185508
0.23830807753207703
0.3232846271066444
0.41343096108459193
0.45930570966512263
0.32886124769361064
0.01206985761160362
-0.17673769501220044
-0.13335030620650887
-0.11399049600454951
-0.22931337983690825
-0.17962823366711556
-0.1909570689640356
0.06642742300285025
0.05543284396278253
0.034393051045950154
-0.15372182312346125
-0.22028504359397455
-0.2854302168372496
-0.10671207505712306
-0.024127897204345633
-0.21568538692451386
-0.21818623113123498
-0.05834568466114753
-0.2615904012283921
-0.020527249118645507
-0.14670732264964187
-0.1974465158077846
-0.3953798157618798
-0.5021478126943298
-0.3695608124172809
-0.5896831202719908
-0.7423756895834425
-0.6993754323461515
-0.71361488840805
-0.7536662918646336
-0.6751693285654702
-0.6381235515532514
-0.5229900736239242
-0.22129439081684943
-0.09437588864049727
-0.15153285338973912
-0.17763995861135928
-0.03611117621636915
-0.14721277610033345
-0.07770540528498755
0.050138516482028016
0.1070667992142421
-0.1192093076943596
-0.1775917874967808
-0.3766720273387159
-0.02667548415201857
-0.228045747909091
-0.36371434114127715
-0.2351927232747945
-0.3906413100043127
-0.3024528149077044
-0.42762818065645214
-0.29646619622753206
-0.13919998925698385
0.0223345622763271
0.06550224893259579
0.08338965255101416
-0.06585609486354725
-0.20090740845409258
-0.4706117032536565
-0.4874033920619377
-0.5791610876463148
-0.5445418229098401
-0.42441209747063374
-0.4190353638048003
-0.27415135282908065
-0.23788525555610107
-0.43091092365322536
-0.3051614399335753
-0.06350664613704728
0.09844272601164232
0.12869662499539125
0.12962055042024054
-0.12863938483361875
-0.4477968823001812
-0.3719587006852693
-0.43722669751468934
-0.6226219795747456
-0.5082775338493507
-0.43713208288022753
-0.5007649228795689
-0.4584243090251806
-0.304706231024299
0.1570317172190711
0.5216306672548061
0.3429260761293623
0.25301436553831713
0.3044214609904066
0.4048229517152974
0.6642130052284351
0.5798385667525754
0.6379768839313562
0.24032295684961716
0.1967636664857924
0.06775112482298618
-0.10251560056383005
-0.1421050799278527
-0.23678030133639164
0.08079546980798492
-0.07985431437961202
-0.33556856519711437
-0.0652724316126694
-0.12513665069926144
0.039443778641875725
0.20064340652368334
0.43774662871590136
0.39166676267232003
0.4725717128347639
0.354895513625515
0.20537590017844537
-0.06431761292241163
-0.20369294201297694
-0.04573812935148672
-0.23880633475167046
-0.3868776713154427
-0.3862069655685184
-0.3891508616574974
-0.4431593885331092
-0.3445628759830079
-0.2769257202985228
-0.17060043581955484
-0.20522295784393194
-0.08222816536574878
-0.2405992638566943
-0.12695118800776142
0.15818953037588118
-0.03871225046314006
-0.24665295486941838
-0.030914200009066094
0.02557095399307999
-0.1622211773327427
-0.2630640102537954
-0.015762466076249534
-0.1624130448884757
-0.43897081711086244
-0.36541911456300896
-0.23364581602944312
-0.14997559713572253
0.01813406219088191
0.1715236431941136
0.1722199876465679
0.41138594040540444
0.4682641242900884
0.06770710773564251
0.21372304029797168
0.6767361694070719
0.4216615485418128
1.2309034661414606
2.5285056386600058
1.1369766053207702
