2.645957089050335
2.068271451465776
0.9923466700520602
0.112948675424181
0.55215886861017
0.2910532190153437
-0.054436899454920494
-0.08495697366260543
0.01605909286654195
-0.028357287541974346
-0.048800547751970125
0.16741707747889678
0.36705998923261646
0.16617271233494982
0.28604155914186963
0.39798655487377516
0.22647462932342266
0.20911951492882058
-0.02408340315373114
0.13913467907867572
0.10660499105092759
-0.3288333522675403
-0.2349191710193388
-0.001311171889879184
0.1069667336504406
-0.27585810192212773
0.10069152388294292
-0.005890850910976788
0.14780804913202153
0.251666116472755
0.07977695740070698
0.11608471950316172
0.15060505387359177
-0.0523967174736016
0.02891411225444935
-0.1196416963694176
0.08469485675074191
-0.25936021654523367
-0.3183051271398072
-0.09836993012927273
-0.05900426295180674
-0.18158304162189853
-0.07797311447210893
-0.15686768247451954
-0.14719931357253913
-0.25631773398539454
-0.10293260302315357
-0.31164127823033433
-0.45555291288996264
-0.5921611504406536
-0.41012333083639857
-0.5493153077311687
-0.4309695302167051
-0.31059555165766045
-0.1490462293266378
0.07119336878228961
0.04662405180931837
-0.13531302524686156
0.09985247667133293
-0.0027687329929610713
0.14128310970205632
0.2803365851880674
0.1252336939781656
0.3451463564585678
0.3159868055076304
0.25759222728043696
0.128130934293335
-0.13052167889768393
-0.2305424300765907
-0.1880484277215853
-0.14618160802134136
-0.35064864621162434
-0.3071665873555602
-0.2441238058093545
-0.19306594545655295
-0.3478167174359534
-0.36287872896404133
-0.437559232595219
-0.16282305169454878
-0.07399751778238485
-0.162872160273712
-0.11706755573573283
-0.17233455867564682
0.24691595477428005
0.25637045317512963
0.28159887139340867
0.2713867764502674
0.26423899823483926
0.27755147483263576
0.13394657218509995
0.09381163282045123
0.12226084997225499
0.07026868812243026
0.014637128967020923
0.14982121435651125
0.10044782605645024
0.01160788137751151
-0.2193198859120142
-0.22146819997186035
0.07192820937280857
0.16630687696787205
0.22620873532713662
0.11987064254162152
-0.07863346351644443
0.1477386855657278
0.11203095886456393
0.19681182011103981
0.19241014780480448
0.1327008788707794
0.1834650983741813
0.20131620496321817
0.10257760081956938
-0.08425457433903959
-0.3235573106593898
-0.5442237441277143
-0.49685934052825276
-0.49461034020332006
-0.40907454491337386
-0.5222435916119542
-0.35287892966364737
-0.22951425016826818
-0.4413863586591118
-0.2803274118015864
-0.3909368291770671
-0.21861911156168648
-0.2809333029720417
-0.08169107973101042
-0.1078143452549857
-0.083848463026613
0.07481481049400814
0.06785444802599436
0.2660106074648661
0.06404279533143208
-0.03251104135877161
-0.08068066686006568
-0.2017575666732655
-0.23835822616490612
-0.3577838767647826
-0.267045768022727
-0.2903910499033218
-0.010749036451996465
-0.18384115689666242
-0.17567549174918834
-0.08326050397617371
-0.13919806841083368
0.03482457246706829
0.06285966334558211
-0.1675561352601265
-0.27926483796284374
-0.5128379723927878
-0.5626745873753278
-0.6382642367937085
-0.5477196681229459
-0.6101296201230075
-0.7101908353246966
-0.6508507399516459
-0.6764616361500534
-0.22561094516506755
-0.17329751746472935
-0.024225576356323022
0.028454363995737073
0.03676994293675196
-0.1182277060478471
-0.30030976925510766
-0.005871125195545616
0.00651412859979251
0.11726673392440001
0.2781478870075225
0.19263354813511968
0.23538492049353058
0.07667448733282782
0.060636564837150075
0.19378754646668295
0.19250120734350254
0.3263953345198616
0.5799622854130106
0.569021785460494
0.5329420368449282
0.6785812387871498
0.5611477745837473
0.457167860760132
0.45272037049302716
0.2868251028652579
0.20515539693581017
-0.0804191300574486
0.08510862151679432
-0.013669157507224161
0.12031897353957849
0.006548916292557567
0.002694334049557238
-0.19624826602192028
-0.12404290862849114
-0.06300297752097579
0.08938386585985181
0.187163048124416
0.07571068132380472
-0.01652788007110936
-0.06962126869684473
-0.19060900038404444
-0.288402639367016
-0.02758429399716986
-0.058827917058032635
-0.0646582983060027
-0.032910674972004166
-0.10515985218269588
-0.347118953043621
-0.21367287996687406
-0.329668345433543
-0.0211114935153164
-0.05922456817058911
-0.11587051762511104
0.15027153420783937
0.3290981375186695
0.1149837171204351
-0.06599711373131678
-0.044825560940038645
-0.042860986116974316
-0.03846460435018938
-0.00297395740861711
0.1812786788975323
0.30205630320947285
0.2963960821871342
0.32106922823543343
0.46856898881493697
0.46313297358811817
0.36440649022192145
0.34634175063765
0.10536766341117247
-0.24947766088413048
-0.24525886194363275
-0.3240804680530847
-0.32818161013394986
-0.15218110464628332
-0.0747752792643851
-0.3122545680365659
-0.4872063873399039
-0.17762785529618308
-0.07435599894625361
-0.09205049638036394
0.05789447703871421
0.09263938570378115
0.3938962284744911
0.4461915916909842
0.4263569445611062
0.38551425948845375
0.13547693818918574
0.03944529429218581
-0.1386533074056722
-0.02626263098416256
0.3281962696562458
0.13002030687899116
0.11197017526974218
-0.19464371449849785
-0.2620567222445638
-0.5257407357896159
-0.4666446362168215
-0.6135978484625609
-0.591529208997722
-0.5246889772403537
-0.22647446349461006
-0.3407595991064712
-0.0846510614543005
-0.14184100361613958
-0.36146793520724646
-0.3111395722638287
-0.1549611107857395
-0.3564148675519325
-0.3827819061691647
-0.31997746739903427
-0.12316496851777509
-0.12419037239244582
-0.21329826566384733
-0.22186009293601966
0.007609591853699584
0.14616147047802752
-0.045308508774597
-0.02620446503220109
-0.2471003882070107
-0.2361999233232341
-0.49661355629974585
-0.5868550961840725
-0.4440677014117107
-0.4357980044675746
-0.6429684697517344
-0.6024237499911843
-0.5492530217392168
-0.09312279241779776
-0.10269839427192294
-0.10314981002217316
0.26575733372083893
0.15360413646023124
0.17371952665935816
0.08629389427664631
0.058632663679073195
-0.09655779181400284
0.0024057896796789687
0.11315441527582455
0.2909417679169078
0.009099816100153027
0.11239954885006191
0.3296870213852454
0.35028866664467745
0.3624708907202482
0.21362118243489098
0.3005036824195983
-0.09359200083689298
-0.40873204754164555
-0.1600950993173757
-0.22061563003397877
-0.42694744958221076
-0.6076427892071292
-0.4377810944198225
-0.35238666972198146
-0.4742900851369166
-0.2671021847919026
-0.5004443314455944
-0.4289215091513627
-0.2700746699954358
-0.18189592672298624
-0.008212051960838757
0.09131709841469006
0.1901129483358896
0.01389305208015796
-0.25027285518289977
-0.3384802282988957
-0.20610881421240465
-0.06602714755411275
-0.3159419085025515
-0.37363130708682823
-0.4590495224271132
-0.5399512839567135
-0.5047901582421555
-0.5342053436154007
-0.2211285461959933
-0.16392024766029747
-0.28909261020923765
-0.14670046653589738
-0.38255680586465907
-0.4815622695418186
-0.35302392105537445
-0.2611185328142058
0.13315495914423814
0.2618373552328505
0.44429601679663977
0.2540012333792508
-0.02626278959325071
-0.29625651594536684
-0.2991489924003053
-0.39989942726684596
-0.37749435710010026
-0.12217944427699075
-0.10839782494507151
-0.188708450975033
-0.09705514021982625
0.15777182650692614
0.25694199481468294
0.25679255010094865
-0.09182821849219436
0.21394891059465607
-0.015203708044721119
0.027155038641341202
0.19866118916893394
1.0758477265254691
2.43151795361799
