2.6219537340503334
1.519263494098039
0.46626534622856664
0.23817948232313754
-0.12423374203752006
0.5250875026244852
0.22228173401256957
0.09648482361161459
0.40925310900989725
0.11027832439380038
-0.06813190607870441
-0.3333865840106567
-0.28740179058424153
-0.34416886454085516
-0.19994965260555855
-0.253572573631433
-0.1703306422594589
-0.310815563629914
-0.0035489645704923686
0.07677638716172146
-0.21898623921020305
-0.3800763977130536
-0.5043386012544212
-0.3691752268696799
-0.2554691097899414
-0.1046618818729939
-0.00411170210334536
-0.1374667503243601
-0.3046518370930617
-0.2239447156897041
-0.2211156943236188
-0.4114505543083974
-0.4132445510060736
-0.661577319631595
-0.7558328968629617
-0.5937656571301125
-0.5077910516106667
-0.6932793864516227
-0.4313125651749753
-0.3895497363111167
-0.30443911386761685
-0.2700537871682919
0.04268021507598852
0.08503793978933083
0.08396586197085282
-0.1664637270136878
-0.16711487708434278
-0.34501480935680934
-0.23608410721289916
-0.058849621753270645
0.09884997892521981
0.33679293285337525
0.2782504351468199
0.1613687541549048
-0.1722402697812827
0.0413618559340713
-0.2494762401762462
-0.10778349969457177
0.17745167069080522
0.298615168087462
0.18542525139395974
0.30621597687666624
0.16784651466207237
-0.23584714004307455
-0.23818715201202442
0.04827616384384857
0.08216942488931718
0.05838651244672967
0.14112293774260215
0.014711808147598407
-0.12504253137107724
-0.21379536558285092
-0.20523993876368266
-0.09801357222642987
0.0027140110747718212
-0.07054853237576297
0.17666971555376146
0.1357382325910352
0.24368538596844627
0.12297415820447155
0.09300636125290154
0.07053086819900817
-0.00605427454341043
0.055206523512914524
-0.28898423014677305
-0.4845371350702519
-0.5622552254157784
-0.4828037529340866
-0.25755253381511267
-0.23769617770933688
0.027076138922617964
0.10803926660388224
0.0930424712791351
0.21571939464481066
0.1334642865392111
0.06648635854715296
0.12339916133823332
0.14957338827457495
-0.018370374306227913
-0.1937080637521599
-0.2805098600259937
-0.21063425999244226
-0.22547871223225482
-0.15242338454868376
-0.24576348477045817
-0.1246368071912565
0.020470625180073903
0.044776179488059696
-0.1460204908306378
-0.003324731546794144
0.16484789661315793
0.07936317980313155
0.045828525386544375
-0.18483825498835327
-0.2300979137711766
-0.5314208643176626
-0.6869013651480036
-0.3753850324740914
-0.0652100592937919
-0.1676148595938863
-0.12619649614461795
0.10047368766222207
0.19019445392478457
0.2120155348409606
0.5206400356252598
0.5167164525962241
0.40788400294169663
0.4898345567193143
0.34992015795944353
0.12267949616698509
-0.1448781049369519
0.045410856353494386
0.1308121329401881
-0.1687930023979676
-0.20509969169619827
0.032358346690779964
-0.15850100037415357
-0.18824278366203817
0.11711269970123793
-0.11088766096399538
-0.005349802741550746
-0.010766382501596438
0.004435168021123665
0.20702634689113433
0.5836635811948885
0.35788845487486787
0.33564099561786137
0.2523707918574523
0.374625952307109
0.3166917112302561
0.1386386699379656
-0.00955483512344666
0.07510810279489141
0.13918099487588062
0.05146261728860175
-0.199909677825557
-0.2260878572813891
-0.2792048940631342
-0.3895904145398446
-0.6712515489584042
-0.8038634556011417
-0.7972331524879205
-0.4327042599586371
-0.3986510603029495
-0.3750005626471353
-0.17606634645416677
0.36271942949099106
0.41502073630057756
0.3482408224374765
0.46035932316573913
0.4429209305887771
0.42268909332371357
0.4272737317813195
0.6148885383910362
0.6268880605556338
0.5682395897545717
0.678662647636374
0.6472397121749485
0.21550130418036897
-0.04271562619915626
-0.28875121336513215
-0.38659645846659807
-0.36816199330596966
-0.07226133095327666
-0.09744529207915843
0.011568339500829798
-0.25947197079069445
-0.020194892134622902
-0.18021044554800092
-0.46928396370640046
-0.5819124129319311
-0.36728513674237684
-0.373719059797213
-0.30588914390014865
-0.05151749685707972
0.04031791770401499
-0.016976527466102186
0.09925048414842051
0.37542268881970803
0.6474556991414694
0.619640327389509
0.5838289960298177
0.376559008431913
0.34680397560118764
-0.13347863010188032
-0.2726942463530037
-0.20749396426073358
-0.18970978006590886
-0.5193640584386731
-0.5436475017979595
-0.4192371991457614
-0.6039426481359996
-0.46403336542014895
-0.2413818606281752
-0.503033923002865
-0.43876082935108013
-0.2507458090906688
0.006984432747366679
-0.018528116850046863
0.36667477917106867
0.6570446668596646
1.6536980118446072
2.605548707101308
