2.435986925980316
1.595670182823991
0.7952519891059175
0.6617157070339699
0.09159582629312255
0.4865795220804975
0.1322431316708182
-0.08107346004428863
0.18779408826763638
0.10074682050397098
-0.18637168873875062
-0.15460448674238564
-0.3404769392206954
-0.35043473524500507
-0.22995274008312172
-0.24267115554516552
0.06389383297984966
-0.1518762883151137
0.085180541580684
0.2696861585379145
0.04620916968359352
0.1777744574561635
0.1834221596550057
0.002201927183252553
0.14983643117881465
0.1192202015069517
0.3250725740703775
0.37493297811098714
0.36500836466258396
0.056343482401216366
-0.36581052045972773
-0.597515561962081
-0.5031671846244536
-0.7125612379957865
-0.734747311849115
-0.4649597501979809
-0.2580199696168433
-0.40131225495048345
-0.16885710801857912
0.042815391790378333
0.375823878108558
0.05052523082748889
-0.061601749750573566
0.04013710093215228
-0.31554395686855957
-0.3611489601962523
-0.26419766672435824
0.11855872128589827
0.23197950795087
0.441613520605532
0.39715564905861567
0.27462710885360947
0.10860247917632665
-0.4769247749760535
-0.4259829011307703
-0.348283363063011
-0.577594447714557
-0.4477845482273175
-0.25431029487928714
-0.47291203955267097
-0.5419930399271038
-0.2855806038322362
-0.3626412088476099
-0.40518365383636673
-0.22376088744771652
-0.008434723332215911
0.058664543485096275
0.05468893021132987
0.5003626603050014
0.5450559729950339
0.6748508405173677
0.6032001631373257
0.5878712910201804
0.17262839503772479
0.36980497023378445
0.42755250511900916
0.059166031724376913
0.08837023804918727
0.06444572093100111
-0.07942361717203907
0.11517403081663655
-0.4598356520992902
-0.5480379460504654
-0.597545388729016
-0.38720716500506575
-0.571038685948291
-0.6800721763637299
-0.6116772822149019
-0.4538688398851496
-0.26159936222256636
-0.05298645545556522
-0.19813715869896903
-0.42480575023790695
-0.3921982118243683
-0.5228507577948743
-0.5791813855681788
-0.595152264419243
-0.4168249187143714
-0.2098741372115087
-0.05828760020070762
-0.08120469355107243
-0.3623751029912767
-0.22701073597642998
0.27033999054599256
0.14086135335500793
-0.14783720730610292
0.25251754906351426
0.1744279128173145
0.1622816642923581
-0.20763545915819964
-0.1986834887149324
-0.0031790840455222444
-0.1013295477387581
-0.21956986584289315
-0.2513907357319172
-0.03943348351050958
0.10262558727296443
0.10834467820935426
0.14084348029281385
0.20739646292952016
0.025981525285978656
-0.19976037800324128
-0.1538992141959888
-0.09544541197891102
-0.017354425376617383
0.28009569789357125
0.5183359482676191
0.5077356855044403
0.47265073309820754
0.277409112858602
0.15464138687632734
0.3770718594985989
0.3901157614037833
0.06987106262681905
0.159825419756594
0.22431188740602157
0.2661110329420237
-0.1795635796376353
-0.540827752880196
-0.20713208428663646
-0.47003921171810503
-0.21814576568365307
-0.30495537530836586
-0.21776493245385162
-0.30246404712481245
-0.29636533652829467
-0.5741028374777827
-0.3930369842597931
-0.2580464496440724
-0.032341283170330165
0.079274561433518
-0.021293668869837863
0.29688009396893084
0.4206655330064993
0.6183127879673198
0.5792176519718994
0.48181692553429534
0.4363096722209041
0.3495899942885504
-0.2975024640367998
-0.3758439850950779
-0.450649392257106
-0.3318198292169832
-0.140878429891484
-0.15938099148730875
-0.058192476402871035
-0.0677004082589923
-0.07753543821965139
-0.03810183587330001
0.12483330565202234
0.1727044054756996
0.15121154149402183
-0.020259205493314687
0.2585112068920086
0.22983728149811183
0.21724716751661374
0.09648643311118668
-0.01699700249363805
-0.019236185511988784
-0.25870538602692117
-0.17496811013531893
0.1255271621208398
0.02417285514030003
0.20921335774980246
0.6367836079998839
0.709683419251084
0.830896110229251
0.9944073721730038
0.9066494124638038
0.9539092844955855
0.33974147478919203
0.23064032718554558
-0.028751003722943
0.015542306303463167
-0.19740740679544883
-0.18705204632375774
-0.20495234971870405
-0.06552569114442193
-0.09497973819991898
-0.015412619119238765
-0.28418071213663937
-0.28863026001023423
0.00663974449672924
-0.030280498664793525
-0.12542881348681456
0.1996867244249981
0.05480343586032679
-0.17485400746918378
-0.27113590528678255
-0.03282899795964986
-0.015440933619426321
-0.1428131774358354
0.011381850032365847
-0.2961293356373418
-0.3519908240573523
-0.2869180997768867
-0.17046722724109653
-0.45928551883773283
-0.3193943906443214
-0.003032326814488214
-0.35691887505457526
-0.7249675524331642
-0.6070445970448898
-0.45592789083315605
-0.48168631360701386
-0.45839667428867703
0.03990716081369228
0.21185466781225096
0.15426346248895126
0.41365856012079893
0.33077277556344703
0.123085259742535
0.2530489916245394
0.49759569047324
0.5503557003903939
0.47329401269097965
0.35494759277558624
0.35504493345362353
0.2975064970067108
-0.06397357469311385
-0.2674538333427668
-0.36115773585473854
-0.23088624000710967
-0.17377295866138656
-0.5066381026631123
-0.5980729297371264
-0.3317427188047374
-0.4799771284371958
-0.3604721101459565
0.08500535241056657
0.214688486549933
0.30391136983680633
0.1808676470620746
0.19721591618225856
0.47893615852452576
0.2844961064374867
0.10170487368517955
0.21223601864016675
-0.009344902828428226
-0.2945969033475198
-0.6326221178246312
-0.6236699055860128
-0.6462007316000064
-0.7011456870996877
-0.5087456106123327
0.0765770447988433
0.19556655173342638
0.22360056130530084
0.3667740287046864
0.1727849076709537
0.029670139284989218
-0.12208534841781833
-0.19004941510772813
-0.3931773402161817
-0.2942897655589859
-0.09532069614425702
-0.0763380624005194
-0.305867931003969
-0.060024698721184926
0.16346401363670557
0.07318686536404463
0.02512264644472958
0.307702744105585
0.2765515003586347
0.1747484088804511
0.14590917568122422
0.06598568943679417
-0.039235100669384015
0.043657038176546266
-0.13653721155331544
-0.1447983927029294
-0.20148299763187963
-0.10476365491816082
-0.12446827357065308
-0.26873130563610675
-0.1815043789757802
-0.05594226299670291
-0.17673788135746535
0.15339114987180363
0.2525666138865365
0.10180903656853518
0.2986140238341353
0.2871793905429984
0.26152424838178057
0.0025020034383094513
-0.027413531764709714
-0.06472251680427471
-0.09294612041777245
-0.2628950735435329
-0.382983519473882
-0.10267427946112492
0.03574446757209339
0.17171147629860115
-0.06011173622778583
0.03312377874159305
-0.15114462069115506
-0.13190217687670583
0.1985405399283022
0.40252814357927286
0.30229398134251445
0.4862158184622882
0.36840026198036696
0.2681381662444812
0.4993977855952857
0.6318337148953507
0.591148764616995
0.3985105230453162
0.6422004995821161
0.70249593953353
0.6394670057592255
0.6077026855063528
0.41361376801600336
0.4605202551970128
0.4257880144860012
0.02700830322644153
0.008209095274978815
-0.05458183910843662
-0.09882510176392045
-0.4468551155756241
-0.6315271000370328
-0.5261833889122965
-0.7271113683603901
-0.7311266952441932
-0.7574200089208623
-0.45195932515814957
-0.11389172182585493
-0.03828872787766827
0.07246855821506858
-0.27090569190966857
-0.25710041335078865
-0.2387103246110294
-0.2971542176314817
-0.45884048054791543
-0.2880962096602914
-0.3216959252838812
-0.2589343686338058
-0.2718827698827944
-0.24061038377174587
-0.30879613175364407
-0.1503043192909382
-0.017840055149340336
-0.26521695611352686
-0.23878292234218593
-0.5935723827516465
-0.5824032217201838
-0.45498885211356976
-0.32660718491384283
-0.07790104930364432
0.1802436564805237
0.205437857744681
0.344081449654908
0.16990813587277023
0.01047399400672445
-0.11853856842059943
-0.21702964903626973
-0.21899689734683733
-0.32659972744884874
-0.32744945551798454
-0.5471820484139623
-0.19718329236105023
-0.07160909335412782
-0.1655246934597738
-0.24192869799616107
-0.12527564021458362
0.007673400988779518
-0.05968908623102141
0.07464962658651522
0.16160312653495484
0.42486952129390915
0.4232612439769915
0.29922923420466063
0.015957102307389334
0.004840091229726652
0.16399127209429873
0.030917566655544265
-0.10921130752492274
0.054725384989342936
0.27627010445162287
0.46039641796235226
0.6414827014025765
0.6518371553190601
0.5942153027348681
0.397523273550175
0.2546763222069456
0.1254748619391528
-0.007039520238439527
0.088359917262219
-0.006557559745702392
-0.057864689019372965
-0.042426784958841335
0.16395212840624063
0.03640763800783874
0.13093594176461198
0.19663672169759402
-0.014914062283230074
-0.24066245199503028
-0.23464665171882293
-0.16946366676297145
-0.07609260983236112
-0.2745968644421977
-0.16247182871383747
0.07924400177324768
0.0699066600867291
0.005005162170913433
0.21755499267129577
0.33410195218318584
0.3612081492535903
0.3901647621880567
0.352623244476017
0.2269902328716155
-0.02829342055949256
-0.1193880879278833
0.15720967102484815
0.30569569819520354
0.09085601579039038
0.10685482098232438
0.2534297648471992
0.22711651243621447
0.015216665366176866
-0.09170395441200643
0.019521639630977018
-0.0340727455298823
-0.2230555373779332
0.08940602213368609
0.15145414047391742
0.05349219444925674
-0.24066130307589337
0.08106220443254958
0.1412629234089878
-0.09773533287826208
-0.06823217270446083
-0.09038225769236681
-0.0012097030956873063
-0.38594076740450584
-0.4538329663547405
-0.5562544691363019
-0.7065485838385773
-0.5558360536402656
-0.6028761854290695
-0.4434416297163853
0.009759228142779292
0.14994112394467196
0.06323469533801492
0.12925344735160346
-0.008736535471021557
-0.07730757134831565
0.19418850873528432
-0.1107475506135968
0.011843567989627471
-0.09634733361896862
-0.09933353775592213
0.36639482104143944
0.28704374952393474
0.24279995117154163
0.3869267657076367
0.08821891076216704
0.06554367131947372
0.188613125480039
-0.24128529386372008
-0.13548677322797797
-0.5263455083280445
-0.8415006714567016
-0.5215025609005816
-0.5507505865041354
-0.5912302198860291
-0.49049613442999446
-0.15988480893415494
-0.14274585404615006
-0.42053436834319374
-0.4093064848917134
0.024255214608597624
-0.31919735618643436
-0.7521885402250093
-0.47420192360823366
-0.13327934791969714
0.04470113571310078
0.29545243010494354
0.3402246403872767
0.6310573224620868
0.46265497173997094
0.5049042260745485
-0.0360603882853038
0.30984308327551674
-0.012052179870175433
-0.1255154983977909
-0.26137102898237663
-0.11138523548641488
-0.0713991823699625
-0.09291804015338787
-0.29360180468674
-0.25957652001550585
-0.5192754931281698
-0.7025775750069949
-0.6875332359289328
-0.5035572475974944
-0.6182244233854861
-0.48991387500635936
-0.2767424760274811
0.30178273888635837
0.5178975320562694
0.6884498013320184
0.25089575712728435
0.6679183201725187
0.7120552527394669
0.1323393801110469
-0.14654798408563954
-0.5596143588556048
0.31818808910882174
-0.03416616826889038
0.002332721589587998
0.4066021642368272
0.6909736308296335
0.7575708803047938
0.5480497861825396
0.304406771549008
-0.10861847748101512
-0.5446120077892843
-0.5366724918989672
-0.5795868850363424
-0.45364049032556986
-0.1744463618404636
-0.01972280508488942
-0.04983343824516698
0.22651661159116196
0.2306653861250869
-0.1191939345167843
-0.0027969401695303988
-0.009784443395837195
-0.20602624614577664
-0.37068263574644267
-0.03780691906023993
0.020874454912949394
-0.2844672939279651
-0.3800073205537298
-0.12247716194838743
-0.08017665900906505
-0.2615558010374897
-0.09236346967790775
-0.037024475321242714
-0.08776647785314476
0.1860222604137387
0.350354978911554
0.3751363717455758
0.38079616898959
0.3518900590628966
0.09468976482459779
0.32025090396318
0.18522253945696174
-0.21317353784268775
-0.09007738588935632
-0.24273092314502503
-0.37327699190068336
-0.43534176665231306
-0.14086749642385435
-0.16919372237856825
-0.41594560993704144
-0.1667669645349181
-0.12192028414534016
0.13428964383175054
-0.03071547572375462
0.0780197937550945
0.02071176832811515
0.049508496742548515
0.0027859693145795873
-0.2194916008038287
-0.21328733554863336
-0.15932557209697057
-0.44697437184305505
-0.5109921704676689
-0.25272460379999273
-0.2289689871276586
-0.24445835600202137
0.0685469253520021
0.15075213944557822
0.040326318929948625
0.09543028720969407
0.017477727492322917
-0.005605970049099254
-0.02784504740693654
-0.0029300070481824408
0.22331344281592122
0.21445507091169755
-0.15936634349546547
-0.3217726162988135
-0.2900545512023319
-0.39665096537583433
-0.4360867140394739
-0.4261046926450224
-0.16144934814912495
-0.23100613853651578
-0.11661593213900026
0.10292145027520153
0.5240244154731488
0.8241395248592732
0.829483130560508
0.6283564946302539
0.4816784457284358
0.15103783100417462
0.07085118187922773
0.10077850561111443
-0.28211920930360274
-0.2629234472813187
-0.10706884577562362
-0.04444254875196643
-0.04386221214978525
-0.02777819387831873
0.21855312694653584
-0.001381505586217993
-0.15710175805059196
-0.2507600262779201
-0.0811687681788224
-0.042197449804704835
-0.2186901702569171
-0.2369782168548522
-0.0992454009935952
-0.027735459676508537
0.24805834607770397
0.6331613953002228
0.4089816377845688
0.12861906491523933
0.5219184943125166
0.5114202810431988
0.41382114943409287
0.2526016290114384
0.6985748216299613
0.8526365715185259
1.598139598631094
2.566535636117211
