2.810418005126554
1.943501580269088
0.8285644197697088
0.5023238309151344
0.1647383203511989
-0.00837677579721935
-0.4579500130215747
-0.5434597922254937
-0.4562789990061268
-0.340926927326581
-0.4872697113113416
-0.38610254116014603
-0.4162473139586542
-0.11607288685215998
0.1643671519853406
0.004558854513695032
0.20482351734134274
0.6362788256316316
0.6538212370797336
0.7191227654525367
0.7554035693961247
0.6798457867502564
0.8056812600780925
0.7234431535836564
0.7885230061506385
0.6863205921033916
0.6990679633405024
0.5441866098975698
0.4522498223644294
0.046313732607929946
0.029822872878615687
0.2752410791836454
0.014274793873486478
0.024255778763900865
0.2987163839105868
0.31923333632447726
0.05894216249863069
0.21521671711939555
0.13363105469626463
0.026740037558281728
-0.0866274703768613
-0.09484028312041419
-0.16101960685521657
-0.27814369402054784
-0.35348270488099265
-0.4377058052865431
-0.46037369452785354
-0.11075364151839447
-0.14449373987842892
0.04243911921528469
0.17964090538065386
0.4671605726306071
0.4116973335378442
0.3485667377106034
0.26703163202665225
0.01846758844244249
-0.11400972769155429
0.1456585951899534
0.2432294587311709
0.1569522718779863
0.013051893943871075
0.1309958135440186
-0.1386394668500173
-0.218231908098723
0.039761065146731285
-0.006741167819780456
-0.28113596345337094
-0.22845286024723416
0.06835124597011967
0.1697754602303364
0.3826501924486735
0.5840331124454717
0.59880820715437
0.6835033849188487
0.6560754609501507
0.648827060782915
0.6402229208998708
0.30054643859074714
0.21584691334637304
-0.046601796061368585
-0.1835969649974917
-0.1583662110526816
-0.4376253129285751
-0.4282867330756322
-0.43416297603258913
-0.1115417781841735
0.0636303383564757
-0.0029271119791641955
0.06509169275756509
0.38515638412781833
0.30739575469414887
0.1239132866045157
-0.051392728814359086
-0.08037591495273097
-0.3691470484617943
-0.42336279491706397
-0.47230156064797335
-0.45487201300095126
-0.43355170372754925
-0.37275282126032383
-0.2595399538552602
-0.4222416544882728
-0.3836190673119054
-0.21258711906789182
-0.13449753852454857
-0.06627059855886881
0.01602056016043278
0.26054552706576145
0.42613545556585897
0.2622245111870041
0.2013370200827348
0.3392004736610342
0.2973941722283285
0.05443252005326605
0.14160837171323434
0.45779169440240136
0.5564741768692422
0.38803687173643314
0.4968356992735099
0.6337651657158192
0.6280763691773997
0.8165947566524819
0.4614052039953297
0.08036636737614368
0.08717190455797293
-0.23008640235032565
-0.4694368577282786
-0.4532166852744548
0.09679046444456511
0.20028224577816348
0.18111804264023212
0.025659896755946862
-0.27162033868036844
-0.299012455373082
-0.29408326486534575
-0.23004739812589506
0.06262435289946935
0.3372866531862223
0.4505968865795699
0.06359620146632972
0.365796260301254
0.41269964110446056
0.03574970882525791
-0.07592131493550598
0.01699544306610915
-0.47019770290501556
-0.40801880876735336
-0.38069964188497213
-0.04166311695425779
-0.1535717766670621
-0.28831811088688886
-0.30290273133819495
0.03748529636900083
-0.29263665865077704
-0.3002351243056085
-0.1531246804708161
-0.054268135177649696
-0.3047857232832292
0.09200068021997306
-0.1342179481651675
0.16764206091869624
-0.02865090839659761
-0.13837650463068718
-0.30799333045034344
-0.34061723604141825
-0.1013474519493029
-0.18886500771601797
-0.4353669264170549
-0.3469985999795677
-0.51601354556587
-0.146520845657335
-0.011566936693535793
-0.16350722730782766
-0.08154164368662128
-0.11017392979664972
0.16434943950819544
0.06568944813977161
0.0363703199537012
-0.05364391691144998
-0.025870133223694497
-0.16681973308736556
0.01909352780362807
0.12148961416053804
-0.003374659811578612
0.2276107979825074
0.744635594248318
0.6795844299040474
0.6118228151894952
0.6741303796715576
0.6326761655841935
0.5314997675759248
0.38048256541159853
0.07073721264142503
0.046972063972789115
0.12229158237349563
0.22134223162027628
0.18381155910984476
-0.09518298199877964
0.11803816496788168
-0.03772349078198803
-0.27743578102959804
-0.25494513390584217
0.00489894335797107
0.09026535658972779
-0.04931187629456022
0.21170537403995035
0.17835975233091578
0.17389986182942668
0.15700300159366715
0.37238733546229325
0.3955348164196705
0.15435883347626775
0.1852667144784794
0.08035904841087685
0.1281447088616808
-0.3903241681653474
-0.3386188806136376
-0.5421719321918519
-0.30708849390850984
-0.35321925019881467
-0.2276465000544848
-0.0437106717435993
-0.013349348482693911
0.0005771449454711598
-0.18186790236579306
-0.26195462536280545
-0.08345092899575728
0.23423977648467206
0.3768384616837836
0.5791057375352382
0.5707547808701092
0.7006905831290374
0.6798003180848876
0.5935896026529408
0.5813176509311506
0.558848285863097
0.5376683598339462
0.4384641338481457
0.5440763788308692
0.4816876342184504
0.22374152422581906
0.19931654617541328
-0.0009502049630595432
-0.42551421053378174
-0.3272706121438169
-0.3647952624548063
-0.35999754669917644
-0.5131573662491764
-0.26841005623059416
-0.0969087166039782
-0.15230723183418687
-0.032722288964096534
-0.26755666732787514
-0.36931272582186603
-0.33447152357349275
0.14104504730028072
0.12538543444171782
0.07412647836940868
-0.20330672359318241
-0.3204372342677482
-0.3065060174378868
-0.5713707447795316
-0.45350945147318894
-0.5888020821535003
-0.4210686359243271
-0.35773066279626925
-0.5122155915127375
-0.5270182155160136
-0.5211269608600949
-0.40772140781519745
-0.2306518846433847
-0.18385068797561682
-0.14372202473459267
0.11436008557715716
0.08600797939949631
0.11231235780941612
0.21605568763708768
-0.1581505893754357
-0.12980198062623488
-0.007821204428293514
-0.4742691463835703
-0.8195274996539491
-0.45336941472817893
-0.640677452145131
-0.7749914749899347
-0.43826869098136395
-0.08571748055040944
0.1415612321861707
0.044147975896636486
0.3018432450859284
0.41734485387072345
0.12822599462478876
0.07118312889125766
-0.35438605616610713
-0.36403363714929304
-0.5612691016147949
-0.47320852283823434
-0.3785063465800207
-0.22382699860219415
-0.055867742077819284
-0.25892580254857017
-0.3451994491637707
-0.3894736842286574
0.10829039264406316
0.19892395587849082
0.08197226028162985
0.17909909720751507
0.3056552944277991
0.15071744993052447
0.10450231420447145
0.26458984879889036
0.15920655217661303
0.24227534734817346
0.10989839133778698
-0.1623209511883616
-0.14904078882588792
0.09518431039867735
-0.05950417397472345
-0.4219384799013553
-0.29853645547927643
-0.1508023737778459
-0.20751835406732877
-0.29908976196916653
-0.2002657382468883
-0.1048650455612427
0.11601709096089438
0.1575223299121312
0.20468613919520104
-0.12827374699870803
0.15440561506475414
0.24323296270445818
0.10557799059777635
0.20905890451535852
0.10059870541242573
-0.03183713647434442
-0.23253124069019152
-0.34350442866548314
-0.403572078197638
-0.31495486986651133
-0.197146296137465
0.12270939048458153
0.1843519177787409
-0.03563444531429183
0.10463159638371813
0.22009534294811778
0.2406950046503001
0.2447669698214033
0.1727766122752005
0.13795537639331665
0.2942049721952509
0.5006870525176931
0.5380075014057492
0.42199798715893166
0.8486919436126348
0.7638822299778056
0.6792080755111992
1.000672540219834
2.2254301155378045
