3.0632274750757937
1.9092823436891333
0.9855235312428433
0.7253010197657768
0.7878498298254043
0.5159176646284621
0.08812886430480212
0.2278661081286422
0.1481340149654267
-0.08332299188119284
-0.1289455253159115
-0.1819673346922404
-0.1679154682991468
-0.10758674366470876
-0.03772860334480047
0.2242232779009042
0.4946911041836112
0.337587590230097
0.4154277356646124
0.519126864918026
0.3254949683682665
0.06093272543209059
0.060063173314441075
0.23396113433813412
0.062339100459313936
0.23452862990440798
0.40978026752029795
0.09166338658753038
-0.21537996203783974
-0.711741952925923
-0.9331466083795248
-0.935749217447246
-0.9801697855770558
-0.7838652725380437
-0.8828256719722234
-0.7559434661763241
-0.5532343890110557
-0.47454210574741784
-0.235046469369465
0.021969985919026443
0.044271821525879565
0.453973908348257
0.5381333957410377
0.6008654091975036
0.6121204717057751
0.4709248074456709
0.4343089023290773
0.08567722807206235
-0.2563731153472016
-0.2799750014720473
-0.4163087229264088
-0.48590596700786814
-0.17959274599712702
-0.055572934672994255
0.20287630438772622
0.5032597423872972
0.6894165629907835
0.6975351298636498
0.6601459801635172
0.5764536773022298
0.36002667029052454
0.4250017031948567
0.23534693863664713
-0.04060908344599687
-0.052327088210646834
0.027876281993825032
0.0679575522630582
0.2216655023119923
0.4098653789599103
0.44017113559353344
0.43477276525829134
0.5133266704025787
0.5365952012738138
0.23023799216804577
-0.22941237290990382
-0.6181072460428689
-0.7129125961230934
-0.7678071549158924
-0.49375586153739703
-0.09359489805728675
0.0768553366911571
0.5055858350397712
0.4162576292145768
0.3324234143453199
0.2690913957521787
0.3685235733283969
0.2550092916619783
-0.07885570317440636
-0.14103947503845585
-0.02538617665520757
-0.1759847782463331
-0.28720848325449994
-0.02158950923708581
0.31738925967574816
0.08710693392815085
0.02973779363862283
0.14354541361550716
0.1963046345518482
0.18115790741126733
0.17625624232903025
0.13896350933412208
-0.06638294961922127
-0.19216614097472678
-0.19698678304046507
0.05577984838510985
0.04093252617548912
0.24563399985881498
0.16183985701624018
0.3281470263353774
0.4396737557652534
0.3151515555710884
-0.12172092523976884
-0.41548367276792886
-0.5355506029920578
-0.5907754214105212
-0.38673606117932335
-0.27979145855627974
-0.44048492302954
-0.40462634272224607
-0.48292433337045687
-0.30319289333297794
-0.3268167328883553
0.06937129213868581
0.3045974163807509
0.3301922493187062
0.453317337402707
0.515665029611376
0.3086341817866184
-0.04310833529823542
0.15899403027633655
-0.0720754743239323
-0.3047715694536937
-0.14498523741546718
-0.21906334086251708
0.025086951843655596
0.0815985032588154
-0.028724471558796552
0.1294553282922937
0.31397914063198656
0.16444539721322451
0.15526534871284
-0.05607764357696683
-0.25406781713385235
-0.3210550971949859
-0.017906422882404967
0.182948832999123
0.056927499270063506
0.2819509849849686
0.43788377021638175
0.623387403386663
0.5636173392764662
0.4768764682856165
0.48856022725973786
0.36781088291940356
-0.15373302441796363
-0.5548046459370676
-0.6306004017228627
-0.7248139715838718
-0.8539009343558811
-0.6221965428008017
-0.4530784154114282
-0.22663170814816283
0.10430852346262978
0.23800016614407785
0.31504097247440405
0.0853685837473197
0.18562184244328128
0.2794947548243738
-0.14674968041099704
-0.09604780483760247
-0.17235953383508437
-0.3331078242046366
-0.4414663877715783
-0.27501287887920745
-0.47596970375716263
-0.2959026839902032
-0.06241123167876069
-0.14673921075353863
0.09192733740347774
0.27393868279072964
0.33682627597706183
0.3683561110161308
0.3145033273244805
0.13743834578895145
0.02864653877263735
0.1596604797106826
0.1774319590979139
-0.057803060701766926
0.029913726474993223
0.18278484617222898
0.38515953576440265
0.5934587029354886
0.49319090890631045
0.3742608622106529
0.05433998221460935
0.19020779095602777
-0.04381584434444023
0.05525236772323524
-0.16724303992591916
-0.01021071757488663
0.16674272294336365
0.21303260474363117
0.03972512328339975
-0.10854281590575683
-0.33964514958281794
-0.6191506376169194
-0.7517437552067653
-0.49395337040112963
-0.7505794193454945
-0.7633629140934901
-0.4959727068848445
-0.27779463221223494
-0.24243792467718292
-0.20652698346057943
0.08900188080357262
-0.015407711821551007
-0.2167674209557482
-0.060000143824704956
-0.34648663946493036
-0.30892006478556744
-0.13825745288080168
0.1521421769005403
0.03582100233764089
-0.1830103960338751
-0.04884588987879514
0.08196271946220207
0.038062843336800795
0.21480194578304868
0.5348578065348589
0.3268969900016196
0.22512541958591417
0.3811737569893709
0.2611205330348729
0.08750490925636374
0.2571286292571239
0.13927470190068797
0.22562269760120543
0.3976886025760835
0.3810095643554691
0.10171157307338113
-0.06217356590489069
0.07414191898293768
-0.09129070557153253
-0.3085420319475768
-0.6729340986066406
-0.8978971041003752
-0.9778931434573954
-0.956669327381968
-0.8133170886347156
-0.44204712347128317
-0.3072979633629357
-0.4024624327286944
-0.3485642575280478
-0.3970360720779347
-0.5540613932623693
-0.5943977073014662
-0.6246862713508279
-0.771035035720488
-0.35341101088387156
0.06668343939484994
0.13363507123531124
1.236125441113372
2.3546612514951413
