3.215394118780594
2.0494841052703574
1.3467770119204825
0.7469707754206449
0.8307703543874961
0.5046749669044494
0.5680807768063643
0.6474454248490288
0.42395468256156416
0.32629493719904695
0.05465500114535737
-0.3027090706476862
-0.540306850795038
-0.7095261084603542
-0.5002969466703558
-0.41019462641962523
-0.41016378786433744
-0.05741582779077352
0.15257927573681762
0.047464958982305135
-0.01405750038940379
0.20933668464949437
0.2417313645383409
-0.04111401972836706
-0.2665374556464653
-0.39755881019635825
-0.4832823281167873
-0.5544629860257837
-0.4720583608751914
-0.3614566425742161
-0.33009302391047196
-0.43393877685586046
-0.5605721151611642
-0.7311061874885301
-0.908578442101073
-0.9247927631769539
-0.714884607323026
-0.44992700487807463
-0.3030123625967403
-0.02503849969854402
0.29632628001223
0.4917748191071168
0.49563330953266266
0.6151818611061571
0.7012489634096786
0.6836770209035785
0.652677002133093
0.6380110554145021
0.3483544815634717
0.14049451579306224
-0.0823872752400544
-0.3834662399916989
-0.19277987943819216
-0.38536871012880064
-0.3990967155890784
-0.24575968115031652
-0.1442947915636884
-0.4123164417592709
-0.26479030861650726
-0.10033313718217572
-0.05679919677403022
0.006726372488706792
0.012702460322426454
-0.0005594918083853659
-0.05390507547566082
-0.09033171286129872
-0.12523350535734104
-0.35920236306842734
-0.34142819672513225
-0.40298692616006043
-0.12217394448466867
0.00938415896247579
0.11460525013411124
0.2757127331605294
0.2681765978536857
0.08841876664926997
-0.19753123000317224
-0.19299756484354233
-0.48681639646610037
-0.4603295479233844
-0.3139929493088142
0.010441404211497949
0.22024549798655332
0.567591999355864
0.750364605277588
0.8780641188453483
0.44523210493692417
0.1144150381842192
-0.18400519390479972
-0.11879532131683734
-0.22306270703665826
-0.36771359304154266
0.020333893083165522
0.08701321917167822
0.22124775414088457
0.12710377236112516
0.036536289679721
-0.06351141449492535
-0.16032796568672544
-0.17556364322074192
-0.14491487337344314
-0.03161069670531836
-0.2588217214590487
-0.2868840410528051
-0.21750178339238677
-0.10745183674511789
-0.02724219756503254
-0.2443786778994878
-0.2773578131093145
-0.2986006563898423
-0.19160793173082966
-0.26971443903782494
-0.2657054648478734
-0.1772533921188801
-0.181223081057855
-0.002156702762383894
0.08513192514563778
0.06698252893201363
-0.11056122202788572
0.055729789729646526
-0.03474213767245643
-0.19002829119974182
-0.21360089829411993
-0.03318796620577945
0.3701626432719803
0.5309166240394227
0.6711065024705265
0.5787518254352564
0.40338323803608284
0.025681436222064258
-0.4279054248517427
-0.8738802687312184
-1.0860315630723785
-1.1336675812097887
-0.9945272752482915
-0.8622314385785572
-0.5042370192886263
-0.11390210075707194
0.22448120382645131
0.47498269202730675
0.43411582381632907
0.3198901689702497
0.19294288021841952
-0.05142595850824702
-0.3236481588376919
-0.3962369836019933
-0.25202784275722595
-0.12435170999106875
-0.0969838241009578
-0.20572016956513559
-0.3302565007425642
-0.4984081352376112
-0.6907703305093497
-0.5986273257988681
-0.5844271743202776
-0.3390447857785197
-0.147000195600115
0.03912313713423284
0.23422328096706024
0.2700716647474798
0.1392925727521531
0.4428747485065732
-0.04162402301142046
-0.40633562586409216
-0.5566505832304162
-0.23766810569165325
-0.18662403212756568
-0.1877106986968571
-0.17875793873086002
0.0920228928265167
0.1997327920641104
-0.16889553417246062
-0.47065382022752544
-0.7615511859688411
-0.9348589382088861
-0.7841600710612489
-0.6164392783536916
-0.3084516402326854
-0.12328575840853648
0.12635385846410646
0.4394772948903211
0.5266433124855738
0.32488592408599326
0.2094962254260637
-0.21518969841220711
-0.406490912473975
-0.40065638492533295
-0.3082647779274244
-0.2279148742539139
0.1477347102645515
0.33247504780231085
0.30504743428461645
0.4401467117329561
0.44513739674557207
0.27139493281356586
-0.18107569445417382
-0.4069748298491966
-0.28557549365765733
-0.47948509494384595
-0.5735513467555531
-0.5707953572772829
-0.503926757412979
-0.10431709069318543
-0.056434402094726374
0.3410720099780046
0.27305636932242366
0.3661248451483652
0.2153117878255791
-0.15905988201191862
-0.29384510385566753
-0.3800978258039693
-0.6629439217732057
-0.6675905051495127
-0.5460519622160288
-0.12147142355579432
0.19055274719400275
0.4202270634935947
0.5302934547405849
0.5412638373948434
0.47987960330926327
0.22791296979710043
-0.06233224014096881
-0.404742343234688
-0.4785186029051803
-0.5488637843062768
-0.6828508668640609
-0.4296717456346589
-0.2758149258167461
0.011354140560266368
0.2244672858008981
0.1681712060151834
0.17093788320785824
-0.052832939258124004
-0.3515201245032654
-0.592668619198584
-0.6438957256653178
-0.7027249687399886
-0.4333263553189618
-0.626741270000473
-0.36447987904461654
-0.24244887835758985
-0.2306395614891474
0.15195623861973945
0.22306484858806117
0.49065900825731595
0.6552220866774989
0.6447794932994488
0.4770634830752649
0.22831941314104917
0.3089079411738994
0.1903922939145878
0.08345782196231832
-0.14943521270005494
0.023144325815298655
-0.03518937328130528
-0.2240694957218957
-0.4438016258676026
-0.49250184183524437
-0.4284675046536055
-0.46776640671748676
-0.3224196571663548
-0.21424070496046851
-0.018883397422582868
0.1657933288567659
0.5547034291632629
0.6073425896549638
0.46921522766162493
0.301386169338494
0.21823082375997893
0.03512237593485401
-0.2746980390198121
-0.38647844878773135
-0.38644398998164303
-0.20068230224672604
-0.22948374139344818
-0.1027979822872353
0.04085092812712855
0.07715686140410376
0.0398077087776014
-0.31927755605597263
-0.40359818786844487
-0.22900586055989994
-0.30432608653885507
-0.08647956851916291
-0.1826631481563228
0.003760244573763627
0.1435423508772062
0.10327169982368899
0.005393672496481268
-0.06151402329088392
-0.11050474661247756
-0.09072557859342988
-0.36799327347710276
-0.1993055415122548
-0.5465426092706192
-0.4483048619703475
0.010848368087623815
-0.01166193426250226
0.21477586213325928
0.5461839584228922
0.698380509431169
0.6124047314264769
0.4723321816630558
0.3191755849403345
0.023487125689789005
-0.10083910198480091
-0.3044704530053793
-0.5413134253184877
-0.7120587402373814
-0.6075889050124431
-0.48158341314909137
-0.5558621826604482
-0.28123717625647376
-0.130863254985996
0.11949644021137226
0.3958554329118486
0.5728218052511206
0.7987852066967147
0.7946545989744598
0.6809210196318921
0.5610362360397759
0.24996634537430823
-0.14674353551248565
-0.3038852040358535
-0.245899044618867
-0.08389107655319838
0.06687505233303538
0.09966852698612107
0.15451701825525713
0.3781903561987074
0.2794010164079603
0.2571280932601174
-0.0964571107496483
0.02742440634226902
-0.21657380708624138
-0.43264419086608136
-0.23326939345740738
-0.273860609393717
-0.3204635775389058
-0.2610784847848483
-0.36976226107792803
-0.08470183526106359
-0.2309995052550988
-0.13843870061386507
-0.1931155082287863
-0.15215875205045384
-0.42597524432106026
-0.08088923004175799
0.08882145228919171
-0.09051789321226984
0.07979179087899985
-0.11802073212116485
-0.43903772768166394
-0.6343087137450557
-0.661937276781394
-0.6094140706884479
-0.6642709054771709
-0.5598264744947686
-0.42725987305710694
-0.22843778000994028
-0.29153196163284084
-0.26590652266725706
-0.1263621186284999
-0.2033970429428713
-0.2301180179453537
-0.34596637138527664
-0.5440246023766702
-0.4237839459878159
-0.3031515828320452
-0.2855487494875966
-0.268166553432785
-0.13104082100575817
0.07175978619256625
-0.14612240325743814
-0.47395890527250667
-0.6393762483680782
-0.5625754173647857
-0.8020210708951903
-0.6533486499305315
-0.4631999604443609
-0.40469469127178104
-0.30932109017568055
-0.18609665841228112
-0.09646916388711628
0.11013785030909004
0.14127458667050305
0.12340501310463814
-0.06545701426314045
0.13487753978723035
-0.03324364306016032
0.1261164261522144
0.03375968811460358
-0.2092141774539316
-0.23821913360753916
0.15435278343941766
0.20281072102314976
0.05581156966253925
0.23875054521946995
0.18459888974342947
0.17118927342085855
-0.31214173283527297
-0.2835884100093712
-0.48407354761521565
-0.5493093139988812
-0.49381465666818647
-0.33522280020759987
-0.1575658457506273
0.06796825467431583
0.26280563702274284
0.32763456996969903
0.33934995604277324
-0.021190152270786782
-0.1759705647680133
-0.26721301683818227
-0.17000159393618106
-0.16166038106070713
0.03755790092396555
0.2874968461220308
0.5900775541041173
0.5973411520894982
0.43483360930101417
0.16391796374882017
-0.1411974951832998
-0.25883865617451957
-0.4353043505937227
-0.2992747444845703
0.061284802723696984
0.022309134720531927
0.08762713647743615
0.2708473925689395
0.5505538718363722
0.5406617365152284
0.5022503359727591
0.5211211927529333
0.33976533337965537
0.1844961761577437
0.31513039520459546
0.20584314469633125
0.07135133869734016
-0.12010844656665096
0.004736504434721716
0.17967239804357132
-0.0915644661406357
-0.27014164415344316
-0.38876804159755546
-0.37665039366386505
-0.4296555262063852
-0.4176094620939928
-0.17642382938811976
-0.1339728402056438
-0.02071856362192744
0.2723587037994161
0.2663636174011447
0.16583866433356162
0.06812525501479104
0.15976121760240736
0.09626577960444552
0.20590331264888787
0.31132494295806457
0.3851781023733152
0.1492595866549916
-0.020357110291330548
-0.15974070819432962
-0.28070365415741866
-0.5177477041776138
-0.5016146396903991
-0.6522604171927121
-0.6235558030308087
-0.2496114721803204
-0.06786128720682501
0.24098520100274579
0.213656787404568
0.16745323480956176
-0.03329038423941239
-0.4142070034256242
-0.4991419614111676
-0.5221243694358134
-0.36143016489353885
-0.13096007910842522
-0.07791326188886129
-0.06228834683170598
0.04528657763667456
0.1328266422394895
0.11041426561164694
0.1843319688473028
0.19261905683580943
0.2870706113186513
-0.06211413545404392
-0.12905560276503242
-0.02130234606202522
-0.17021905374860932
-0.08335041613238342
-0.08159365316409492
-0.23341549095494388
-0.19678669605715451
0.15123511521528607
0.31397047438068065
0.2518455819992783
0.2741309598935307
0.3421645343268505
0.1637097549485846
0.04559124923037617
-0.13002699016987582
0.08323381914640006
-0.26348452354757457
-0.11609595177424098
-0.10363578180765586
-0.26160094016712837
-0.16736373873839525
0.0024768937745437867
-0.18366474143119704
-0.14975160039192045
-0.041524043666333055
0.08603268203939679
0.33072634141884233
0.39102175184673715
0.25490809446233625
-0.03133760438080008
-0.3352254564806422
-0.40047910714497487
-0.08669221940921783
-0.058880493795969165
0.15496119051320031
0.3344308115353721
0.7389145794133867
0.5982344990297758
0.31667950954852847
0.08671114356140923
-0.1942473673284281
-0.17387246781383264
-0.49031052386223234
-0.5778852026687036
-0.2552782835275962
-0.2427846888611697
-0.05618892510402893
0.031989635394824634
-0.21521046114717032
0.004927985550900408
-0.29334022751163774
-0.4635690470145276
-0.4391987503843339
-0.34887855138529666
-0.39018366487949757
-0.05985853972680218
0.002260714352599168
-0.0551701975553438
-0.008907990131211662
-0.0261468473051141
-0.21020410129036823
-0.3508713763652737
-0.24277308963533809
-0.34243038587640184
-0.40359433408715806
-0.3548853784860867
-0.39943091623687077
-0.30013688143070344
-0.002338571847000585
0.31760755506735033
0.45339204091528756
0.36059625976761983
0.47541771989187415
0.29520397342934784
0.19149931587012156
0.1666090836432824
-0.15657036676294536
-0.3739235514689649
-0.542919289480057
-0.6119081729468537
-0.4239654657202249
-0.05979840880282164
0.14500676588814077
0.1805719477403164
0.3085470996244477
0.19109382854230983
-0.04125802040756246
-0.42718661494259547
-0.7477213152872467
-0.7323649120629724
-0.8210434043431577
-0.6469478195992344
-0.3919960298560394
-0.25582492203956847
-0.27625182435866336
0.02996383410500591
-0.06789840109439818
-0.15123750670694178
0.10568075452314274
0.49940173206033145
0.5212219697113579
0.4798904598016082
0.6248621594870285
0.9322760044622226
0.5823098976460608
0.35278280777913434
0.1763540727426446
-0.005253770931730091
-0.07385192212723046
-0.031373725817519425
0.09094882757531388
-0.06086677536164546
-0.18882348274297717
-0.008698830650581503
0.035233447913481535
-0.03979333322526283
0.24657705399453148
0.2998980478270699
0.06711214232560674
-0.024746494053231934
-0.05973886450856275
-0.04185160789893083
-0.2769246685458503
-0.21025975951867437
-0.2514459167885477
-0.38126228377995747
-0.3458383997936898
-0.3169818262122866
-0.23852097745488773
-0.018459003534230765
0.09521408596834383
0.3292502697843778
0.27093849292062383
0.11405409106572673
-0.06139476466359702
-0.3176161487376526
-0.4223586078113355
-0.3256004607676634
-0.13495631275484074
-0.045819737938082236
-0.07409974808642171
0.1976618701252564
0.21829905865057503
-0.006829674179510735
-0.19391973963828033
-0.19191344343565148
-0.40310821590697243
-0.42727899241270256
-0.09992223808908937
0.00014725595462636125
0.028761453068803747
0.04735270892103723
0.3155412373614762
0.28904354204499616
0.06025914241545608
-0.15730321345182238
-0.13422907047439833
-0.06826494731753285
-0.18068146406042057
0.11104037850304435
0.13815154675553024
0.14996974432396507
0.2328129260333932
-0.06415308385298048
-0.26171160982340186
-0.6107786328625683
-0.6782724254825385
-0.686210524344838
-0.6465406365588188
-0.5153589147964941
-0.4301807548605993
-0.2779114412159237
-0.005976581269215215
0.04910098562914409
0.16127351217278585
0.14731853649493318
0.18092683782650054
-0.03895470344245898
-0.22100284426013816
-0.13189441509315777
0.05420584927984971
0.17286117897937872
0.18228872661350534
0.20883150676528606
-0.02637133510836647
-0.33994624229096765
-0.46831709315801284
-0.5618687375729519
-0.44037445364794386
-0.24984589486601086
-0.5876735918692496
-0.2668642231068114
-0.11947800006567626
0.16256034709021763
0.17052098085398829
0.3662086282452877
0.4486905125256858
0.6686026447482778
0.7081291318696468
0.8143815578573146
1.0748586456867193
1.8440366663987557
2.844864021814455
