2.900580167206016
1.6718801487605113
1.0849707168130098
0.829855197159485
0.5269631998941494
0.14010287726063553
0.13931689539541764
0.12653506827694297
0.14436328254530809
-0.07217673273012103
-0.1343632484251188
-0.09446891745986875
-0.0413008023362417
0.07083417484435153
-0.2500800837836084
-0.2618743457061075
-0.23289999577079246
-0.050823080159406106
-0.05204020710832651
-0.10610730014143505
-0.24163039204637518
-0.26335157539370346
-0.49455857789961877
-0.5402319238011263
-0.23807592521437385
-0.08923371853597957
0.04834309336434989
-0.10779423074637946
-0.08402947095150978
-0.06682866865671375
-0.4383617618426529
-0.5967014078924779
-0.41281551818124085
-0.15985152502414687
0.12379531384218576
0.11388733004631352
0.41081325312354183
0.4098984906842744
0.0888418552093379
0.09258585670279872
-0.18540693977631612
-0.2766869909103005
-0.27766560449413175
-0.1325757947439032
-0.0313953782850251
0.2902680569662629
0.25965547543619194
0.10249880966914406
-0.11835523395031226
-0.1971306743436404
-0.1617937502748822
-0.3083217195399028
-0.37685513022789874
-0.2779108741128498
0.06762867870749731
-0.030015842290858203
-0.051786775940481186
-0.022619881069847587
0.020093948864555802
-0.4553892638913781
-0.761671909573354
-0.7990421472093352
-0.7242371107284542
-0.6007939366523952
-0.39406172600718514
0.11309032603449579
0.22617534211290416
0.6175744483959086
0.6852165872686554
0.668780942369407
0.36725616254956894
0.2873746242448475
0.22321496593259932
0.4109936574823696
0.2904952285058068
0.1718489836092611
0.17085199442886942
0.2558583236886214
0.4298585319500375
0.3711296952260138
0.3225380112557538
0.2661811683060907
0.4134766049116097
0.12822674794247002
-0.15875522548199145
-0.44399223476553135
-0.44000106324063765
-0.4237271013440327
-0.2509674326591116
-0.3680116684671564
-0.2776121348290256
0.1867258030843764
-0.05714557032047976
0.019389829871824665
0.010793596016298502
-0.03292721372092502
-0.377876506879553
-0.5014769565233608
-0.8267824084755244
-0.6341585831381676
-0.6294084961700674
-0.42396731798879095
-0.2869642501178359
-0.04748394636385279
-0.08857126674307354
0.11175983931268414
0.4316082758143484
0.2248650529997786
-0.0011458894197537224
0.0788739718030208
0.45163945592866656
0.1330315227648044
0.0147619835402511
0.14638050837590125
0.01220518159739272
-0.25612545863129743
-0.19460635765862513
-0.050241918204432516
-0.19206577459808424
-0.16510700091172528
-0.07868428704172718
0.008809594518174433
0.3329185281952237
0.20952868523758217
-0.02764589369458477
0.09669195322455837
-0.09614249501987618
-0.46422075154421244
-0.4293541356457985
-0.42276032040464356
-0.06259680838289018
-0.12106279819970192
0.09858349802808906
0.3618103622040825
0.36568062756664993
0.284388745133583
0.384710610840283
0.7780971047539826
0.5622399795211279
0.4639893649075764
0.7166751949408595
0.8006923022880588
0.8205841966566061
0.7042185501797257
0.6896820929601888
0.49278243044232534
0.43953445062794555
0.3811780774374948
0.4688769699163436
0.29471065634940474
0.2601871601052773
0.3063693067957542
0.17177765391206837
-0.3250606659995192
-0.4862894679141493
-0.6249528779681122
-0.6415952301433355
-0.5661029926828397
-0.5152099978846795
-0.43478424920587366
-0.31531825433558563
-0.12332697275248365
-0.059942716566860316
-0.20266904177505277
-0.04635305530046891
0.05514247561728078
-0.055367739083435556
0.04138147306050986
0.17375970504411628
0.3514682083733447
0.2898243011508873
0.12442801794783237
0.2541795917736354
0.32534956343149907
0.38046165362932854
0.22646739358663415
0.12938012517726116
-0.15371471413112747
-0.1177420703460053
0.03981576732871455
-0.14031668846353174
0.01602859977845273
0.3927454002735648
0.4886503990089985
0.4495102272774803
0.44020965665390405
0.5538790465019698
0.5109315538086262
0.46397956194582696
0.5805224134650727
0.328728204724823
-0.11322731876862051
0.08777497570191285
0.043604004402509944
-0.10164287036033083
-0.2754669751972438
-0.12219425192255902
-0.2374808668155226
-0.3051986692846608
-0.16929820213722832
-0.16261293089442486
-0.18480705187689442
-0.24400853531998531
-0.3827490861610312
-0.40374684270487676
-0.44781992509992974
-0.46842758405567914
-0.41139083847203034
-0.6103921248465216
-0.66048209874323
-0.33310887967314157
-0.27906120109403665
-0.2981203631848264
0.0796145998849726
-0.11316228787887095
0.14287170472735516
0.26451290181537257
0.5488883244089444
0.3395024049759022
0.08333099984700573
0.5181067715227454
0.5031309891830468
0.3387428714516913
0.2736319474103986
0.18728934244129358
0.3691083276602755
0.20841746883180393
0.21194695821293755
-0.000746604596052523
-0.1723953495545266
-0.04104203149494425
-0.1665025603720422
-0.17557543001518566
-0.10844017939100212
0.12262402106098799
0.14949499084474144
0.38273131003533784
0.19768568646606421
0.0024712693770694016
0.1329397845214185
-0.1667385797195002
0.27202367854302995
0.5438615776705769
0.4121757302904737
0.22882021822524096
0.08051525797072846
0.27685884464270677
0.42138097703322197
0.446098807858816
0.4495492981874076
0.38262859278470096
0.31921315374206394
0.08982669220038667
0.11944836980217682
-0.10151981980024335
-0.21368919099101993
-0.36409124122096703
-0.340876184893097
-0.14782452977714514
-0.3639111783839167
-0.09699299153044082
-0.17134715825975336
-0.26871426832283957
-0.3645483043689953
-0.06302603792418617
0.006966088597164029
-0.1516712806001563
-0.11186239808099813
0.13217053022518085
0.16700346944236888
-0.07292710945915756
-0.29839146046637566
-0.3741486249940862
-0.5403226334945778
-0.7039963169406022
-0.8051731884911143
-0.5804898942387894
-0.7243993455240623
-0.6914847078214695
-0.7065592706614104
-0.6462566519698275
-0.4160362870451294
-0.47562556882926804
-0.48814129400081097
-0.11348847169638918
-0.30535952951600925
-0.5974223819590023
-0.7918108980367338
-0.6683518857122054
-0.6310309853086056
-0.6689304651692634
-0.5117740512566806
-0.17317402562311243
-0.39080230160578905
-0.35224696328752764
-0.21203197204649138
-0.0861727591332533
-0.3104026971987686
-0.5152525614029441
-0.5608886588342841
-0.3693408692891559
-0.3691226716110064
0.06481914318725698
0.02285236132414055
0.15331110004514384
0.15705375841151417
0.1169420243210601
0.039572644917751205
0.2628732279790262
0.2836381554248527
0.09573680245925831
-0.03245885328321894
-0.11169017651778539
-0.057153067533753925
0.06763034829436212
0.1984039174148388
0.12935042564270158
0.17083082600683222
0.18546719137693077
0.36663785266625626
0.241908109312136
0.02701460380769629
0.025140418552324184
-0.12895264916787186
-0.27819384638320094
-0.2589988662693187
-0.10224761656373202
-0.510289091474904
-0.592021304290418
-0.5290715757081311
-0.34167857552760406
-0.39391437412873065
-0.7020033978559632
-0.6483868270870156
-0.5373274271740571
-0.6511149143029836
-0.7025893196609874
-0.4263087218993942
-0.21820151719625216
-0.4040583173562006
-0.4178456641637357
-0.2993053431672884
-0.07758756420906271
-0.17876191786309975
-0.42124873491955445
-0.34425913077459247
-0.4155657794156853
-0.2245432850083526
-0.33626600786864436
-0.2662543847892611
-0.31141949669880936
-0.4246133394902304
-0.36695769023603253
-0.2595702875140177
-0.1741958889449218
-0.039909343640529296
-0.11021818269105453
-0.13714186653676974
0.015112485993266164
0.09322121604713397
-0.15572437426609378
0.0006634048449244371
0.16004806380100964
0.1305992394761005
0.08447206788436357
0.3525239317366599
0.48717246273014503
0.22354844336746674
0.1284214638120503
0.05874453628971032
-0.06964696518913292
-0.3738363116733769
-0.4518570700675705
-0.3909163678581708
-0.30932040410115
-0.016480568634364815
0.10535027316367206
-0.08831097017367363
-0.303796770769836
-0.3917934952926191
-0.25867674714054095
-0.0468110643166753
-0.1430817588380938
-0.23060468614946725
-0.2881631634826611
-0.0443268036173895
0.28652424605721744
0.17413428373245843
0.044488599764396994
0.20845173125033867
0.3017925081217647
0.4232799961309356
0.5352527546190098
0.6409581819382695
0.6222724066608263
0.53619255777092
0.5879650284233155
0.3957387790316187
-0.010173188954391134
0.10000006185235956
0.12477832424293336
-0.20062516509074527
-0.20150254660271727
-0.4047553022694399
-0.45108578932686705
-0.037559163865869494
0.2202611305829672
0.08943656470905083
-0.010375911764027456
0.10410184746131165
0.10707517413311764
-0.04894566501010734
-0.08723532177247333
0.13733008853337114
-0.09755171975049778
-0.24525395830231692
-0.577296555715852
-0.8069338756965957
-0.7020216079249142
-0.6922134884072649
-0.3263381789058743
-0.1468954649074172
0.06311311377217345
-0.07408585977495476
-0.3121838594349801
-0.1460615968162042
0.17748946132677987
0.2415875348017
0.35767332534433843
0.40013809057584465
0.2495590009488661
0.0212433693960708
0.2439127739657969
0.3033495122338605
0.10657008133672433
-0.10452932075937114
0.028430384435998154
-0.07686584827644037
-0.22385003626225916
-0.2571322880197523
-0.01560741567915215
-0.012593871195469411
-0.21087820632159535
-0.2778444525019942
-0.28028111178333087
-0.22885336820756175
-0.18240678681965652
0.08709938411172034
-0.04053847210454655
-0.43169614539884643
-0.2589734218670287
-0.16854940790392173
-0.4384369174879493
-0.2179392231919205
-0.13664680285671646
0.04711383597483439
-0.09701397412896505
-0.060554937729666594
0.11452502721038245
0.009923678804723463
-0.2701564188174308
-0.19413725747197721
-0.4654983509635342
-0.40132397473495507
-0.3218404382512299
-0.17237977994972065
0.04766300864857252
0.22107999441370257
0.13818782468070376
-0.08868887387389263
0.009216001761529351
-0.19823430776896256
-0.20701099670888698
-0.09908209317840165
0.052143911626265374
0.01671880060168314
0.0890998093738558
0.11295724213123622
0.1298450343089167
0.3116799734066842
0.4884776908040437
0.6966119241250724
0.46917931789331935
0.5890002077809994
0.6233491773011933
0.6112724052873315
0.3302235419269461
0.14353288265371808
0.046685985698597034
-0.22641059476972122
-0.2716592864990823
-0.2173099704565511
-0.3592088387396381
-0.42370778475420773
-0.5199219535157288
-0.3689231587772132
-0.4988579589826194
-0.5851481568637413
-0.5713394335108143
-0.5022461456911618
-0.2348999181422688
-0.042188612962532124
0.0014503415089058298
-0.1699752143407522
-0.4030330012312049
-0.35707677118743897
-0.47185997287723364
-0.3963942784455644
-0.20935496881686444
-0.15401481877262244
-0.16522399493044182
-0.008365414372890685
-0.004325092506260315
-0.256207232991512
-0.173315909114001
0.04102169832774405
0.22798950086606237
0.40098105106868115
0.4647192872332277
0.38928724396728703
0.18366364125823523
0.5200647681813195
0.30974887674953
0.19539294842085192
0.1452093477562237
0.34987970651989236
0.10540916628422828
-0.022652706661637236
-0.05900475791895127
0.01887712528948924
-0.2625893878071569
-0.2546907134447053
-0.5164671632371369
-0.2126068421659075
-0.10308046629136447
-0.272938781686809
-0.09857000345476671
-0.0900737016314415
-0.24318212413956097
-0.10882470578102638
-0.0294168288703671
0.1696306369214447
0.30790162190442794
0.36010343339130974
0.17329184617778629
-0.17489377010477097
-0.07345211617464409
-0.4163497142227372
-0.5320996245165023
-0.5928760732609877
-0.5429834341348668
-0.6456825843298988
-0.5897490122387095
-0.4257827376046729
-0.38155888123221243
-0.1336482350249603
0.08398532097301308
0.05814910674039304
-0.06715655113534605
0.06268904055629948
-0.003422725545389674
-0.16412051427882887
-0.1468797663546476
-0.10375045153976904
0.2889816103093058
0.15307868783861386
0.14231369409982567
0.3436377927407484
0.1298954169631121
-0.28725889193340814
-0.16430144508599204
-0.17722050038475962
-0.20609682561509593
-0.27418274853310565
-0.23932324487859494
-0.11835322868465108
0.0900960179937108
0.1805655537544608
0.25336872023064116
0.1693630342200548
0.21805069860509532
-0.02947149140987962
-0.16169528436977293
-0.4758852361493012
-0.6159473011732994
-0.6291604822632587
-0.6433266682473084
-0.43610597135347845
-0.3628838629917994
0.14640888059965326
0.23181890217155557
0.5125601308243266
0.5754847248389195
0.6126799659588693
0.6129581364895842
0.4272065908259982
0.39044353739397863
-0.05178742954947119
-0.5529023051438381
-0.8328835324532765
-0.9635029450129619
-0.9283458693700916
-0.9250967799396124
-0.615795584566705
-0.2405167634616063
-0.05697027670484379
0.07266173125523416
0.147150227891246
0.39125615923488444
0.07342467545601009
-0.07225758107079949
-0.1631318788089088
-0.170605307180079
-0.05352562530726425
-0.3759163692735753
-0.14417513220542938
0.09376576975125696
0.011316915702308646
-0.0035373337102908905
-0.1338520559572169
-0.20001783152042502
-0.14037697007426533
-0.3889710146726228
-0.1649339388054346
-0.163801278293598
-0.014198176196677363
-0.16473539704086118
-0.07104240590750703
-0.47251246772051186
-0.5042800754032783
-0.6124357226774106
-0.5772134042088541
-0.4694168455853129
-0.11310826653338203
-0.012481362284503056
0.03219329399730686
0.13723495454448578
0.19159137658552386
0.04349130874503168
-0.10063631656537753
-0.19198814735068603
0.027706112033610227
-0.15957502209212612
0.05873751713891171
-0.011954706524748109
-0.37570815749083314
-0.23207593929378986
-0.5670079907446303
-0.4567832005849527
-0.6462104981151279
-0.5340151412234901
-0.2241563961493797
0.20435440321673906
1.1655261021974324
2.45522261119166
