2.3075221122969207
1.504280932899054
0.5055607190030096
0.09444875285960086
-0.3447489050677207
-0.3226583647375358
-0.4936989227449528
-0.5197259856297921
-0.2486827813219117
-0.25763301001038036
0.09198052537497278
0.3414840663035748
0.34221948633950644
0.21891248087819268
0.1189419910213567
0.001632526426246174
-0.2946074568732102
-0.5338394921166709
-0.4033078123191986
-0.5375903638974938
-0.55694281077098
-0.4813836999684199
-0.08042496655544486
0.012245536833611575
0.13413166934060736
0.03335351038695906
0.06925369835834413
-0.19465717239208385
-0.44277502753525055
-0.4483298719703307
-0.7737274519819439
-0.8022887630011883
-0.6863286007385756
-0.4446749126453764
-0.16331377800596064
0.12343729128653018
0.2596002753330458
0.30312085543226897
0.19097781995736632
0.044519581618745724
0.008424382420332508
0.07270589667845197
-0.041874119206200815
0.15219614065026787
0.3900368048016989
0.3440144971260465
0.40844315145916266
0.21461846691328254
0.25205906343969847
0.034192689993239905
0.1386390927072576
-0.10000211291007581
0.06449613172040503
0.1473249028219377
0.20627881009563645
-0.16981907988661935
-0.04960367183205098
0.12571324214044519
0.041003038855582666
-0.010626386791480603
0.0689134564792172
0.25086597547415307
0.2787883064612698
0.1787657016273193
0.14848427388270277
0.2800259681655164
0.46516309970485864
0.21097526588409404
0.3055226268448309
0.42863502662590103
0.5063243803370054
0.3682624901930949
0.3293070397806335
0.7204063418562239
0.516208250093177
0.43395200477613805
0.3830876820870633
0.6314044025884321
0.3676908419264247
-0.017078632800382805
0.23163821568072476
0.22757100115871085
-0.016266792147596812
0.07281596112528439
0.26739472184887564
0.10900726954204742
-0.22955751133959112
-0.05849547249190399
-0.48231912349754136
-0.7372531043807434
-0.8125094987721005
-0.8234772484291674
-0.4510105803375009
-0.25325323621686324
0.014011308183788082
0.0698980794682411
0.3419991577862466
0.412802166063836
0.2939303036145429
0.1804714376571812
0.23572068480018418
0.1877369317735632
-0.05097538004918659
-0.19641342288852776
-0.39931484229652114
-0.3383997705410396
-0.50122442467535
-0.6423872076595103
-0.39605654091381454
-0.1610259039004834
-0.41528947327962307
-0.20967363420976518
0.128105688601551
0.4483332959243121
0.13719604491688858
0.1546139679055533
-0.06997732999073505
-0.18332972237294984
-0.33462684854283103
-0.5956076093571506
-0.32813429781446374
-0.5139454158404495
-0.5184351466915239
-0.38177366458494605
-0.24076073039588988
-0.22825260228360678
-0.25230634172794053
0.032070846553842014
0.08419746743491006
0.39790771082441073
0.3976201075260095
0.3361851427664235
0.39622382851363963
0.35723150998779285
0.25581237912492266
0.199836638907318
0.10879826995883068
-0.07923072969958925
0.12692737770450815
0.017939389809103708
-0.048273641326976244
-0.14370186118300238
-0.05042325967591166
-0.17920878918746655
-0.309016695124962
0.05008746583468468
0.05340072711268661
-0.18994755475598293
-0.134544698685216
0.040633337368513524
-0.23146368758755206
-0.44130064265818786
-0.5326880731222621
-0.4809905100840202
-0.5153880382633855
-0.18013462304399117
0.08796575453477687
0.24479582829236116
0.055609489890769165
-0.03686319037327672
-0.14817418739569263
0.042203712124904626
-0.1610160708976425
-0.07230307060514206
0.27394822286611475
0.4375036241923431
0.29349392594768886
0.2801935064915075
0.20128118992871047
-0.05585243633716726
-0.10732174326792539
0.19981362543070322
-0.12356135401141317
-0.11640973135445354
0.3080111709186936
0.38319365985048065
0.2550505836723462
0.2765169598663157
0.26755764963783885
-0.14916984607806463
-0.2657677398927115
0.0006328904293897506
0.11863706789092253
-0.08069086408392513
-0.12111641689654662
0.10467361058564645
-0.06457242421848187
-0.24430030970540237
-0.26901995506679227
-0.1860440643240548
-0.4747084186172807
-0.45751919611988506
-0.41504798278344107
-0.30560073972394264
0.0020255731219116033
0.14127856298797462
0.19763724273391342
0.014153568219701354
-0.04733934298715495
-0.23137940358091172
0.06588091428745227
-0.15871519202760578
-0.15413558375341616
-0.06620945848669092
-0.23707911933388584
-0.1456643672545904
-0.11734701832615418
-0.2981599906198596
-0.27815554693514427
0.05658603058323814
0.10742496289571696
0.2324614825787045
0.08799254947221141
-0.008492647721209296
-0.2161198779120426
-0.2771284430684807
-0.3593641763175614
-0.30764294572646705
-0.3169035728705947
-0.2485155580101036
-0.20681611062162977
-0.01517414414077131
0.2024957967772019
0.1705476760342839
0.2811821305350579
0.25674305970356975
0.12288579877607822
-0.0411363680922397
-0.033874218325863535
0.15967416647682656
-0.08853825548130667
0.08525934053514224
0.29503652692941923
0.47281164851286284
0.2473802063667786
0.10788803669384431
0.28870076180979476
0.18535531526869634
0.09931906683251822
-0.09264205019423073
-0.08854675588826055
0.05466375694008611
-0.15160089991481115
-0.15131860712415288
-0.38105354663652513
-0.34609574778272706
-0.25770051985110626
-0.2627386207415287
-0.1765768996401676
-0.24973451400465171
-0.4970716629785424
-0.5908337585812902
-0.47783699876990016
-0.31012119418318596
-0.23973205982715964
0.10173554440596538
0.15102085782360636
0.23644331096789908
0.20397704272631717
-0.029433063113716455
-0.10789454703117016
-0.1629663150866435
-0.3705817393151881
-0.24261072807041403
-0.0654416600415296
-0.07264628710405348
0.20563583896712614
0.3212436247113732
0.2565655942755586
0.1032590489122136
0.2442200797070309
-0.18849447638420339
-0.0890820646651385
0.04793670500126398
0.381472812516906
0.12970008753637988
0.40047875585713905
0.6017245028424155
0.5781145182221018
0.32340436058355715
-0.018214504395066902
-0.15141565290275744
-0.4139236482679911
-0.49631207867509575
-0.5035100296690393
-0.4111731607057598
-0.3555578662953456
-0.3278742184290603
-0.14294938110175806
0.01309887729409005
0.23597605163317226
0.5295144004711836
0.3608146643090979
0.37586497890552606
0.3738247929816906
0.1668187307151935
-0.27006650091454254
-0.5314383725571888
-0.41813709007638433
-0.3839049172560745
-0.45325649003167
-0.5707814663350049
0.09799144404243541
0.5356289071744295
1.4954792516213133
2.1779053660808207
