3.432882678661612
1.8035777188439726
1.3183691566189806
0.5105338605523883
0.11957792973746817
0.315824483963827
-0.23145018900329614
-0.4666287685091434
-0.5138776044902674
-0.4445950930478205
-0.3518136948599757
0.11584931239274092
0.2278230314042425
0.13963142841958093
0.36834440461534174
0.42742072651217383
0.2507890849066131
-0.11028394376883888
-0.16377855543020517
-0.25578568249876626
-0.49679285700228004
-0.5521203596274443
-0.6120587895749908
-0.512236234146738
-0.48853727547361847
-0.1735713176664642
0.2029277268596361
0.2912628581151153
0.23978375409232208
0.43263758280113274
0.5762993550776837
0.38695315396544555
0.5124257757029375
0.4056503939001748
0.11918376292985437
-0.1750621302313711
-0.008932315883635971
-0.043041077384104585
-0.3282251417547333
-0.03043387273323918
0.022405913128693434
0.04355117425227427
0.1612734786596431
0.1018150097087863
0.26835729697915495
0.20242551377080648
0.053104121905836396
-0.3254019028988632
-0.34472558202820086
-0.6335429631516606
-0.5623149012696164
-0.5498344384573015
-0.29464696985558064
-0.29571223632412347
-0.3721614363898045
-0.21782028583574306
0.048538158437256874
-0.032474032775725956
0.19720441978395076
0.19907260540191687
-0.0005839008121613927
-0.05973078063425923
0.08956399324302367
0.09393587111492434
-0.21398776948388465
-0.19896375605013478
-0.14466841805389868
-0.2966711866379514
-0.20090654465789443
0.06290276802361679
0.2392119458050968
0.049459828381905775
-0.07366168703594055
-0.14314975025857307
-0.1789479025771444
-0.5291519551066739
-0.5034399890866997
-0.6291675972774573
-0.5904095085292842
-0.5077214872383581
0.06477964140445379
0.12991133322060364
0.1251537868145706
0.07183501103880867
-0.015504409350766505
-0.048935703617500347
-0.08859834860439247
-0.07165116472836512
-0.1806774784241574
-0.26700439683168625
-0.3484296000288421
-0.19393881499794516
-0.2798689818863849
-0.5013865244662076
-0.5213909157139773
-0.4043342820895436
-0.04965977245102052
0.2501873921819809
-0.06042448309150794
0.14527792138122608
0.25338577224559466
0.03294569033690645
0.11579498464159133
-0.050384268873228374
-0.12947349619708637
-0.2634063478639293
-0.40431965176912765
-0.12453355675842204
-0.019314600479586073
0.1948512911604456
0.5244079777153301
0.19096060435074808
-0.1565518784516468
-0.10583983900898633
0.23085564626183283
0.36399573949043845
0.17523981529499377
-0.13668045048499927
-0.18255060213145027
-0.29294660135443396
-0.2179345982286625
-0.3171522531685693
-0.08164799476265724
0.30067309318970903
0.281576331274334
0.43881226839359366
0.5377782166474273
0.21366790491879972
-0.10737757936364532
-0.33408914750668905
-0.45044632632441156
-0.41180452867202405
-0.5543252526675508
-0.1579266477684302
-0.3407551602271002
-0.29054918477951314
-0.2313506342034237
-0.38104830259570116
-0.041002750105448016
-0.19620547728322965
-0.2537365623608114
-0.3639250642794645
-0.23841350803980835
-0.11665738520094505
-0.1794730193625212
-0.3648208951958891
-0.08139324612343181
-0.11594839481203827
0.08848096764202038
0.3934783308493852
0.3213368633952084
0.12870788900624924
0.23591867057950375
0.5871465153358371
0.4432728568450017
1.1420449558936212
2.3833199026893874
0.7584538895623341
