2.406378220787942
1.9066058628896028
1.1861135452963618
0.8842472678158626
0.6376181447177232
0.9383109119381718
0.8624840568076985
0.5254101820375016
0.1234314248035538
-0.19176987446269667
-0.39693938633296166
-0.38265275495449186
-0.4312811144426016
-0.054806007928153815
0.23088469204886766
0.43819184372684694
0.448466293992325
0.6924464711314037
0.67422818349004
0.5076794173751346
0.310451258240863
0.38726315875603534
0.15407248400218115
0.09276303303088644
-0.1791527692576938
-0.3162456963414591
-0.3187660338361412
-0.449067049910962
-0.30984185323965124
-0.27151458347352164
-0.036757147570390905
-0.04785148378631135
0.10406614659851504
0.32054034562304085
-0.08097097591987588
-0.40615745089121297
-0.5570466980676091
-0.7027811574414583
-0.5681007959422494
-0.5493429763601725
-0.4273688645367177
-0.4465014324015903
-0.06063115776445519
0.16748942678102136
0.13998241392595862
0.18001518053166393
0.21683842650757715
0.28630156052110683
0.04028824086065784
0.09162149330437704
-0.005620326942282159
-0.11252762031735095
-0.4047130300766106
-0.5541549100207905
-0.5995658498261608
-0.3558274908811481
-0.6115825879545203
-0.25912675861993106
-0.14717264429926538
0.04058328212087166
0.19311720295760781
0.4223360331318413
0.4063462121066716
0.22800052995640133
0.10671685473014095
0.38940403878642416
0.33998948658930506
0.48702556563511484
0.36019603308535175
0.31701349235455617
0.0969380489160456
-0.3524872918651352
-0.645648500332326
-0.8275698168606854
-1.0573032159468034
-1.102469352991928
-1.0699524816322445
-0.8373884503727028
-0.6204264761814982
-0.29514438473754195
-0.08707227064057232
-0.11587364998472965
0.14019481116538798
0.3159169782702334
0.29108858787591585
0.3468512426109081
0.3975223214769733
0.3821448699501347
0.04629453353057099
-0.02025639483191531
0.03057281861646914
0.15219770976083677
-0.0499873118144458
-0.3028149021033817
-0.26781017314667394
-0.23261099758468715
-0.23848342409226395
-0.22093842239416756
-0.15681174490500288
-0.10755128254201293
-0.22158822736521852
0.03090242015505978
0.27972759494843075
0.3602179969666458
0.461496277296759
0.5777999920171385
0.5860722052835005
0.631585809145468
0.5319249427450448
0.2553774517428206
0.5337703690374881
0.42819539585187033
0.16050429418573628
0.03470301843017591
-0.11689648888183544
-0.18331008244923
-0.09278167290490782
0.052143253788911076
0.28381395956075617
0.1313686480524224
0.09414661820790975
-0.3044927969250432
-0.20055489917575622
-0.39501209176960933
-0.3943357872638755
-0.11055398913196522
-0.10767373792649375
0.2246020665038548
0.21577623587371328
0.23187182762080902
0.1457494089647909
0.19466585518868698
0.2349154839527664
0.29993204301638154
0.4079694727755422
0.445940527573593
0.3652795595657057
0.3150384581472231
0.21307862890042975
0.17805435089382027
0.10121457322419018
0.1405480824977999
0.16672094983525956
0.15182658234207355
0.05869079644815421
0.0945100130935175
0.1541734917063452
0.09894690305753547
0.0637437937961535
-0.014163325934305039
-0.11078793636672186
-0.451633400407569
-0.5187061741013183
-0.26140702709828756
0.06905068861630743
-0.33327124649128587
-0.18763815528089078
0.13462948655765453
0.15464798518414727
-0.23749338261442615
-0.17939919164669202
-0.388274104821064
-0.4258601912457917
-0.32130619304031033
-0.13435545609377933
0.10785693943392287
0.2333455502794555
0.2837070718877889
0.08928374854220163
-0.07944184136985308
-0.11407259273637264
-0.3760588833805104
-0.3980046281565592
-0.5513334644753254
-0.457169287185473
-0.1672321217576316
-0.08831444376591657
0.08080618118878556
0.0389305893344148
-0.07131711566209695
-0.04893600790515418
0.30637314869027393
0.02454910567017234
-0.39343395137150905
-0.3602343320682501
-0.4540422614861491
-0.4907172682449614
-0.286200226394905
-0.285768562176063
-0.11139286920465086
0.059076855906336725
-0.003090646554835247
-0.02667288519307947
0.18334100441431725
-0.05172194827220608
-0.08966582477031733
0.21816070514568234
-0.006214284164712789
0.06987600207454087
0.25308224517191635
0.5384422782989584
0.4492331797593829
0.42011419885041906
0.17547815796967633
0.19661652871160254
0.1572013898229325
0.055947643777469955
-0.08714856467495305
0.08933062874046571
0.23527316116733057
0.15720969585800418
0.023439750066775823
0.13167602386436925
0.07471080444672085
-0.06062561823341716
-0.3805070856933769
-0.49576621328316034
-0.5076253286007392
-0.702726708864634
-0.8844921109786383
-0.650917245547812
-0.7761751839420552
-0.8002653733687006
-0.38010127905405194
-0.25863706992229807
-0.2849554668215586
0.004019443579810381
0.40896182017275406
0.511815371600127
0.5955256280132593
0.5457774452702019
0.44699448909309214
0.4394514651789998
0.08996147936546407
-0.25305312489755666
-0.28968732949750703
-0.15340479403687032
-0.028938192392819213
-0.03472545517216433
-0.11376528553682157
0.0024180269604714578
0.0066982150230163766
0.17850371705691692
0.3498160337813514
0.5305008991700243
0.4771320595793137
0.41958823771016945
0.42268911406387655
0.23933713101505402
-0.015001801276468297
0.1056778132598797
-0.11906971142165905
-0.16527379490672092
-0.3515655650438639
-0.13078702680562412
-0.24525665459602264
-0.3459651988244927
0.039697979136125196
0.08677904709560845
-0.1930568908753655
-0.03290815105372776
-0.10510519706956514
-0.152087270867317
-0.11014638765356129
0.05158997924322345
0.3345686568759656
0.23857910931248585
0.3881271056861546
0.35582926584806
0.09595369036039776
-0.08745659375006444
0.029490271680147576
0.07598590642142294
0.05593717228719222
-0.16526279392467857
0.04279761211853276
0.11110415348165925
-0.0857451794359583
0.00157321097850662
0.2865113601199126
0.17263585375270038
-0.02236009846526023
0.24940189500963675
0.45167911640251
0.20999491311069177
0.12331942547843891
0.009540755318084878
0.022945122362303755
0.02006618180533763
-0.04281713468226543
0.20307888444184713
0.23541680546416147
0.34392740473887834
0.3376237621633786
0.19493700775387152
0.10264924722670568
-0.333727487681476
-0.4314386013279786
-0.42000194778483396
-0.4500081144123616
-0.43815739300503825
-0.2407615484235846
-0.008202374352250474
-0.01592195533955688
0.12210442297138996
0.1927920922152478
0.03932181275212597
-0.35982862624535955
-0.48991230949393877
-0.39470911683217624
-0.27270375447665374
-0.4289422847235176
-0.6095721804702549
-0.4383154394550272
-0.3148362623983262
-0.08055012534557883
-0.2788427179815072
0.008647978477148785
-0.11796671503493078
-0.3448218535138169
-0.19817242950480216
-0.09979759074141431
-0.3590086884586022
-0.29155574888890146
-0.15001095540051512
-0.238889926950533
-0.13550211034601448
-0.4681640673072498
-0.3399070675611688
-0.3189481138546339
-0.24811269158786503
0.09585570634912076
0.4525189527208345
0.5942192779060361
0.4823948091149126
0.5851888727344947
0.35570617879967537
0.2549458133869175
-0.08698524815702682
-0.047609166833673056
-0.15103448928595006
-0.27906194819866753
0.003313286392228865
-0.09755971727930361
-0.16317016214843844
-0.04920499602940711
0.021944892979701973
-0.18285498694957977
0.019288620833042266
-0.32985991970987105
-0.4199315066614066
-0.29514217202636145
-0.3970844235736042
-0.556222138310515
-0.4474941440317344
-0.4554239724381862
-0.18995089182968813
-0.3386860040258274
-0.23693563816968258
0.03961732288988429
0.14345505866962774
0.3224496323339593
0.43041674010285
0.4358967911652776
0.29805082201484406
0.28798648079446465
-0.18416984371499062
0.32228643229574666
0.822445927903328
0.861455275409776
0.025991044307801175
1.5745612480185431
0.9497645312582259
