3.3465303248974
1.968534837574802
1.2466298293040128
0.7936027187972885
0.7705314620294441
0.8062754631125072
0.4973161634334542
0.31399089498487803
0.3368020686938955
0.17019241296040052
-0.21992602286461224
-0.40907713730326783
-0.44107866131695617
-0.6215558401761254
-0.6575635453494397
-0.45269609230218355
-0.4069766372464468
-0.5031394384529896
-0.3036275622373743
-0.26922318400708156
0.054428378053469395
0.2603243051244253
0.3675543564835164
0.47288113384898317
0.5688406177714291
0.4881114070807021
0.23310103959845607
0.137667559156169
0.17427942863903823
-0.08960669936291657
-0.3251198692917515
-0.3568397864055212
-0.4801721870038236
-0.34544879020927804
-0.43238290496327736
-0.39856282523421666
-0.1567352982986039
0.33632576053025565
0.5405343578887303
0.5475207716161772
0.5004444445628835
0.5041542593068089
0.10109953063579377
-0.3086730534939339
-0.41461984935250307
-0.5164289727989837
-0.47040537175469455
-0.4099852021076473
-0.32053431625805406
-0.07006809844138143
0.10129161225877292
-0.044437477279923844
-0.2536173788052619
-0.19387445461349345
-0.1875152740299182
-0.22304715664860325
-0.11870268828555446
0.005241226750445846
-0.15558638705468275
-0.37066146883574186
-0.3358515538157131
-0.18557941586987567
-0.10707131481838733
-0.10858496953554786
-0.11033752116979752
-0.30432258458620876
-0.4778497521802046
-0.39065370551814915
-0.6023618787796191
-0.5354553632053614
-0.09040570759526466
0.37401591428029957
1.0060613035510522
2.0617779461687387
