2.767324831612794
1.461889104401953
0.4826610617080989
0.26928409507122797
0.15163747249601872
-0.04501285170957433
-0.039461420752005635
0.004063871769013443
-0.18741861754344363
-0.44363046154375885
-0.35658701692311373
-0.16406373970527913
-0.10261210914429832
-0.1617661611964158
0.10569848425110162
0.3697420124632599
0.45897702450017797
0.4425026122822665
0.34359254973765024
0.19370068609079022
0.08906965669104934
0.05804322402527256
-0.06479970419055035
-0.17822543345994657
0.003016270429476782
0.11291076289058366
0.04417862997017156
0.0938504620050091
0.21373702666600597
0.13954397347576386
-0.341831902686439
-0.36794520001073505
-0.14186322915818037
-0.1675433768806738
0.006032951834043966
0.3907240144232845
0.6162151972282409
0.6327133603054652
0.4908266327687627
0.20825131326159496
-0.10402577668502051
-0.41592112922599206
-0.5759088452867674
-0.6170115598904938
-0.5771232402846536
-0.3234199302845995
-0.20052049063322716
-0.22741922340421872
-0.2112526150706924
0.10271976068423291
0.0801963784613672
0.26167129205809436
0.3931234743946824
0.45140340153973096
0.6249069696629006
0.47993789576023127
0.35163782893564594
0.40242190925493354
0.1733358702816309
0.07808380490782921
0.1384369332695991
0.09973524003535537
-0.036753910948436275
-0.11620929993720996
-0.02113529283049163
-0.02299480931774814
0.038484608875290045
0.058702359653371845
-0.050304363545324284
0.006138887732041045
-0.12229030302196857
-0.26784867562901726
-0.28621063276907965
-0.5782628764548089
-0.6293735315922618
-0.5683777593130127
-0.4995091569843136
-0.5263582703534243
-0.42967671054460715
-0.24957474173440716
-0.3761475084643331
-0.2101136741332129
0.11498216447306482
0.0876877407343688
0.019100681994339994
0.2319490292540367
0.21875308336611293
0.32790161645818655
0.14594624742938128
0.20894778255674848
0.23724380268276704
-0.07363029090133294
-0.04813946801945734
-0.12553772589554935
-0.07646369703308487
-0.12227891244346507
0.11142192245904045
0.2158532777402235
0.15415125924146555
-0.0457227000292607
-0.2631727210080503
-0.4132098842801112
-0.3364021494955432
-0.36049356203796024
-0.28506033551417115
-0.17064180353619385
0.1111604208935899
0.166719436558784
0.17414312133309207
0.22678323761388278
0.16196582528190034
-0.0824579719166107
-0.05399677571622137
0.16673154772126647
0.22666753211261592
0.11515563745585153
0.057783610628293944
0.1962614209307734
0.10252727050030358
-0.10140508322356294
-0.059772602596051216
0.22017730898584748
0.16870848351784498
0.1501706440083163
-0.020024681932303015
-0.24971540207815948
-0.24874606564629548
-0.3650785723145909
-0.2712373343901042
0.03709065884330807
0.08819254772273415
-0.049819072050597234
0.05148937205639088
-0.09806628131067127
-0.36768225272379074
-0.5217085248621001
-0.5698805882018487
-0.4274575872712237
-0.47703038358267214
-0.5584003350243087
-0.4099071076808842
-0.3244611781826006
-0.1285254696081442
0.05008329326075652
0.016049076309487664
0.033953282550719464
-0.0025042320967772827
0.0016014789218347803
-0.30917892621708165
-0.24767179292691488
-0.1540901245818746
0.00021794024031838652
0.05660068810384358
0.09781943214851738
-0.14732579245755892
-0.23495214752719304
-0.13384101432599854
-0.09148519313055925
0.22949599431542908
0.27826827336458115
0.19804897718912812
0.07588568521329629
-0.3295882861309762
-0.46653948040505955
-0.6332116686616283
-0.6257217510713822
-0.43659119670603547
-0.5278795582524916
-0.5146952518675729
-0.32231080553497726
-0.27633159536585594
-0.2291239699142384
-0.08441888872301997
-0.1517735850496294
-0.10397722752230582
-0.14952910163251415
-0.2884835942682588
-0.5200081350041303
-0.6155335494622584
-0.5302524641073755
-0.36858922098119434
-0.14760969632804377
-0.009421528203889059
0.1859286634989044
0.27339920359561815
0.35273154722981614
0.19894074251966598
0.0009372271446666976
-0.25841325100320955
-0.3971595330962475
-0.5892803772516219
-0.5790017230428114
-0.6300969478169207
-0.48795432205810896
-0.4551174607748062
-0.14549442463627404
0.17820793039933014
0.20752281319223634
0.1801705210516283
0.15775034708447144
0.1282965623703526
-0.15932712556900458
-0.14761939673191782
-0.2010288152503414
-0.18866862698399853
-0.22347472005249086
-0.09062672626987564
-0.19690352653457924
-0.4052079709150313
-0.6136458927880244
-0.8046912979186304
-0.8252807372380111
-0.7486267006256633
-0.7493139880469717
-0.7064969642230347
-0.3674625585861994
0.06842289403900237
0.15688607809228403
0.22768687363543522
0.2545185266730692
0.2032917798395375
-0.15076187272581026
-0.33184134807366716
-0.25776331223848276
-0.37114070658329257
-0.16134136680676978
-0.22878679704248558
-0.29464236342607
-0.6307528158048397
-0.695108163626783
-0.5076005503515958
-0.28380943996890223
-0.2759374916910422
0.019759904360975234
0.20463610265676313
0.1756548250598648
0.019358501814063542
0.07570666620994526
0.2916807396472643
0.14640103494350745
0.19280112195050275
0.11453484841759995
0.012611222014149277
-0.27966684487668714
-0.5562645797621467
-0.5887526185372733
-0.5148282911246065
-0.5937115720831712
-0.5945441038386986
-0.39757501884517144
-0.4001295533850152
-0.5895918449380292
-0.5700741266008169
-0.3222031384558922
-0.18470157911769053
-0.2912068886637877
-0.025942611144804888
-0.057252668022217866
-0.23467747871003602
-0.4162060188422083
-0.4739027417407952
-0.18992855607248774
-0.2603584346697198
-0.14454504523629413
-0.06448392380033342
-0.05272311430311101
-0.2684419084275946
-0.5447889071815208
-0.5668502740992452
-0.5117489896273261
-0.24269655957703465
0.1093602272069591
0.07958484721525469
-0.00900456497129637
-0.16502506754430693
-0.17174308784909006
0.07979623660240931
0.04493509466239056
-0.2048959175418887
-0.18524548867532686
-0.3598584463439202
-0.39553624042938107
-0.3498339728348123
-0.05449110072002713
-0.06054528332375699
-0.016099340522794145
0.037527760435908004
0.1413240542030311
0.1984308390608885
0.08403336166297169
-0.15418634103474133
-0.1508954481346115
0.14320644813057398
0.2550138341441598
0.41012677438357975
0.6241565548821851
0.6136214795196427
0.5627761335741732
0.41149984419298763
0.3119510819342617
0.23596846481238565
0.014772346461558655
-0.27309145329500845
-0.40851739657088004
-0.3058891632185521
-0.38262466778756854
-0.44256949999833683
-0.2833860057349993
-0.20603098091743138
-0.29476976498061935
-0.3373817255099874
-0.26818433971790306
-0.34417839336934425
-0.2494115821887867
-0.20007608848315184
-0.11540586097246273
0.09972214997216373
0.22949550582563194
0.3324844397834621
0.361379340757606
0.39597432339145067
0.29834423662530174
0.3902439419326703
0.3851949598580603
0.3084055007095865
0.11863117459184003
-0.0834185971846754
-0.15596608069832743
-0.40929531796592716
-0.5127483201422788
-0.3310147666366758
-0.1612374131670739
-0.2497095468851512
-0.058007562440324775
0.03952064422460956
0.05255523905443833
-0.12487444337687842
-0.2948589201920965
-0.13704688164531953
0.007071433969123894
-0.019330794041453478
0.014345849823724267
0.12075484401979628
0.19064650667670635
0.19339894737013683
-0.09380380131239135
-0.3557890525059255
-0.42205684432619917
-0.49043556610257943
-0.5348251084329343
-0.315363283988619
-0.09097821404856246
0.2931402656767493
0.5359037442420046
0.8102926949086089
1.182748479637873
1.5413192405007157
2.1165438940998254
2.766086139650349
