2.5340943344464173
1.505048320062907
0.4541889925028208
0.1906487309794856
0.15241884040336842
0.14436844846740415
-0.22717666129719313
-0.25577111252203444
-0.27988567648002494
-0.3833137877995946
-0.598230214252806
-0.6199051457964473
-0.6401636463593435
-0.7041114893868993
-0.4817052918671087
-0.3407739667152747
-0.46744441098062967
-0.34459542629095896
0.014951524441668453
0.23079661345171754
0.36469429167754114
0.2773897647316726
0.20993106477234452
0.13722609604373462
0.20396638395812872
-0.13303155078116483
-0.2774006141033174
-0.16170590925687633
-0.3721803699305674
-0.48744952867912633
-0.43746491760985917
-0.32420550270576903
-0.2758260224606335
-0.4065793170200141
-0.1508971041220813
0.16424253537929084
0.10754309459771805
-0.107496135380094
0.06273066730384146
-0.004621962959305715
-0.1045731589251361
-0.12708425515463523
-0.02235644284529096
-0.05895649810200901
-0.1955958236029435
-0.31163022215778097
-0.3144023565342133
-0.2830999966733665
-0.10068447163490075
0.0004961082780028887
-0.03824271604158926
-0.15749285493700793
-0.200819305654722
-0.07503723337655382
0.027055407969763124
-0.2892157061454917
-0.3393378805570736
-0.017360862047585794
0.2442341297700916
0.5288522079478087
0.6516866274326827
0.6131936547057388
0.41850286489056127
0.286039016024419
0.2869466677415622
0.08037139840296328
-0.2255713429763746
-0.3032929179589327
-0.3490023141260812
-0.14028150842136583
-0.0899829311644388
0.18993922210472874
0.12154757847920777
0.1869682811635964
-0.02889008179861749
-0.23324985072567564
-0.23935573303302773
-0.13096251873150594
0.07377679211063781
0.0344796176655487
0.019961698721616957
0.16377045860302053
0.04857578601976768
-0.12180829979245957
-0.27360043775438614
-0.4083639462141109
-0.5135777252561866
-0.5573951488327951
-0.33898217436824973
-0.1264855757361052
-0.2066541209639262
0.017367296409405784
0.24066487409366166
0.4086935227555075
0.4326316449678571
0.5548761207974351
0.46854605111532965
0.3710629860627686
0.31308111787002685
0.3793967376515129
0.10702079817076521
-0.2390675823065011
-0.29231928326427625
-0.41152265209781425
-0.5622047518169707
-0.6064277700089671
-0.5182462464895946
-0.2512798600549972
0.04346914062340712
0.38651558268006087
0.5163687365911636
0.5332172606950687
0.2583058832512207
-0.0006165147238014184
-0.3173208487917531
-0.5886642884269109
-0.6363178576649696
-0.3397689866296615
-0.34502177691841285
-0.3635323021816863
0.020490662277445254
0.39116807092383754
0.45988430438517175
0.6303284479137465
1.5516260019777248
2.3678261398508407
