3.0409197154644794
1.5862255271340175
1.0474261653274357
0.7826789103531739
0.6823728874830461
0.8662772718493041
0.7625998523303794
0.6223825583637564
0.4465734283837993
0.38822326598572415
0.4768538059467433
0.3900032160902517
0.0726976924600837
0.04967090190307469
0.08281003916096225
0.008637981793116532
-0.3371841238525934
-0.19887305467536787
0.12159132558516073
-0.016844141854121333
-0.04066228402872124
0.07662014087194773
0.06717824880353526
-0.12664572517848846
-0.061423708248159466
-0.09013316754716996
-0.1598300585047045
-0.31081287718940864
-0.3095556278299056
-0.2835217087138667
-0.10471174356655658
0.04177654475591057
0.049842548293664746
0.32302400602447306
0.5319540315661532
0.5383974111093073
0.5814338705270914
0.6228782985265291
0.6170960824566538
0.4446582971763748
0.22269961469904517
0.19594757646473834
0.24288423452351407
0.12187024174563829
0.09640200605660235
0.21341478479111833
0.06503166911945063
0.07286086321035251
-0.04237797151869771
-0.08353737085270871
-0.11444688005523222
-0.1755698396000106
-0.019511865249146415
-0.020946429140636463
0.1205568878801532
-0.039326789125895836
0.15868298059465333
0.20199008926768944
0.18672554414953121
0.2063530836606312
0.2857676807013434
0.4320051495319193
0.35468645891370226
0.18408270233490734
0.2054722836564507
0.019226420543049533
-0.23995571544236455
-0.42306633757507844
-0.31182682476428897
0.05248034923941195
0.08164530690430526
0.19424424610239355
0.38504504117889415
0.556639614263023
0.6286057018246466
0.5541815774920181
0.5512285100713578
0.614744960746392
0.43715357584965575
0.19280427283701687
0.1495769584850238
0.09645672382945254
-0.21205010535488295
-0.5433128430267193
-0.5347298008774939
-0.3205977158403988
-0.10802843083545094
0.11274222711923701
0.38811693057284774
0.5393551699584337
0.5073766843483368
0.4736333611622284
0.461064290432472
0.392361676761463
0.23214334720798985
0.31563090631187335
0.14457608785373552
0.20193305527608854
0.3606314134706169
0.28135406224125886
0.1201466964285543
0.05130584315987915
0.05986427233494779
-0.06788913729694798
-0.35857236375699186
-0.390161693076392
-0.07126411440725894
0.06957106215771172
-0.17256171925876657
0.007788891629540523
0.3433982811715928
0.4287309356109912
0.2902461628989691
0.18484025499306037
0.28091672404966517
0.2638392643706575
-0.0032746753674503734
-0.2107574112665358
-0.025081480463384258
-0.2175619842813967
-0.14356059109821215
-0.081289006753357
-0.09860618005002199
-0.37650076310105995
-0.4637754626026938
-0.18109491956027196
-0.06131172634241806
-0.08593863975568014
-0.21107855792856578
-0.11165532457860781
-0.26773238047494935
-0.5027024950993658
-0.4185577996445644
-0.32693032469232336
-0.4059770791049409
-0.5661745691392178
-0.44953692909096754
-0.15444601300858096
-0.024895093345177942
-0.15092213801518048
-0.12990171322558902
0.07881289914697598
-0.0812322660176031
-0.11572110509233133
-0.3562170837957143
-0.5138243957058275
-0.45428663933169217
-0.14785560751946977
-0.23430758649894798
-0.2600957549204413
-0.13981374091429533
-0.1476208174915352
-0.4513695552641559
-0.731736938001568
-0.8594614919596835
-0.8981126559431075
-0.9002597331141367
-0.7714357989482504
-0.4524464839246517
-0.40269016482975917
-0.1742884031429119
0.06227526428272367
0.23540936232796522
0.2170575889184108
0.20169625003724076
0.13773870592302884
0.06737291648205271
0.08326400327411439
0.19078694670166316
0.08957706459579774
-0.13785188160533912
0.030363911646889917
0.424483033974613
0.5910489900272509
0.5724955151637836
0.6629790710386492
0.47693874773768646
0.3032944444107974
0.35747774347645567
0.42593646462345336
0.3408012521381683
0.48198860705979973
0.5061151931381261
0.5093911545384305
0.7483927941659354
0.8638697082714311
0.9029269917981004
0.8931717851194092
0.7357224136030804
0.6824343137387054
0.7753423710924369
1.5533116327334233
2.4567640458284585
