3.045918702367336
2.199789351009292
0.9350162144198515
0.3668429875540399
0.07781667276609458
0.11951707941026889
-0.1988537997909137
-0.45597061075278167
-0.5316982723189615
-0.5049462021667103
-0.44754820876037105
-0.24873881748757576
0.11339517678365127
0.3598750732848206
0.2580930292469553
0.5266072440798458
0.8113978760208693
0.8337616615167157
0.6622613798429864
0.5312214911730326
0.6415680535410377
0.3438537423395114
0.03792785082111323
0.0594586262506039
0.3026331142314195
0.11322004746143902
-0.12402563369326405
0.1082055989669365
0.14732261894719184
-0.12415185559490433
-0.10351988398508781
0.25508039048360337
0.4031869978654495
0.2575881369218848
0.2891186759887389
0.5957751014708135
0.5464004415815481
0.45509390693492485
0.2194545013105783
0.3648708977633482
0.27325025708606343
-0.02267355508445685
0.051718358908856864
0.03925617829659049
0.034318869247672454
-0.04514377833783485
-0.1442136111479201
-0.11844314779290964
-0.09716417217701226
-0.4511289888146754
-0.41146224001729437
-0.3182721021620374
-0.13005786526732951
-0.1984285918638758
0.14217448302746075
0.28344751271769647
0.24893481091714878
0.4821012262479278
0.6736165176791885
0.5079931657820043
0.1719120811326845
-0.30767891428901206
-0.5268172626583372
-0.8783396840218184
-1.0335565688249453
-1.081153309345872
-0.9602388987668062
-0.5184946060997346
-0.14549108972520677
0.21484179716768637
0.38789431370217087
0.45281819988417127
0.2673825682080645
0.089807040387982
0.2671887268850219
0.18576432480410765
-0.07089012535262017
0.11289135745414385
0.014259579911912824
-0.31794432139825984
-0.3234226603315894
-0.07593595320339257
-0.19262306119894473
-0.19934234264572048
-0.08131236744799167
-0.0038397226603284103
-0.38223371456584415
-0.5202207241029795
-0.45669417424428077
-0.54248934628993
-0.4404663153110695
-0.45016173631227724
-0.4902668352460355
-0.28626356484042453
-0.1385633547532689
-0.027783162076597236
0.2568327542725838
0.37366409655878885
0.7823203523025563
0.8966693900387626
0.9199456186814772
0.9827499059161585
1.1021702487114287
1.2211758046216317
1.3277244172797567
1.9618916912380697
2.909128920243877
