2.9962313781982126
2.086361629884729
0.8833866656192495
0.1339173783933263
-0.08115484721735025
-0.2036804607147782
-0.6227757408718244
-0.7945843125630822
-0.771446115470579
-0.8640822064850171
-0.7148784232335444
-0.4444500423292516
-0.4410055036892604
0.029361246231738372
0.015843000499331083
0.14939985319553964
0.355473252373416
0.7948908091257927
1.016345203516644
0.9690580373384773
0.7899136023780355
0.5979238373125045
0.6066026267623417
0.453032286770937
-0.045841227059709916
-0.22499477196506512
-0.17353913616604
-0.22300584221059777
-0.5169802151685234
-0.5210983514982299
-0.2686405765619141
-0.5769607265781574
-0.5533060020874205
-0.5130900272110083
-0.48095711632286686
-0.5171182362746836
-0.3690842513015076
-0.09282670400333558
-0.043483815594942146
-0.07484655944401182
-0.07247853325316522
-0.05384201176747738
0.167515574088505
0.05183772795075415
0.2987752607811961
0.3132096271778347
0.10074100669510463
-0.0835888911081493
0.08390061837071264
0.05659485903136482
-0.158122052829792
-0.17281859326892512
-0.005433495652791057
0.19962656439433735
0.32444046955817457
0.1456551393427589
0.23721324806904076
0.23666396670855008
0.11342548542305246
-0.15895559868107245
-0.06889896445174705
-0.053968425906808185
-0.4841537074200129
-0.5486645597573536
-0.459777811277232
-0.29937343072205425
-0.3536037590076753
-0.11447626050285778
-0.00143948420480974
-0.08000178481241417
0.025549760669478557
0.2547049532647327
0.328292441776176
0.2862267311607636
0.23046479372525838
0.32985235483453607
0.2796675298290655
0.3082293522780083
0.4503448277910206
0.27173856121927725
-0.05160262150825633
0.1292642043044801
0.17624193830350174
-0.10852247350399091
-0.346049105170276
-0.03725344401261795
-0.10205414398535266
-0.34242619118190115
-0.3724914995730789
-0.21667544136493144
-0.3155665373365837
-0.1644864947072574
-0.01014502131866657
-0.19584007494876932
0.24450363058071523
0.3989762529575756
0.22576175244308605
0.304178638281823
0.3141290395604592
0.1904011148098346
-0.10898056722672364
-0.09417479667543
-0.26069537254454467
-0.13876904275562618
-0.3680215815868795
-0.2822302451047949
0.15716666915204847
0.24452302197681786
0.2391439632199387
0.08016037962173678
-0.010373121523939988
0.05071004339406926
-0.006727885696902344
-0.02046237601179479
-0.0254511077313454
-0.3730213723750242
-0.40748849145160215
-0.4148560405368702
-0.28727909788158296
-0.3015171011182003
-0.319063454020032
-0.1121057630870825
-0.16620323681195454
-0.04546911815647343
0.026267498501536465
0.04383089351323084
0.17283534751137092
-0.01995128841091342
0.14764875632762192
0.2043405028311261
0.05666280554657236
0.021442135962363357
0.11004522420507959
-0.057600792620806536
-0.4303504647879002
-0.39824100855758565
-0.27731930140373573
-0.38425385292730196
-0.19864665306535742
0.04837207385663986
0.07953870539277533
-0.0485199708412193
0.13039171820221057
0.029633457029613716
-0.2727567712663276
-0.2145467754078676
0.041322828789187284
-0.019478249213354094
0.07124720440775949
0.26100637552107975
0.25029585306462787
0.19665277517470145
0.12102363484471171
0.11464829211144933
-0.3101551993588144
-0.4412301210012905
-0.6577096995204319
-0.42983978469755013
-0.5341548384073529
-0.21567229201778704
-0.034483613215182896
-0.05903944489245627
0.007909631422111318
0.16518208226582562
0.28338343273108524
0.25861407212717624
0.48339565386047945
0.35322959118387365
0.04272491749968027
0.056166142965576704
0.12305569830751337
0.0429470900369211
0.129649465278957
0.1735821262414967
0.4305762785504844
0.4077263443643253
0.38926724908853316
0.41375626718208125
0.10449864840417292
-0.2721645453334034
-0.41248205568766777
-0.5058016743544005
-0.6885560898829979
-0.8140825660308639
-0.7738698737206151
-0.5025357358928875
-0.42311434520820557
-0.3070513482548778
0.09321650718136865
0.3669702898887055
0.33812762104557587
0.3251491805681803
0.36273974850850577
0.12698941413926093
0.343948628905455
0.6578950396219037
1.1357715590823292
1.9514571444431796
2.706377124138954
1.0878275891975773
