2.9321962733370324
2.072581010553243
0.8588207439706854
0.46486155381505473
0.36254228293514734
0.10911035135326955
-0.19853799528000893
-0.28345333689543817
-0.056356865213352855
-0.051406560135646484
-0.11717583973704342
-0.20710340822283013
-0.1369827706976958
-0.06329708107044507
-0.0776582587130418
-0.032494813839091446
-0.13642798957207236
-0.09175329617663851
-0.22996639171008593
-0.17335879517306854
0.03234403713363513
0.05308153911083262
-0.14550354789203893
-0.352971795088122
-0.6281717317116498
-0.7087250630143248
-0.5865755251486967
-0.6094342519369662
-0.359041772721086
-0.057434052059392504
0.09144923224922229
0.17561893751624658
0.16276035284530108
0.40501647540515323
0.4224699289382957
0.4193956098406457
0.41882225590905164
0.37038714940523454
0.29685159257101396
0.2501032594765952
0.1778394272492996
-0.03994658792329873
-0.1507615825230741
-0.03852580391819183
-0.22674943251242974
-0.3384874831272567
-0.1288923130111137
-0.10191119874942264
-0.18270205163944986
-0.4649825695281283
-0.44893574764018884
-0.6567601792149877
-0.8332522474013739
-0.7860400624814607
-0.5756866037907434
-0.41366596179474285
-0.19888780943335943
-0.0870492930171165
0.06705286615937275
0.20806254433268112
0.25627931210536703
0.3049426805545782
0.42721549935546377
0.40116808938734516
0.3864588698499932
0.4461998782885878
0.3567457611519734
0.1569193432946842
-0.06750435842046959
-0.3039818933635302
-0.42736813175097393
-0.5186876525096595
-0.5076199905929593
-0.4347041442605772
-0.4170323785861718
-0.4307944022174898
-0.23266792209449044
0.07398297862989382
0.2522610335690589
0.32189732679459176
0.309013276853247
0.3081325418773986
0.3503658116021269
0.4553831355949925
0.3504572117759171
0.16655789318182668
0.01720293390913706
0.067398937632396
0.06423449654502705
-0.12142139888530766
-0.22769065211883385
-0.48667987086596737
-0.6892393508882777
-0.7860415182466498
-0.5464440568896156
-0.49386417583930825
-0.5100107729798355
-0.2355024327799505
0.1543039104276092
0.2973542699175495
0.4304201141158454
0.48609547532310243
0.31984903750293997
0.1367618492599065
0.28116907107424366
0.16520522042318264
-0.14181557570257824
-0.06046172787342311
0.08573364662931382
-0.06632986984673872
-0.3074608223157492
-0.22903576235828949
-0.3377528706326375
-0.5586783015958775
-0.5933118821186494
-0.3056233824607427
-0.20567695974110542
-0.36174268108227536
-0.3357344493099907
-0.08726957524005319
-0.0010859011884482017
-0.10999517548150653
-0.2610822896772588
-0.23918566197468982
-0.3682476699945337
-0.41415023230197845
-0.2988071007088295
-0.21298838247780139
-0.21089245954009403
-0.3157913027288324
-0.2666713133972333
-0.25863649477527906
-0.30771935538627593
-0.305832642754237
-0.04315976953957189
-0.11180048381536196
-0.21402116658632286
-0.2898752797503693
-0.06536434795452944
0.09444709858429173
0.2459456914118019
0.23204215211841978
0.3030521713774973
0.23408450598946587
0.006191194088885427
0.24054125194177517
0.15453482775477115
-0.08209532642988371
-0.13247591340688786
0.028937110355435492
0.16894843497175283
0.14621155002628636
-0.019351848622078043
-0.30495898053561077
-0.5133342780619142
-0.8043755714569228
-0.9168385195498694
-0.821970711794083
-0.4604195822997993
-0.07715738022042978
0.16674110947829845
0.4692632737829094
0.755784160873638
0.648768035415087
0.6857775718356349
0.728586097759314
0.5153238971163194
0.23024608747769718
-0.05657985732570764
-0.20929465055312355
-0.0818779581606861
-0.07443610910766385
0.12454866191891466
0.18712514101356856
0.13692744693459755
0.059142347497998966
0.14532728294761957
0.008105939449303469
-0.23138918154043647
-0.3575147577276184
-0.2795557432185068
-0.21703654946212103
-0.11443471109538751
-0.09479472074355316
-0.0017862570332273882
0.24762896332276652
0.12062526143430266
-0.11639347911175493
-0.0009522702660201064
0.11196856823453433
0.08114841130544717
-0.09533011596602957
0.029517353525795084
-0.011213585809798664
-0.22257041362566227
-0.06560010380723535
0.12439538432620992
-0.05231046074664962
-0.4327087559394846
-0.18852910977734735
-0.3786695950228246
-0.5329352727516461
-0.4637003681793555
-0.27264589905117387
-0.30178118742525023
-0.019852691234277228
0.29320906842684513
0.5226904976134354
0.5567859307234233
0.5917090513271004
0.6875820568620645
0.836892991310137
0.8046808964642703
0.5605571405774283
0.4026430016330562
0.17202585139614934
0.20053929493832473
0.16214506678524218
0.19320390820726027
-0.001065387543374867
0.05410696902449164
-0.06512282888967388
-0.03433284907847538
-0.10910982613309143
-0.3187630984485681
-0.5931766058973134
-0.7102992050377259
-0.5603734628728076
-0.27080612816699257
-0.17069462428088258
-0.026443940785957964
0.09342096610168242
0.14558061121884025
0.10529433396006695
0.1622418660755564
0.28196773657900553
0.2720779574220101
0.058051306426964946
-0.040616407440630095
-0.3295799545670337
-0.40593276131893347
-0.22730158869561531
-0.04417537634406642
-0.014102908093784745
0.059409013543481375
0.007284036165324787
-0.026397885989363393
-0.3493544049725182
-0.410554694921484
-0.30476612263806907
-0.06411830215155734
0.07866855911108907
0.026361782432384552
0.005577872524922346
0.040759475348947846
-0.10423300497177693
-0.2321179109238378
-0.3523348953542347
-0.4004290700040356
-0.45741325132720495
-0.43767414370427987
-0.23850786004497523
-0.050854861273881835
-0.16656973670274441
-0.35154777595124564
-0.21562318260509178
-0.17609403574413637
-0.4260450152990973
-0.266821039914578
-0.04708106974938657
-0.2217167764130284
-0.3813887533114679
-0.14857467644122774
0.26109916301021063
0.32941139590500385
0.36045107990680114
0.4040130636851371
0.298625436856832
0.33423144286530215
0.371492780221864
0.37611505461655836
0.24883865362036303
0.15247165419738556
-0.16917397470809653
-0.3192713034091039
-0.20727011559748126
-0.38656692191719894
-0.5237367832086074
-0.6647027765050867
-0.5771762357260405
-0.3394978230234811
-0.24959542346588148
-0.25566176921067063
-0.14706241861888217
-0.11157195381404704
-0.3008577568307282
-0.14482542607912052
-0.2540976047782876
-0.18586926071339657
-0.21944970299103203
0.06497870989820759
0.3038033760522989
0.3312401898350723
0.30970595522339023
0.30915067417851017
0.18677795105995332
-0.19037071642906103
-0.2264458290003277
-0.30608813061801243
-0.40766931899274705
-0.2878270427452828
-0.27479382490126164
0.022424349000445067
0.14406056676159057
0.06489904627767133
-0.10547855114185897
-0.06830596870308753
-0.286844064115166
-0.34045878002560054
-0.3874605488249742
-0.22079956633132208
0.040677407896134096
0.210439577661164
0.2995475690599253
0.32471649813513853
0.38003603039333844
0.23646866994424245
0.37037301464694916
0.3376904702811896
0.3406184100019398
0.29390213745908295
0.22083772050750963
-0.07934380957495545
-0.21156952184007355
-0.3148579390358516
-0.2292395952408815
-0.3969305243915204
-0.19808733424337852
-0.014875521526790673
0.19963704732774573
0.3190707138582383
0.41986726728945367
0.4305745206754279
0.2231618036080791
0.020008015425391105
-0.002982247179447492
-0.24828720720642886
-0.30549151228646043
-0.46721984516580733
-0.4326489454999049
-0.35092773008717043
-0.004547455510981128
0.28138154405137655
0.2030568072208897
0.35778079109277783
0.3433739459176539
0.3754593580610577
0.24174093848644257
0.13190860247127026
-0.11903851238129966
-0.16813307642771316
-0.3538633420429146
-0.2841975159525365
-0.41332834497370363
-0.27585506889779904
-0.04598398236861027
-0.07820675394833623
-0.2361459997089213
-0.1792389665074117
-0.4402693046993258
-0.4547026316379805
-0.39277540737531463
-0.2509731409822899
-0.14065955056430088
0.17784842754068672
0.3502117313745541
0.2887703735902576
0.16835723334974104
0.0703785479515365
-0.13598585789078566
-0.18266082606590534
-0.06261792168928755
0.040522562731135955
0.07023975624027903
-0.2139607787606098
-0.08922019817434393
-0.03433651999345973
0.0012177138061611253
-0.0008946089890809542
0.150245465098653
0.2554927483162883
0.23380001862223915
0.21083869896698487
0.4437202970005305
0.3501247582279743
0.34149342600194754
0.25611096048945614
0.09910502875292487
-0.14811618687694952
-0.13712681991372944
-0.30085348217750374
-0.615847130930445
-0.633814743342072
-0.40913883168584797
-0.1336562504696177
-0.07401190324577345
0.20554924987406473
0.451767232740902
0.47252048556239057
0.2997128708570098
0.09514295522945518
-0.21251054135962186
-0.274995498436866
-0.4267058227034445
-0.29052788051107886
-0.41156090377928917
-0.24523658989108935
-0.22161017468292551
-0.1551962152203147
-0.03563609037391952
-0.027515580946593496
0.20931551622066502
0.2780062282692821
0.21271356268909575
0.2476616258761467
0.19098914622494978
-0.033064137438086984
-0.2759824802586264
-0.1644194037597913
-0.14414959312345862
0.00700464899148473
0.1613743292303159
1.0250998383991652
2.218900627635741
