2.914605964962983
2.0814411525558034
1.5908841515923833
1.0294556584188095
0.5535084513792194
0.4809874921455858
0.33484912597974315
0.20991305613273387
-0.0518709211630722
-0.06802319089287903
0.034019761222695774
0.1269070623471154
0.3668199291730962
0.6165633956941003
0.544148822630716
0.32887126248303494
0.12097242732867691
-0.1935256479652403
-0.3866464420211279
-0.47173059485434515
-0.40668235250391993
-0.036607567314685126
0.13369920180133996
0.314470327034923
0.13462749425615053
-0.18982528050784964
-0.22984963993681762
-0.41940354025854204
-0.5218714128301786
-0.3935273498553197
-0.1731256097979109
-0.08047840778460308
-0.1144234663330836
0.09359209451512467
0.09005180631861602
-0.06364430478393551
0.07794960322083341
0.1845365157594465
0.007714156621672811
-0.23539167013267168
-0.13382316667548882
0.01690027289885791
-0.05244497126823166
0.041851310651385226
0.2375105478916307
0.3681491617893419
0.3941476751788266
0.2473551705512793
0.303465266987612
0.13045056930431276
-0.2950462404447878
-0.3384879146131758
-0.08254946616694453
-0.024224842828447436
0.2212205454852093
0.5312427762732695
0.6502590548434058
0.5054618639704186
0.694726654768813
0.48422352061442525
0.11855841398513013
0.045971711749819316
-0.26306685405835134
-0.49608634948909863
-0.5067108720333143
-0.4074188713532866
-0.22798313895453026
-0.08200445738328926
0.07337917302078154
0.027710746734897818
-0.031528961332337464
-0.2704704063041621
-0.49239755880994396
-0.500925010846655
-0.42428043418899897
-0.20163106482235327
-0.1785216151142729
-0.08983187043941877
-0.1464385121168215
-0.048125140816214426
0.3157423073430752
0.38165036940486824
0.14062762166995071
0.4095293694134743
0.6528641182748497
0.8389165133802006
0.1587841865067502
1.479615920143577
2.4535461130785348
