2.9245728261089425
1.7891882275806945
0.6404958342181374
0.4825708436379975
0.05845895782819455
-0.15765502264441777
-0.0686934647381936
-0.038233502568503275
-0.08172098672489644
0.12893708922271602
-0.13747802241806037
-0.03861780944533288
0.0763019167055275
-0.1436394787455787
-0.18731366472219224
0.002384220025548084
-0.09584526254926086
-0.08617225508039256
0.09800107413052545
0.0425285568242425
-0.17290100633064587
-0.11943010025267402
-0.08369995267734687
0.1108398814907734
0.14262640747730204
0.10872371332220421
0.12396743153133094
0.12232236210645422
-0.03141578805141021
-0.018716561413131605
-0.007721559804163114
-0.10589393087013876
-0.21958687838099367
-0.06162024317329991
-0.0014925821558168934
0.04258995282029949
0.22015814200401618
0.22770676465061962
-0.041470433589039436
-0.1373965141942889
-0.40699925296900846
-0.4676335525323721
-0.6135316792549151
-0.5583488432982222
-0.29776469418373347
-0.08676873441170359
0.3265781259743845
0.5057730309166268
0.45245440828546823
0.4149852491918899
0.43757956636212697
0.19348492035741238
0.24273893725501466
0.2557884862056353
0.278641646571805
0.361097911910245
0.3973539514750951
0.346940980221087
0.39970680535204745
0.22491212867751553
-0.13637284379425124
-0.3691584075582239
-0.5936959053839509
-0.5815542791939586
-0.7518997238844058
-0.6046456352277433
-0.25905572125662335
-0.19142263905414078
-0.3405655486117618
-0.12443287063600626
0.02059668824068544
-0.1483238250685938
-0.13741019603359586
-0.09327961460263938
0.12828522266686074
0.17955083779674813
0.18611279671269507
-0.031391242906476026
-0.09455501834646549
-0.00707239603368612
-0.033029520238789675
0.028280519239697544
0.24983561762395046
0.15760299064519182
0.01563087905416244
-0.24105747911288058
-0.41501291893577696
-0.5245483855326172
-0.3656099946431872
-0.16166339411266412
-0.011152957727004975
-0.07219401899594691
-0.25032301634172044
-0.29297552737446697
-0.2750333709800089
-0.4153493751760853
-0.6043979926740588
-0.6723153110698391
-0.5269166783767049
-0.5851195223350942
-0.3027723956608673
-0.4762685501518289
-0.5798322134944843
-0.28938117858374723
-0.39709205793955465
-0.4204397208848038
-0.5211666949639651
-0.4016217528790582
-0.35793623956946546
0.030919829465162196
0.5779004285061794
1.1060700377140675
2.003889233710005
2.6764533104184043
