2.503236273381408
1.634507576887255
0.6312308572251494
0.19292822776931023
0.1073389021264713
0.06769542774610497
-0.30456195723531154
-0.17458704331291405
0.0969365637919265
-0.025454287415485673
0.019911616346317933
0.11707274675354681
-0.06845419451584223
-0.49195002353319345
-0.4256209785745428
-0.40083783085769537
-0.6393592353623686
-0.549708853251922
-0.22581722157045245
-0.17315033907517827
-0.141985970208531
-0.16423698205280807
-0.08232009519422456
-7.480836390317191e-05
0.1776436458536449
0.11519974583490733
0.01040799833745239
-0.2149210341257576
-0.3651054041171753
-0.3317861974861663
-0.267048935056874
-0.3910721268150686
-0.174106902146237
0.08532225195820728
0.2318802464101572
0.1722309368756494
0.48056296493437384
0.6051857533676539
0.6563014830474034
0.506308595764628
0.1489202581496884
0.1749569312001688
0.2194050597556826
0.011923267882911915
-0.1870422691619377
-0.073558746245719
0.07315691991896804
-0.12649886825046525
-0.27110488190403925
-0.03254794491256238
-0.053171259999019393
-0.23031115676262726
-0.061723925847846826
-0.12339708576151975
-0.3097688500102797
-0.4826600300999543
-0.43075292359396183
-0.5696694693661708
-0.5290263208556651
-0.36656247063532427
-0.18504614287303428
-0.07639109369072039
0.03376759885731602
-0.1441196812785363
-0.3168697248455949
-0.2913756666366058
-0.04683787751929477
0.05311716855517175
-0.15823690107712346
-0.17919549477898247
-0.3573901720642869
-0.3354408031094044
-0.479038489012799
-0.39415438184895146
-0.4642207602880319
-0.36914763148602686
-0.13647015655170142
-0.25265272904208685
-0.09816906114917032
0.13108705929319808
0.12883493981370525
0.030241426146040282
0.18593822857313674
0.20215606952432552
0.08088918167439658
-0.1878126391084671
-0.156763761407005
-0.4407813932680504
-0.5251396374883224
-0.5042560613580421
-0.364163153902712
-0.05342881891434878
0.2411537329370309
0.32115019640411985
0.3741181911924535
0.43192669184203974
0.5866285793081322
0.5941965992960629
0.40590873172917
0.11874183581784985
0.0818579952675357
0.022747501310751064
-0.14163796991007754
-0.2770635889249611
-0.24307975814072552
-0.24585089018457612
-0.059448010314189025
-0.19247369639708103
-0.3587872741317942
-0.38522585302703394
-0.495562334889329
-0.47926987148857003
-0.6385814686070184
-0.6614816137980767
-0.6244726404050827
-0.5398794407217536
-0.4031797057167685
-0.01438031564446933
0.1781558558604593
0.0978850611854529
-0.14645118580160496
-0.026376783426549942
-0.15462219083958417
-0.13935995072170565
-0.06645165186149363
-0.08550965116247589
-0.3377895583274654
-0.2627418339035799
0.07373916838366243
-0.026908560859718763
-0.059805544795951474
0.06405162765346956
0.015610200169561193
-0.0463853555244225
0.08541756812707312
0.5200041314473051
0.49926344351347063
0.289685434367785
0.14793368531658377
0.04011036875461349
-0.23966372877460568
-0.44214398933552584
-0.3875074237500101
-0.4197185865618608
-0.3623537816607695
-0.09579535729680282
0.008081724334407271
0.1538799687387314
0.19449025061190262
-0.1755144067066196
-0.26075480719067334
-0.09562498060804216
-0.1933970615674746
-0.27719358625087703
-0.3042619868712016
-0.17652218586712853
-0.23857390662700353
-0.4884999903627938
-0.5036464725916779
-0.4473773832018158
-0.45860562489434237
-0.1378065761878412
0.5354730689961091
0.8114099101135909
1.524532579593632
2.5634205535938595
