3.1072194797420556
2.06002325620936
1.320611470752669
1.038050337139341
0.826450059139682
0.20331291285951414
-0.318369198995911
-0.4618972649724306
-0.580604263578138
-0.6535902731266388
-0.7311921968591921
-0.40512731552186915
-0.5877167523156496
-0.5756542537927639
-0.30031100911961817
-0.07300478729251308
0.3956234014243337
0.25870545705840753
0.19089581685539064
0.3260666753069523
0.31461280226432586
0.11353746867167225
-0.0134739484539112
0.08248938800562172
0.07967468395405186
-0.22342906412229463
-0.40699942521601673
-0.5449665902202635
-0.4797327166267181
-0.4034747823380325
-0.4310632005281343
-0.348827665553628
-0.21013617864425838
-0.1043941352915701
-0.0005276892999956442
0.16994521969139803
0.17201715392827588
-0.012462339915016829
0.20154399974247053
0.22932198215837096
0.09847366020816466
0.21293464292055328
0.41373483963107704
0.4664684401079297
0.2128542400173277
0.25644712094541455
0.4190237946344303
0.5028684132861458
0.07051925519428776
0.0077011361314465385
-0.33646636384330175
-0.6192063455310319
-0.4818038322529725
-0.46024813003827547
-0.4016961158255575
-0.23484823983721223
-0.4057580221032504
-0.5751216476559846
-0.4157463619759729
-0.4469217120652294
-0.2382410889425547
0.08231630515307375
0.03392698863396702
0.3897964436004374
0.4553563635363188
0.39943711047698477
0.3218068556500317
0.17947705513328793
-0.11214079695285989
-0.16573065987659774
-0.42107486728848387
-0.4094104829053997
-0.4892009097539408
-0.2537782051890276
-0.15790915771153768
0.33399065002273753
0.3942840416261101
0.42926527080207405
0.2138873453509112
0.3298572424119106
0.348166666983897
0.22093023935672423
0.3246619313218747
0.12346518210967908
0.18985152908786773
0.18830806753471785
0.38261191508298154
0.3480605431537869
0.3793832449787303
0.5425414603586887
0.4695013137382808
0.0834460031399295
0.03864407959485907
-0.08296912202235095
-0.32707551514230593
-0.4693802415321588
-0.2891059827234236
-0.31890570169155413
-0.543698775703526
-0.6242258587334086
-0.40588524164163875
-0.37033258798507396
-0.5223022326380797
-0.45307095957878774
-0.20828898345039276
-0.06301656753320017
-0.13503854309581376
-0.2218084313738445
-0.08797300021093196
-0.03179107484303166
-0.14601247447206123
0.04437004038451984
0.26456001256806827
0.12380858128972752
0.05233733530998652
-0.019421450859342083
-0.07036516237475324
-0.2423931895855096
-0.35015793718032495
-0.24679171138766956
-0.3803408884605113
-0.27822171506839405
-0.17219809872905165
0.0816185601080226
0.38189553514274865
0.4764173635811352
0.47428022715386675
0.3939900081474728
0.02374848867951418
-0.05532844451001561
0.03151344819050846
-0.05297259905726025
-0.0624100507884449
-0.17849866678888124
-0.03622283515156838
0.15638962689442895
0.25463220295731587
0.4835783111757377
0.7421821800629783
0.8260470351510376
0.7939787609274478
0.6890898590941728
0.6084200486612468
0.5419933912347954
0.20304108040939406
0.10450008724782811
0.004135059282664059
-0.1836615115211337
-0.3418164275701137
-0.30654247122144707
-0.08895276356535377
-0.20313051620532374
-0.10249100563844601
-0.02414958188078916
0.04747929261823291
0.049534285239906106
0.08789594365571175
0.3158130874246503
0.5029111976431476
0.3590555688339103
0.1412867569457053
-0.11284852722834768
-0.15035150800392738
-0.48301002456458275
-0.6195262682864554
-0.3495946059156736
-0.04254265358926346
0.17988397252874355
0.25180482911373037
0.3888183129930076
0.5363292205224435
0.5238527360465819
0.3441152325991266
0.27529500197699963
0.34065667598235555
-0.09285549125314362
-0.3320762151596737
-0.2030522476347833
-0.2060332147202307
-0.11548789409228286
-0.15778204545620195
-0.11208950514423269
-0.1419551670728478
-0.18902133372718613
-0.25904071768435516
-0.4584008528991909
-0.458893803444843
-0.5185116280426861
-0.5302081930183873
-0.4936661827275918
-0.29418485490943325
-0.13037394669797342
0.031084653916949007
0.11415013051039569
0.36076476985256933
0.37217942281938
0.3193345782284802
-0.08932279495662987
-0.23685189680171947
-0.08799833215436514
-0.3114785087330539
-0.24440663428593415
-0.22154299993537907
-0.3486974170035956
-0.2536099312042753
0.10416219307486616
0.3191188079258784
0.05885567458297114
0.0514068986927495
-0.46813661820227737
-0.23640506596254496
-0.1956959792386277
-0.025805402079758233
0.03405525228511175
-0.01941136712352018
0.1538540774109065
0.5611105192333822
0.26112970151421167
0.01671388884996
0.06291696059691607
0.1308809398573047
0.09393870037766769
-0.19919586809689838
-0.09156820508071653
-0.10112792367563617
-0.2895532984808781
-0.34978212724955293
-0.4542793465140797
-0.4511588817847772
-0.5925645714613788
-0.12664101830097563
-0.47036018546923664
-0.5032331138344155
-0.561847891785998
-0.6998125330363532
-0.732023492704539
-0.7017293440095115
-0.15276926624291617
-0.3840207485342798
-0.5212970760600781
-0.4470755620896539
-0.38944801753398167
-0.23882883435399174
-0.25985014156575487
-0.20021127119432547
-0.24020842594902192
-0.06559267101743606
-0.21837008460283458
-0.37153777408321736
-0.6306391394986197
-0.7820618488052823
-0.8488063037088138
-0.70110460549398
-0.6774682156320484
-0.6978791973373122
-0.43682363733211876
-0.13032137326319637
0.1318640182490732
0.011100384564302575
0.020646446405647924
-0.10373910223902513
-0.18664250876226487
-0.3491453006495997
-0.2788897271431683
-0.47205788264473225
-0.5636087288805388
-0.4846060344876254
-0.38551658043327786
-0.5212865364267705
-0.6040244049557242
-0.1523927445240857
-0.25240408561331446
-0.300960086294784
0.018656153695516486
0.29558862931069585
0.03130866589567943
0.17514552052365223
0.19208772107116162
0.07724001996230001
0.13023450359529226
-0.2841092233752248
-0.36402568544696456
-0.45792408335390217
-0.4290659770847698
-0.6807012126122673
-0.8147189354383018
-0.850039916565154
-0.5790060671433033
-0.6722639006596286
-0.900112632496859
-1.1043963444499059
-1.2012130521142441
-1.2061819396543245
-1.111819845426821
-0.9288032352896193
-0.7906112984597948
-0.6134536601191557
-0.40370702235967976
-0.27514307582505687
-0.2470557831257169
-0.48193459557847595
-0.4650354555308558
-0.431618797216452
-0.2719000475348206
-0.10108726987565991
-0.01383435571785399
-0.00515538207022663
0.09818192799010309
0.05071734889752665
0.1936650708942562
0.13320555643868887
0.15567955470708916
0.1765521046092406
0.10521912323602642
-0.09706309331280563
0.061711073151360464
0.14251391367415503
-0.04941124314862451
0.20056463076462167
0.322634715334775
0.047463998330488304
0.08126849701202149
0.0789124021461285
-0.08885489459597573
-0.09509672164336282
0.22989114583582743
0.24668570284495148
0.20835517326361214
0.16892484381575018
0.2866566719841212
0.2623167018325133
-0.03216923945686122
-0.10137895766596984
-0.22217765189061445
-0.5383545801241009
-0.681009772009447
-0.5931755593053493
-0.7177594339983079
-1.0959066761446281
-1.2250153028073236
-1.1794896028541253
-1.189815802759028
-1.0749940497336639
-0.7472330669975622
-0.5031273773868358
-0.36525657069449874
-0.31824333993698195
0.012240761970649291
-0.10668497197034942
0.06923200380669839
-0.014987783281403492
-0.08199832389753736
-0.3531246567987566
-0.33248013751258026
-0.18486625072283935
-0.1877419918104961
0.030787641234234765
0.13147452770022525
0.121146371233101
0.04860928904976014
0.09752442634114225
0.03952787654194109
-0.16129114532189917
-0.07488845385781462
-0.01664737140478468
0.007122424521466561
-0.15296145375915898
-0.10398430436237939
-0.20879429219777043
-0.10690893759379008
-0.19882226768311506
0.11975548318835838
0.4006171827156277
0.4751806290465523
0.5445725735261556
0.6272089969168259
0.36708609878312265
0.0749559886536248
-0.20234197517485678
-0.28361527410301374
-0.4517425470298607
-0.39883951277342167
-0.5596473854700937
-0.4453145495669382
-0.2506306303056721
0.1246572833934052
0.1309988515198379
0.07288450549537986
0.06193310719758031
0.3694365899867637
0.3639672220645166
0.16930680864793476
0.2996207629397277
0.3067465440996145
0.19566012144607892
-0.07680864622705627
-0.3140458888800206
-0.34741376855372574
-0.613119758469907
-0.625257969535309
-0.42003419301341177
-0.40944354354674534
-0.3983676272796076
-0.23133999523669094
-0.009164911666949643
0.06246685933987439
0.08643934359337263
-0.11156562759047985
0.012273530439868813
-0.16708630013334583
-0.20278287398940814
0.05096919839146438
0.12808423470165312
-0.027391324048355783
-0.31138380860537
-0.2526746960225511
-0.16181712647780516
-0.25436835890641374
-0.20078734502920764
-0.11605491727463191
-0.3002983185086261
-0.23391974390209813
-0.025994791997882905
-0.00016717929369158835
-0.2074737972013439
-0.17628308707107831
0.2009960564748448
0.4339948840868267
0.554927901348215
0.5476068869042068
0.7661775622515103
0.7781424062892326
0.7726466604062143
0.7977063997842689
0.8645854788859803
1.5371468812481879
2.3396530709777683
