2.6457154864928385
1.666651693102315
0.6027214586606736
0.3776614763809143
0.29763803375954356
0.12783930388062884
0.19521926546465806
0.27287141083882444
0.3311129628869755
0.28050935600409416
0.2460060157712435
0.058340145550439884
-0.16893479295179864
-0.19704820135253148
-0.3132691058600146
-0.18136534113512048
-0.2576243109645537
-0.32535140461696993
-0.25213622471146463
-0.04802291947649667
-0.03383943458578809
-0.192334486879106
-0.4108710186806545
-0.5142624640675333
-0.46455941428666125
-0.4422604148581515
-0.4108471840038868
-0.4187366528026555
-0.3645015407492477
-0.4321187853701477
-0.4788975172949719
-0.5020413277269016
-0.29658841235751027
-0.1899282046446004
-0.4931584495225451
-0.5787728397865426
-0.4404083573264372
-0.5035304061131995
-0.5276367822047118
-0.6169418457629159
-0.5209307227169067
-0.6041318881444776
-0.5742649119846607
-0.19152534540447844
0.02921337842940748
-0.07151510885153833
-0.13806012165372678
-0.1543987208083031
0.02368925875108429
-0.07912222591406926
-0.11192996669765055
-0.11203538936857418
-0.16187970092497597
-0.3215023075708153
-0.5787191254772777
-0.6594753052249547
-0.5036017383210541
-0.37061903448707706
-0.3591114413334924
-0.3678112693928317
-0.18384732769111523
0.057455737259665365
-0.003122232819409286
-0.11523387838973906
-0.012704338987997443
0.04552464596147299
-0.07931589630270694
-0.05615815424267426
-0.03864935218523378
-0.06592209422358863
-0.024660508837343244
0.035883607480804276
0.11641772281805596
0.054780356571571466
0.20301246169865592
0.18361746635069637
0.0803992555996145
0.2207770125179424
0.17476217911259762
0.036925098574977264
-0.15234050834368276
-0.40542265371412073
-0.42310885246029506
-0.33964496394476085
-0.4496659363416493
-0.287600947456676
-0.049158884012297045
-0.10113379353949747
0.04574825385949721
-0.014158055478244868
-0.14404089944299964
-0.26029679553728374
-0.5488110029010951
-0.6126930031327603
-0.48947107775495
-0.4226422826200935
-0.12422400973453646
0.17893858744204177
0.33821212468150286
0.40408447444839896
0.4239696632773448
0.30804592715048656
0.26086027672927375
0.09885891201481634
0.020418970313416718
0.058847251619581833
-0.02087485351227058
-0.247331542038693
-0.15718576041781637
-0.09258695856929353
-0.14737015571353218
-0.3011730256264226
-0.12266786901672509
-0.10456744979315806
-0.011945093966026
-0.04969682461927401
0.1845925110555236
0.25197409976208257
0.12015135365598897
0.3357209186420238
0.3359743183495911
0.25856454810784835
0.07124745370390966
-0.023704000534634978
-0.2898028430149431
-0.29298726885845067
-0.5041781805265954
-0.48398358330073266
-0.32671335410926455
-0.22999223395896093
-0.10898474322112246
-0.07594244786104717
-0.252187469746689
-0.3531588089628236
-0.3038607853555414
-0.36352613267319256
-0.5128790448390084
-0.29193115543637116
-0.029539327754485672
0.12145806700207389
0.03432455560780809
0.34386024518552394
0.4697408072432187
0.45759732370653383
0.4817772865529809
0.517461825773562
0.3274493047212085
0.1674696785124622
-0.002521981008366025
0.024512966160821027
-0.07423100541870953
-0.03602736915178982
-0.06638392823800396
-0.14764752779361356
-0.23342632134532446
-0.4225409138436061
-0.42868952264115223
-0.2202575901617115
-0.1742432991378294
-0.2663558503072701
-0.1903446144733881
-0.17624296536656708
0.14868098781392539
0.06999095235442034
0.02868973124461778
0.024875363021725397
-0.22208292016455003
-0.5159557339866593
-0.7190854351114451
-0.6338699148092454
-0.8236365344640512
-0.8812039366460904
-0.7205957028664568
-0.4141586100709716
-0.2603371479446962
-0.2680413069955252
-0.022339104524674726
0.022150225251684738
0.17117493696810765
0.17865207735361122
0.2253159530995259
0.23320672467314008
0.0914937484946583
-0.05850371138150781
0.013350471518867587
-0.03571058965916371
-0.2479480328490819
-0.5513341246964648
-0.58504713338443
-0.5259546364252009
-0.5919577236341342
-0.37003387016220796
-0.07447254260361783
0.039964327709023806
0.07421816486711014
0.1273594912237095
-0.012550144299343709
0.059695100032590896
0.055705458187089676
0.17567071965162379
0.13090568157314195
0.092075529535439
0.11344635222967382
-0.0039883896284909764
-0.07158171914804481
-0.20689922888057427
-0.5685003172546402
-0.6686211273564311
-0.6285946179244779
-0.5861256854858341
-0.3007723407305094
-0.028266440462494713
0.050340170140266774
0.043274477427933555
0.13156578076085326
0.26058474330574855
0.13892578465826813
-0.11046388388664126
-0.27067856747581837
-0.5043200380644356
-0.6270602287252913
-0.5798532005131545
-0.73484498915523
-0.712651543759723
-0.7127234424094722
-0.5952174038746723
-0.5203678153519097
-0.31746015840773856
-0.20683279608289942
-0.379402506050984
-0.39185365812808043
-0.11036608934198869
-0.14213393907640576
-0.3327609504197482
-0.09031996997323727
0.0067270231593582926
-0.14567114477720547
-0.1771259152747523
-0.2302418622334453
-0.3367028398058411
-0.5908968617460267
-0.5121939239827547
-0.22057416109398492
-0.08294875609993832
-0.02877235498779488
0.030766637981694194
-0.07055014134135787
-0.008445917574226434
0.04977348607109819
-0.12712562515964243
0.03168249339867058
0.166591985152757
0.07308492748859319
0.03205392357363316
-0.10386375671249237
-0.4120006848236658
-0.6651083475819755
-0.7076682945214874
-0.7082297777581438
-0.6915355158331036
-0.3615964567696282
-0.05241515806706762
-0.10790193525161144
-0.18989708110290413
-0.01383952446324392
-0.010232506614125298
-0.3747550677312288
-0.5015489119125146
-0.6336144752666306
-0.6979743860427349
-0.723296075524271
-0.6971969925146255
-0.5464918097838146
-0.21291570643108831
-0.12476248972806168
-0.08173332771086937
-0.23795248429299842
-0.11634562110649127
0.0692142683413752
0.04634572055859177
0.12519256050863425
0.18478986555125543
-0.061325342806308226
-0.40815173111247127
-0.6132890583876961
-0.5627352243340584
-0.8182281470569835
-0.8150778233047974
-0.6830763049214897
-0.7225919539090174
-0.5657692435469858
-0.22520745424829086
0.061864790314528184
0.13205872839519453
0.17310283971746174
0.21711408277753505
0.19737271489220912
0.012791862321186348
0.0036841681577140933
-0.11294826899256066
-0.38105531442274587
-0.406818378556742
-0.546706679355575
-0.522425557437189
-0.478937267802038
-0.5052087539403758
-0.3175376445038666
-0.12696613542313123
-0.06418105346517614
-0.15658788015035882
0.08050838872236604
0.01623780465407597
-0.20781472860556535
-0.05065842272145768
0.4676316506388111
0.8268686645433776
1.3308391900602219
2.530177221261576
