2.8384988777789695
1.782572830116503
1.1890813956544066
0.7153995762444794
0.36578202744420124
0.014139039130814213
0.0342074590896065
-0.3451969106000695
-0.36115921939092516
-0.2501682997551457
-0.3460387276036602
-0.1763153160445057
0.0869617512125446
0.08411717372997449
0.32955106408978213
0.4641958599535005
0.43382284087122785
0.35085801040094405
0.19846765718365278
0.11288085063641759
0.118608025797166
-0.04691973014401833
-0.24259784672221166
-0.25390229203718434
-0.3294429285438963
-0.18338020239358988
-0.09536639285253579
0.39936622940787697
0.6185564529593025
0.6731003930375727
0.6494375302440285
0.5811562275315519
0.28070893412180736
-0.10981786184169781
-0.23440356431430642
-0.32497383497031035
-0.6806008709363139
-0.9469987239975795
-0.959476614859041
-0.9584904136951864
-0.8813391941500351
-0.5414248125146993
-0.3882008731353628
-0.23236526675834884
-0.23381694481832682
-0.07919739853582417
-0.06519162869515492
0.1922529611743435
0.15791792917592812
0.22755554866031788
0.22621081828721323
0.15514680418443658
0.05418094266103014
-0.2747965116945595
-0.30386982207778646
-0.19101797793520986
0.14461457748520393
0.25284565972352285
0.2494714663636271
0.27322924143552907
0.11416629506478099
-0.17858550778721938
-0.11258057866155889
-0.3444572233945926
-0.5417413011115291
-0.4663559738547308
-0.1821381646423628
-0.0512099916205764
-0.07069707112324841
-0.03264556210587598
0.17321555274092035
-0.054932333467110614
-0.009587101439576182
0.2880017681924324
0.3791381610328627
0.3488236894220505
0.550127596205614
0.7463536093391715
0.6413855019477495
0.24189647068673414
-0.1728388833176281
-0.22461848302467366
-0.6194722327806351
-0.8788439474637582
-0.8932926318877
-0.6274943958134074
-0.6008114008223454
-0.44340547149311754
-0.05807859259080041
0.18720221427898773
0.17180566647323925
0.22859079450611514
0.2153845342838233
0.20564100009562997
-0.010523503724060197
-0.2646965571364707
-0.20860881641818507
-0.23545545021251257
-0.38409221721464437
-0.2266757370461318
-0.13908585307439297
-0.15967908503403416
-0.15855204150496882
-0.18653213936055477
0.07765518353094247
-0.024639859099988407
-0.21735027083624478
-0.07859906999312258
0.18634011116858024
0.23586460588782376
0.03328087069977428
0.24191919860200353
0.22109834313910415
0.043968084680893846
0.007560973506318597
0.04276338896596248
-0.24462365435177205
-0.27883711890015295
-0.16129282521555502
-0.21015523669557673
-0.051161291893455016
-0.2677313419052137
-0.36933659007242203
-0.4463338028237262
-0.3391334059714079
0.10310260835138804
0.23793551764728862
0.22568639897127826
-0.011165789958828174
0.1251238523175953
0.1404273395440524
0.21373653208785084
0.39668607650202575
0.4822601825065712
0.4740624458859236
0.4501087287876313
0.5474328228642005
0.535984248166336
0.2616555652322509
-0.06854044501683074
-0.15304046323751552
-0.09791207088498308
-0.024541794236969575
0.09048677169707633
0.13241695858735886
0.08393662533017734
-0.04932397095482734
-0.09961443687097932
-0.2513732585363474
-0.22521331546260479
-0.38429177056781816
-0.36664188659801344
-0.19443209495602862
0.11390999819762329
0.11226202654877931
0.32342646298608313
0.4695802366321782
0.4540792537679904
0.3570204054110617
0.3722555341416437
0.39012360830679127
0.20739383225428157
-0.19596418820431027
-0.4206101838402824
-0.518916767041686
-0.7275731870689396
-0.7947141976269517
-0.7347608112712298
-0.5286640799753328
-0.2254585139996732
-0.09039231884930744
0.08592889790050624
0.2504099872253574
0.18448814624690513
-0.08840769998178932
0.004147626165913777
-0.05037271755032184
-0.1142333469657851
-0.09695406788931865
0.11629025962959068
0.02362623925613623
-0.029304858860504227
0.016987303720278416
0.005457276226732664
-0.03488886354188783
-0.28257171100715045
-0.5573642795918515
-0.6375056627329967
-0.5916750584088544
-0.7843219123050452
-0.7701175718521045
-0.6659170940930295
-0.42577471615200235
-0.218767964978439
-0.08122398061995517
0.1103575063433991
0.07925260864301698
-0.08046698751914166
-0.2259692755307388
-0.1779204452270024
-0.30829197102101835
-0.2461799638999347
-0.18047426494893948
-0.0873985303489753
-0.22100129906824936
0.042900649704398296
0.1602367349249692
-0.020880681490793803
-0.011449951441757894
0.20451629541082886
0.12989233417416074
-0.018502473643867662
-0.18361775400221256
-0.2878439765285088
-0.2026011050555181
-0.17325435161622707
-0.0556456339992543
0.08168498934813598
0.13088713314663203
-0.04540639696787493
0.1815446463782034
0.27008218815762913
0.12979664525775345
-0.07467784235579497
-0.25508018267398264
-0.2658790681427529
-0.29391826096682877
-0.29796768369284543
-0.17037909004107654
-0.35463203128207366
-0.5384610812621589
-0.35361349669366976
-0.2985287143315799
-0.43368246583124426
-0.39655180735065876
-0.1881953538200809
0.10337578545450972
0.06314966620398124
-0.06232542418260487
-0.026656136736519134
-0.1617211518054706
-0.4761594947637482
-0.7318652399531188
-0.8377145495585349
-0.798964710180277
-0.5550666230708386
-0.2981509292704561
0.0031463138448419026
0.2121071395414313
0.3390132762728669
0.3222114569370105
0.38355616584728536
0.28275098276044114
0.048940281372147565
0.15258743446802844
0.2382211414864973
0.21892355757081491
0.05544910852095589
-0.16904700291110314
-0.11340701947871641
-0.24089364978372843
-0.4054088269237016
-0.24943318131875097
-0.34706579123895226
-0.3659431056974362
-0.25733574695579825
0.045541193745029046
0.14692951566966148
-0.01938657794574161
0.039123639464110405
0.23178735422633795
0.29731409328181657
0.10423674641198921
-0.22577954301346462
-0.26402006388702465
-0.1353617971587991
0.07202248228189242
0.21787560635233857
0.2244262839320721
0.3063952924186777
0.38511882149917254
0.7597834373154573
1.2493152262759488
1.830257282022329
2.1492601103990356
