2.4700125210690134
1.5273780953537497
0.5952370933635157
0.3008838980439781
-0.03000123532877698
-0.13267894871360028
-0.37009170076679243
-0.32350020307008376
-0.04888135861761413
0.0875402640493044
-0.11454247667460059
-0.036180697532453024
0.1229513977446634
0.10091411969579783
-0.08790722388492392
-0.24753701095389502
-0.13437903222008463
-0.03374882285297627
-0.03630486271640975
-0.2118948147270392
0.01990649754148446
0.11774241935963613
-0.2037879686192049
-0.11748260530872068
-0.037497021955247095
-0.28808230792806594
-0.35363879798288683
-0.21410132812975352
-0.315455137616632
-0.42751437060454994
-0.26833705357463256
-0.10466372046323498
-0.15434381317251922
-0.1667723749620345
0.09378399446058298
0.3313028047387332
0.29558439100038736
0.33848678759380346
0.19029290788635725
0.00041979232349319273
0.10957161452229144
0.10615106433796054
-0.13029388476888437
0.011652915820773924
-0.18877822317225082
-0.21619607855533285
-0.2534577811745651
-0.32176618717210476
-0.5390954321808953
-0.5291025369867159
-0.42782732256502376
-0.24526789900074358
-0.20357141327296174
-0.22906567987223606
-0.43863267206945233
-0.6549736179454376
-0.6188379205315078
-0.7798861027593995
-0.7605145123285044
-0.5691928256683109
-0.22477618474266917
-0.20240839473927594
-0.1939551971135902
0.09151013862685498
-0.1023357914546712
-0.10324490747293869
0.09034577055399229
0.27458977036625587
0.12125096439003985
-0.0558199588436601
-0.19552678244098556
-0.06547946448691705
-0.40652161917577356
-0.52163541699039
-0.3199201158382923
-0.11401310711164879
-0.28575057626090516
-0.2545496487061586
0.15778262633531442
0.256178146885507
0.1823714602887231
0.10658397913150769
0.22960536055252345
0.15280278888309987
0.36259419267877907
0.38707996872999245
0.25005051899434594
0.10365975284825246
0.06083248945677039
0.24163899743804823
0.16310496949910003
0.0026446907939381412
0.2205251728697141
0.3195513194502052
-0.014471399106631512
0.07790714690840528
0.2733216344278437
0.28246859274758473
0.03605140322847039
0.1478611807338212
0.2659627134125885
0.22748825123980235
-0.08548621353674474
-0.16777783206592228
-0.015432742793510382
-0.04557255457528187
0.08010865051995737
-0.16247046218597325
-0.23532087834917562
-0.4034504989350232
-0.3717407748193485
-0.33403543985792594
-0.16672652976674596
-0.043637307024767126
-0.018008134326599524
0.1208917311646608
0.1251599339998012
0.3739738754662094
0.411753432519794
0.35336282135736685
0.09111321202427197
0.1450918542547161
0.15408354858956758
-0.004959931117222465
-0.03699235081780798
-0.12199176942782972
-0.41720798886557353
-0.42254982878931213
-0.21852171679823343
-0.4128274086262068
-0.19868755569405008
-0.02866634447835127
0.30148753907962633
0.14243119704024917
0.2860335837010517
0.4140976651952281
1.8401568367639873
