3.3027984247607467
2.274801031438872
1.6176228175956548
0.8599263521912148
0.26058368832266876
-0.15313860242548735
-0.5395498747194154
-0.48877927790803505
-0.7420686893437668
-0.7065377165733593
-0.47437209268567165
-0.48465603599056434
-0.23527207477805026
-0.010601400385220637
0.11384419868054738
0.08973011210027168
0.2170673657692136
0.5014028188365052
0.5501469482766197
0.4559745050720622
0.32984957393715575
0.22201595866624274
0.04798925952333208
-0.09729992493089212
0.10760816502609245
0.517203055598368
0.5429188766189409
0.6443257149923386
0.7930475317516739
0.7552008168890043
0.6704442609815747
0.4455623819273999
0.2445224013429391
0.018752186342666947
-0.27986741323346653
-0.22233601477842452
-0.1424005765231407
0.14021607855510004
0.2191978150339765
0.16750479127491796
0.2490665189820988
0.08032620254466902
0.04266568498189036
0.2160836125101761
0.39008813730653685
0.34333819118446923
0.5381025900895106
0.7674344260745457
0.6913895449292755
0.5157151949732878
0.20017727046439315
0.24846749991784836
0.11662403613011228
-0.18789842298353474
-0.2027477895643568
0.01871878198950621
-0.1390710005851105
-0.1356830724149196
0.029487360558903716
0.1019715091755574
0.23397223858258293
0.17788134478276388
-0.08997837551980366
-0.4397460133513515
-0.6261071509885145
-0.6887071967841234
-0.5857095315074847
-0.44053240287775863
-0.3023653108500744
-0.28634696976553237
0.050320466558128066
0.1892970756013109
0.20047567595122118
0.41061955570004555
0.4820505857125775
0.2947923669430085
0.23987976394061708
0.128887730975428
-0.08783375887740796
-0.37996874850196855
-0.4336129292028361
-0.3058783343017144
-0.20128648300790924
0.14331341699441558
0.29323317892142825
0.5889416843909387
0.7072951920325287
0.5993807917706269
0.5736541559494018
0.34075989475480983
0.02189097312777167
-0.4597962411538909
-0.6422416139152828
-0.5252437234244325
-0.5779453974764196
-0.40190966087770674
-0.02367456086222163
0.21961786366225755
0.36170415200994777
0.4556780313745472
0.3605948609887902
0.24490287455793439
0.015537665237089441
-0.16046899123005257
-0.11134461507419033
-0.26619135098570507
-0.1990862638959142
-0.26313591284696025
-0.0826911531731129
0.06644442094674535
0.31855835392804965
0.2918582401921436
0.3524926726446671
0.2261631265630564
-0.05060751514561271
-0.22615144831542677
-0.26213925435214314
-0.1947819275051013
-0.3536708488642826
-0.1899005750491134
-0.13711749877301466
-0.3167685425673556
-0.2900778692379707
-0.19235247592769594
-0.004267372062229559
0.19546419490210423
0.21768535414105356
0.15870880059708614
-0.06631380219950447
-0.004937651575444532
-0.15675892354932794
-0.40842600675181384
-0.42541368077904385
-0.540169969391781
-0.5546021519221707
-0.3911752770337904
0.036660104866072865
0.2697382718859678
0.23417686631939472
0.1595947923515404
0.09220295105686915
0.004331653551146921
-0.3429164098864157
-0.40888516397363467
-0.26589061089688415
-0.03952570924175125
-0.0274969582279303
0.31327327477583555
0.40347798020938086
0.4042426078946252
0.5675120258055038
0.5506424461357788
0.4927476675653961
0.5193981151944178
0.2600483614652334
0.2518710354854658
0.046979413722008506
-0.021924673001558745
-0.19217172337960886
-0.15338245733142114
-0.1978315219900535
-0.39481026429324206
-0.47583639916187914
-0.2599522648701877
-0.1331381800383026
-0.10607229211135318
-0.31693552169946126
-0.2834029038463851
-0.2617757108189447
-0.4863073699964833
-0.5313312287404097
-0.5181002756730835
-0.6034309588194611
-0.43791592560509995
-0.3897620400253072
-0.14867655287170856
0.21961325641222892
0.3459569957257529
0.2932539644687924
0.1815799391035295
0.2775689555883691
0.3190819792443521
0.09233752193496134
-0.13783077246077416
0.012889043270282423
-0.13702547726662614
-0.4533500520625447
-0.44982107520920955
-0.2746845457600006
-0.4005749582778456
-0.68447053353701
-0.5696043976370153
-0.6197217525436056
-0.49626389653538283
-0.3723766380856714
-0.006713871335981975
0.07883538628985504
0.0472696774643984
0.15581191305854428
0.40621252110392764
0.41918114054205463
0.08645102277588447
0.07605142837669779
0.35034955727675965
0.6662753132783462
0.9751092708272273
1.1426285966695837
1.6831726343592959
2.6929822786320146
