2.8202244562417738
1.8719017627708376
1.155794199173282
0.7404050606522604
0.20261964871011842
-0.13595276216748153
-0.055945276579336456
-0.14997074549320744
-0.1395001556786568
-0.0976608250027353
-0.2953324609635572
-0.1656844750448898
-0.18935712184392559
-0.463185221811774
-0.5849544953363287
-0.5582610776387467
-0.5595259442644758
-0.3623766283083937
-0.3534003279695472
-0.16442761833476016
0.022432786080532716
-0.10502125036262318
-0.08476614198039492
0.029138546936993196
-0.02942134452697108
0.01653901456798784
-0.0003579454066435159
-0.11457264860891984
-0.18618381979698073
-0.33858263104236963
-0.2681546768319857
-0.4085163602188441
-0.30235432390463507
-0.23841551892370869
-0.15034642146957666
-0.24322563497055913
-0.1560775349530303
0.2769236514925586
0.4018974740333585
0.29242507622018143
0.21147200338990677
0.2939528359891636
0.015678997444562342
-0.0554997740231737
0.06004470430083573
-0.020353916920017912
-0.2179503764069197
-0.34135050792813026
-0.2572783492356888
-0.2351061178047431
-0.11343658436251564
-0.13421361074095867
0.00529369477759797
-0.060712625658985525
-0.19655831165967808
0.0077281989927476605
0.013926636405375302
0.19566161237431778
0.2791123581595607
0.36915835967031685
0.4415756987215032
0.4866694685242606
0.6489745823217729
0.6984380188837387
0.7648522415472201
0.7794795879390857
0.735551842935573
0.6528093342745113
0.5683566966608167
0.43876245165450606
0.18564958806608767
0.18865312155517394
0.12479139428816428
-0.031454373010759706
-0.39915611872570866
-0.37333827635591194
-0.24429509722138007
-0.15804691901055984
-0.12969503013952588
0.16137527048473682
0.42202218252369483
0.3966973177631373
0.255569916239053
-0.040801261748998216
-0.28429552851053425
-0.30510846503035205
-0.609188001994339
-0.6469348281070681
-0.642581423741197
-0.5669027260867185
-0.29691401982110543
0.0120381225883524
-0.05767091851438035
0.10290024565667422
0.1386405562777327
0.08290001387722402
-0.14404164645100437
-0.17327970594587602
-0.37951359875917284
-0.589812167838536
-0.5422061203007192
-0.3976632584348186
-0.3234725359230827
-0.45042199002816397
-0.3569725379152287
-0.350351118432611
-0.2801652665251355
-0.45700886565490006
-0.19434686121079864
-0.05108596904855687
-0.2953362607542049
-0.27442550910456354
-0.035891740255483064
0.13657072940091214
0.24169975403166116
0.32082191245125186
0.26582564021440125
0.33953190261940475
0.3328788519838014
0.13384063607501043
-0.03785421018393067
0.09345950846127063
-0.07189110716945829
-0.3035513048317594
-0.13405463368698656
0.15579187818662057
0.19353711373312538
0.4824113641404478
0.6242793525585403
0.7248485241677746
0.46534115269729004
0.2745188701865627
-0.26278524112048196
-0.5496350216139395
-0.731235159286693
-0.7169852027538101
-0.39819355633092135
0.15602331976968636
0.9526534400045494
2.2641258212237383
