2.717686874890016
1.5320447285234478
0.5371162545525273
-0.11523061077245927
-0.3180850049574701
-0.49814869122133976
-0.4846501415523444
-0.1250942474815353
0.029677955526259285
0.2682456309556359
0.11293237907252515
0.045456384035121665
-0.17577149202948145
-0.25093421800735805
-0.10174991483971946
-0.2540242555486776
-0.05729833184680766
0.05675437701883801
0.10426718937816287
0.022307111309422645
-0.021598881320444296
-0.09895555426275848
-0.32142578448471426
-0.5070592758768463
-0.34318382380740653
-0.10511371369017075
-0.41574153693907046
-0.529495629063153
-0.4555016563634614
-0.2410979201661366
-0.2945050223517469
-0.27978852773683016
-0.00866341835684795
0.2719501509580873
0.4669100532169945
0.3312150059675056
0.19456882310194412
0.31495688722887427
0.29139040109132575
0.12519667822559996
0.16545508384678215
0.21763790413681006
0.2933557575181812
0.22321226731591334
0.23095780613040207
0.010297749438676451
-0.33061641390569746
-0.7192624349416648
-0.9723696555717847
-0.9053144436066612
-0.6613990635776954
-0.6897318332023689
-0.5257750728499859
-0.14440867999086937
-0.017825064596686903
-0.07404905129400041
0.018163245097678134
-0.020259230629574788
0.10284375136004689
-0.06305368583571934
-0.06283080974105762
0.08381028683624385
-0.03125437602608676
0.08508410265358582
0.36579484786777217
0.457575995655889
0.36746818339886766
0.6085817466551914
0.6758186059514674
0.44568144909940505
0.40180389834351365
0.27308756044061133
-0.15731748118707864
-0.6065228259172505
-0.6758377788340362
-0.6169140183563819
-0.6656911091881741
-0.6193281809460321
-0.2507640119866082
0.10385309814301953
0.0914414669015921
0.10689222272129932
0.2593696746771998
0.3462418829040708
0.37408676036512545
0.18219775948157635
-0.041016600530570414
-0.09657844593986796
-0.3204620161596625
-0.2258880653158377
0.12749563440787928
-0.011761119925835676
-0.2687546784362465
-0.07366856353789475
0.026205583170209396
-0.2619990282776595
-0.2144341683209983
0.13045179405843738
0.011071098554150739
-0.011593450533035912
0.17108885170854696
0.275243271933926
0.1792500366886744
0.03855140465594913
-0.00903369740022645
-0.3407913735737126
-0.5440852575675005
-0.5425921944386882
-0.46166198005304543
-0.5516932935986876
-0.5465104988804644
-0.25659996982196287
-0.07673785430026912
-0.11518437023220236
-0.19055961983552927
0.18547219377954732
0.1578943184137739
0.25655058981873186
0.28703143758426575
0.2546870164451839
0.11849787403330483
0.12777656043483335
0.005641923189853824
0.15740453191359122
-0.0029856017981779275
0.1272587520741675
0.09805481119367346
-0.13657181586479777
-0.09451009969686393
-0.35389917751141803
-0.6142139997895888
-0.7225169985786463
-0.5244137221943158
-0.5229332940805028
-0.3259261399784448
-0.3415557102593195
-0.36915461440189373
-0.13198671436042286
0.19040153164428544
0.2562146531214358
0.1603475721574219
0.23381513191780162
0.3357000127044168
0.39324260025081453
0.351666000447157
0.3104959628197121
-0.11066204744195243
-0.12003809304582215
-0.12431773560292547
-0.38747804899540783
-0.534798853619182
-0.3462770497477694
-0.24730771139933094
-0.21162868441488786
-0.30563375361554124
-0.18815133778412768
-0.03749476162665716
0.05265975317588399
0.21278786190700438
0.33202168705545543
0.28725453372328347
0.29639895348018086
0.03462791626470352
0.13486375723022997
0.0504658345921252
-0.03771975909050894
-0.21161559279425257
-0.5277432377327645
-0.7060581024462572
-0.5895431292781883
-0.3868715837675699
-0.08638997989427058
0.06163840657636557
0.08206586547637378
0.27599181404869394
0.09184418622517138
-0.018976384888005363
-0.1943262608906155
-0.11284721188580119
-0.24364742901548944
-0.2533610168614955
-0.06150174109001745
0.1437304103186399
-0.012622770534337104
0.10400035869026428
0.0031585539483474784
-0.01977493454137131
-0.14348522857569057
-0.36526344748951384
-0.40775367989461897
-0.46813251153581215
-0.3978015559817606
-0.16939869499606347
-0.04617020660698437
-0.1412155524525437
-0.328923098627809
-0.34634810010531714
-0.1934705274338563
0.0764130213770392
-0.04165332428465596
-0.13666795578406993
-0.027555325083347237
0.24790168569790613
0.26779923209200596
0.39589603378610183
0.36353717106437056
0.39088495634084774
0.19545572017632193
-0.1295673878905738
-0.2116964075345848
0.046135803462248215
-0.004050402384323987
-0.148954114153027
0.1553326310506295
0.41153896575798515
0.2806145648582366
0.392659306980025
0.38176507062161846
-0.01887304638724159
-0.09219332434937419
0.08435785680052513
0.3344028708813421
0.38511094612427604
1.1793945884818262
2.3423711203368436
