2.0615214640511974
1.0757589118153725
0.2525362259422226
0.5969857559461793
0.3376054527927141
0.0778585629311255
0.24204871025024682
-0.2728930536877733
-0.42516473378830294
-0.3378717815305391
-0.31021511439432703
-0.2661801662589963
-0.10280118920559556
-0.14861734200592097
-0.224596013319779
-0.17457927101463297
-0.010372789151582611
0.3180278887501782
0.3719193170544488
0.502236327957291
0.45695970358352556
0.19686500976204835
-0.10889790400326682
-0.07505135483711314
-0.28964657376390596
-0.35514639116364605
-0.14724609201128927
0.20596267791659278
0.3866722169434079
0.6013042539203058
0.7536596371422101
0.866611848839506
0.8693502141039838
0.6063542729902549
0.292939873017794
0.26850102077233773
0.2696994829327033
-0.047157077260131935
-0.03945091625619057
0.273339527316275
0.31558350133569724
0.2737887758683996
0.32427899497539814
0.242322963336285
-0.014045003481487517
0.10956564380504388
0.2669235832514474
0.3382324987034391
0.15105320873735045
0.2293953000995324
0.2672776987681909
0.15154082411317107
0.1509553999231201
0.44136087572446236
0.20853305710640652
-0.2626916337344986
-0.3270983364274365
-0.09568570336950526
-0.34882167415359694
-0.42696607586704133
-0.43817192905978536
-0.2535916515016168
-0.31869662203787263
-0.170690968829461
0.12172871609826943
0.3031984084991396
0.4728576777658929
0.29001263847429865
0.1855592271570156
0.24208564842086855
0.1103099347510221
0.012848298071947213
0.0882599121482997
0.08947344822707994
-0.16984589893920413
-0.09937038518150945
-0.2520987591099069
-0.07642317097482601
-0.032519416501603005
-0.06010865759548309
0.11362902322960713
0.23111909612767018
0.0901644283626521
-0.1582765531827901
-0.1870009538941132
-0.284224416934402
-0.3662125449464856
-0.4792442927771855
-0.534055303374419
-0.3842573709149578
-0.32809006943543806
-0.21857383385354764
-0.03513055788231982
0.005615176311645962
-0.009344294856421173
-0.1308947331825858
-0.46836977187959916
-0.5569465267811442
-0.33113350076065745
-0.46593583686243023
-0.5942651737004713
-0.3502505993302035
-0.04561243769307381
-0.0989324370992581
-0.09491575296136859
0.13666874534640297
0.17841275221054836
0.07658114517022124
0.09532267535211514
-0.14198750772732954
-0.23335768637529666
-0.3829583572440469
-0.24832550612796955
-0.25030091365589513
-0.3507998072212709
-0.06769990635147549
0.22023261345980466
0.08343238131126368
0.1884008170671314
0.6127481004334379
0.9350629503076927
1.2490371320439628
1.595377375238846
2.3210057595494176
3.1430471551313106
