2.4606181320942406
1.4716926170388207
0.4290581706219794
0.2154934910297807
-0.008350999793735131
-0.19371168628602467
-0.2347738085241849
0.1351904443348297
0.2639483788060887
0.12235618108700672
-0.0026861097125063186
-0.0885318537700264
0.11253307704048421
0.013441630256901125
0.2171675242022964
0.2926717032784707
0.2723458523070472
0.06994758209854819
-0.07445961712188587
0.03689041508849811
-0.23930849246299707
-0.25121605030576977
-0.27156578738166653
-0.39760121723739744
-0.4359930308127071
-0.24842172808440557
0.1655126519038712
0.36274035789677983
0.3545309681621692
0.5687949453880556
0.6938864954007277
0.6704247218883663
0.36589537075067147
0.16584254262458403
-0.07337215398525818
-0.37425171085192444
-0.4475288628023964
-0.3204366687307671
-0.12168740447124173
-0.16291640516133682
0.2745654890004385
0.5552471001317245
0.7051792148466771
0.7073052148122666
0.6966526018870213
0.5669395835126203
0.250686916530627
-0.09606481279971263
-0.2058424877922798
-0.4254348866394175
-0.606876904890394
-0.5265672615876683
-0.2927633643487868
-0.2587041909330487
-0.006557104815816974
0.1701815005965998
0.23865109609834478
0.34672956671614247
0.3185832651552839
0.268812566977252
0.02947733769380525
0.11966882338793568
0.024607433230548145
-0.24843681949279092
-0.6655776520654719
-0.8026834170609752
-0.7333843667707056
-0.7730687828191286
-0.711616810445265
-0.4310109295100313
-0.04106631901741535
0.20726703356120715
0.27675278911587015
0.3848152249518086
0.35766550566993616
-0.009184350782062641
-0.11280288422756554
-0.213809810863169
-0.18532235884121454
-0.35547634852042703
-0.09911550581126935
0.15771149316846877
0.08574907998305156
0.3080774249012228
0.4092360835765118
0.12332887646209477
-0.19484516387576784
-0.24961736409008517
-0.49501750732443456
-0.6341694797896423
-0.655850759600001
-0.3184846779785627
-0.26273329237222265
-0.21519075053949283
-0.17274090608622242
0.024452071395839294
-0.038494560374106784
-0.06333570860178793
0.1535049588755154
0.3783624670930866
0.3080669231901458
0.41604776520836606
0.4155405692864539
0.3684177240294937
0.1859752557917803
0.00398967197199415
0.12997358491458025
-0.13579277346303814
-0.41016262812867793
-0.5711910665160692
-0.5862583891868544
-0.5219134709044808
-0.287620632276743
0.16813645939399469
0.5005973975627188
0.5863800977192586
0.7146082651076605
0.6450644060332492
0.4821709180793319
0.14524136708628343
-0.19487053645129837
-0.24481724742093586
-0.43576477600631536
-0.5680005343757665
-0.3560653433740656
-0.1395767931594255
-0.24815626401961896
-0.2788904105561789
-0.09193923215562105
-0.29839604129442654
-0.3557082873236956
-0.057236856228667414
0.18657291117402905
-0.024603370992248665
-0.1612632546245376
-0.02674808873996807
-0.12802968060903816
-0.3517150610203224
-0.4547186533295624
-0.3348940619423794
-0.26547044024763977
-0.09828715217385618
-0.02843970332529505
-0.06465962124229627
0.1338775612061379
0.08043249811999995
-0.018958632276840116
0.04264157911267606
0.0107118956771985
-0.17688960140994187
-0.2315494776620841
-0.28070674698300374
-0.09568996287569692
-0.10969951980652354
-0.13966315845441227
0.08567785157055496
0.2959621554088152
0.47333440504842017
0.35677220453695574
0.343620102107848
0.2821132248511609
-0.060091536363815166
-0.231192179125699
-0.15244916549324264
0.024138718542310818
0.2773656878188053
0.22834885705795846
0.1261078573933475
0.03311470265899935
0.1711192136067178
0.019432747941997203
-0.2780826413779045
-0.23491688580074127
-0.3153948814647435
-0.30530886838121973
-0.06444801073497011
0.16153767699021773
0.15149094240078298
0.18334131763308062
0.40194647162854574
0.5314232815029151
0.4768633834876307
0.39825590654518395
0.13345285640507404
0.09186729326761411
-0.004689043545072995
-0.09856091900672856
0.035017059570685266
0.05879327762445893
0.19051060209205048
0.11622738338078725
-0.048630145874290175
-0.2895308210048589
-0.3114431439881934
-0.5239887529704236
-0.5857601773319681
-0.4544557152059456
-0.010189097036261946
0.23637116522013885
0.3798291011109193
0.5245212022514156
0.5001465831452627
0.36647006901088736
0.22731876994558148
-0.002504431425634903
-0.1484555929481013
-0.487761178297821
-0.5432159523373388
-0.49263301728344117
-0.6105386262901181
-0.4093398348834871
-0.40063606263458446
-0.5003869092037782
-0.48217465416589617
-0.28530355862389417
-0.20842673452833474
0.059517520709546294
0.17080641029682778
0.09665311874772871
-0.056660333646886565
-0.3879835050284063
-0.41176003255472793
-0.2995744559673477
-0.2735299398545239
-0.3432440433279662
-0.19247984023324402
-0.233847704690832
-0.053904618168080745
-0.0058246080010236415
0.2179981128504641
0.33907632968181906
0.3152103517963708
0.411332148276375
0.4914178269194838
0.4352859805500033
0.44856032281226005
0.30061249338426815
0.1476369617043776
-0.11656985498922312
-0.19990250621761796
-0.3807565766749066
-0.34605327270056313
-0.24614847821043048
-0.09988197469077637
-0.06007049061769137
0.30454362609924757
0.6911780172051368
0.8531600782414486
0.8675341523607422
0.7007142061280826
0.6204779121177632
0.2829907420090922
-0.010270371609612299
-0.021375390131125237
-0.09362314357832567
-0.35045906125298865
-0.5615907489632708
-0.569680994231163
-0.4238594411506708
-0.17130800945530303
-0.06795340191099705
-0.053183808033830514
0.2542173033883813
0.3295226714095553
0.15578695413093469
0.2687418290213039
0.20096234703448573
-0.0978852941540962
-0.43818955494060924
-0.4816377445264534
-0.48656334486844843
-0.4625247836150808
-0.08030160955955966
0.2981824029404616
0.5184862177187918
0.5999066072610703
0.6476286037087811
0.4297112149274907
0.5324715288468533
0.4409664882267225
0.3151410021952434
0.2563458999075404
0.10535122749113597
0.24028586687449757
0.20898689676763324
0.0821692967301567
-0.07678557236712355
-0.10935022315541981
-0.34951901719484846
-0.29171116358827315
-0.0770000129846467
-0.08256663134698904
-0.04763197849667007
-0.13877787596148808
0.0695919765216945
0.45975525647209226
0.5606262550089144
0.7047382394510604
0.8951869990629018
0.7974576899408236
0.5783048434372011
0.3927266223989496
-0.023314008746594783
-0.35110329631519144
-0.5800195757796724
-0.654775153260602
-0.500939851167329
-0.36360728787699215
-0.4426425220118532
-0.39198714174149185
-0.24176046301751455
-0.06580866084150735
0.05720498172626597
0.04990938832295963
0.16868596902468608
0.23080373266109833
0.26197492381792153
0.24996485059357995
0.23410319936804536
0.3058584004356378
0.32142833937594933
0.2680143051684269
0.37172851258938644
0.39522990593972673
0.19660933836180047
-0.14446995257969886
0.038599193692882436
0.08443967797062857
-0.16095593071149508
-0.15403412758362914
-0.20288688680294875
-0.3968119238052177
-0.6849405889125656
-0.6924055984581474
-0.4975188771319591
-0.1649290785536216
-0.14723424548945677
0.32410033368464536
0.6930877958748187
0.7397555603374242
0.7412384739740719
0.7890802852992935
0.5796399607183947
0.3155211704693792
-0.17024695993546027
-0.2824642728970844
-0.46149061911239164
-0.4524580308350507
-0.42510952320139284
-0.12757847803293004
0.1003943568965052
0.04649841356693579
-0.07250370361046721
-0.17816659643749905
-0.2549102658114876
-0.30183812470608684
0.022397360519372776
0.2836397903849494
0.2731340024120852
0.37155181915476576
0.5259877186633779
0.5074893104204264
0.4127666337780433
0.3398004592111991
0.21191035842894157
-0.016621223403107115
-0.0375199764282435
-0.08341145077468436
0.0540924869892186
0.09563421795252852
0.0327670851569142
-0.14599336922231024
0.011174852215997698
-0.12566950567551258
0.022591329412856305
0.5506024663950966
0.5493900414484783
0.49411113325326733
0.447906588263246
0.34551275763682804
0.046459808974161985
-0.004824853836468223
-0.1287159278130451
-0.007881014656459163
-0.1483336090184438
-0.345658977770431
-0.22807074186899928
-0.1359166755937132
0.0910955270916371
0.08813347867326107
0.24917731667065762
0.2812816714163827
0.2644216385010487
0.14785826112181175
-0.016385954154740458
0.13182867977299498
0.2730749887785215
0.32020452932132665
0.3960263943511049
0.5274545017088466
0.47721784440563114
0.4284927373622624
0.2729930511765596
-0.023559258160838585
-0.05458781236986242
-0.18800578709491186
-0.25388265807512767
-0.4554542723573443
-0.48822283992883436
-0.389410407023004
-0.03186226725426225
0.10381973638155048
0.060056864404402915
-0.10500077274643743
-0.1210711330816599
0.12585779713676123
0.0028735867822580405
0.011018973880209663
0.022700216340144602
-0.018426585800851034
-0.2105518318219869
-0.48647522933823434
-0.48880206289316525
-0.41158053791816845
-0.3437139739182381
-0.2592344907106644
-0.04585776656446298
0.1653612339349402
0.3927023113715486
0.4690042744386823
0.5121676479131283
0.5778481070889615
0.5850982927965326
0.30235462123106416
0.06106322220203805
0.15535766078996263
-0.05036697178498258
-0.30306527341724593
-0.043695094667482226
-0.18587732510691496
-0.3337254046767346
-0.1767867356187243
0.0321872748772207
-0.030953452441345147
0.08629685603931593
0.3321639210134805
0.4593174353386086
0.4387370682238758
0.28173221313165886
0.28733983094261006
0.10581444547246714
-0.15100517608376376
-0.3895349706103769
-0.3833080185957187
-0.31145658710125673
-0.09437085567825465
0.06064144905534212
0.08055930739454789
0.008938232742332797
-0.19762092442378168
-0.1627114329392225
-0.11091895156966806
0.15292638215051077
0.16089466894937332
0.11212885765523464
-0.05135437779494911
-0.25810681807211655
-0.5362933928313582
-0.7125026983423906
-0.7064083449622865
-0.5979315475889674
-0.4719804661044033
-0.39302647457743284
-0.07849536414121869
0.1429361654672535
0.2255369971462319
0.0995821046486425
-0.3009479834751698
-0.39366730450835824
-0.5606081946461935
-0.5398861719299282
-0.4098081861191897
0.016029045516122276
0.4653724047939985
0.6080140660899469
0.6572880158967669
0.6723373235535122
0.5755892435502091
0.347480514110526
0.13605896580466648
0.3005333017606541
0.3694266717131248
0.2685746222927851
0.24776713839871775
0.20251096677325958
0.14526399624033104
-0.06929722314308523
-0.018127683143554625
-0.05199231057579499
0.19818887577327624
0.1774923719464547
0.10457958264906475
0.12358027290718107
0.09623445140972131
0.19693558421732354
0.0015839475563597248
-0.06540830689045316
-0.1843291987835063
-0.19490366548958013
-0.01674451632648228
-0.1626752983882245
0.008951043426567848
0.23280607351940671
0.05717078239742596
-0.29113935660442913
-0.5577249112875647
-0.5129414696796362
-0.5656031937430699
-0.7367734124468205
-0.6118996541058164
-0.2737638482049032
-0.1183795988992276
-0.004738875808587808
0.1136860076596514
0.14966592269153411
-0.0370647568178659
-0.39431213361805384
-0.4184870057420705
-0.43788883534660206
-0.29242189977812055
-0.17842730567633863
0.06846420712210208
0.4205899886348506
0.583500460985148
0.5962378682218753
0.6244958845943636
0.566086728716735
0.1999554779261304
-0.10962318400066554
-0.0548191153354824
-0.058976895920347404
-0.29575232370582355
-0.29393328854727213
-0.38859522261176455
-0.23411903472842394
0.05403590306535118
0.008171199099170402
-0.05616150607998516
0.051739868851435375
0.09214572333168272
0.01719601338990882
0.06584084296544872
0.03506372496545147
0.08118365512231784
0.004452624247124733
-0.06321203997788664
-0.1739362291252625
-0.15866623874974403
-0.34348026764503237
-0.3679830711381019
-0.25439272376331007
-0.3519519796175593
-0.1461143140876415
-0.018622917756380863
-0.04508720168115006
0.17230513753924634
0.4794628663139332
0.36362019949300206
0.3929503214109715
0.20562415834537257
-0.1559429472941011
-0.33701437049551797
-0.41300830745248324
-0.332710576764974
-0.12966223297568852
-0.04591033021477162
0.15031825112112734
0.3163510253640224
0.41470455565544817
0.6202483507198938
0.6084377243116097
0.5670473163688744
0.6090033915300829
0.5935060635718897
0.3622856000382183
0.11497359930373044
-0.12217774019131228
-0.5080648792397375
-0.6456558417373788
-0.5460634762209223
-0.41447056574523194
-0.422086518187328
-0.24591625179551868
0.12341824174181071
0.4222408103201057
0.628453484813332
0.6635380559441223
0.5838851798970147
0.43581365133110617
0.19053634512527215
0.07955444436246116
-0.19738076512088334
-0.23229946717682798
-0.4516715269424798
-0.4494375551083879
-0.44106025369698193
-0.24956633842827083
-0.11822646094032048
0.015262678404511454
-0.23746249712880121
-0.0657134102626257
-0.03604882477351701
-0.23354685784180115
-0.20490438880431883
-0.45779268650206006
-0.5670541549229141
-0.548924354544002
-0.3411877452197567
-0.48245554735202556
-0.43322980048151005
-0.12957642238342562
0.09162581083292186
-0.12762053813823476
-0.04053359870206341
0.11510872898628027
-0.029654681065858474
-0.21074002053886448
-0.41161560679277154
-0.3346731606242508
-0.5145314757732486
-0.6671098386958305
-0.5619828695959015
-0.18136523381333466
-0.09915500965253742
-0.17122898355562668
0.12821005567312205
0.23157966236361838
0.12914456216757064
0.22889881777745438
0.2324128339636174
0.1698711550222272
0.1356875877353757
-0.06214051413003269
-0.17796236540305235
-0.26352543669446055
-0.09049884144218534
-0.20193121886431023
-0.44749227790422647
-0.5173467708504231
-0.42760284867863607
-0.6314913015789537
-0.48043052287195825
-0.14422465179897775
-0.07439040692399516
0.1299928027104246
0.1319913184315567
0.64255088655262
0.8787046457915926
0.9396035947953855
1.7978658068966373
2.969041559102969
