3.146046354934167
1.6934945511244257
0.7757053641325827
0.349888659740142
0.2896081238090872
0.31974360086407483
0.08409841577884522
0.11203058043350887
0.21128058022760354
0.1415314256649864
-0.00808868039574278
-0.11380411329388092
-0.1630230322840164
-0.09059830210934117
-0.2693132902347889
-0.4370238020904693
-0.6489497644435998
-0.5976116309604416
-0.4377788189467773
-0.14915975271781207
-0.01780154897650907
0.09323984898488155
0.2157876297755277
0.12077471231326238
0.24468582123683252
0.3589332205026743
0.24378006695504134
0.0077785576016059866
-0.0023224943977008874
-0.06110093679436489
-0.2797200596916057
-0.3141453849659384
-0.14245973261559455
-0.11977409508054318
-0.004079504697950848
0.16595800846721262
0.16041992221576773
0.00038804288565647167
-0.25502062154701316
-0.17980919749453356
-0.3023316876068908
-0.17899419380573983
0.007248133369831776
0.18610498542722392
0.48246147489801094
0.4660675180762202
0.502454659015727
0.40956463794715087
0.4441961258458601
0.5818569512941874
0.7086774836235854
0.6212145401687037
0.3714115103181441
0.3628326334548635
0.43534079899518696
0.20000844258964612
-0.15258713181525824
-0.13924186211531614
-0.13356734440581378
-0.3484282592277339
-0.3793347828571475
-0.1835452451410763
-0.2379955555861453
-0.40744386274244637
-0.4363213098489748
-0.42215775298266744
-0.14365006674210115
-0.007376134944649658
0.09604879333407931
0.30640325124776685
0.43867409120831097
0.4949782930371624
0.46364985584361457
0.3583696839776236
-0.018708845757544265
-0.07007451484825813
-0.14408371494036262
-0.14858551692516864
-0.17224656458586754
-0.005642454115206339
-0.0634074615492591
-0.09987931808760822
0.11026167141823888
0.1354002207302783
0.07205694623281816
0.07420911896361115
0.14026413866309537
0.01948205457287357
-0.22620701191376258
-0.25802561427714965
-0.40565165773377554
-0.40715546013462717
-0.5945329814605957
-0.4585713548709111
-0.23777641852068132
-0.276417255680585
-0.4008440041440709
-0.4965131139634469
-0.44348060142776236
-0.3326043874030643
-0.25433709269600446
-0.2961695577325902
-0.3773408675253394
-0.29873928566500174
-0.4559835181339536
-0.46406477049785344
-0.27306868678478136
-0.06589193359614255
0.05064052830604859
0.10365441150474165
0.1862833659752438
0.3199571372632086
0.44712079319304293
0.5826111154362946
0.48185024743536664
0.2659701916945979
0.18310700827692727
-0.022407428308013413
-0.23277329915908554
-0.3564875650394348
-0.7233979394628787
-0.8501988616784643
-0.8823675251069131
-0.8674328951555171
-0.7307275529131255
-0.33381344937528856
-0.14642024832034833
0.02913768989854219
0.1101201417651196
0.16127651880893046
0.05356379355127244
0.1362180971183893
0.18075818242940653
0.12544217814348874
0.1492807516416598
0.09008336913767773
0.0913181737237159
0.003377424795340759
-0.04668809361910218
-0.0855477386300751
-0.14040883915464172
-0.05157133235873708
-0.049288397417370865
0.03363111221493713
-0.07636388004000275
-0.23759472653729302
-0.4527041279786982
-0.6560082083246557
-0.5381627473005796
-0.6099536656092573
-0.4559769242827734
0.014635974399727244
0.33340300195497824
0.5425175042965619
0.5911999736888184
0.5639685639918921
0.4371217470230968
0.305700318943686
0.09067830249864803
-0.34342871749872605
-0.5600236631130179
-0.5503655320116801
-0.6397470456046352
-0.5955854367817328
-0.5365516619926914
-0.23577100869087625
-0.0672326583223544
-0.13431741783828385
-0.09005719941520227
0.05010720513743781
-0.05715845785096815
-0.3172252112187365
-0.33932065739001754
-0.3885534253025304
-0.310081311358413
-0.512576847397523
-0.4121248255552404
-0.3331695865773141
-0.6093820183892238
-0.6625458487702606
-0.5319436805141203
-0.5037363010913258
-0.3918914768223999
-0.5110259176193703
-0.3319467249300474
-0.08635952060093335
-0.011404122654404929
-0.08100177516044552
0.11477600288976898
0.25146061538705594
0.08736871289565933
-0.034879679966567156
-0.3287726639899452
-0.4727614632118402
-0.4940578860709064
-0.3764172733676369
-0.3200011636742501
-0.3190376588226647
-0.08246184313119606
-0.028137118103460597
-0.08429052081357011
-0.14153123625066766
0.07541545714851829
-0.020920991176549414
-0.10038571781399155
0.19805771765938238
0.2791428453007585
0.18616303980512006
0.08722696052056185
-0.002485231313604672
-0.23843761921053339
-0.30601919138347533
-0.24670781788602802
-0.05912646783673893
0.0016924507519871373
-0.10669114148455056
0.1532279329126057
0.4215862344710744
0.6141806253151887
0.7169782438321917
1.5786327633349593
2.6302531897603334
