2.9583137128343346
1.6862497771589078
0.9700545193119274
0.8049967472628304
0.6088909730550649
0.47855603881560493
0.10134333525849222
0.17854506228140457
0.09776016168893241
-0.04407819822541868
-0.07228501761570989
-0.08352971650418359
0.020812656261461712
-0.0010541364964981367
-0.20950730423060968
-0.21259575387836632
-0.2207716437427405
-0.4419949077324071
-0.46107662299153473
-0.3627302603939755
-0.1828782608537625
-0.08365113816881692
-0.06227080845037963
-0.11925297981357763
-0.04365713030596838
-0.19719492597793703
-0.24346280614379323
-0.20324186900677582
0.026696056044627502
0.2636026542092201
0.3236230967390067
0.24206390918736648
0.40330374173711125
0.44261231226318326
0.3930725954328878
0.17719693501599518
0.23724393593738807
0.11238213793767515
-0.16202416208995868
-0.036963851876096
-0.06565639580982092
-0.15898650688233554
-0.383427135951595
-0.3812181453845571
-0.2543506751139783
-0.18990695262652132
-0.3295543179308606
-0.22651370645710078
-0.3466593498276816
-0.40078401878447345
-0.4652174153705646
-0.37764303397172816
-0.20192109268831268
-0.23646464202495615
-0.2658453195954467
-0.40118791611508736
-0.28352238316897416
0.01388667675474838
0.25068245240029224
0.3947240617405999
0.4716623740269964
0.5450893952916898
0.6506473338735955
0.4738905615303761
0.24843522793970282
-0.06744054724345469
-0.23980159936567014
-0.22797697144887846
-0.006722485651602432
0.23467228307649882
0.28479140088199806
0.2226375478699816
0.11179462809561971
0.08618087338996175
-0.055674220684379515
-0.34711503173109576
-0.6218156341616999
-0.6836633953166347
-0.600894788750539
-0.26202130320010303
0.20269214267753152
0.607511174445761
0.7982187765470096
0.9368653072111109
0.955418258675629
1.1246569992727522
1.0346638170271512
0.995332733443669
0.7899759942842501
0.7112212654318312
0.5618024882208356
0.2968778900207832
0.282425046410473
0.3597767791211207
0.3677940394992215
-0.018835424836779233
-0.20013851923838327
0.0159122273814249
-0.14023386638492769
-0.24837127211534582
-0.0028497494727405034
-0.02359513424669453
-0.2750808964840124
-0.33399996235697893
-0.15150500822203808
-0.049805713587624124
0.041462977445386115
0.04373167673505708
0.2577646324920457
0.281512827551017
0.14259915362676484
-0.16521064203873279
-0.5231705124126902
-0.6962904484453001
-0.7556730564496313
-0.7224360626689257
-0.5097026411709012
-0.5052274133046253
-0.42637905515532853
-0.1153156951253343
0.15839277340797167
0.29778068389192686
0.44242922892657893
0.4674216252178837
0.4473061205626602
0.20586927686448894
0.07519891606044254
-0.18833938659362534
-0.3369631148466369
-0.509217088280255
-0.5200426289270681
-0.7027281705847809
-0.693574095133937
-0.4843062274415654
-0.29522919684004556
-0.45739173672211264
-0.4678167527971164
-0.4783668293005288
-0.3502970665897847
-0.3688884906321223
-0.37483872657875833
-0.45304897066024274
-0.40553663643227894
-0.14083114119497703
-0.1897596674933156
-0.2834547009603051
-0.3827537387557279
-0.2678725867312151
-0.0029571961212854006
0.20317231387932164
0.3960045940629692
0.5750534386681982
0.6384503002123124
0.5018126896288574
0.2320672164640128
0.36864206790414744
0.3165033559627624
0.03442788863289132
-0.01859590177706613
-0.027908128465524235
-0.09312995833254971
-0.4662199045310418
-0.48332077679653357
-0.45062041470010383
-0.2603653933794695
-0.10254555348392781
-0.030895156415152798
0.054965329137465116
0.20866571320279714
0.168311034163459
0.2587434172295072
0.3126315355560044
0.3421927751785855
0.30509563777567067
0.08340595142332806
0.29399724332770666
0.4740143036521002
0.49158458779657505
0.3693487365333152
0.28740210760586776
0.31378168319230176
0.19402728998465776
0.1891196085609372
-0.13913166186654563
-0.4940000980845601
-0.5808072073672269
-0.5093654469037644
-0.5327281460326453
-0.40462009262320464
-0.4247725383869824
-0.23257750570684474
-0.0734693311763464
-0.19972053554901925
-0.38562310373161707
-0.3183878580302428
-0.3904970430819456
-0.3303590384110683
-0.18415460961622312
-0.27960748913486194
-0.30991641806951487
-0.3874008362208015
-0.24066496532688864
-0.00014939036501513715
0.20212009371478268
0.2516424359851085
0.06643603176307611
0.1592028485038095
0.19330068486639207
-0.020774924971901833
-0.2833743062280991
-0.46588454953545766
-0.3896983896434108
-0.49076976861874977
-0.5065473655607579
-0.461935227804783
-0.6007395268301686
-0.5873533392123104
-0.5173839970933486
-0.2776559539162145
-0.15983277438214716
0.054268216467351485
-0.0175437345975201
-0.2485728648588067
-0.30488888406708686
-0.2650593243643504
-0.33126928014390283
-0.37342359592852614
-0.3672862830663225
-0.17654926729010595
0.00493499190186537
0.16647951820935453
0.19161533032920178
0.39854211379066445
0.5362460806773114
0.5113583199443531
0.2647216255793743
0.0038802272176863264
-0.427618236576413
-0.7063622660811536
-0.8873585657647793
-0.9497146526521217
-0.7444963956877412
-0.4359092771724704
-0.2662345969976107
0.11791673213087342
0.37993282553848945
0.4328447096397316
0.37151182043337105
0.37484327861542927
0.24778984148208674
0.15013789577318018
0.06030413610710883
0.26039420909409555
0.3931045500013585
0.406401337384557
0.3442528747861724
0.3387263163611869
0.14507821638870824
0.006771434194433472
-0.1069784931949513
0.004730740232313339
0.22969488613062766
0.3685459936249678
0.45013808151968493
0.4682012849168878
0.3851198947329611
0.2938351791734715
0.13155491265873182
0.35356803561788397
0.41934830860616845
0.2785858351130859
-0.026770878482355574
-0.3582060547704705
-0.46620829189867985
-0.3308781390632105
-0.3784973615973743
-0.014476886453614106
0.0205286907719295
-0.08248352252954076
-0.25298705533403326
-0.34998962561741825
-0.2400084297634823
-0.05267200028980829
-0.18281833932881172
-0.19055578608362392
0.2025975738394141
0.13473444400010687
0.32589314470376257
0.6554200141728811
0.7748582426372853
0.5431169965739576
0.4660374841553765
0.3819856245548754
0.30586914518184666
-0.1712118677157405
-0.3218298127088488
-0.20075033258738254
-0.3289975957418652
-0.34375978227184245
-0.22663698777168914
-0.07453191063316877
0.051226371544365094
-0.05574828450839707
-0.16550622479612878
-0.14339707360292198
0.0658012954560033
-0.028605152487959827
-0.16194720369428076
-0.050638009474593675
-0.10727144413432901
0.0886977306981152
0.37467873800725937
0.4335405894485304
0.25439723438513684
0.1362793419812641
0.05558588211459864
0.18139520673118503
0.16138351722714667
0.5547403303189933
0.7231790949999289
0.6515940548973737
0.6580425644560078
0.7100244994761321
0.5546639768876059
0.5909116249590477
0.37642871891846696
0.14084457156228813
0.003256820636718765
-0.21487206671074888
-0.2425387690341111
-0.5132175551190191
-0.4939007699263117
-0.55651308696131
-0.5118287496275349
-0.4563593647960457
-0.37738144723374817
-0.06939900849072593
-0.08483098973782845
-0.22051512253391364
-0.1763542661670213
0.016105476017694083
0.025168596135884073
0.041170888584441255
0.24964689807754342
0.4356282214810095
0.4108734962130619
0.3818691272479962
0.17826457085871297
-0.021733950966475925
-0.21678268800268435
-0.4035426501167891
-0.6727442893423036
-0.8174366841024765
-0.8679911158433555
-0.72521541315251
-0.45461263655014134
-0.23465574231537328
0.09955819766186588
0.00949207742464346
-0.04129098690291678
0.0467844933813925
-0.08994921159352652
-0.18021195345274382
-0.07585838510785088
-0.03493516219514698
-0.138073387625048
-0.052928435305567824
0.005332009524847293
-0.03638568161913112
0.047220290939137634
0.14803911887366164
0.28356118169741157
0.1567935728260691
-0.053023581621656525
-0.21561203342644453
-0.4301933488763085
-0.5149154509787077
-0.6635075679221109
-0.5504501261069142
-0.2019075267122333
-0.17554738748455706
-0.39035470313416687
-0.2668380744469401
-0.2121624159317829
-0.01920733319603788
-0.07086227544253322
0.16226656479322252
0.3086109674353712
0.3299635979993416
0.45581340488277433
0.4626527658307195
0.3639446802576386
0.2668573833430696
0.38420385921663774
0.4436824011403079
0.2786314728753786
0.12489331455719453
0.12328920759861503
0.0029244397855243366
-0.3077965949029068
-0.30315227968739883
-0.35224604748063554
-0.36699017855679444
-0.5688822347084903
-0.4659909195032186
-0.4752207838270414
-0.4994313159120493
-0.6506761649003324
-0.46205072948938225
-0.2117922679517537
-0.1422296826459953
-0.09878366782768909
0.03432040890531314
0.1048525856059236
0.069107326416769
-0.21433008046052374
-0.2310792212911617
-0.1280255328018459
-0.43089438509801226
-0.6091151324778106
-0.4756823271826103
-0.21329755712230114
-0.2241667178190569
-0.18650892945135644
-0.028791053373837302
0.14061983967838368
0.18461000614986106
0.07466717407800141
-0.18502391497456655
-0.28944971167677314
-0.5299676143959066
-0.6914839636194108
-0.7450764906640456
-0.616068925013603
-0.3204649079416749
-0.11301801442568143
-0.03153619379708844
-0.01894461785582474
0.24287760031849515
0.36008103506659633
0.3262640214618229
0.2108258230799415
0.17552127122952083
-0.03586875930785665
-0.23629536847483978
-0.1372433320810071
-0.11324497609989911
0.1626786026521537
0.043683502392816445
-0.12488148763766546
-0.15855037875838288
-0.3351951371677244
-0.5884466144080798
-0.6442335083222563
-0.401974405480064
-0.5306082181794397
-0.48205840869303157
-0.3440648858247571
0.040822369193421484
0.170782136433721
0.2101076023185318
0.2056877529115672
0.4612306237814734
0.2946801923699851
0.15775708141593497
0.1684899532175503
-0.09846034870213528
-0.3756941946234795
-0.3739553411930098
-0.4526661530207933
-0.2799570398967284
-0.3355664047137146
-0.4429559247660614
-0.28590401668474524
-0.26359069346572944
-0.15804061248027224
-0.22489352664661635
0.0003419636165634607
0.22162419374217238
0.35560691114142917
0.18484134510271133
0.39473741620995134
0.44634208256981317
0.25177768071636913
0.2417757655152863
0.11865949833493022
0.14725902091450332
-0.08198915606572507
-0.0031710220752011777
0.22607200071732986
0.2329291988196972
0.3199974189252962
0.27657673402049965
0.17683186173996293
0.10670139804885294
0.1847108566414074
0.2801708262197527
0.3847050510140137
0.5100037478425089
0.3718171341781594
0.15177606808131539
0.3865467954675168
0.5337353698116164
0.4295017315349233
0.2609380186072757
0.39767107834461884
0.1444883261919688
-0.21596832713066405
-0.22116965893149307
-0.11740278211020388
-0.4152487807545144
-0.5207781212636245
-0.2791161597243787
0.11424257910216198
0.09941444824537027
0.014740132175669425
0.2778894632215505
0.3433943085345154
0.16465249208652832
0.27689177584578595
0.3942598676568721
0.259573926827323
0.25339986078221644
0.13463070905080712
-0.006412875837135063
-0.11321928691930136
-0.3033024855581717
-0.4376206277172321
-0.3817044695698889
0.15956200948769816
0.46428877405708846
0.6302604441367093
1.1273622491652588
1.8746975203694167
2.6131542180633867
