2.705110556861144
1.7383654731135179
0.7500191222920845
0.7948467876960803
0.5413706658295068
0.43656394168618157
0.14868502014610083
0.1431351751868965
0.29788450496119684
0.2445466267197089
0.06421397527017238
-0.04553984380694859
-0.273843032457159
-0.26358106758130057
-0.33033184354790024
-0.43774225577599357
-0.4079973506568158
-0.22145429056520788
-0.1860588691117672
-0.14343181279408285
-0.2310517090717396
-0.16912282404979842
-0.40310585081579925
-0.42627964327106305
-0.3473146003454232
0.008840037810351574
0.06808245675919525
0.08572679817867875
0.13909683702449196
0.13391964640958354
0.17531399045802587
-0.05229575204677028
-0.07442059533825979
-0.3215143072998051
-0.3525246513073274
-0.5915010767526188
-0.6450859854393584
-0.3712846755751824
-0.43046075467562794
-0.2950182626197716
-0.07967565407220403
0.1925044609255645
0.2600697876326902
0.37207038505995643
0.3257424017601453
0.1873421127789625
0.06527037907770744
0.24565104698411885
0.19327288332488204
0.15840652426468677
0.06839859091992655
-0.2522266513035318
-0.4154959299168772
-0.6093362476541403
-0.7029889790527692
-0.6418420626563166
-0.3630227565921313
-0.11200559810947786
0.045736909843920065
0.028387229384607575
0.08019666115157795
-0.034517213836767584
-0.2620626575089609
-0.14255245108441086
-0.25575865965569866
-0.2563809321656863
-0.033595145792478256
0.21402870119973746
0.38908998520101357
0.3240368316262935
0.27152223494070005
0.09614645384856789
-0.11375334141629494
-0.06975455791971323
0.18546676546997864
0.13786767281459866
-0.12307923350742056
0.04166154840603536
0.13831503071607992
-0.018061582911518877
-0.1666348237282223
-0.2596597114133189
-0.5678225333645031
-0.6560231657808671
-0.563715976320304
-0.4887931010441568
-0.6106453922688322
-0.45010101765120913
-0.2278550650760438
-0.27072536427436344
-0.34086692578082284
-0.10814857194224854
-0.05399331723140112
-0.337308563095018
-0.4281697334465061
-0.2826697750939868
-0.2314139260028345
-0.25004584331716156
-0.01917726068912099
0.08311751319485959
0.24480858357592944
0.29355482618902784
0.08011430649259549
0.12696879164053068
-0.09089946140989846
-0.39512652907376633
-0.5336693683295276
-0.6044507281287825
-0.6075530744411393
-0.4622203789339752
-0.5721205265509987
-0.26065259968786747
-0.31632321801354746
-0.4062889903587563
-0.3622535134434351
-0.25754031808887123
-0.2584224514897538
-0.42360413897493804
-0.375507354137912
-0.34981780147424213
-0.1389801091747127
-0.09354872135501036
0.09937033655902061
0.08339563845584705
0.23718404902318607
0.15277159615269564
-0.16417599706352173
-0.20603659410314248
-0.052972470110719524
0.007790266951006378
-0.07456065670223687
-0.04300656370262856
-0.02650844402211047
-0.15441145039906004
-0.2590852804927681
-0.2055902905228406
0.0771532587591563
0.1088699379250867
0.2765469744999149
0.2807190944957975
0.47464444621952145
0.6443169778575524
0.3947438474248014
0.4446876533142637
0.33262392054565143
0.2825792876457393
0.2017223207579803
-0.04477351051397298
0.037464932106882315
-0.12379219265719277
-0.23747767441631717
-0.14700250030512207
0.04336569292234119
0.1523471530142384
0.07809912855639813
-0.11532445819502188
0.06938147558929524
0.07774442152093526
-0.18981447292620876
-0.31444170955417644
-0.4071758985157049
-0.5209191524286211
-0.6207215512830225
-0.47652902083841125
-0.25656448966754597
-0.2661362072658243
-0.3612428607620292
-0.3877048065309268
-0.18011405050318527
-0.3280886438542926
-0.25081157174696256
-0.1598804782171443
-0.2099196127960226
-0.3106095035787069
-0.22783700141050836
-0.07750204473871569
-0.00741329670597975
-0.13369733191519703
-0.3885078179172501
-0.4991042179494962
-0.5472016133954657
-0.6556262302805218
-0.5662383387711354
-0.40187539310510373
-0.5259450221043598
-0.26781312173032623
-0.11791699522644875
-0.298732267158266
-0.3449954275686749
-0.38291248359508734
-0.44535856822200004
-0.22079447591498674
-0.34247693165315296
-0.2054433047199903
-0.04501961988774403
0.11170751852068116
0.2000664174797735
0.024185066474907663
0.19740609420003918
0.23605001181555743
0.18009992103078168
-0.05986800469478498
0.06665184105359184
0.15624983695943123
-0.04067048288256703
-0.19613152081831983
-0.09055567804683735
-0.0606758290001138
0.02757442577746511
0.08174756329306715
0.16207901740495415
0.022984109999415664
-0.22786870378819463
-0.30535034849576803
-0.5128777170090661
-0.545312281366974
-0.465867354882443
-0.2412886007472423
-0.11481922899077142
-0.13291582193717302
-0.07631409146944765
-0.11994918238568483
-0.27305372368588865
-0.3987694764474189
-0.28651752616991144
-0.26271122789877793
-0.4786793941221081
-0.608669568522893
-0.5279695116078175
-0.43181265481388087
-0.338510547670286
-0.33195606979566944
-0.10246912922445257
0.3260352569919013
0.40152345864018574
0.46693185584397356
0.518574245977625
0.46935235196586994
0.2337355067634135
0.06234283827319312
-0.18379326562163212
-0.4567155679500323
-0.47330662432105125
-0.35592903065095655
-0.38055015608805265
-0.3629939360555154
-0.4390585576477732
-0.31369877231852483
-0.12331169641976625
-0.35308926336760094
-0.6060749163541093
-0.5201555933282298
-0.5673298722166592
-0.4863069247452103
-0.36668393924512904
-0.01706580618068434
0.33556092865739084
0.47219267402333703
0.5607964645650962
0.6098349508790025
0.47079247021963716
0.12513630452934607
0.05132510652308952
-0.1886432810900936
-0.4405919229725333
-0.4902484844700673
-0.6998395484958126
-0.7698636687177902
-0.6299210910324844
-0.7270855934708044
-0.6921119166747586
-0.4478068692954258
-0.11755367230761656
-0.07590263509698852
0.006097593482740405
0.04197257588932034
-0.07880283446318045
-0.24094913698142292
-0.30469302571400786
-0.11862758145529526
-0.05358759313265449
0.19352267161629072
0.25855454071338174
0.0545979120034035
0.17883603745024398
0.14300801174093658
0.21852866297573642
0.12188850130590233
0.2471876677966777
0.37043407308760623
0.20956450233321894
0.10862057937463783
0.16776828544000189
0.257280084762352
0.11329124545623885
-0.02111773505808113
-0.0836010467753111
-0.32267009276107594
-0.6974347415419548
-0.8670640178538637
-1.0319036859819644
-1.000474162108501
-0.8041120990954929
-0.46476400077860014
-0.3357460794484166
0.1650936908844835
0.31394280699304794
0.3570235960790084
0.46026685064247236
0.44008904173053554
0.5789658075065692
0.6232889664220301
0.2796080944549371
0.11727952685900897
0.2110824502683329
-0.0276848472603787
-0.2518937714659117
0.010447376915087698
0.12032909004215764
-0.09086725757583111
-0.06297661197289856
0.22727632205503537
0.20756616400537656
0.08767558656001728
-0.05032730446630619
-0.13357939946062103
-0.25982035646107837
-0.5610518304946692
-0.6001460840816532
-0.5198889072861781
-0.35536317520014377
-0.4019114302989123
-0.21348646692328888
-0.07242149476527034
-0.10078047275690137
-0.31566441078303353
-0.4682266267991313
-0.5258730264752314
-0.5467029648620403
-0.41797309167092483
-0.3261440349101055
-0.36080606763446726
-0.4347985730018357
-0.18748892394183048
0.12832603552298164
0.19618440312034
0.05634526976813386
-0.02899126828846811
-0.16070343900811218
-0.30793807443455856
-0.3573534952265356
-0.16673453492603774
-0.06027136944366885
0.024340357415523216
0.14920921704044193
0.08771568375069047
0.1016283395895422
0.12406891213194761
-0.15472603708006188
-0.3325124176328697
-0.4142485205400284
-0.390554373570281
-0.26618374398372296
-0.09133464057676649
-0.03829275700103841
-0.03649414090506412
-0.09826461861647469
-0.2749375376923972
-0.20596013637363678
-0.24726723164458708
-0.11641667934549813
-0.1772491041530066
0.020589273440532383
0.3306974492379406
0.5856195682899138
0.5650828206254996
0.3299622638654347
0.13562222850588498
-0.08047628094723874
-0.14605068276886762
-0.3054867359010549
-0.17791199566056037
-0.18479101097887235
-0.2712438318426423
-0.20888505765081022
-0.02206655496809426
0.04252439594389682
0.3258054639964239
0.3936536921641798
0.23392827813958667
0.18409286698191887
0.10456187486818862
-0.05952154701793333
-0.24894406170008845
-0.3045217181048114
-0.19913786625019664
-0.3828778286690283
-0.26407998001505517
-0.28207796272676605
-0.13171616536257444
-0.21416833374831343
-0.2163485014076393
0.04141615432398505
0.09724441072951918
-0.07690388641731802
-0.013060076392820003
-0.12701448470479473
-0.10763517475393417
-0.214835107501728
0.032872142728033106
0.26462328075715463
0.26993098747715627
0.5952562028541757
0.670680631971086
0.7561841283597451
1.256924317823995
2.290440758562232
