2.7641471516270366
1.7627015445629381
0.8384011272473244
0.5363143614609746
0.43631918615237586
0.11227380914331
-0.13363494939781723
-0.05414731858600141
0.0038708272517949636
-0.17816277652078888
-0.041405854296134866
-0.003879240492816389
-0.3235445301039969
-0.6991910945495302
-0.7957665719783835
-0.8227429368729272
-0.7301186319104558
-0.5355179929030618
-0.10245071009112364
0.243367726156782
0.48220608414139937
0.510083079156775
0.2625155016769878
-0.001563972028565376
-0.2618034073726121
-0.4369893640151825
-0.4222926140043446
-0.24157411582181465
0.0045207438140368265
0.22934736674950157
0.4437538554324419
0.504306635630739
0.2473920864965889
0.029408404595846434
-0.008684395001236796
-0.21828306532588668
-0.3552161918602194
-0.18456488056280962
-0.2919219126433806
-0.2936842035327544
-0.06620769028862981
0.1695120576201017
0.06592866638816383
0.13154312152763362
-0.025631656330532993
-0.12546230898326044
-0.11972726729926993
-0.10820242802147673
-0.37342273807224763
-0.5685205399638208
-0.6880338272056599
-0.7002670339053134
-0.5135650169920474
-0.41650157563937984
-0.29716471738547523
-0.18911393560815323
-0.07920410701183056
0.12074607398195207
0.05819195082205471
0.124591384334105
0.2732384979041693
0.10104384999796462
-0.13347738968127842
0.05518369666419909
0.05378049886079832
-0.34081435745360467
-0.3691037270146953
-0.04936797636823122
-0.15555514909024384
-0.36712669899109335
-0.12284069669656181
0.049807771516961225
-0.08514828010017045
-0.18730055193340867
-0.1556706800130668
-0.08047092013045234
0.02147390100040865
0.13269791435052827
0.31235374556030815
0.5409547363935746
0.44894450721084167
0.5341080395161472
0.6128441789207615
0.6109925919357714
0.35294331181067096
0.04424787048319982
-0.08733897897835985
-0.18094060315382435
-0.2141160942332456
-0.09158903915766825
0.16714720840695382
0.30448628776066305
0.2496111713962203
0.22677897639195096
-0.12302153997341889
-0.32871723478719844
-0.3026661961346359
-0.36029255317321174
-0.31090780346662683
-0.1586918563628413
-0.021221678721097995
-0.14543224426330595
-0.4375790604330732
-0.3648289922488116
-0.40498546037967054
-0.3801729599809615
-0.18475228474705027
-0.007504785043271504
0.1342725427766719
0.2267301542006969
0.11674451090759583
-0.017867271077877563
-0.18863418089518166
-0.26252084146603427
-0.5125357583179311
-0.7641591550545873
-0.8568115302958291
-0.8374318113442615
-0.7556332052700491
-0.5066784706315316
-0.4490765728228944
-0.4408204883380272
-0.5999535487858634
-0.6330001993910646
-0.4828453999256611
-0.34707172465201697
-0.204808873589811
-0.19523213564551437
-0.30285503946700637
-0.45124309202509877
-0.393297369651451
-0.055501471615183956
0.13891502105788422
0.07497651241747959
-0.09892595844530407
-0.1350668927919838
-0.19127832969282432
-0.3497964947836449
-0.23202824206184489
0.26619268505136184
0.29004255456653083
0.09480785829365145
0.16414945675191442
0.27206757701222495
0.22453942335334248
-0.10823808371908675
-0.271271919163618
-0.12810717046595058
-0.2135122258595255
-0.3271913270720138
-0.17368724002755015
0.026474724056010028
0.002314776756182753
0.22076597532396647
0.3570646702862065
0.2779800050496409
0.35990779780902715
0.4907287437453493
0.27939492770796476
-0.08380547663574565
-0.4260462017632669
-0.6466307920511666
-0.6402059431098545
-0.6486415857966374
-0.5764001656975233
-0.44700341805144805
-0.3057821181145119
-0.4567486252356461
-0.3284888907354921
-0.2649149409259104
-0.16393272736429312
-0.17341105681874597
-0.3950574164026493
-0.23838616761509435
-0.4675087696737056
-0.45079611617655635
-0.4305688900811566
-0.2742570409678062
-0.35014221257996847
-0.3198771512793684
-0.13817981551416153
-0.07089744959229739
0.0858620429234891
-0.014566980997519487
-0.22014098275825858
-0.28522825665427914
-0.11203748606999668
-0.04629492302627583
-0.31990084673372643
-0.3816427071753381
-0.060388170551791215
0.09359339996132922
0.022486129601422784
0.33820520188035486
0.3789666315031821
0.16193625189550268
0.2015265807902865
0.25999224517594616
0.4256972309004967
0.3690895651788019
0.30494337342799516
0.13751405162060637
-0.03989254009046913
-0.29089298652544676
-0.25551857643597653
-0.3061578231066751
-0.342440543623549
-0.19194939172484693
0.17681760055729198
0.2496477784537252
0.3362746389847924
0.24783429460502507
0.1445804348172844
-0.11493204063664128
-0.18021489315377603
-0.3340259294691207
-0.4426857716687467
-0.4257744620633442
-0.18918871101079196
-0.019503236743681523
0.1798484445461852
0.09862215748683562
-0.0020895179373588754
0.1610144653327422
-0.13513379033774675
-0.09074338631638747
0.10336999349137488
0.2697637344873608
0.14947848277760215
0.21376290948333881
0.3767415191045228
0.3910096169646863
0.16438708877314168
-0.047804794253254373
0.049820746292659056
0.20609530058588352
0.136145020687477
0.13408059954414245
0.1981809781463893
-0.08016487245468018
-0.2026622023372321
-0.36779549504016984
-0.29565771362434273
-0.24283577588815275
-0.20315657996435904
0.21434565090243754
0.531611681073882
0.8951923060763269
1.1634339156500737
1.357445808966232
1.874180485300647
2.645118403836508
