3.118240509339086
2.003859464358502
1.2177717467229217
1.2077642288827302
1.0926295359713598
1.08499776584369
0.8504808106555575
0.7407807128216526
0.7758330649015367
0.5054419923163258
0.265170911162519
0.034634253803067686
0.12405650763331082
-0.09736833923836202
-0.03309757085934504
0.04519849022341321
0.021874354557125088
-0.020019907064552006
-0.2879538214003521
-0.3575378134363735
-0.15775535290266238
-0.1197202225935266
-0.265143565139791
-0.16886937513859052
-0.22437792450903774
-0.19131291228593542
0.08687042523833466
0.014275737335756704
-0.16729591521538129
-0.33306615263735
-0.3547311072888674
-0.24418639551318494
-0.2022829188911906
-0.21482997599926942
-0.062326171900051325
-0.21824317833775925
-0.30302246139911354
-0.08114030437758055
-0.11087180260388271
-0.23376563917699136
-0.37694925176346783
-0.19908390055808334
-0.33901755472490597
-0.3720480075673863
-0.21021215270278654
-0.1720163740529692
-0.4660633496720928
-0.4084077811229286
-0.1756282010808251
-0.2978932747378049
-0.1705024095664451
-0.174594019809732
-0.2764134013219348
-0.3092843532217327
-0.2233902145337184
-0.16943997125332697
-0.2780221370771193
-0.19628964057064419
0.10012810818619466
0.21790198468412308
0.13111235775420083
0.17291566432618521
0.15442143878714992
0.33463141351951603
0.3414853842656334
0.5108894712543411
0.6835869932584265
0.6318060758014765
0.4135398293412901
0.1641939695312088
0.23534044096595091
0.04960275535328974
-0.24051204552243097
-0.21551887421516508
-0.20805334887335236
-0.14235486407382542
0.05017063014231311
0.21412514552984854
0.05396166432351791
-0.0349698019552136
0.059972993491240606
-0.24548076227579935
-0.3273925695789369
-0.5363782897853688
-0.6344604553815962
-0.6093945946393406
-0.3934002774178518
-0.5677741900760923
-0.4708829770068226
-0.20361151484132564
-0.18566761034417611
0.011084915939155372
0.01540114785302982
-0.12498667022525398
0.03347900523555467
-0.10012842464806751
0.03108909267421341
0.25086284495610356
0.2918225202311961
0.4207318511307339
0.44411688807530003
0.4823997389807574
0.21592175612380418
0.019493020423025108
0.2062923039301116
0.05204689783280043
-0.13124572635518636
0.06994884127425409
0.1661934906195048
0.11415319186892534
0.06210570508960662
0.24276860717229348
0.2617367431521558
0.31543663116513526
0.2254684977418037
0.12657116425244191
0.04261214458688889
0.17414808998213763
-0.028476579059092573
-0.28419809708923893
-0.5817243136467033
-0.6912872223415624
-0.7811160583485471
-0.6943721973823967
-0.3487890157838145
-0.22997431675290123
-0.11433056714868495
-0.16945308383474536
0.05052670020851958
0.04855778801866304
0.23921256633655535
0.12896971073199898
0.30838276608670234
0.30878738260398547
0.38132151275199366
0.22134746714827655
0.07114932243365235
0.1616980789543399
0.12663419359119904
-0.08283769089176124
0.11897507347501257
0.03582014053987298
-0.158572633287773
-0.32005490278240284
-0.18849423610875074
-0.2283903155635831
-0.4126074838928672
-0.38359673629457486
-0.5023772857010654
-0.4661741381030937
-0.5472605397234562
-0.4923453971410654
-0.5883314416939228
-0.6047257851995632
-0.556191295566027
-0.3847396088833973
0.058002133346707174
0.18743676253044536
0.14824594156936288
0.2801475489163096
0.5583832846904264
0.18423350451342302
-0.00714507202604591
0.2963089676059842
0.37179214525792753
-0.01288995333426829
-0.05687534668521318
0.3397872607476225
0.4998115915328056
0.2983002440025264
0.13673814057761066
0.3485437586953207
0.27182135732294715
0.16567764073824254
0.225969245252395
0.472856371886272
0.5957168874553339
0.5907299108945356
0.6104585003826055
0.5567716128407805
0.7052994302781771
0.6582493253402533
0.4746201164482763
0.23911523569883186
0.234207036324026
0.15055023617120333
-0.223920788215824
-0.3830488881471802
-0.18229654855199848
-0.1707957616023865
-0.3210916654558384
-0.2936071356051103
-0.2608221974189679
-0.4067262053125753
-0.6462042387192645
-0.5532490569582474
-0.39092238989329264
-0.4313164573079025
-0.5895689307900075
-0.5314943634757646
-0.2961271819879562
-0.1547135293127119
-0.224258225624056
-0.3544951054033087
-0.28605275054964585
-0.12308928030598193
-0.257458334426736
0.027621965167255905
0.2708851781495907
0.2862097878282621
0.2379476456902082
0.2815340164098439
0.2920598511004599
0.02231071858602906
0.05580095882247099
0.19030023205288835
0.16062959576648742
-0.06045918004847506
0.03696753842869409
0.06531723058567346
-0.0682580680966532
-0.35324221736218653
-0.33355889852301746
-0.5445605439118344
-0.6309584857771608
-0.626580485397899
-0.46712872743807743
-0.5031967927566291
-0.5022801814751547
-0.5495690457747862
-0.41919138356693325
-0.4162323714628504
-0.6020719348443231
-0.5536253307566777
-0.4027968403369796
-0.4846441496858272
-0.320985840359951
-0.1713698053824858
0.05887989523335286
0.08522223193360591
0.1561598157971971
0.21593371541752493
0.1200419964038169
-0.11503351540797574
-0.043246844815428384
0.19293770056663911
0.05912827101187009
-0.1496194639200558
0.11893248617298963
0.11078025379979174
-0.11279925140985601
0.09074861352706146
0.19435515996992375
0.15895787015607515
0.21057240375626168
0.10934892933095341
-0.08213987625908561
-0.033193326854552674
-0.19760050790075467
-0.22743736968931424
-0.19463262508251794
-0.10744367887228845
0.09349893229930624
0.1321481630460436
0.04374511007716961
-0.19279456347212529
-0.012563954489164093
-0.09847111446281838
-0.24438423370460538
-0.06011974537352799
0.043319903212312376
0.13904725687362607
0.25737665309959995
0.3002880636708274
0.16054758389887902
0.24151555631372373
0.31999458765979805
0.42227926187482656
0.5073544535611725
0.4526218069405493
0.41714409173491274
0.37850687821467494
0.2614290382494418
0.3417662402440018
0.15380390784339787
-0.16155625031206247
-0.061551880905068274
0.030832998697505234
-0.008005784453413753
0.21317944052614585
0.32644835373253606
0.16473652178134504
0.12814487269632077
0.4618311851293213
0.42183092695616825
0.08782220165019322
0.286149689761237
0.3091708025867973
0.2874166347769137
0.17310006785121726
0.4417954696066925
0.4202788371884407
0.13984767681647847
0.1719288557292661
0.15263658694480048
-0.2460048405938866
-0.3281734424690932
-0.1688068238751301
-0.22808099365811557
0.039048500765844374
0.2688337315481418
0.38410909936430915
0.35958139472244155
0.2126313244956919
0.07849650595868293
0.038201647608894246
-0.17183482268519099
-0.5588298064273977
-0.6500722869774125
-0.4207265690753306
-0.4634526186489738
-0.3028361792957707
0.07722910059176913
0.3580623254869619
0.38811565677747534
0.3925575717784936
0.4785073964141302
0.6012927118910631
0.4707022363743307
0.4876405082722833
0.25646594009929935
0.4107314794486533
0.3917885349593603
0.11923945560357306
-0.08537978205016204
0.07168767935309814
-0.15698889382537232
-0.3488619560898846
-0.2808840142709353
-0.18860713300618226
0.014960226824692113
0.15160520044266573
0.3987731377780762
0.40561657372434723
0.2775835012942769
0.3113354447999148
0.15613054965341655
0.06326310219986139
-0.1257155378629729
-0.1824848839173067
-0.11685289991515155
-0.06778873666346644
-0.36846790264442053
-0.3936531402651536
-0.23866490568524146
-0.3029965933090857
-0.6517469917054661
-0.7016242399232464
-0.5314267867445149
-0.35629999588896644
-0.2582524276667029
0.09117070475530123
0.2655525049444935
0.4197957593537699
0.4814662241782671
0.44643990475249135
0.4211131941392251
0.46241878259446273
0.449817409702742
0.11927058797341825
-0.16503733409476135
-0.1632686156852957
-0.09500692966353913
-0.11975768822111815
0.13713985578341292
0.24845327890856644
0.29250677634509253
0.4843359823557132
0.6772338511302829
0.7207159871596245
0.6009767964914872
0.4352118905916902
0.49561416190069824
0.4467278582118668
0.3884915752483649
0.10826383180102267
-0.2271732358803796
-0.6225795714459532
-0.7459105567624534
-0.8620349554334722
-0.8336896638924202
-0.5712219024352974
-0.3943453354196453
-0.12126558120515311
-0.0026499366549658735
0.3022243186439241
0.31338457029975414
0.500949520816319
0.5823655206603005
0.6179204853583997
0.5235914221607438
0.5713670225348875
0.46288428942986176
0.463138822661772
0.392438082774629
-0.04012595157878271
-0.14385585526650274
-0.12959618769996606
-0.1403474810084532
-0.3614270176097722
-0.2866049990061928
-0.47084479623227204
-0.45251269542479394
-0.23340395360310065
-0.038921905597213875
0.29663066382764025
0.5502272926763412
0.7758006315736266
0.7856230083674827
0.8452970878575998
0.9945603607393865
0.7742106820245181
0.5048466322180866
0.049715876766110605
0.0055360162192686566
-0.0020021859893318283
-0.23695628219335185
-0.14868093275738548
0.023126074360623108
-0.040470445943999026
-0.29962324321887357
-0.2994221118768409
-0.19908520871811242
-0.06916681349618645
-0.007364534172145276
-0.022304938642372672
-0.22144132911275546
-0.6128526929379225
-0.7613769690993093
-0.8667406025014666
-0.8803509822810097
-0.8216094214429807
-0.7185874987760918
-0.56247997559785
-0.2663265432868636
-0.072706976051976
0.2210432285662067
0.1565833465852123
0.3030609701039413
0.3879952727967059
0.5578531087703869
0.4850047215324084
0.18307134136240535
0.07310064402737128
0.24750212058783988
0.10767819561873962
-0.24047580732345866
-0.21328688966482526
-0.4017930504919994
-0.5357342250693479
-0.4892562505728924
-0.3962257798149032
-0.2946512062326734
-0.37437893364297714
-0.5246190785374678
-0.5441317844047394
-0.2958968018570779
-0.25394505587907806
-0.1737967686583649
-0.24349054714054674
-0.05000922978448828
0.022292028527091588
-0.14158207683198049
-0.01433689495980374
0.2574883499296771
0.35829277661179965
0.3237325597670531
0.31770960472779186
0.4347510878122405
0.3784904057968453
0.2753489487385286
0.3866361268037839
0.32514028142896084
0.38657012647415445
0.5778509581273579
0.5820666423005323
0.3681225458382848
0.04784277493318082
-0.26038163677437265
-0.5263024339122868
-0.7346767764868717
-0.8890476502875713
-0.748181404408125
-0.5701732610214514
0.007283713003235437
0.5424089090600157
1.3242398311089405
1.922089156452795
