2.9623099448108805
2.0540270122114785
0.6749413537168112
0.3312420687762402
-0.008701611692126271
-0.20574490685662095
-0.12727098755066757
-0.31693656326048936
-0.11054746634277025
-0.10627958817673214
-0.14887515785333216
-0.010771350979016443
-0.09307806215692287
-0.44928129642657566
-0.40747194093170575
-0.4161629303668034
-0.35772122699499465
-0.1736569715408337
-0.04701650870563461
0.035692293125481875
-0.12302881978013999
-0.045969305781683054
0.062318219648867385
0.04268318312557469
-0.272830504947766
-0.2585549690670801
-0.14199065506467787
-0.4702854310062753
-0.5727732543288415
-0.4645730676959965
-0.4097518557659332
-0.6352118948901692
-0.5991319402658584
-0.45406251466746544
-0.34010242749089536
-0.23511910295281846
0.08937567570409002
0.0911362945234873
0.025133573393387128
-0.3440464701750664
-0.44018790720946366
-0.40230101308551663
-0.2868504685070795
-0.10404501565524771
-0.009513690592057662
0.02119250910373504
0.2556462939042277
0.23861762867439465
0.01674275351168615
0.052552661036779344
0.014838042667078725
0.1133890770652656
0.08114333548554904
0.3334028447461154
0.3165625023290553
0.037192211532343145
-0.0501325563520237
-0.2965623307555537
-0.48259335744334036
-0.5151706136561295
-0.3874649983474938
-0.19124290747952924
-0.2680092178036429
0.1081022895661917
0.19613443880482845
0.22897287927945525
0.2659061560019925
0.27684639234223457
0.1840203576664491
0.07710658019540165
-0.1645656200805823
-0.1684754704668727
-0.12814348737887085
-0.2822227298412305
-0.17029071202090706
-0.1483531736369299
-0.12018619861558452
-0.2202015731495798
-0.1481344355579297
-0.16380798596753104
-0.23753076947212573
-0.25929961904049115
-0.26644460932547553
-0.08472119193652322
-0.21749032382091663
0.012418742877447597
-0.10717920363463601
0.08093828902212907
-0.1371404626928483
0.12548796360802905
0.26169947375750713
0.052704892842466045
0.308495237620134
0.45020071245229765
0.37543858834915533
0.0995289148423848
-0.14932468684768252
-0.4094078635789637
-0.4798795865455825
-0.3434591642347176
-0.37189307535281535
-0.09105956151662817
-0.005082091427956303
-0.07340101194694246
-0.24011086593716638
-0.257142526622244
-0.06347696011475958
0.014770189386535577
-0.24332715454512377
-0.2432843141465094
-0.26379511022948016
-0.448537787108
-0.7202221684196934
-0.8319373272779879
-0.7150720255679768
-0.5794716223330139
-0.7313406413212552
-0.478533504022622
-0.08734281578536507
0.01250607820776041
-0.08843878785514828
0.07254810060160888
0.2931575107208564
0.7746944079293957
1.1028302775336045
1.6113951224979965
2.7617896886922235
