2.5891477014929665
1.572250328665869
1.0565155818190366
0.7525077819165831
0.4404750731201176
0.4891179413090125
0.4153744159021684
0.46312640234015623
0.08169330902270361
0.149357785986176
0.1682687697006213
-0.18175432630729527
-0.28214437664400094
-0.08801820844975927
-0.18539213198387564
-0.3284289287620388
-0.4251451171710758
-0.4290794064359694
-0.24988813323107467
-0.3991015119000532
-0.14670216959080692
-0.10993291724838278
-0.1173028581070223
0.09473518387528977
0.1304394757460923
-0.004925373862291145
0.1948441215750598
0.3709756811521483
0.2531464918918201
-0.02552144822913964
-0.23479591605359576
-0.42369184395450177
-0.4973858002853454
-0.7267092300607677
-0.5688765864347656
-0.33114715469679096
-0.3251898633760391
-0.32239686370945053
-0.03047826509072272
0.1299345212471195
0.1628968692339456
0.2109135753726641
0.1649176060231595
0.37169657140502643
0.352463230383142
0.6636404508977
0.7881822425380336
0.8616208402940224
0.8524050745797049
0.8308975754130826
0.7904133215221262
0.6544884524507445
0.4610004645531145
0.7026503623886255
0.8907587132409012
0.8380571336283243
0.7125664219064776
0.6305515534489111
0.5876005654548195
0.19438466739250532
-0.2259031272290995
-0.2875277950357613
-0.6283615433601086
-0.8446016883408914
-0.8170800475773174
-0.6483116174962146
-0.2908293968877466
0.1452903125684366
0.3544473969620535
0.3735469868988887
0.3861604393630537
0.3860516432182715
0.372932928351243
0.32685205943641776
0.38718938075600995
0.33210244128716654
0.24376376826692858
0.1510486015891407
0.04677429627499434
0.1285647498465928
0.026442244526766655
-0.19225736606445173
-0.07605626798732687
0.14298281074340807
0.15135123994112984
0.11033046462278484
0.14602107710128956
0.13922203359448973
0.1541220792629795
-0.051729170984804916
-0.08725383355813904
0.0753958395052078
-0.1192976182195699
-0.16213344651343295
0.00701857548189188
-0.15333248173028463
-0.31451931155877233
-0.2889261932234143
-0.4183172378609504
-0.36200647278251535
-0.24254146944646543
0.07534160687639083
0.38592994518359225
0.44586187267068744
0.48368666655589276
0.5171216795543693
0.4882227958208387
0.20067945943155163
0.08567914922019342
0.03544315143525602
-0.0172747590534435
-0.1801292572913565
-0.08318948880162605
0.0004368449768044694
0.028207512387092043
-0.0486320645643937
-0.20273536893742136
-0.13343065431512321
-0.2522493076523365
-0.22415190324015277
0.10098141495071895
0.18411917416603496
0.1791385587020644
0.05430163678127578
0.09670843695534526
0.01167114228484941
0.2583937462579387
0.30616337377178565
0.0759320256216775
0.1306332116329436
0.030838786152902833
0.19652897805268063
-0.08363374283970144
-0.0028068171162050418
0.0771944491041743
-0.03632657009269871
-0.16814927398035173
-0.004314225313740816
0.2337703209575682
0.29187150236198356
0.25912873397451025
0.2789974267728661
0.13740642530628433
0.1965719190122271
0.5394247020342476
0.6266319173003182
0.7867358922212419
0.7570245742357824
0.890799890343938
0.7595752244318247
0.5374544466969566
0.3707358561680019
-0.04201943077014496
-0.15824575144650774
-0.2683671021065021
-0.14402271355749796
-0.03929144053903491
0.20699467322549586
0.20374124354864315
0.1506805948940094
0.09500309177786397
-0.28309459668037457
-0.414061748560208
-0.4098356228472919
-0.36081732636070596
-0.012300224880646297
-0.07833922137889505
0.06398050711991951
0.3063222311705819
0.33482554929477576
0.1347481976817878
0.17737505263188966
0.10275817590297986
0.013860719267967586
0.04977001463340219
0.014541383035697382
0.02052500171258374
-0.01844185210393393
-0.15052181455292452
-0.007533266626564145
0.21219010881255118
0.19398474610076322
0.28254528178487703
0.23578667409894624
0.15584902689422084
0.3523413684717366
0.26789542494058016
0.19048490244349062
0.4753663926175039
0.5659840520088536
1.3057284661917405
2.427700426550728
