2.841174280447075
2.1839126706490077
1.195489682758906
0.7264965818530499
0.4269987616483444
0.38073718401429346
0.19480940412134726
0.010191228445274592
-0.05206737021701494
0.07652595039428135
-0.1441603993978546
-0.11495412616212147
-0.34224019860039256
-0.1718292410663778
-0.2152032949860875
-0.3574604253832356
-0.23202109455703132
0.15542415497747106
0.3480640758231739
0.35907086871327326
0.20447224609446363
0.06600004639912202
0.18595012148437476
0.3292951638076412
0.29899719960567306
0.5494522589164699
0.6443804125834736
0.5062361328815914
0.6454874508390973
0.5310699110940242
0.36955445105421236
0.02794484767637806
-0.4886783230007724
-0.749694238296716
-0.8085202953755366
-0.8019622840687298
-0.6218920961607136
-0.6659407180519219
-0.391275395232424
-0.2514882370249932
0.07183578140029045
0.2673472590048397
0.29048571601885387
0.23376789657063882
-0.0708106628854106
-0.1538687365514718
-0.21021205223451472
-0.15751317563127745
-0.3185320336119634
-0.35892337886965875
-0.14244960840710802
-0.17009363926884338
-0.26954386578113965
-0.12095381191533894
-0.10649102696036065
-0.08468781429832925
-0.1921718567310202
-0.5603926828195078
-0.6390902743416461
-0.5777211931032427
-0.5255135682222658
-0.618151191671827
-0.3443892740348332
-0.12943326342484776
-0.06927413875256049
0.0347871395225907
-0.057936241301968575
-0.27274118905968847
-0.1846887106069797
-0.4411162384003353
-0.48617574336447755
-0.36080551771942465
-0.19606090009281096
-0.12235906368721053
-0.1885424386641478
-0.29595326983216175
-0.1171382020910968
-0.2020838479796121
-0.23926869458730374
-0.14210175375142403
-0.24599771016045896
-0.0951566950119223
0.05644090826621229
0.2113860711840386
0.08044122157112694
-0.05424102521691916
-0.1750683992026137
-0.15926475600056775
-0.00879051953701411
-0.14111699740858155
-0.012911390908174808
-0.02586735287801669
0.0038337600060114746
0.06857363027017434
0.21495471006904604
0.12412876462628293
-0.22775884111334851
-0.24008863707163905
-0.3735045221437688
-0.28188866807665725
-0.19926231446133516
-0.23298966049630793
-0.06464828624472718
0.07619776085473856
0.03191440942452015
0.23941065279049203
0.2914034838251731
-0.015717017324328984
-0.2626955364879498
-0.24998091582121104
-0.42968920887078954
-0.3901405037630799
-0.43208680252375914
-0.5689337745306058
-0.5885067470292332
-0.4628338482803008
-0.10457467540831035
-0.14570676453567188
0.09068306014132624
0.22326518142836355
0.27268882211747164
-0.005378849222751274
0.06316992033114066
0.13627654842939796
0.05862363480575045
0.09814418189314875
0.08136934775732477
0.0908646329684912
-0.3080961841999159
-0.3578158513148293
-0.2385945317425171
-0.45414600741542377
-0.5172043855272234
-0.568125749255405
-0.7752066217937109
-0.904291837098871
-0.9527823268286671
-0.7245779139650277
-0.3561828326296671
-0.37176081014636353
-0.4107964915613482
0.08065451587374158
0.16814060997106917
-0.01264586406708765
-0.21687277048507086
-0.14065048474218544
-0.25160819515620564
-0.20171758824160596
-0.1465493519372057
0.13746533995559734
0.041286685177065
-0.1699806080998314
-0.18865149786319715
-0.08573329479561918
-0.28861305970740586
-0.3514576844627035
-0.10207675528402946
0.07581694792767744
-0.0823416250664499
-0.04516743005905374
-0.10221125315212239
-0.1695995599228161
-0.17120864032621855
-0.08184052972542155
0.09093626074367707
0.12584175748351734
0.005994315469514358
-0.18659569353342245
-0.13969330014840245
0.10379244010648705
0.06797845358516384
-0.10747072820650796
-0.24286627643910338
-0.24057147262466327
0.03474225566293997
0.22898201717031227
0.49558647249364357
0.5654717389685794
0.4512370082519177
0.4880375271102339
0.4377663295636018
0.5151661716244185
0.48147532367877666
0.3975312519798713
0.35303702914579665
0.051964551810114404
0.08100129163905131
-0.12824015583475956
-0.5340291146895675
-0.7146067628300163
-0.6323087330528089
-0.5887388344180485
-0.698740100371206
-0.441655811872661
-0.371636425259965
-0.4307896979143255
-0.3462976341207916
-0.04841788142194352
-0.1109964387065851
-0.3082017439610398
-0.11938243315796106
0.2245444527458981
0.29776451166271983
0.1680342077417683
0.47916295241411855
0.4208095288489616
0.28470590127408957
0.29669953488800627
0.0970944878323266
0.22773540851537522
0.3507570604121437
0.1779463923497332
-0.046551108808499095
0.15577679904044622
-0.019760138819836983
-0.15679601914211994
-0.23172125599246435
-0.3238361968682273
-0.4192945438961731
-0.39446066207546354
-0.22921302474632366
-0.0053197538595400745
0.13312025579748452
0.3044149492666334
0.4901583432188335
0.2435151712324256
0.015435748212107754
-0.012543866691331377
-0.31460130390274144
-0.44775175572421555
-0.4147025964078069
-0.07648125322204657
0.14045920829854888
0.4927142401542502
0.49747863695286787
0.5416601947173969
0.44706511617680633
0.09239674786638867
-0.06493316598358034
-0.29701814974708207
-0.24577208797170721
-0.37779239935718817
-0.3752453047543004
-0.1287886099905596
0.02810061497389317
0.09013606353651482
0.19381065825055643
0.2538230379601277
0.09039879156425061
-0.10594798668410962
-0.24259026264123656
-0.2485547622370039
-0.40047631164109987
-0.5552096180193757
-0.7563917530834023
-0.7261620534747655
-0.5620853548860362
-0.39580835643517653
-0.19417775249563468
0.14430323191657987
0.34952126143794165
0.13669196578962453
0.1305872042208887
0.00247237689399611
-0.03235935717968722
-0.11122103801290653
0.07616961613731643
0.0034264953998357
0.16000796951183627
0.2527997447652269
0.5860276088311195
0.7700059453886481
0.7111570245690995
0.5497604459758594
0.5375749022823829
0.26366658820736916
-0.21480556229208747
-0.37779889952333234
-0.4276682689253871
-0.504969217331006
-0.4175259034048067
0.019420781629485552
0.08641527724518644
0.29483263166122553
0.49355322265192
0.5017314424498771
0.46234908899419874
0.41523976690361236
0.41361977981132303
0.20973032202218023
0.31083035187496455
0.29069067682718625
0.35617279981941585
0.4832310178821574
0.703174029987499
0.6119705515233673
0.5074404713563935
0.5692441553566826
0.40752222585972037
0.09710830961401702
-0.10651641809301968
-0.4472534971946125
-0.620279587411198
-0.6420069638563211
-0.5605026498201073
-0.6281424237491026
-0.5864694566504741
-0.39558505900579
-0.2359124764903355
-0.008575242283514351
0.2058483970807143
0.3440990762274444
0.3664720456324094
0.3018267971896123
0.31474993831374337
-0.009143001901529916
-0.34239732263233913
-0.37604214075473635
-0.5198893515602642
-0.6930243135486538
-0.569249495775129
-0.5461796319516415
-0.5962919612498129
-0.7959304504562332
-0.7530519410412776
-0.7391348497068116
-0.602811374915591
-0.3128821917290884
-0.2966111184130457
-0.19733492811241335
-0.14644059335941795
-0.2042020626208913
-0.416050162462372
-0.5627046836505445
-0.5083286833032085
-0.5365517735694424
-0.5374388280013606
-0.2586045846809945
-0.023689478210662845
0.10105058791416129
0.34653159453954746
0.332912188137472
0.27399438520232144
0.15633183705613923
-0.09152965436322379
0.025053085868042363
-0.29282279445429155
-0.2716422232509386
-0.020856132312785637
0.14641071682162662
0.008099074058761048
0.15081784520252095
0.06659761917976587
0.058199203333458877
-0.03584379275532452
0.13631321172836466
0.17184046432886999
-0.06295569092319253
0.04169747043838059
0.4841321615208691
0.5659744495825493
0.6307081644842223
0.8257637362645852
0.9333027154631747
0.7374203458275362
0.4153396271152547
0.5482191473144775
0.644883120331338
0.3832848218040778
0.1640394927641693
0.37871128988855385
0.2835126518246079
0.13094551964471665
0.11004704517302463
0.37938464904243757
0.35665418387024334
0.18291059020827202
0.10647790246330498
-0.0797525243240593
-0.1386609535718419
-0.1706035075910088
0.05426062215139281
0.17301889453400637
0.18663295085644616
0.1935877792428042
0.22467766268923575
0.48650451154961727
0.5530430097700539
0.5653091610765543
0.6317553319485111
0.5825826918006153
0.7884872156440754
0.8691280592167026
0.6008814257802765
0.4290220084154958
0.2260468826053102
0.007175392492909588
-0.4363797741085
-0.5782883287355046
-0.5564422897457252
-0.6105055113021288
-0.40493104357833803
0.045527675428261846
0.3239441862333264
0.5062859912719645
0.5255540575036938
0.459689192391979
0.5334879441506648
0.5101613180038495
0.20231464452265216
-0.06370462404284497
-0.3732676886332673
-0.4495203152227333
-0.5718498454653387
-0.5150221962259782
-0.6170855363093866
-0.44111178684162444
-0.40622484640653683
-0.5620072267249183
-0.5750421786929402
-0.45439310466339217
-0.22908220863137801
-0.16714722248433322
-0.08551509893780573
-0.08489860259436814
-0.1377785210504578
-0.08308857296284777
0.061818826517501854
0.02898317037172366
-0.07218202991092763
-0.22831936973133776
-0.22491678600965445
-0.2876053200565132
-0.38161034937291377
-0.36806226871696
-0.3113252500482898
-0.09297843072838802
-0.1331639517467113
0.01745177458988259
0.03593798334814247
-0.057621145867214174
-0.039170013198480146
0.13926866930913417
0.16588932529304748
0.3268772892394099
0.584010037150999
0.6474842816855647
0.4505710120857625
0.02883375845516025
0.10168588046345611
0.02275447861538804
-0.12310959450908406
-0.10140658711340544
0.24706249279674364
0.375397786586168
0.26545686222243015
0.5149827840060381
0.5001813436415392
0.29095731752901566
0.5538077799694324
0.523605576610843
0.297739510033509
0.4023296745431019
0.6392555206932683
0.8677878035462355
0.7887021176552949
0.8003578079568309
0.6426709137766882
0.4613883438162979
0.3577978055631854
0.5402972700089901
0.30880788057728087
0.046251405289647135
0.1336114950370141
0.2310093265247584
-0.1683031489524326
-0.1761473952725705
0.11266454579391182
0.08462539652819387
0.016188745177272763
-0.016081953624913742
0.24900465578202144
0.4895457325512772
0.5113580627099742
0.6613655394929328
0.6358440491896715
0.5385691448563242
0.4535459185232884
0.535225374058176
0.531261547432799
0.48136488347531975
0.39844576558667005
0.4400692633430008
0.21415718277305662
0.0003467690404105016
-0.004986674042134466
-0.21779936424426613
-0.41652068740617615
-0.38970939821623485
-0.16783730153463255
-0.25513246951950896
-0.3768453067722373
-0.6693699435408366
-0.7797110899335
-0.8574103347445664
-0.7457454330310918
-0.40592124637724913
-0.2935694774690396
0.051208949103831364
0.2906239791444443
0.47035135195197
0.5173385033598223
0.5366063425083594
0.5230256649379328
0.3158281936600447
0.08809900514746827
0.2059465076699423
0.2400614103732461
0.3827913687333236
0.4305202387511344
0.6130119172487903
0.48536163767623575
0.29644473304522223
0.19837553062552246
-0.0226472615432529
-0.21582119557554982
-0.2674296528483765
-0.24766666308275462
-0.2962893476437136
-0.12605694906871823
-0.1260467566392889
-0.30998975303370907
-0.21034453364309572
4.3039961881199615e-05
-0.07092785649183617
-0.2625767700391385
-0.23418550939656674
-0.44595749943457175
-0.6310014761683983
-0.7929985582300687
-0.8282464147991052
-0.7764602861989282
-0.8232023402764147
-0.8417035701570225
-0.7741945724360876
-0.482974275507404
-0.45441301372469245
-0.6274616344145583
-0.6119932693569655
-0.40464189759352936
-0.23935175901655492
-0.4644443244187326
-0.37032720490449555
-0.11433338257928398
0.08202227947516916
0.004672080562768491
0.07246762590235131
-0.0019154628705713682
-0.07057176980188556
0.06259041342284473
-0.03873783766445444
0.20251049769333354
0.2335493567822716
0.09854835848838704
0.006772286838399623
0.16529789327891387
0.07161644631536662
-0.22696660818092423
-0.37571914385131644
-0.2471877958521358
-0.16454393365526646
-0.3079295381447416
-0.501034135369437
-0.6349819551543201
-0.5908832295877141
-0.558831536314994
-0.5357371758513959
-0.18715448015074396
0.1362860916478399
0.0811357215257323
0.19701779012661502
0.2040311119916125
0.17224081667957042
0.22931410886413958
0.10966747661919163
0.26214131725113765
0.15467417450869503
0.006448547771411744
-0.17607628836318295
-0.1148553512806855
-0.029756667084927094
-0.0789887476141372
0.22315975010835035
0.4335974043233664
0.3007647130439356
0.20962308558301262
0.13479223116063993
-0.03125559948383143
-0.05141123944700006
-0.09777065364759487
0.10514263519500988
-0.06829309781677709
0.10048627970354278
0.3453311313713096
0.24312680293764524
0.10297768329113349
0.06105575872735804
0.06639385341605672
-0.005788282250166682
0.27527358892636494
0.2104714501963154
-0.06659547574047345
0.12042263046084872
0.31694228994824875
0.15569940983916913
0.1636095514803356
0.2338314664943542
0.2711010531113701
0.04241054836772185
0.12285981954652404
0.25769266294939847
0.3641745025726849
0.5525476842967589
0.590857378736342
0.33740471416323264
0.09764446599135473
-0.1322808207841725
-0.21954830356092808
-0.38474028307174174
-0.48029848642393425
-0.29511763889876036
-0.2417077182309504
-0.18734751890733667
-0.10491068254698097
0.12145603302383778
0.28645404008167585
0.4544961464441843
0.5409479038566578
0.7052133887723142
0.5991839212221951
0.4207569251409643
0.1961397663503043
-0.07553361689293178
-0.22317395331074596
-0.38893420058518663
-0.3672128899082154
-0.3269215327317361
-0.40749313585706
-0.3072585522912717
0.1770611753844205
0.39039025191988075
0.41314976984563057
0.3288100001008588
0.244046961870039
0.12695366250254622
-0.2771702887574317
-0.3425815525996522
-0.4855288485442629
-0.7735435884243093
-0.777860036960548
-0.819786248065418
-0.7311759219514762
-0.5488574419649197
-0.1223473079601508
0.10333464092675679
0.312900610753592
0.5129738900969643
0.701490033868006
0.5583247724835622
0.3920433270080212
0.08685997726123859
-0.21822327471961267
-0.3651801358993257
-0.1669648556726845
0.13469934024828625
0.21551156904236438
0.062117994034818574
-0.005806623880735103
0.16536836090238916
-0.08126375419828703
-0.4477455483732541
-0.6494010756522147
-0.570576447840658
-0.7441735996719002
-0.7301582579376931
-0.5136012971367573
-0.44729947451216123
-0.6178509397922181
-0.6716237084983614
-0.36031646446564053
-0.25024548607858915
-0.24292629587690887
0.08129044159853452
0.37785060974755375
0.32066015107347356
0.23865526423738598
0.35741246171840574
0.10155730875741935
-0.054360725124051795
-0.06864007645353304
0.20839332731756832
0.1223368572218146
0.05143830320786688
0.016786399950708228
-0.23305761603679234
-0.3692483396415974
-0.19890677146800007
-0.12148071602726172
0.06785060559002261
-0.0265389040568398
0.05613703187356984
0.5156804697582166
0.5497226177003681
0.603378872897218
0.4978819539908306
0.4029151662854155
0.3600659797946238
-0.020797709257259
-0.06580505676862991
0.14554688279165434
0.20188831553533873
-0.06803061741725487
0.12073797889743142
0.35102149801276267
0.18830207471019433
0.05808957609471141
0.39790007543157974
0.4167902141241521
0.12013496952215957
0.23824251213312891
0.45761821242918627
0.2909965364366435
-0.014573474041806086
0.14395931984147559
-0.1288271879192213
-0.23649209318706524
-0.27300219807366893
-0.32860329457669746
-0.22607891115166276
-0.3344353143993116
-0.4754657870047251
-0.5988869865945933
-0.5264716511286066
-0.6021391696588171
-0.7497871947237779
-0.5819823887167764
-0.39144742476643163
-0.6436922125756517
-0.6176198316874284
-0.29286347488300085
-0.2791088516748579
-0.3728392541647762
-0.2771488566383918
0.10377277488955117
0.0509388201551976
0.28530099077369386
0.6297904488473646
0.6697156427113375
0.47579857148542604
0.39403664728607
0.19833508843082281
0.03085930233757827
-0.09612938527253434
-0.3529626006349668
-0.5464995979014987
-0.4396467148289577
-0.4558482596368196
-0.5987417871738188
-0.6915188838939695
-0.614369420253209
-0.7538231131111016
-0.8694957555350977
-0.786345037426295
-0.4809395281080127
-0.5548518424842571
-0.6515067088343113
-0.562691029327881
-0.23273920981511292
-0.3129272495528288
-0.32731946515018184
-0.029034420571825877
-0.02043804485757568
-0.2086672613754017
-0.09872793645692246
0.07100665198121764
-0.07475785519834341
-0.5001042092649913
-0.6670718263204649
-0.6063954172864089
-0.7127021208361148
-0.7307543917677133
-0.6044152572356734
-0.243354802662988
0.019660681809292025
0.00021212359855100373
-0.16352425075205654
-0.12585879392851732
0.15524783852633725
0.23061418741054907
0.13629498626873443
-0.04718219151603742
0.25748360422053534
0.5618237984640807
0.4653779423404426
0.6692543641543578
0.8090614064079986
0.8583119633189199
0.6888512771535671
0.9384272453408177
1.7568806148789942
2.5982633523034897
