2.7647854887405185
1.9104265300869359
0.5668572026746732
0.1834504904434494
0.16052672146391883
0.12222657057236713
-0.11010142440523846
-0.04988290067773282
0.255476720672289
0.19432944357831172
0.012058645427284026
0.27373646538545915
0.29524742437531115
0.047353346468768986
-0.2620812060609157
-0.1969200879123696
-0.10842472646424246
0.09186293913833085
0.22960322316634546
0.36964093510268575
0.48020366901277184
0.34505399349078153
0.5165671800621833
0.6056123074596101
0.26692123062538037
-0.030376631698263074
-0.30872771414844025
-0.49893970416140476
-0.5172028458610589
-0.39869810943675127
-0.16173994717392576
-0.020393362484119215
-0.15744373146830726
-0.3126386918501153
-0.28130368089403546
-0.0952451515914364
-0.2297332335365907
-0.13283354454827942
0.07501533482587615
-0.028623811438718068
0.018631266066501017
0.12064246254833082
0.26105875477303375
0.2120785548856088
-0.1346874547700752
-0.13977849246157414
-0.013268884060891363
0.00483595092273241
-0.1796585010203652
-0.31727648937541447
-0.2501957122285117
-0.3045970980689245
-0.075884240904342
0.2973890628528737
0.3286184531880895
0.4245462687230446
0.5873097090083299
0.4895678487671861
0.42536618396638565
0.3377629385807854
0.1390333331849513
-0.07444484300141561
-0.24716687725396908
-0.12037651180871087
-0.10343678176026393
-0.21934837132739599
0.021312207836464838
0.27849616903625807
0.20789829201333526
0.27639952684847663
0.5517500874463387
0.4965502897501341
0.3643054953607499
0.2498204333289662
0.16914070991529348
-0.17980285291495904
-0.4206911901764947
-0.48794766105136933
-0.4531662833092369
-0.6201878460401525
-0.48384234707184465
-0.24013755040891654
-0.2034712378991726
0.10439537410768085
0.44304452940508954
0.5019229774140305
0.40904224234503067
0.38798414425451705
0.16954597532992202
-0.3033499485029051
-0.4638276797195041
-0.45782424983339126
-0.6399531869737202
-0.6758369445826148
-0.5182966964766262
-0.3776035299715759
-0.09970991673626514
0.07727966359691675
0.2666442479836816
0.4908890073507514
0.6259895053927792
0.6904538822954407
0.7624796508282519
0.5801648367577967
0.3053662057376707
-0.13449275518156797
-0.294711399082613
-0.6821788899190306
-0.8254270878085063
-0.661641801915305
-0.4965860161338846
-0.48288961932918123
-0.20280035970525617
-0.04653776623469931
0.34045989902257867
0.24728670638104838
0.2069419204558438
0.2551649481342643
-0.01502102051121228
-0.1191680623168549
0.08067870035347896
0.26028291848006757
0.15958496695528165
0.23057788289858408
0.3242477883342874
0.2988052781120376
0.28852584552934973
0.048607511288658894
-0.18539630163474694
-0.23717489146487045
-0.4306658038092843
-0.383151148896066
0.008142439343429082
0.1555806250978609
0.10619306963274895
0.2742377836591762
0.6421982330683673
0.5535384363643024
0.4321661880934619
0.7245702662622092
0.815551633937238
0.7436922901547891
0.8159483856374775
1.2074337467417433
1.9325109103636648
2.699413146351484
