2.602883943130487
1.656440453305919
0.8300810398589775
0.6309550282741705
0.41820080642889007
0.30713853319796525
0.26539171755914237
0.07573727803240292
-0.12854250732399533
-0.18242462127148554
-0.5222159518789936
-0.6193029125675366
-0.4102996608525615
-0.5538379545902457
-0.5795199969178758
-0.6842095799765695
-0.5822711301809008
-0.5450649290799564
-0.3298190649178827
-0.36811905780476906
-0.28118660154728603
-0.31621561993210107
-0.4070404815643216
-0.32017727880603375
-0.13721172010813928
-0.027603989829609345
0.07726989699880314
-0.18368773191565266
-0.24776232551919639
-0.1897510951245637
-0.376852576594
-0.36204229498920765
-0.37183532211382936
-0.44816651017241205
-0.3646641907224034
-0.35070682981321
-0.31601975375976066
-0.1566094888107334
-0.03936512949393295
0.003328016728171023
-0.22452784645763935
-0.15560885279808906
-0.03123708176112215
0.14297525390138646
0.14412856224172918
0.11744066206211991
0.16477279315349475
0.017413452613731086
0.1444367846145997
0.20173943200760533
0.25250304079865943
0.1957762621515901
0.01034435556478533
0.12421398096237961
0.10426951214868499
-0.1018010273545728
-0.1284676172288106
-0.4092472970168721
-0.5445305151833196
-0.5432961708445689
-0.6132594690394447
-0.5269196815574342
-0.325471900979713
0.11179462207594754
0.16272378617795358
0.2507866528819163
0.1945064874284067
0.29482650861888293
0.07579113798232211
0.2994322471379
0.522275651256154
0.573855890284087
0.6787406891477603
0.47445038460845335
0.2666112107312145
0.019511621067913768
-0.13227318252089745
-0.07323169070739476
-0.09683372471852711
0.0024718160897936985
0.054840698019866685
0.025749953749136155
0.058234619488405776
-0.23636599399949496
-0.37130188076084564
-0.3223659041617755
-0.20596729727366053
-0.008322579555442702
0.08857143040441032
0.2249277765901107
0.2919581023739093
0.21864029647246158
0.09072132439375781
0.06373745195765787
-0.0762138179311273
0.0516471893690722
0.24879125799983348
0.2018857046136793
0.23549481728876182
0.2978587154265569
0.552028957411872
0.691912800513705
0.6848576497773032
0.5308358410795866
0.34403371231645324
0.15261533834283342
0.0642324621947418
-0.10876379711218181
-0.2870631794665529
-0.36144771589422037
-0.6289391354746808
-0.7499667579408115
-0.4529883561131037
-0.07485797958005014
-0.056379120928393145
0.16773990971243408
0.385519917826205
0.4724566889225835
0.5574284191080061
0.5730938637092178
0.3048404089896675
0.1556185512680591
-0.07923552432951239
-0.32686390682778554
-0.15469614379117297
-0.14156901368737443
-0.3919197897059169
-0.3059231193534594
-0.08030412988987705
0.2306181579907078
0.2799977397421867
0.297204068517302
0.32513057788599165
0.1885605589927285
-0.023293665156268184
-0.27887997661070146
-0.1993257696100888
-0.04820094792098932
0.05184983487870377
0.1748095973962472
0.45395641537156595
0.3668144146060937
0.25662192451414023
0.22713897086008888
0.172288241459782
-0.032214106537422245
-0.21655619212479993
-0.1756699205549686
-0.3245836174409309
-0.24078585259456803
-0.19190432474172475
-0.325533828688055
-0.5984073780926358
-0.751491265063331
-0.7505477286271092
-0.694946720626392
-0.6971837438410946
-0.6668767922839727
-0.49027555489237895
-0.21775019763425646
0.2371172521171913
0.4269398300398434
0.46926513551603816
0.47513356998740947
0.32980914300472824
0.14339607963167922
0.05218350766612402
-0.1927693606139894
-0.12978783312875278
-0.15151580332980646
-0.008856358959936458
-0.04874480395791899
-0.11019006552602842
-0.09911323521309122
-0.27981392273297045
-0.44281055150062
-0.4750681440622271
-0.24814876955548532
-0.23122244049680513
-0.33414713296177
-0.19638772583668426
-0.12744505242870546
-0.19386776901249586
-0.39668627766405024
-0.31473575912136464
-0.3206725714491558
-0.31785657482771584
-0.09583677948525032
-0.004379546628279522
0.10730458329409212
0.23770953916391746
0.26530143223469527
0.19957111488106388
0.044796728928844745
-0.09904745682495641
-0.1311752057553065
-0.03301616652096513
0.05649400133817041
0.13798880524113774
0.20652608977392778
0.06124926886721146
-0.16319536112107386
-0.42374332636924145
-0.3581373578251912
-0.14676183059476655
0.09291135812866154
0.1726153500794133
0.019972005792885182
-0.09157691217852654
-0.30866932591749074
-0.29077282018137274
-0.369412886419564
-0.2807058182537429
-0.10279385426668926
0.11959865109021257
0.10578122586084783
0.07892143715717059
-0.07523405301841374
0.011573638923449009
-0.059637405795303626
-0.26356264142880137
-0.25422131120692887
0.06748735667531094
0.37944574499579176
0.4426655032524116
1.382124098594824
2.152621487969389
