2.752283352149342
1.6648755582113464
0.9393717009451319
0.6052644495263639
0.2094066909626397
0.027611266350585556
-0.09727757566850691
0.0967032923869727
0.130588616728799
0.2427885169986116
0.23014211017661848
0.11659515308540462
-0.10022163352124291
-0.2967194840212522
-0.24979961712384852
-0.321862447228622
-0.284658142115539
-0.26178236376275454
-0.18636625231895726
-0.1733080785621872
-0.18362954872733134
-0.1271934327808859
0.18550317491067556
0.2968575874172251
0.2672909869476411
0.059139022785377526
-0.024874274236925183
-0.19748784981782253
-0.1705476198206252
-0.21181202126013687
-0.06293561793430816
-0.19102373212068216
-0.07820867790137362
-0.036417029589363506
-0.1674691009939417
-0.22198114318273987
-0.3632142478849582
-0.38948951073728494
-0.5202512857829422
-0.5858077514877329
-0.4719167386344723
-0.1816681750342111
-0.1446193171829695
-0.07893343458801483
-0.07516797242956141
-0.28605303638276586
-0.1902403596599588
-0.07912403598130946
0.13788711602469791
0.05576241094842888
0.19403397877303166
0.38867204838199526
0.6034294674846254
0.6429741313260953
0.4954635274528626
0.3005709893301873
9.630983158115218e-05
-0.40266329723486294
-0.5574925503205266
-0.5260172540931389
-0.6744816633770733
-0.620996048240287
-0.3646402022379819
0.10243404179969463
0.3039251216396002
0.2609784782098627
0.3358446251321668
0.43587901830589654
0.3695054306199414
0.26292679148559905
0.13883506098050188
0.24704967886886112
0.13206251247267972
0.3129067411431321
0.2579015045640203
0.397835235592921
0.3054167745485688
0.1652975955290755
-0.08266303512797794
-0.2803568217056037
-0.2332638233748288
-0.5593474094506254
-0.5169113152138277
-0.3187757146094655
-0.2322922050704875
0.17447738762152035
0.4799050100768185
0.5632287764066469
0.5951045544933966
0.5421102953745424
0.09348195935978808
-0.20391869994725487
-0.43495412429239005
-0.4230508598670515
-0.6699849830122202
-0.6641333250799832
-0.38160937160843406
-0.13222891023018854
0.051081117621229376
0.27678240459569947
0.23401562257272304
0.0869405185611909
0.15772500210673215
0.13899309270421778
0.054308903937252476
-0.1779861703534378
-0.2525221547824439
-0.32355714205519076
-0.09813779124282805
-0.08493356523621301
-0.2737029433201083
-0.10304393195906546
0.013451639902854782
0.17375891727512713
0.16233583504540042
0.1212907938190714
0.08301175738918953
-0.13280838950335966
-0.19823211875689548
0.012170366615445979
0.06529170369795206
0.1219140399208864
0.05148783287931946
-0.0045875228964857295
0.11128772119832173
0.15834419720994228
0.01911176509877548
-0.05976953104803681
-0.4061633828089185
-0.47850695793317893
-0.36990080125844765
-0.20537993002710267
0.01919037564215644
0.08172409773575544
0.015892773763945524
-0.028766289238574397
-0.016711632482058023
-0.08490175490280627
0.008281697732526593
0.023325277903340807
-0.24105733946665645
-0.34228293209180566
-0.13874229967025364
-0.06588183729047248
-0.07968351425955397
0.1319318116611649
0.34251966101232306
0.5461751214778163
0.5271061093005933
0.5031318743687475
0.2896148349092107
0.05383066122319967
-0.15551361738764885
-0.4240745874805217
-0.4119428332030504
-0.2629207671753004
-0.2934807385820176
-0.1168816963357113
0.03890306483176158
-0.056981245929022206
-0.1859012125241279
-0.1201411500725667
-0.19753486290709793
-0.3511442008217407
-0.27975057920156227
-0.1743248592196597
0.09838208204770946
-0.048430540653043704
-0.012166907404791216
0.14139684200262095
-0.05847598886195322
-0.17813320299502622
-0.4491836465039024
-0.4930889593883955
-0.7733416656912313
-0.811881796250607
-0.6474914948091991
-0.46839498112510264
-0.26974893917730364
-0.23287149383524658
-0.1558969052258397
-0.22677763441517132
-0.48925516954764675
-0.5575098834672789
-0.3566555320071519
-0.23580497410570755
-0.1521617429085414
0.1578901080234667
0.33540714333861876
0.4929591184709427
0.47712469524341544
0.6275585202925625
0.6407105177053045
0.4869609967040634
0.263355355399168
-0.0996727698212724
-0.003941532335095752
-0.08107560357889959
-0.49871199117914056
-0.6049202587466728
-0.44136980182523694
-0.5263975122468192
-0.3003573390368494
-0.06747466516789606
0.2640862323218488
0.4192280713123433
0.43229805134641824
0.4746872818346626
0.4138877214497796
0.1447437760965961
0.10554614190377799
0.12968838736670035
-0.03199901359466912
0.0631913393759305
0.019236640988410332
0.014761175500290514
0.04601192711111324
-0.08899207552237516
-0.03221302891473437
-0.05350448676653277
-0.08434025272973644
-0.40893653583570677
-0.5645476162131012
-0.573977912000446
-0.4308496292119318
-0.3679167334961897
-0.2212034530363108
-0.01877373111784892
0.09540071134058142
0.261644511111811
0.36242588516054675
0.16937681101277105
0.2940500733026187
0.36753780569837724
0.323855366918888
0.07047700324599053
0.17544948213248918
0.16990722158637644
-0.0597164471701669
-0.21597104318690735
-0.28119048677031916
-0.48567690538653685
-0.4722961132640371
-0.343614159412015
-0.4223579356728431
-0.6068023195801575
-0.543815831738303
-0.48243737766457795
-0.7065607629685116
-0.6874324753908234
-0.4091847144922304
-0.2917533501354546
-0.26663628077237983
-0.048099827483476736
0.43048910882787444
0.47328792546779513
0.25971144701631316
0.25587922211718517
0.2357442199135416
-0.12043852158100982
-0.31585147113869916
-0.5253310581610737
-0.6020408832494256
-0.6453637756948701
-0.44957749411486847
-0.18035137129508566
-0.16818446801375686
-0.23635088868393953
-0.1864783108435329
0.05012498787117759
0.3728136666669094
0.5194313693898354
0.5115415297974484
0.38041314331864634
0.28987987331678217
0.03295312548889772
-0.2565577004190966
-0.4533170812636934
-0.4918599648522716
-0.37980796869246247
-0.47390233252501146
-0.34790355341771895
-0.0018612236590468643
0.17967856474846303
0.06753639982099438
0.0705169357831461
0.1718070185511658
0.130309287457232
-0.060194132523512155
-0.01596424126190564
0.03731710026294162
-0.10599431371657575
-0.3058218452971529
-0.5382680882111553
-0.6875534145751665
-0.609746820797677
-0.37670464384146424
-0.1198621516473469
0.046833189062758844
0.16542037182330155
0.2969591256771843
0.3610489297160039
0.5274377925813756
0.7007660623073939
0.7647416211704855
0.6214984522439198
0.5865082387012064
0.611806667290716
0.422314767707672
0.3390011816345892
0.32084293912391487
0.32790433728857726
0.40065495755417
0.363872004238186
0.2189156466533276
-0.013489986570006674
-0.07605057847818517
-0.08758823097234902
-0.16725523938643883
-0.14386633707508403
0.062054930748188256
0.24563562401815942
0.0024027254897623918
0.03082900601159236
0.1884576298023136
0.1731241773097925
-0.14678830374071195
0.050586212422269
0.12311808877621308
-0.07556654491668664
0.10414485115684154
0.4406541178551164
0.39190282311510594
1.1625438709296807
2.3650315558989785
