2.388229012574569
1.3218066078021682
0.6922883503765398
0.46822289154194274
0.5605640275480843
0.39349175733821856
0.08947536370323958
0.19493235735591585
0.13568078784651297
0.2948439955623013
0.2762825792220915
0.043674630677100305
-0.1941990392376629
-0.20495258070533753
-0.08076970085504602
-0.016104619490142517
-0.08404969820815522
-0.0655266246943391
-0.29385664671643885
-0.3000253012525785
-0.22859829805401577
-0.26392822020178364
0.04910548127355083
-0.06991835803641773
-0.2491690270623369
-0.0687290263313995
0.04564466797459055
-0.022381836875243817
-0.14700227686915124
0.06086897814403724
0.008852927038400791
0.1763538473346786
0.12039047642195212
0.20745496895742793
0.24000233332520746
0.13419337061879605
-0.18136284880696027
-0.36533315649805825
-0.49969530277341934
-0.7790673146726929
-0.8426622577139113
-0.7002702270198911
-0.6737535092785171
-0.5022963911345952
-0.246212757397273
0.14367728794441198
0.3553703499966164
0.40690921464295116
0.46001616545716484
0.24775373648139348
-0.05364587339482636
-0.3312424173461895
-0.4331055818324528
-0.4423330154605293
-0.38341167285570343
-0.07693993521911366
-0.05330465330894321
-0.1532522004409898
-0.08723643148961847
0.14459444430971957
0.1097765493420052
0.17722517250339148
0.03532178129956494
0.07491646800835765
-0.03308672885671231
0.13488355486492248
0.07362486786075972
-0.051467273143611145
0.010105918536225118
0.18824362268266734
-0.15215682728523086
-0.09778785247915303
0.17583906822032092
0.33445281377062636
0.3252118554224186
0.30201405812232773
0.1783067933495428
0.26988057699502194
0.09396399127598695
-0.11551307736343538
-0.14026813462630766
-0.31047836139755214
-0.27523961443693173
0.013088544349386319
0.3429040583010773
0.43069660715612224
0.5691391692694299
0.6080613688141718
0.4481817912334625
0.32718850942191074
0.20612787618434425
0.04370100972246502
0.09215927364740667
-0.1593682105574255
-0.22760241805671386
-0.12050308506958077
-0.18060992949539284
0.06454934356292488
-0.0171835504455587
-0.06940419012859453
-0.15330285400029514
-0.0594127690169281
-0.10251509386811977
0.0025100872834118056
0.36943190378630075
0.39473743386475685
0.4050980405501879
0.7045772296871494
0.8388717478546867
0.6672096912611645
0.695484774356483
0.6548917752652748
0.4123825080518335
0.24928243161680444
0.37015408387650517
0.16561725501649469
0.07609049638490628
0.14002266311892408
0.011884470072585595
-0.270466103208053
-0.170260736751485
0.19401785800041427
0.20772106151802805
-0.07587452539282191
0.01373314755104919
-0.22084170174700316
-0.3138212056615743
-0.37733569652018284
-0.28759493547984966
-0.07800417534481781
-0.023307532926921525
0.01713125982769794
0.13856254632539988
0.08984673296154917
0.19048119832768565
0.16772651852877968
-0.06762460157444068
-0.07728900842038815
0.0039322114696793255
0.022268939822942334
-0.1853517174823032
0.09198575822579899
0.018512003991930898
-0.05958967726705197
0.09479620944372286
0.1190125252246083
0.35369972809817624
0.4462877188651703
0.7001147544275833
0.9594615347914299
0.8954076611800319
0.8339705186548716
0.7075953235869932
0.4748643999682494
0.17145343786860615
0.184229856686534
0.20000822834903523
0.13775868588539822
0.4851598177980271
0.6119810437739818
0.6381128107844579
0.6650283223665694
0.4835846387617302
0.26282305145343404
0.07167128873342803
-0.1136643191756877
0.0666201799953736
-0.2809585666614735
-0.3085859174826617
-0.2775162350939969
-0.3857698975389964
-0.22069539329414747
-0.14905391862734868
0.6304905611414564
0.7814331058818395
1.6450629265138346
1.4499446536593472
2.8323335694644816
