2.6209332518212674
1.4698408739777502
0.6729599948301581
0.4953674351932333
0.12126724344363707
-0.23631129414366128
-0.25932892658146767
-0.3590224723245887
-0.4133797028669299
-0.3216847662432966
-0.26298475006700867
-0.3687696647595977
-0.5216778456384202
-0.4976692035650273
-0.32687451776487
-0.439236431139796
-0.6075037610732856
-0.5922798986213071
-0.48898939604658764
-0.24932278798579907
0.13414236943474653
0.48940071396097584
0.5119031246983918
0.42492330626011277
0.5003971261934954
0.41233170579369943
0.3558197042203857
0.29622853053611425
0.05468208089549588
-0.29525915427277194
-0.37429857087860285
-0.3539067101820811
-0.49538997864382056
-0.49085527765460785
-0.24272532397039379
0.09154382004037216
0.3420517031777762
0.4639367790483122
0.6542590813055449
0.5601270126162039
0.35008972658251
0.04749017581671006
-0.20817358601237948
-0.3778784187081834
-0.41429242476936257
-0.1765400611791237
-0.15291568077848924
0.10530891613929938
0.2075543115284069
0.41019380242734815
0.3372120639145842
0.024159170091254144
-0.04255083819512439
-0.15472604487700578
-0.41900402701077943
-0.44505393028959567
-0.2201006361226876
-0.09006225217021308
0.15874640847948893
0.2853951315449026
0.43572690428150346
0.273530324671778
0.03132122912142504
-0.3340748922800161
-0.45776469761266053
-0.6506534741262381
-0.6014671080656673
-0.29907725552906333
-0.03744522304421624
0.12805398645905752
0.32708385124004885
0.629481227248515
0.7545064417645533
0.83826037653729
0.6125598972242065
0.6270738958960872
0.537918567521599
0.38697541005237057
-0.021716105960506125
-0.18615003812011596
-0.21077583629974014
-0.08851189637591975
-0.23296271843462193
-0.08237724282854096
-0.042869770078666304
0.24739527527186878
0.30864029052229197
0.2751150344344894
0.24031701983311532
0.10615300408885633
-0.1877324746795418
-0.32944775542061794
-0.23747949090011766
-0.15288615902561214
-0.06348133849723114
-0.15821093145602047
0.017247672369181705
0.115257133798218
0.580467881450411
0.7403338189891786
1.6189121478365254
2.8509052626556053
