2.8610238576435383
1.973692182512486
0.8562773883313625
0.31199751892612526
-0.23269430636563962
-0.41441368368335213
-0.5164574787986858
-0.7041410191628141
-0.6547858758009639
-0.5422001587339074
-0.3323021497577203
-0.2459606052363376
-0.10932927800681147
-0.1604776782034957
-0.06255395093494495
-0.12105704608710718
-0.34163188584905707
-0.3990510905143521
-0.24521565196996553
-0.4419518023120333
-0.48362204256802543
-0.29113313235840127
-0.07363565672589323
0.14990177076279448
-0.0020225302934729957
-0.18206461849644712
-0.2150506338886838
-0.3534120267612397
-0.562167324858418
-0.6105962316831266
-0.4707240747425262
-0.5019674278124951
-0.2558441202651643
-0.3331233097087288
-0.2707302985968226
0.003085240256251884
0.10823181386214067
0.3502323825089143
0.307007523072691
0.07471427499973846
0.09791570566894653
0.12160498999360532
0.01706761477376914
0.15841801391628252
-0.11646163417750222
-0.013089333909340986
0.19679943354715804
0.00524288387280742
-0.32545843642069566
-0.27017950476824487
-0.30626134632658264
-0.46820620878834923
-0.556146157481039
-0.5304625205620115
-0.17228365605292034
-0.23276928905566502
-0.3091703539730538
-0.15280885503187763
0.10987375315582892
-0.023699553872491792
0.09942764065561584
0.20971343153198838
0.2288612748105184
0.49605381257151
0.8555762233692623
1.4043371935238715
2.5778194516748427
