2.478740442604232
1.4296716081286254
0.8687728600084045
0.6447783076030928
0.39840426779277177
0.33343440767600585
0.265823632671373
-0.025539747797792823
-0.01662427609552161
-0.2562505194651258
-0.3154325035218693
-0.1362690916797901
0.027090419804816412
0.039144915165025204
0.1937625107354378
0.4378687233706695
0.7297722809972356
0.724156978747368
0.5609786199814366
0.44775019454597415
0.26869629261357486
0.02770000163107362
-0.4135318271106316
-0.5049145058741876
-0.4886091581468795
-0.6241831928924994
-0.6769361549013
-0.5496511460039175
-0.15491715507205325
-0.03505493889065463
-0.06906020143699632
-0.02948072757390941
0.10547929480632155
0.21498562569180021
0.14779151905386123
-0.05041288149334825
-0.022978945975025568
-0.19971888401567447
-0.14679364101756567
-0.2117794625989301
0.0069523801483070136
0.3792193328072155
0.48103392170734505
0.49685870491528683
0.5925354942553741
0.39684278421286356
0.17557703079525566
0.33165100389076363
0.26625169174294383
0.0734427364554255
0.2247637226279574
0.17734159279576261
0.24191646369341205
0.26298191028487067
0.15000555302680224
0.18813250092065617
0.015347842856363085
0.10278397368664924
0.184594999344358
0.02083912531806271
-0.38522941018805906
-0.4553043725018824
-0.7072741718525155
-0.8519622662183993
-0.9291875307118633
-0.8804026091126451
-0.8170317757268739
-0.6659993543574493
-0.306865833330504
0.04350122651847987
0.03765537193360469
0.2348350082604285
0.5296044584248556
0.6567064269940375
0.7390738960153523
0.7224577167587288
0.6006487895484471
0.39154032612265754
0.034155574514954164
-0.11642794116445687
-0.22386988366292032
-0.23925682188587266
-0.4490689535334389
-0.14454049991055712
-0.2276602986656872
-0.25622278310280094
-0.0833300564209816
-0.02410642067766937
0.1696408259974036
0.2563939220218232
0.32653295241246083
0.3153015067712039
0.0748098716360793
0.00519794353635325
0.35697090221007244
0.47204219504922307
0.8500035349417356
1.8789535302994875
2.7280646319880524
