3.0215955846732676
2.038030639399463
1.5641317156518275
0.8396670000865236
0.5748824124037399
0.7533881671584652
0.5210511767257782
0.6201701128840791
0.5918001068607178
0.38010762885854077
0.37193538019237404
0.20462434242764022
0.2675530856468459
0.0765386865055872
0.3304734352356246
0.5021359450693019
0.3574821884093959
0.013132901631439464
0.11946551687375719
0.07011063574624014
-0.2366911646169465
-0.3667100592662617
-0.275556054684166
-0.42183629982909904
-0.32978639719034486
-0.14595576877535382
0.09662901269777918
0.2557518066429451
0.1968726564755858
0.16261161608556338
-0.06343189806757031
-0.029852365334285563
-0.037343979688904405
0.16352547362417807
0.25919852044817426
0.26345674571227085
0.429956915079584
0.2799314755369643
-0.014792311563069559
-0.04041682153658941
-0.14840724903233976
-0.2774113924087316
-0.09115649837880996
-0.15404566704067663
0.05999292982448566
0.11608039733016494
0.11277887161264732
0.042629631682729374
-0.013487359085060088
0.20919822621562426
0.16843370002933367
0.39430029994406396
0.5859255740496875
0.5729564871496724
0.3881164129920471
0.17504076325454146
0.12213967232579559
-0.07950688670071566
0.20387993110341546
0.2546519508957729
0.13633117309561754
0.33203006486679154
0.46545408130491334
0.38780685746515087
0.4004036391321997
0.1184461842861506
-0.026581816996798818
-0.22338180515212575
-0.14524636707063993
-0.11694295197597558
0.16670173519102002
0.17502218560659064
0.5629945800784489
0.7595632108901093
0.8197007609405119
0.6061264336667391
0.6370102109168291
0.5438148684709241
0.26278203419009544
0.20620193849011134
-0.10535842176630253
-0.3444481822458293
-0.5351529159040979
-0.5315791525187946
-0.5682487259174768
-0.4705756643786746
-0.572055544000333
-0.3854272427666631
-0.2236772777155394
0.022689175570261795
0.0015760750371138915
0.059665745741227925
0.03403122017537506
-0.14764046381905252
-0.1815828670900699
-0.18534727340054308
-0.12591817073144906
-0.2681309237029753
-0.10605048756744131
0.02610421495687055
-0.0360113625020916
0.22849978970203197
0.3672136039934077
0.2780259244526189
0.1287637351999516
0.3633642918677044
0.5321267582460921
0.32648916527957933
0.09010822640581173
0.35164649059670405
0.6366304587766025
0.5582131170117719
0.5074800668512357
0.44603572173765615
0.22532912838457203
0.3116120586209863
0.29746661061131807
0.059665749308410634
-0.1669569118292707
-0.23879431461539402
-0.09181321367414119
-0.20182619311319086
-0.1749134037390343
0.06665082134690911
0.03828889418823621
0.21583033199580784
0.2712509881176505
0.24936041229354047
0.09625647527388938
-0.18095896861224778
-0.22829524280560537
-0.1385486670022946
-0.1630729402776118
0.019629784158437687
0.1466842075011158
0.23657653835134781
0.3939915500792886
0.5299665951478574
0.2712104673802467
0.0742742191913064
0.08095533306869224
-0.1524841976144626
-0.12780986574606387
-0.06525264468027679
-0.10238998501137644
-0.0029554190175735285
0.056111049269166595
0.24184753163401296
0.4301368682135677
0.49802984866016087
0.5059479651240884
0.6271227267573543
0.6911938497321818
0.699788482416223
0.712684729747213
0.5481343108545608
0.32911247856159936
0.1153540755300168
-0.18505147332498695
-0.20537869950699802
-0.1910268417042943
-0.011634410078095472
0.2551427782885147
0.2965614666912597
0.2295220671787507
0.29957445146458234
0.19368961386307162
0.23580480925137715
0.2975855200192646
0.19762507450501868
0.06789819674402986
-0.32692817317906697
-0.3824724656103662
-0.5618217586237542
-0.5656688840943136
-0.6928991927242052
-0.6245196277909536
-0.3036493800393392
-0.21942174958414293
-0.16665270636864338
-0.17680094857054157
-0.3256585709300639
-0.20234561469697948
-0.20092232482721284
-0.2245264648935374
-0.4012138632606279
-0.2965837994114421
-0.03454474282658556
0.10284240010852916
0.2517892941361803
0.5021277779457561
0.42003794967242836
0.4172426405436796
0.16328520967403198
-0.12457871867187861
-0.45201432154693283
-0.5563920263128508
-0.4800008658650315
-0.476483740988887
-0.3173242671078808
-0.08356905472943929
0.2385509902367997
0.40155416812589795
0.45756487679119956
0.4367881064487839
0.3918388577729777
0.15503121131175626
-0.11668830745704997
-0.24734061731117304
-0.4681127956940617
-0.47779215342961623
-0.37195362192862313
-0.18492146431805115
-0.03940327987020695
0.13864453488769132
0.31306505187083117
0.3402816820325724
0.45249426250428737
0.44976852920085947
0.19385243301001304
0.04469594492534072
-0.022862909719134725
-0.13868903836755486
-0.1658968963939686
-0.29110467176595406
-0.22549822218543736
-0.18014429952178498
-0.2964705152944319
-0.3788142513530035
-0.5594662564067293
-0.672693243888934
-0.6633194465933605
-0.5458801759679837
-0.40784733067376194
-0.19775158602894335
-0.11692026715547049
0.2330611862677446
0.5168405044689129
0.6851182228159596
0.8447051717677359
0.7445923314143519
0.6016935235710223
0.3938010708906846
0.04131063151247406
-0.012981801008626469
-0.15027305146326908
-0.11996539495008983
0.02152389068275575
0.0160403115487226
-0.12258992993157214
-0.25751616570370583
-0.09765096773922259
-0.038292158948322996
-0.32291360154575943
-0.45123393348540125
-0.5545767490550914
-0.5206468385067509
-0.33470964680089244
-0.0328219229781341
0.25575860643881
0.5419197448768045
0.61735116306663
0.6080853803671652
0.6706350395960637
0.633498924332927
0.35264077342825867
0.11304237714391627
-0.08960340502323272
-0.19777661674155136
-0.3292711464666774
-0.06152747973700208
0.03137627080281389
-0.1939147918658609
-0.3331887209530597
-0.5049507441579584
-0.5785480925778272
-0.6601777131879577
-0.42332399759760875
-0.2306516805499449
-0.18640564758951012
0.08338480836971805
0.31945995898813856
0.3597276125150122
0.4168771001455055
0.42973245490178247
0.5693022942166156
0.5724372897244194
0.6760530262618382
0.5396311981877403
0.12286561329064644
0.06812608508448385
0.028091600862415682
-0.4057261206552227
-0.6248611087816917
-0.7079078729907974
-0.8535427218975657
-0.7379333184874911
-0.7541343135496976
-0.5752486415746485
-0.2911857253464563
-0.10515009686236562
-0.045668171468723935
0.17161909538151765
0.3083074730660154
0.3465828310714554
0.19945220928294474
0.25704160641363905
0.11721838641205934
-0.05596671313705111
-0.2503765540161734
-0.28601040259562155
-0.10722458097397569
-0.09317018210799947
-0.05904428346396797
0.25940107859538436
0.1752043884212236
-0.011265778268701489
0.056886405030567355
0.0006661952573845508
-0.18233775007174405
-0.18669718487724318
-0.06192485187573407
0.12981901719013492
0.2023603869963705
0.41896599149217756
0.3638923145285916
0.14336670986035574
0.013727656947247265
-0.13974380788894109
-0.3201460276144972
-0.5671908800986124
-0.641313712246496
-0.5596229085305711
-0.12203144856438404
-0.02130184109945797
-0.0022531985241757077
0.2350927794323065
0.3977849767422764
0.5668527229748418
0.40921717256909695
0.38880162234930704
0.4857466993168728
0.46761486195739976
0.3475899049903596
0.19629563189665847
0.18755574846252618
0.1514641065444943
-0.07460835798589943
0.04872296008572151
0.034561912903119135
-0.17960133511588902
-0.15853725514657802
-0.11420662453165824
-0.1232222888832338
-0.12384679653600343
0.12594348300925745
0.19193716351064902
0.16492837466078147
0.3927980239679202
0.2472708847371145
0.06033245254373428
0.015225166518512873
-0.0741999208774541
-0.1667023345605215
-0.08284770415794859
0.22856694525625998
0.3875121897327251
0.23102209003571678
0.23797619449163152
0.32202842008566007
0.03310589633643744
-0.07812075677545721
-0.17014993699319367
-0.20966441739943553
-0.381872250162014
-0.39125232554043554
-0.4944982172169665
-0.4943814177648227
-0.3952914733377841
-0.22120210573360347
-0.14798715368456433
0.06890727167808185
0.23223728438416508
0.039087160183536224
-0.07261366995282914
0.20098648902188124
0.3367046405567871
0.13823598252542296
0.2567838519409651
0.15281269890138333
-0.019293014218353007
0.09331865126433786
0.2532919159214868
0.1378318945710986
-0.11891292160256187
-0.19546497300176913
-0.0794965634680362
-0.07446546959635471
-0.03745350611331383
0.04944967851920848
0.1856230030104122
0.15996210312788708
-0.05494099925715981
-0.3343283760453482
-0.24260871443379448
-0.4554760662096066
-0.5287250978159355
-0.659690936718746
-0.5474641180350539
-0.6096462244089826
-0.466347166045498
-0.14489416356511053
0.05483831681299833
0.019591142203857832
-0.1518530561474882
-0.1603082547808519
-0.27531102681691133
-0.12062368886169442
-0.3467047699944723
-0.5123950765425227
-0.5473773334945019
-0.34988165181449943
-0.31985241515376234
-0.13964737676773886
0.15819444610574832
0.15392803169500774
0.06300019248144835
-0.10916036037248245
-0.22293406630968865
-0.15630672406832954
-0.26057660885578354
-0.39908092934643646
-0.120121245680366
0.09528915717372725
-0.018710456885357375
0.18243550841839107
0.41182343231419827
0.5108689225381289
0.30358341160344654
0.3734138633170711
0.4689232180342205
0.17156788436255066
-0.15921291727714085
-0.29065840271152593
-0.7040635660946336
-0.8503885353750524
-0.9382208653918318
-0.8110124657960754
-0.5597675015111908
-0.5850322206654215
-0.4396157950621028
-0.14466410712189678
-0.03335008094329233
-0.11340217370031028
0.148052394522407
0.3958780635512189
0.520060357713774
0.5246075144053769
0.5768464877822516
0.6441684129044942
0.4970154006970137
0.3356615396001972
0.16041173076457044
0.23472117981200363
0.0740785968827605
0.0598438118839112
0.13167227475191162
-0.022696981493220816
0.014368632244085668
0.13670722263128615
0.011978924322287431
-0.05933760039423274
0.17106596732404242
0.3300219677262658
0.22813844557468294
-0.04088402895552252
-0.2812052200017565
-0.23337083060677924
-0.3855676751145366
-0.3897720595827755
-0.2137562747604512
0.024157971987154733
-0.05619921976090272
0.20269794714265632
0.3915727830840313
0.4626069199359265
0.41500896032400103
0.3617209685407761
0.030430314397703592
0.09131226732651804
0.025576223214938243
-0.1900128901017831
-0.5141709568508283
-0.42017598964554126
-0.5541086421407823
-0.6614032758027837
-0.5112277598810484
-0.28152686451468495
-0.2866740554075381
-0.38224836454515837
-0.21678412463230215
-0.1519993732346
0.05443339269626689
0.07053011121320737
-0.04725791707043065
0.10922175530872238
0.3631930189793969
0.6104021215523999
0.6353841094422168
0.5936235635532584
0.3374927085059348
0.16817702779410856
0.05069664148854641
-0.42021498252259376
-0.5263273913472709
-0.48315510349674934
-0.6064131265401496
-0.5015761878938253
-0.13171545651499078
0.12563841667124345
0.17839388669392994
0.38833732510837077
0.486166859038192
0.4000446012328871
0.19189304352131176
-0.04033344695374245
-0.04562402151863396
0.02268866708619607
-0.008914404659129255
-0.31287935059924915
-0.10546440685524178
0.0261628885091146
-0.12715611839396765
0.08248146511695142
0.02866514454202149
-0.0557222868827076
-0.15707537549391493
-0.19440933656463974
-0.3347482424377601
-0.2955069759934718
-0.34115784861681137
-0.23129705063026257
-0.0862942220611817
-0.0816647439354128
-0.24481205934019706
-0.1602953594745904
-0.17620784647944956
0.031208923526127384
0.030479989525726586
-0.12571740688680352
0.16211785291869282
0.008788593078702335
-0.08458668159326262
0.10988434247457017
0.15685067708730122
0.11359292980192948
0.08349254458376808
-0.04758819434516432
-0.38373107248545774
-0.41447544445208717
-0.45854337586948796
-0.6136308750248713
-0.7566211865323684
-0.21769858453641644
-0.25113537597313584
-0.3894989119916611
-0.3232558728287076
-0.09964473217484096
-0.0007554565452421681
0.11395876405961358
-0.0034849578368962852
0.06648768676006815
0.020963509695582305
-0.09215930374848968
-0.397851910489801
-0.43046962189573407
-0.26712862370323637
-0.3950767075401408
-0.4867317686422862
-0.227705780105189
-0.3468593431561025
-0.32057025453631816
-0.24837167250347797
-0.3207942664847054
-0.2378576033894491
-0.09198238398706968
-0.13641034345473144
-0.18668972628880187
-0.29433836907479005
-0.281962441560275
-0.03800357893286834
0.1487003502208199
0.3561258601421999
0.400562091160478
0.38093828513712463
0.20180568822636985
0.017343841455528287
0.035723050046374924
-0.1870880988232398
-0.18060245581847068
0.07731584534195429
0.22195887418462285
0.39310834613915324
0.5112723058152362
0.5724978086991739
0.7140978072412213
0.7312617022661762
0.5905968616828299
0.4016703681513612
0.2285453959320186
-0.013212546460031258
-0.24766197644024485
-0.1555789415023144
-0.06852821318174337
0.34394738801801256
0.5090255403670476
0.5642137455750135
0.6074955851365385
0.3918156415472036
0.05458781423450958
-0.4070444788547847
-0.5826380578643087
-0.6998516002954199
-0.6303318645574587
-0.31368141257597537
-0.018242322641132215
0.19681226869566754
0.37853328520879576
0.5058474050780283
0.5366519898867054
0.4106539076947242
0.2580338992958114
0.1489329272460969
-0.027477414251137797
-0.2383795041832591
-0.3853174744328046
-0.28206949717716423
-0.21174491276450266
-0.2872030785256007
-0.3511746830168665
-0.3902516673710089
-0.2749837258657891
-0.23195865849608818
0.019411003042185068
-0.03240212379017217
-0.16452233794335552
-0.08883161487531127
-0.3088143089350041
-0.28581550487903506
-0.12731133249343674
-0.1699825031194768
-0.41267277116542855
-0.34342556842359834
-0.16468861182567288
0.0915537868940521
0.2964040893739152
0.44377749666486316
0.38804821255716604
0.39121525261609597
0.3313117025574723
0.4473365794222883
0.40514126228378994
0.3201606021522829
0.13907314092222364
-0.113572051825491
-0.3939227956099153
-0.5926953235058658
-0.7552628040472603
-0.6199277230855392
-0.5765182856500926
-0.5605265006902662
-0.5327728194242151
-0.14662689780882526
0.007574104552223462
-0.06629727356085849
0.08620737865844068
0.24238320919922562
0.23354492908213134
-0.010047251931882578
0.08977367312337903
0.45190766384949793
0.51281739629699
0.4227614507249091
0.451944185668343
0.2718225833680741
0.04627978747277661
-0.31514718517663565
-0.32820304367384545
-0.2459384113776698
-0.24557634662753558
-0.034463510358684016
0.19207954579017694
0.5562901932973697
0.5802701282339876
0.41354882118071906
0.22222972759103007
-0.02462465583095258
-0.18672140053264544
-0.33110854373463594
-0.24869518267688664
-0.2868636265254949
0.06435256275547002
0.3074466013703471
0.25120244976633993
0.1599760345646798
0.40163401874680904
0.28212502084923463
0.06489936728959163
0.14152775980430304
0.041640028577385815
-0.19896957335956073
-0.23720836183493954
-0.4507470272186012
-0.4282245239300079
-0.21008613027960468
-0.1797113285496369
0.17498279550226525
0.5324613816941253
0.7374993982267352
0.7914808230883479
0.7947145893953947
0.6442959657371055
0.5136651253527751
0.42777752659082785
0.20725815098149478
-0.0703681543173065
-0.2486433544714906
-0.21468326449635827
-0.07851191364047622
0.17632775575333667
0.26128160452758337
0.21296529745601595
0.16703838835269197
-0.10851522576545605
-0.13385018280051678
-0.17299693818454984
-0.030706694634861746
0.10551782583137989
0.3438802127758627
0.24229389290846007
0.3363732390328249
0.02528068603273885
-0.1470766559656765
-0.2766369164761137
-0.41261756450172304
-0.3760822332589307
-0.25164128970490546
0.15151580945086707
0.31724760036464084
0.40369181772561386
0.19120904730120056
0.28451881700563547
0.11843642689418493
-0.1280318277705021
-0.05603244232154432
-0.13690154297737572
-0.10377811339685267
-0.2603957942708487
0.015193197499825766
0.1893451915312319
-0.04879714580885258
-0.3154217881462955
-0.4266048171272565
-0.6069406607245762
-0.577364759103643
-0.3056850863387611
-0.24353866098411792
-0.11069980452457744
-0.10132222280707252
0.25146214777238995
0.37864883040249847
0.3817866808686299
0.2795210385053868
0.17190967695512346
0.00011856626835024704
-0.21452954956612463
-0.13313905665400666
-0.05290332890706538
-0.16790161514039614
-0.3817312180832877
-0.2246111180230896
-0.13999680907093004
0.16729874369187142
0.32014454948619814
0.4106919339669077
0.36031151871494943
0.3252126887427912
0.21760871617903227
0.2306749603046462
0.14370144879961477
0.4440343482147045
0.3998378115572129
0.3397025627647764
0.2622493957566096
0.13667154346899274
-0.059717381462344815
-0.2743263858437614
-0.38811603211765056
-0.22075261019272424
-0.2234514246441491
-0.026253020074700904
0.07548747218399951
0.19354713303492524
0.023941842369886283
0.11341378414885395
-0.02323543783305039
0.07211881111367108
0.02558292450457106
-0.11159657107811272
-0.17937358289749133
0.0010333218691689489
0.13665466506132334
0.1612940869985766
0.362536528323411
0.375672149885487
0.3098362925284778
0.16939897263500575
0.011790109766460622
-0.38283591707589826
-0.5255441228269178
-0.6761040353762594
-0.6722288942845857
-0.5437900225540199
-0.3146517490059236
-0.1450306770401779
0.11895439586912354
0.26121517926837096
0.36497449946441785
0.47519875515397697
0.4751262832207904
0.4608862464544851
0.3979748675734959
0.025589496412985885
-0.06280115404982778
-0.2504507572632816
-0.2703169430418345
-0.3334797844006358
-0.047973388269545655
0.1923264361919851
0.20265629873112764
0.05669327629939128
-0.000639940991972252
-0.23028168927064524
-0.2711254993458312
-0.1822921584462443
-0.02799347445634722
0.14211233805788284
0.2935313707565304
0.3103723141141025
0.28288290275159017
0.332779111178658
0.15880227068618716
-0.13700308014470702
-0.21664116134708583
-0.05988585363714702
-0.26416150630433916
-0.5699686524585305
-0.5271947478641887
-0.25276449399564005
-0.308835363753761
-0.29732491544377787
-0.05631297240655518
0.11715071270577938
0.16150814024851404
0.17814508102646062
0.3988502627184293
0.45291356490329177
0.36708700295935787
0.3794972829884103
0.59775307727295
0.4736057918338564
0.2653466312253028
0.15710704334561182
-0.018384334412859367
-0.3822921468110455
-0.5568071797337364
-0.3935949113169381
-0.5242484442624651
-0.7741003806050739
-0.9404690949532927
-1.0185100287119364
-0.9572257097324354
-0.6984252094674982
-0.29560198537934473
-0.05608642796329845
0.3029544021192963
0.689152652728696
0.6749885021235504
0.659226953422867
0.5925652679508513
0.19860780594857594
-0.06497935844940259
-0.2871353872156765
-0.2832729663480114
-0.3225378024602959
-0.10261247390070301
0.04458463488518416
0.2561891030322979
0.31065531517881056
0.4464881517237982
0.6172489352536941
0.39271297761741614
0.13724302453560827
-0.09154866823922939
-0.24286031131657598
-0.46317900087904185
-0.4411786530018518
-0.09150154515760137
-0.2053991151451228
-0.4135513561663693
-0.28673880740472507
-0.40269214479525983
-0.33951655971299344
-0.025186051157225157
-0.019066964091244303
-0.05345407877725068
-0.10666612986910784
0.055209329691044154
0.04383906669362392
-0.13009862367212732
-0.09016004635036474
-0.03059349398138078
0.24758908039158986
0.3788934031591359
0.4976882383900482
0.43915551398472286
0.22282270238357574
-0.012758013892717777
0.1570523703158226
0.05618092978100112
-0.1877035303335047
-0.0004509392020522855
0.16967403704159328
0.09838321023326276
0.004460653713970655
0.34683805565105674
0.3610213954357361
0.2672055896811412
0.14549244397976677
0.22247861583175918
-0.059314690854711895
-0.4902397339831521
-0.7203450934039212
-0.6743916661044407
-0.742675816495023
-0.6697733963616401
-0.37804789378899106
0.01775496626092508
0.17136659319588488
0.358628378236062
0.5441691810942805
0.40257698666096925
0.20968310840431753
0.42200653075119
0.3168345352826627
0.06524005342890817
-0.08142949309263925
-0.22086388338423793
-0.301089161988181
-0.34525892391854784
-0.16665430250582078
-0.05764195895910529
-0.27564297958510636
-0.25603739425152566
-0.25586259028630537
-0.2046327584514577
-0.26736451377985265
-0.07880664353987799
0.02018682627514235
0.0822743600520342
0.09673295591249279
0.0638419368471472
0.11264307097069623
-0.009770230941059915
0.22328251083677783
0.3024063531585164
0.21464172184237332
0.30078036584365286
0.3254729254207828
0.09970710553595338
0.06573775851009989
0.2626209071488948
0.15946007748991192
-0.067079696381595
-0.3439603483561162
-0.2833749900819945
-0.3184137383287972
-0.1420764859137659
-0.10880501270199192
0.12863650067218466
0.12944545924603287
0.028024324083524874
0.16583296214152576
0.3199450353875497
0.3684462741555635
0.1071859406309431
-0.024589131184671258
-0.3138631234821266
-0.415812159083665
-0.43012703091737914
-0.18395229709479483
-0.19310205450960205
-0.2815515783922079
-0.017219285657305947
0.13800614330837252
0.07935164703679992
-0.06834821886896782
0.12340374169677178
-0.020205166594781165
0.25189204214774763
0.24442070201859462
0.24910028718126787
0.17211965919378489
0.1295038354736334
-0.1259549693180465
-0.0879373085070845
-0.20268901566143555
-0.16154548028704405
-0.1631534799010003
-0.0008934090181501588
-0.05150942141752433
0.2683517744838584
0.4725768968310491
0.4507469684909771
0.42391513716560025
0.3015817217350153
-0.013294010903277437
-0.4536903174409145
-0.6852512427371733
-0.7763837280602262
-0.7728882618061513
-0.6210506491258201
-0.39420798388830824
-0.09184143835083787
0.1021866063273213
0.15827802901701815
0.17810413134169115
0.006723745959205364
0.11215376535632515
0.13918106734534194
0.118743742199061
0.02935494095810512
-0.1277688054850477
-0.07594330264459105
-0.22434602807614504
-0.053369434034065646
0.011186421886339374
-0.15956360984566578
0.08828836656823116
0.27120636225720274
0.19563263547610638
0.22965747361806027
0.5127969521360404
0.6330930508670986
0.44029337720196104
0.3390068942315342
0.34354844458688927
0.12596119392747182
-0.01350971219675963
-0.22214767722744796
-0.039580545256508656
-0.13017689034745178
0.014731318147802267
0.2291447687325899
0.19986563430170268
0.14136032744201688
0.26570624697936596
0.20376212278020972
0.09586655948904799
-0.18699437004282327
-0.4989174026059975
-0.637181285853703
-0.5549609802688668
-0.6856623146644159
-0.6625105752155234
-0.38393473622756535
-0.23562195933960814
-0.14119159119358532
-0.040249885898377344
-0.031431457984946426
0.19502539137009903
0.2956845929798519
0.17999052081340455
0.41604490613321427
0.36823138725258553
0.27968608321903593
0.2843628753790075
0.2883864915157346
0.17758584615176615
0.03685146349907725
0.17444698212842968
0.21368117326233826
0.028056277077867803
0.17925806657378004
0.010921531738355751
-0.22615962235503506
-0.14333019742394654
-0.1396448593666486
-0.41828710455166224
-0.39462992739444197
-0.24199317977294116
0.02977205164656429
0.07552367813893805
-0.10303056191193581
0.08427549394626319
-0.03698770787907601
0.12865848487031567
0.06252713624880683
0.05410784309982245
0.32337086061290665
0.35794637433640825
0.3533856421003338
0.36547935096912687
0.4011963164621561
0.3873133188207391
0.5347278740236486
0.5457661259905157
0.6310827155209703
0.5029645397673956
0.5891222327087747
0.6103980258690753
0.48457409543043245
0.21791696135078234
0.318031630498562
0.33144951476113343
0.1188032387062535
0.20139903980214752
0.33150865728369866
0.36028365083539127
0.2008497762182451
0.36305194033854815
0.3449936656272357
0.4039858482964025
0.26622615602699756
0.013367842026698235
-0.12476829110160811
0.008115935612207312
0.06520268287374384
-0.12429768856178278
0.07913305617041863
0.16800295392275688
-0.02098022126121145
-0.258489083299443
-0.2605151326682703
-0.18736618320284543
-0.37566402812225524
-0.457072413119863
-0.5126281391580618
-0.45958577502551556
-0.2953621229094636
0.0793614567393291
0.3369797279550747
0.38447631609203226
0.35732366425128276
0.2816799799755566
0.1995334049835002
0.1969397208583881
0.3936028458596644
0.25658888945934105
-0.12259083784446151
-0.033988708500192116
0.03972043845162077
-0.1900059582361069
-0.362466078512257
-0.2901845736210058
-0.5768981475177517
-0.6568167789094383
-0.5480886074232284
-0.4090552219557106
-0.21527320920023754
0.11510397759404209
0.2817072625782706
0.09600671558557991
0.2793754164970478
1.007957445520892
1.1574201467949283
1.711858898539333
2.5728547361872343
