2.763957236586232
1.8432891072814392
0.800766964948417
0.4237191986341894
0.1590283862367204
0.22622543791332847
-0.09575741014355396
-0.05286704870759628
-0.00827636127760857
-0.23827967598614028
-0.36953607682483564
-0.22758401118708393
-0.14701262464745934
0.04098796696351015
0.0954916681915201
-0.09506476767036079
-0.45950928338248503
-0.47218627539383196
-0.5844355651747288
-0.8085247945160063
-0.8512060579720578
-0.7571887759661492
-0.7616188966849446
-0.7663867808323286
-0.638145750185249
-0.42018424491565337
-0.08861534301316462
0.16833835342534428
0.3451644357311672
0.3047974328410032
0.22685600742373707
-0.0656689492107446
-0.30088315376415703
-0.38547264283372246
-0.3283171801471441
-0.40005435987956023
-0.5921974706246746
-0.5369247050528497
-0.5923038536691264
-0.6073186916761301
-0.8038268172809054
-0.8164533235242873
-0.8521564179520329
-0.8533362209882687
-0.7328568365749701
-0.482570832028802
-0.4615157589420525
-0.36358580470427204
-0.26878743311060405
0.06245722390634882
0.08557399403145956
0.08183428272739364
0.0321975487144619
0.056159235587764464
-0.10171978858579397
0.06466457162156278
0.1828435293703472
0.013981924536980519
-0.22880314174522715
-0.23104376692085254
0.02751743907328812
0.04865669618366374
0.12695740644460582
0.19120000476736082
0.21709002264403193
0.1997235659665843
0.11331401734534549
0.46995075412861925
0.6104692606023234
0.37117627004636855
0.12562118579076179
0.17174512480934073
0.20482592734341679
0.21204531589179304
-0.10576548665409971
0.0649292756266154
0.3599634949786312
0.352768638830269
0.10686096543847434
0.22442760906657236
0.30732733519793737
0.01857864159473257
-0.11450045803277678
-0.10178203984880947
-0.23194142141079738
-0.4552453807433256
-0.27702913085830067
-0.1679424786761673
0.04844302164483761
0.03271004021659467
0.0735008704988578
0.2065883913705838
-0.0038936782071928265
0.09027296525534352
0.18317263795652217
0.2119993212213311
0.13639675503611173
0.18805695172946124
0.346624755383134
0.32181641245414283
0.10901228861943013
-0.08910836057620475
-0.2548951880453691
-0.5707743102645003
-0.7476287657938462
-0.7541533910064788
-0.7489624279068624
-0.8201997078491087
-0.705830675677803
-0.45419930016510374
-0.15373461649760287
-0.09782425207215077
-0.17532431976792373
-0.09586473120779512
-0.15987063594953763
0.05682012054586042
-0.03566205871946141
-0.36293206579542625
-0.4300337956289254
-0.3281255403385691
-0.2381835182663362
0.022888789415077687
0.07851044669398882
0.12224955015726832
0.0855466799013305
0.2275764593014918
0.22632000392380425
0.21704990408472638
0.4076054244013998
0.44473443274899604
0.3035992544826551
0.15885037561432302
-0.11790057921249546
-0.06470077193876714
-0.36194140199440505
-0.4231973593319346
-0.3773372746746511
-0.5600424533181122
-0.6398029846379925
-0.5029563582626246
-0.6283396319601459
-0.5996543433715604
-0.6092583703585749
-0.5307359505161031
-0.36959584306276444
-0.3291065515566386
0.03353901779999648
0.3554849476513751
0.26067389604191377
0.22306303092777652
0.3386387181122198
0.151332258999272
-0.2338422394568426
-0.2525287450974935
-0.26804342291683564
-0.4852434063217203
-0.4837335227056133
-0.1613015829927374
-0.1582766497066172
-0.18700726062154818
-0.3000995971899476
-0.14595932486100124
0.07994584638434471
0.10363282707550973
-0.02162303064041804
0.008914227246650093
0.14220608387459244
-0.04462163712794247
-0.3550426640225327
-0.2756329301049787
0.09019592840752269
-0.05488623095341018
-0.09341157687138671
0.28775681955281895
0.4308523646564047
0.4397135645806532
0.6554945341259483
0.7610714140370235
1.3378458469545935
2.5102780479550897
