2.4745783565182133
1.3905859489363903
0.903126171313881
0.769070557522026
0.26842314592387695
-0.06660177332443987
0.011708435680728976
-0.004279710714933502
-0.08399432514214406
0.034387399155054385
0.13084180220182362
0.05836222014088501
0.24139240072301232
0.36740430438986327
0.45899090629860434
0.3628711707969348
0.10673912837871413
-0.1283372356689207
-0.4524683642821315
-0.6374359907268168
-0.4986710773836744
-0.1247241233179538
0.011919705555774643
0.12168924433587396
0.18041013156902158
0.3566422615567657
0.2654091896789805
0.02437590840131155
0.17511665589943992
0.20370721863777147
0.056177105562205856
-0.11274201956088445
0.04112052339933177
0.11053775091630251
-0.11885997854060648
-0.14538003425590024
0.11953338772933261
0.24432966267400483
0.03740932063837518
-0.01067030541467609
0.2511771491858483
0.24476579241462312
0.07851292640139286
0.20534032095951302
0.29300202457817776
0.034031952121249265
-0.15871937974889844
-0.1256195329487605
0.12096413407296597
0.03130999080712614
0.14296996090766184
0.19154401757202316
0.19789903996282218
0.024390042802149556
0.007409474780729973
-0.16327581018482762
-0.12483108650202877
-0.17175622758865966
-0.33465855705728675
-0.17175211619314668
-0.09005060750364922
0.12317167643713835
0.06295002513253226
-0.009424391312306574
-0.1426137618199113
-0.24461856873124346
-0.2451837673159869
-0.04253934439707327
-0.07729013480955096
-0.13262442518545928
0.19052795844338893
0.10133294365073385
0.021636262776455598
-6.16329466758131e-05
-0.1312340271372695
-0.2785819237853556
-0.5659224338149732
-0.46131910083783734
-0.5165185204618764
-0.5454641095682579
-0.31793318250104907
-0.09672585312286017
0.026768086593406612
-0.01665622849917915
-0.12979823883172528
-0.1123346407963123
-0.24984462138718166
-0.3136768374274265
-0.42407623685057216
-0.3857222084765899
-0.4900825014880689
-0.3796482793378295
-0.33756585593553184
-0.07598367980738968
-0.04485479809610296
0.03746183059781407
0.13804983850069202
0.0594778930537184
-0.18038075422053299
-0.38777522947753157
-0.39374803952863024
-0.7227071688407981
-0.8657247264350469
-0.8950603442456165
-0.8374215646347487
-0.6678596170811966
-0.4663212740183724
-0.13610381231374458
0.19236311262580313
0.32021876517392917
0.38897841284728424
0.22760556640962387
-0.028638595239024567
-0.24502914642877943
-0.4900620655778279
-0.5941205144306949
-0.46599789995544016
-0.563910371529182
-0.5030098483706625
-0.6663030273402287
-0.6565702774734139
-0.593366965593023
-0.46039251277634863
-0.5421762804946183
-0.41295198442140657
-0.469372942609776
-0.5147135720671844
-0.2280617047932897
-0.07807185237920758
-0.11593737897439568
-0.23724320164068483
-0.45481542598435404
-0.6591358600464978
-0.6807205340796936
-0.4477583251963874
-0.06656377123674805
0.23985180729699498
0.3848413242227178
0.5316023815916066
0.5545820378815974
0.5860904818869921
0.34200204906288434
-0.0003935255687262454
0.022098961383405665
-0.17192846951943042
-0.5211488585694541
-0.5594668226948771
-0.10941029244384251
-0.04389381551921736
-0.27185768114843517
-0.17978239451282496
-0.20633055576329967
-0.2752784280141262
-0.3140870836580773
-0.24210959105558721
-0.43192943452393673
-0.49586737935190617
-0.6069083940200812
-0.582964365157071
-0.5572100573403946
-0.23216971283644558
0.017395513872590647
0.23825693963928496
0.11788144613532214
0.012778387270904468
-0.19448293498567443
-0.20635948943182048
-0.3272496118176977
-0.30027764370116194
-0.24181121050339843
-0.027514618392746472
0.4621140609179864
0.6752864868496503
0.8385257215417197
1.0209801919161745
1.009994081112119
0.7655542692903248
0.7069860779022502
0.5536353110835538
0.2389477324898342
0.16405611327164576
0.0451527541550658
-0.4030218408881492
-0.5885944248895117
-0.5107411917199893
-0.543879383895269
-0.6276713433756066
-0.4763781995770649
-0.4299174518502019
-0.3779975037033486
-0.4321130556086644
-0.2956789635079107
-0.2054797277226988
-0.20885258509201005
-0.17901399004705731
-0.42865814534237123
-0.4439934446512395
-0.508806180108866
-0.3522336432711259
-0.32721386987573076
-0.3852184609022765
-0.16838399114016123
-0.11463980112695007
-0.25275512281913687
-0.2546585060339296
0.041705303080797756
0.16535382947251814
0.24176361398743737
0.29153954659670156
0.1757954893298681
0.2076223771947832
0.11998417089370875
-0.04175703737662936
-0.21211060398493017
-0.43623778527380325
-0.572969808795476
-0.6891265631782075
-0.5547550479944009
-0.1933338458357975
-0.20772787946203172
-0.22811362885302372
0.0671049259082764
0.37436683287579675
0.35825159787965183
0.3206480718444914
0.45465622654291304
0.5507132022352816
0.6223774260513814
0.3738297383978022
0.1532512208316114
0.14831668939732753
-0.0609083471959422
-0.2056949898635882
-0.371544195921851
-0.5637276792371628
-0.5074755679565278
-0.21712184521977507
-0.23421005013867122
-0.06694670426978237
-0.01659968693282838
-0.06112107879373939
-0.20937407291020815
-0.20808872663025224
-0.3716611373487347
-0.5227286874582634
-0.5157731172026501
-0.5494991025793915
-0.46233954281989426
-0.47744116822414856
-0.28445275236520456
-0.04501261113384786
0.0026398897057333098
0.01846919462071352
-0.007907674031359703
0.059324583010677806
-0.17628114359200908
-0.1501462546044427
-0.03530314588017731
-0.03147558572662925
0.1914290898345018
0.28653358008695007
0.15064600702366276
-0.11149375382689765
-0.08478625083172342
-0.16044977096295238
-0.3688391607103649
-0.33271647935127624
-0.20985541785848336
-0.20762972519824424
0.04124141532339391
0.24161694731472644
0.17719827896182883
0.1210441367514645
0.25238950583761305
0.14722630511518664
0.1223404376700578
-0.00047430767104224107
-0.058628812787654416
0.0383649143076725
-0.0638126241581165
0.0333248732289209
-0.03787666625340056
-0.05307131527102632
0.05958477407583196
0.23619676249329305
0.3187296758563167
0.14674504635790758
0.3547916199359478
0.38895286556510666
0.20380639894025665
0.015667347514093655
0.19493336149838544
0.34998330295392044
0.2834669788179614
0.015545661426427784
-0.029017520118172414
-0.2110224530524814
-0.14153399680587464
-0.3405314248918322
-0.4054064983234666
-0.31047594346933766
-0.09552931668490534
-0.03755094725293802
-0.03482099409359535
-0.004756303171004138
-0.11487322266126873
-0.06015967282363451
-0.060198380878087036
-0.04380431455349375
-0.2147686122761342
-0.434942562687114
-0.684330339191243
-0.7584091943826954
-0.6570896868846009
-0.4466749479232392
-0.5711181957568213
-0.5625910778839809
-0.3847096249968967
-0.4781792699508287
-0.6739661327025103
-0.5852240496487271
-0.4880829831017294
-0.5273776463892219
-0.49158971808936386
-0.31057618053629676
-0.24527232117117953
-0.13327710163789086
-0.12100017607788516
0.06472553230296015
0.2202819229354425
0.18972562406765553
-0.1356103851406759
-0.5402179920432182
-0.8454047214074119
-0.9022210452158287
-0.76975697188009
-0.5777936093758218
-0.24473821299471357
-0.15455873878155205
-0.10602892349350115
-0.1626137467348342
-0.0620114614598727
0.1456697100796435
-0.04411441028221227
0.07508893016109483
0.11352642653006573
0.012003924973648088
0.06689861332639328
0.3107006925832459
0.41434392699960937
0.24996446191062358
0.0739508409359104
0.13753765980740143
0.018804937042124707
-0.1643438157328766
-0.035346609816340496
-0.10353956480937596
-0.20809391920772255
-0.05552566649783888
-0.19615037413106187
-0.15208875054899404
-0.03397713307327467
-0.21785446825946153
-0.09401913431364588
-0.3068729484036394
-0.15942322964538905
0.08982717733593462
0.5824162313260948
1.0289469998375342
1.8115898947550448
2.8561055065264807
1.0984813958546935
