2.5956284662558007
1.5290937207579844
0.9877184056533286
0.6869482493062484
0.3445181235527047
0.587971552064353
0.6275697034552753
0.30762847598372856
0.1323002840557676
0.2734514654061633
0.12347323436438556
-0.3506440428911405
-0.5271865695558856
-0.4480781208355922
-0.3687110077988967
-0.5149216400330124
-0.5004061742755467
-0.1343349414141499
-0.22071609749699236
-0.3420422464673066
-0.23791345649128665
-0.19695300145160888
-0.4070817456761427
-0.48192310704383234
-0.39951038499586733
-0.12247842607958989
0.048402859236990184
0.2758720237127123
0.4491950168887187
0.6349174270519505
0.6472977664166104
0.501757747824178
0.1412881602632382
0.07493771865946963
-0.33151611851097945
-0.6302141737009377
-0.6598291811648792
-0.6308092091916884
-0.7310488434353759
-0.6486089007057633
-0.5595003939080876
-0.5106678609370358
-0.3271927280001376
-0.0015687472497337707
0.07862831928500486
0.10255501421236093
-0.10860085687683545
-0.4749656661692595
-0.5425228893886138
-0.5710532979472898
-0.6496392413688649
-0.7799865508825137
-0.5087176621730242
-0.322667830256709
-0.3724830103149116
-0.4997493866033323
-0.08333654844448418
-0.11791004537682895
0.13532632217182017
0.23655157027113566
0.31588516096818403
0.19393131970570565
0.09725917771629619
0.16718685838203343
0.13063389834309463
0.07754257328290007
-0.10644777665834923
-0.23143020290855287
-0.5435053820526039
-0.5066777556970203
-0.5902282162869272
-0.4990145752772272
-0.2921625124603984
0.1437505543102441
0.3783368265208611
0.31251507338555096
0.23677765715028198
0.48507220889094244
0.3426400817440722
0.0026524811375970986
0.19608274588737482
0.31681692109672044
-0.00842981924129904
-0.14943241244952077
0.06255586407337067
-0.1674175031096416
-0.4022972461611803
-0.4598871648586164
-0.12196391703246118
-0.07745944536887217
-0.4796088313960698
-0.2956985997523137
0.036745955435438286
-0.20528533876436733
-0.3252523617549519
0.01309091316335401
0.04211800909279603
-0.2686123298942259
-0.2778891052764961
-0.022950979359567206
0.014795717512770954
0.27967030760302014
0.32009090210213165
0.2396343095824059
0.2639546009374931
0.11785979643908936
0.22037648351144248
0.15195170775291764
0.38174033493918685
0.6404915350593556
0.5348153578665594
0.42989788568153997
0.41680963929380244
-0.014710218347764842
0.039241787536222456
0.39836378210934614
0.6135408212169497
0.6392160835249423
2.106730659793667
