2.37907493604021
1.988528152477562
0.7080734583594828
0.416282667207666
0.20406099120250418
-0.04471736596734774
-0.15505138402553809
-0.17101275086956474
0.06429443824332644
0.15471921622583554
-0.12376257081534493
-0.046413440995603406
0.28305298738443635
0.3987810352785336
0.4681980648930536
0.35072273955614097
0.11925235743027293
0.13970214712222292
-0.06368789964905815
-0.29086083638403337
-0.2773817995892286
-0.5431045805713656
-0.5992726341839788
-0.7780768699017151
-0.9264605792283261
-0.7589376948206282
-0.477628814179558
-0.4742532010943316
-0.1776630026767628
0.09451742018745389
0.08993144321042305
-0.23025270263880254
-0.18302534506673607
0.06630939097376604
-0.02914911188580236
-0.24631567801009455
-0.21154672503992428
0.09123001826736267
0.11271518109363614
0.3423015286308733
0.3363756720652926
0.4186601088026547
0.41510509069530405
0.25418109715895293
0.2160599113824398
0.17022984745662123
0.1259722346724137
-0.23126226665711386
-0.5028155592061706
-0.4449845926079214
-0.30129110138850224
-0.5622817938733489
-0.5176481576943437
-0.19470383844541342
-0.19341285743525496
-0.4109880665345874
-0.3924492572557756
-0.22529625739681827
-0.22552902049139
-0.2805673263557417
-0.04702329744435078
0.0890601661824314
0.1344418461783397
0.15611337043711937
0.2020553148312599
0.12065693732999667
0.19416316125701374
0.31094828680876463
0.37667209361597853
0.18211532136891448
0.057706157989513465
0.14548803095597862
0.12774706020301846
-0.10916512050546692
0.005815129202187047
0.2249043991021812
-0.17045267009837317
-0.04716423786978294
0.3503907437367234
0.7313147676577613
1.4714494777888287
1.4609184552943857
