2.3693951822073784
1.1405002801980353
0.3416702024688828
0.11810431708663194
-0.02904683230010663
0.08313296211358526
0.003417412632936212
-0.07493169087842226
0.20541088362689414
0.3249778049479179
0.20351068603584874
0.27009023298888
0.304452522755861
0.0357382726145858
-0.2710224063874355
-0.613722161716634
-0.8924618111266839
-0.9597720274906215
-0.8459888087890284
-0.642502178216836
-0.47906267261301366
-0.20149517365516037
-0.05005008165577419
0.05093648261594706
-0.02951330897411638
-0.19964579634392512
-0.44845632221352305
-0.5448946619471972
-0.3668529399956663
-0.14897226370018976
-0.00498437537978956
0.15272489429741393
0.22016740853839334
0.09146105324555658
-0.10183457807053622
-0.3231435297349179
-0.6166457350085198
-0.5705052469764971
-0.5452179698875402
-0.48683340491619165
-0.1800621799655973
0.1432134683782711
0.4302299561173096
0.3890816421104664
0.2666497417147054
0.051804016935775146
-0.2414502856155913
-0.4883508174806735
-0.5242593213174425
-0.2951538426310144
-0.2251192083781262
-0.26787986392823193
-0.1826126173413462
0.16904811751633692
0.4992626177505358
0.3806202458079346
0.2306635719491013
0.2553371349202326
0.18573960264440667
-0.06494957432532486
-0.26477497082289847
-0.18518780173613472
-0.16429950547801536
-0.37249172240981043
-0.36576824667357766
-0.3310047998117823
-0.09087831820670628
0.003981631554645668
0.01937294022444114
0.040515782406694775
-0.05965681343875453
-0.3669346185408664
-0.42116269777190274
-0.33835973602580516
-0.1998280926266854
-0.21715869329941492
-0.1778566713371862
-0.20498793374848656
-0.003624446853129506
-0.17549499395582857
-0.23677471054382002
-0.27365388517052036
-0.35208477703525226
-0.351747914893647
-0.22364405468516357
0.2080977027871472
0.3954800468727608
0.41831403207893436
0.4455378073705093
0.37949443103770564
0.06524339161639198
0.0932311440595302
-0.23714800155277815
-0.33861515703377154
-0.2700186341998493
-0.15415462616803677
-0.034126123033476806
0.4023028405527633
0.46863791508258146
0.4242720026237854
0.624486059716832
0.5666185735588637
0.4072781141624454
0.08390193976435914
0.10139687008278118
-0.09359979085445491
-0.30623708147295897
-0.3070440341547089
-0.3092476045169056
-0.18507364509971125
0.07477134853437427
0.2024362098051875
0.21070627245561252
0.03949724200122191
-0.27044352404997846
-0.3632254771443384
-0.2546090572965773
-0.20051707158812335
-0.161495543751615
0.0929129352976388
0.2790048770990699
0.3389640231325173
0.2739713872878815
0.0802474582999471
-0.22768561925767106
-0.4881817682065794
-0.5973427805510871
-0.4473882068236541
-0.08685663455951467
0.031284959424661904
0.4489054882100537
0.7683160516680819
0.8686617484719339
0.7197167785482266
0.5454506178219113
0.21134914475325742
0.1716582810951625
-0.2647677531729756
-0.3447927051243066
-0.20453450781768256
-0.31289332019201166
-0.21816195394316998
0.07676316927806448
0.22487373557257168
0.21458961185378694
0.27278393994131517
0.40321946753707155
0.282003205652111
-0.03786975500357619
0.047574779238673245
-0.22121107954576866
-0.4674166562259717
-0.483678191775893
-0.35300377842152375
-0.18409292906247138
-0.07884193112288512
0.04188472718369871
0.14210829602491443
0.1762659559665338
-0.11165538468521091
-0.20440216705015296
-0.07524839990054673
0.06553476134291009
0.028407986794453395
0.11727039303032755
0.1146149911462064
0.3891143245418641
0.34559508306516845
0.1295247391144284
-0.06292884236595783
0.06500305961198874
-0.1641432410007879
-0.14769202136269444
0.21786195462702235
0.5504105571363913
0.6578253789325695
0.6972925281280249
0.5538086857044441
0.25884509119780424
-0.22335345732253445
-0.4432248178871997
-0.5112076533972035
-0.4904785900408711
-0.4167481993520553
-0.24276608449943876
-0.08163226095496781
0.31827838499571187
0.33715831459635887
0.2537015095489081
0.33632327037261156
0.16227790540006992
-0.16301434515476845
-0.41436544643470397
-0.5575120584614521
-0.5039243112894539
-0.46205352100559294
-0.2776593364455404
-0.13303914884943815
0.2386620694421752
0.4325142575432143
0.5056882661497262
0.4048911731265269
0.32517288835906194
0.09613152391436691
-0.16940400006773487
-0.06865454828323106
0.06506293787797301
0.06934473192603728
0.23175480062732368
0.4240685989168504
0.33010141260398485
0.14784046170520307
-0.15614949082370863
-0.44813034758203946
-0.4862759266427106
-0.725762848270212
-0.8497414854816098
-0.5560281097712165
-0.37960411644568326
-0.3359540511999688
-0.10805661064617186
0.3789613531220414
0.6039974479482327
0.5957724198614748
0.5740242557489488
0.48284029249447685
0.20689805095886166
0.005078464993919319
0.01122932913482473
-0.044776622285585446
-0.005200720100560013
-0.012019367098854296
-0.061060788651349424
-0.3199102952062527
-0.2659345242570192
-0.5465577196892303
-0.6921361469021465
-0.5713194425872419
-0.5041267255554508
-0.4599546358662607
-0.2241575945110813
-0.10077405971237673
-0.22141891696335889
-0.19090362841166467
-0.17471519296285798
-0.17816588637986647
-0.3368178474595035
-0.6003086820127168
-0.6681922291501536
-0.5804520582868601
-0.7243754583881619
-0.7183195584343947
-0.7431729414409475
-0.6411308338342676
-0.461473662819679
-0.4621907394400384
-0.29446145876648017
-0.16170443836148016
-0.27540134788723836
-0.4068344956768912
-0.31221991046687986
-0.13478830958011678
-0.016504234810967605
0.11354961521795286
0.1807148860818019
0.34599491704694874
0.22514057885822336
-0.17046510901904563
-0.2861500265143467
-0.25273313016653604
-0.4241186121826746
-0.32122019441307836
0.19410078025299676
0.6309907514181344
0.7146692919216148
0.8899088728369845
1.1466314011039165
1.2093772380348484
1.0934706832995977
0.893813185271116
0.7731885915874254
0.4668315023960836
0.17000523637096498
-0.023340275037944117
-0.28300952479696784
-0.2506390138274037
-0.4340455068742975
-0.3706707693856346
-0.31670883537446853
-0.2960087641164092
-0.34534939201501574
-0.15823842091495724
0.054967281270042315
0.05882616358784194
0.08278828307776821
0.1930259844828777
0.24287060267684474
0.12162006453652557
-0.08877727626036816
-0.13720338847990177
-0.3477699906832102
-0.39506318874726715
-0.26020578852083814
-0.10071150732004383
0.15083917821596168
0.3405167959473411
0.6276196477055515
0.5745181636029292
0.44371644784614805
0.2651151288509979
-0.03372575042362368
-0.19659193050479168
-0.1305422291577168
-0.015832250121968226
-0.025519929093547465
0.2623567352857176
0.5640328907002545
0.5419212767464786
0.3600156256555408
0.2654181246819677
-0.13381774612323244
-0.2871745795162054
-0.3590991643679495
-0.33366698322382393
-0.009901534939132928
-0.22750232287661876
1.228179053794432
2.569188499383186
