2.672264627047411
1.6161823761578393
1.0050304513576933
0.329198018223736
0.3444056968499779
0.18978574906582452
0.1812157768683102
0.21951529290327468
-0.21232122424594713
-0.3287460554314321
-0.25583020281170926
-0.2281637226048076
-0.2852003840641194
-0.30199847431903176
-0.0824413954708312
-0.004176895186035935
-0.14772210089800006
-0.26578920821506846
-0.33330819591912836
-0.5348423907509909
-0.5758770292108123
-0.5527713687885886
-0.40466077966361047
-0.2654693386429744
-0.35346865094216684
-0.25673560341435875
0.06045759824281442
0.021318118317550466
0.017537293881096018
-0.05882599308862407
-0.2902932704845422
-0.7615592573484194
-0.8680033077807364
-0.8038408985152586
-0.8461232491026484
-0.7196195752996429
-0.27379739077691784
0.1669663458844337
0.2705010988506038
0.1785877777961839
0.06796278214723905
-0.19050314847316763
-0.3183597929359865
-0.21242518625722145
-0.26611136347082764
-0.3115834009968113
-0.3386232607456851
-0.25935532758044433
-0.3487663478100683
-0.4814327958242302
-0.3325820524404105
-0.12712802813466695
-0.2597924890168398
-0.4247563499884653
-0.4781272774468552
-0.7203610110741299
-0.8271731601694514
-0.8518801445209367
-0.693526141707592
-0.8099505546859116
-0.7649725426621832
-0.7001770314056123
-0.6884388320387146
-0.771152650657564
-0.6238855431359733
-0.3150879125841912
-0.26912001729343255
-0.17165074561085664
-0.20791065259462504
-0.14270979650917523
-0.08655103020849987
-0.37582909011511967
-0.3531259200170232
-0.12738164594393517
-0.28530938538304873
-0.30793811701860874
-0.21227384738653166
-0.1975090258424442
-0.2524046860125793
-0.36483942555939036
-0.30979735747842674
-0.47022351871962786
-0.5391327088428797
-0.3463530266303308
-0.19846260916828848
-0.25274459438183955
-0.13120761452871957
0.04233553209790378
0.1328343787711812
0.1701027368456913
0.2052540813745069
0.2659660310784502
0.18787434484064663
-0.05501229206804037
-0.43584166984645967
-0.6015985329906636
-0.6948850309328871
-0.559816256576052
-0.5697033459429792
-0.26824143019593166
0.16558798730421276
0.25551667569301406
0.2114468106014412
0.1974567753657171
0.5217707950997622
0.5951030456986554
0.4703032064973242
0.3374252759933504
0.22419153900196992
-0.13053102374448622
-0.39385561500015087
-0.530096589348193
-0.5516681842237302
-0.823300409693611
-0.9347574482939666
-1.1250925856156884
-1.0489549509839753
-0.9436860796047745
-0.9334339940162594
-0.7786008647996803
-0.6033807399969369
-0.31274586124908593
-0.15968103218303153
-0.09960843029162064
-0.164763883614042
0.05712442910602342
-0.038888343196817415
-0.12473802120343618
-0.18262828258198088
0.07586897867197959
0.09327035844148057
-0.08853247057859595
0.05373365264142019
0.20876699454444878
-0.06681921140116831
-0.04506680298966216
0.17580694266685948
0.060122265785909554
-0.24339861233616775
-0.5821768215513659
-0.5846217419125932
-0.5940115212137284
-0.6328444819009788
-0.3244882721892265
-0.35612104885649104
-0.47734140833705546
-0.5287489331765058
-0.3772355703030719
-0.09135837324355725
-0.07732656035701153
0.05136939589350711
-0.1270974438941748
-0.06121621434527173
-0.1794553085332322
-0.12474669181484334
0.28512012280441673
0.38266940260727605
0.3696026555241828
0.32531074483819034
0.3624867267432039
0.04671237462191096
-0.08831424718071118
-0.27981177925563727
-0.3612583098291773
-0.5530098429560956
-0.44043062483771994
-0.34437714175589856
-0.2520664560294333
-0.05494260287602418
0.10149895299255098
0.2203802856014318
0.18704363702840382
-0.010997663324052609
-0.07876453324844326
-0.25307995438039094
-0.3623406493992104
-0.5525596267498598
-0.5708281361786591
-0.4264337638338141
-0.5844257100682176
-0.6455608056352349
-0.6577472429671943
-0.4460054701939173
-0.37067379710906023
-0.290113065261361
0.0892768948137489
0.21980523149301262
0.4293561841445274
0.5564223418418934
0.4841704740433034
0.2561780742175035
-0.025972767309482555
-0.27997669582678225
-0.3414081362962129
-0.16672494720413114
-0.3048063180083787
-0.5541485773934425
-0.5880085646805024
-0.5012720498878297
-0.46824998793790557
-0.3147421535992747
-0.11063227648201493
-0.11291748408468401
-0.2094594237180597
-0.14573568972352602
-0.030595970745092356
0.0422745045568188
0.10011037238984911
0.07786221782281355
0.11464178141637679
0.29738975426455055
0.2782851198949173
0.4034031389685525
0.12317281897110902
-0.22136038030094946
-0.4633715467342597
-0.5872007389178583
-0.36557136320091066
-0.4800679368787861
-0.4912573663259807
-0.2611815460630781
-0.2647553640458884
-0.26984924708341496
-0.3460385041143162
-0.17526750925138226
-0.28492051401577356
-0.15511594050506478
-0.17576653539700113
0.07035888415035849
0.040973551331351304
0.3139532124810457
0.543278962174332
0.6593627544526096
0.4142693656879019
0.30866591277455735
0.3275240620865107
-0.01897454503590682
-0.3227893469133169
-0.4440404218345626
-0.32438647362260176
-0.23647581975320625
-0.22720439581132051
-0.0812384457593337
-0.05735146777474718
0.13206921848314532
0.3051094749267875
0.4024645216348424
0.2603602046710175
0.19764343647707466
0.0940217396003302
0.018376454358267527
-0.35656140121990026
-0.43928022369779646
-0.36896053650046406
-0.6550748886403032
-0.7490520804944129
-0.6400514272500252
-0.5798274768863567
-0.45088097981447905
-0.24613179793865222
-0.21640382502201513
-0.34982824870687235
-0.3060653114025841
-0.14672450268877182
-0.26955601020291964
-0.24044521583851822
-0.4645162601711235
-0.5323879499989228
-0.5321657206646994
-0.2748545477990947
-0.3218061026341606
-0.23108550088015511
-0.12952684122881666
-0.15202643379632613
-0.39383961158722747
-0.4469105364859825
-0.28047872532099233
-0.4335355029787009
-0.49789999741349644
-0.5759142747586318
-0.44861975261478276
-0.3047179851601098
-0.2992021359244902
-0.35833856404339337
-0.09895456132567529
-0.21747506062537336
-0.2585469295753626
-0.07059320523482324
-0.09129043831718542
-0.23490190609510483
-0.5242021121560705
-0.5503409598833391
-0.5114341655607973
-0.3441881948615172
-0.381740708773303
-0.21712135439712443
0.10453964702777177
0.324913116381382
0.16376917117158368
0.12821755960372289
-0.010281811474944395
0.11406539473070407
0.31047240223144285
0.3278667323779128
0.2243853840425096
0.032037427966174196
-0.3991209446264406
-0.6056459515164253
-0.6578955875377663
-0.5258252754051409
-0.27746600866817445
-0.31223233045501675
-0.08073467004433929
-0.13341198717608
-0.2799309751277352
-0.2684190833881177
-0.15898410823189302
-0.33033267676963224
-0.5032141141063713
-0.5759467275683797
-0.48727867497590904
-0.281547998537172
-0.06252137671695462
0.16561687837012282
0.41580998788613555
0.4341860897608816
0.46183892121684567
0.30338155879518647
-0.052046930158196406
-0.4926756526651886
-0.6478180140823134
-0.5855050792630883
-0.8048613945930243
-0.8101996623457041
-0.5282862414202826
-0.4861930940796486
-0.6416016125057419
-0.7638681227154903
-0.6876677399419739
-0.6793545859866893
-0.7243598784169657
-0.7661568768346538
-0.490625552584599
-0.5563860840693571
-0.47219648620727894
-0.43576626013049236
-0.1703625545921086
-0.2966441326849498
-0.3617944114722074
-0.4842220828358771
-0.45411782926516425
-0.5969907848169329
-0.8730983595733206
-0.8878553830170146
-0.6606254979434103
-0.618702462320673
-0.333339053900887
0.25505066593113446
0.4774077928669608
0.6863920017811722
0.5014713418234847
0.4974089926781534
0.49592446328627204
0.339949442159845
0.5279337375088325
0.714263418029941
0.7542147875763063
0.673614951592883
0.6213205534482283
0.6706314617025568
0.6345312635261237
0.5845016103747501
0.4261351258916446
0.229479469810956
0.0709448258791369
-0.15629967854442958
-0.20145852858769203
-0.2239782802760671
-0.20040896315257956
-0.12638536224380262
-0.2111254698076097
-0.33710068550070343
-0.2598357758754086
-0.10768322481288649
-0.43356596554111015
-0.45611006890577477
-0.052035188492733794
-0.17118716146051416
-0.11347830178896773
0.6670455493759138
2.0428358135016493
