2.2458590417772033
1.013734148292364
0.1671408927587544
-0.040036875683878675
-0.020192358524737775
0.04910427111374044
0.30399186854048105
0.27402728933947074
0.4910557791388502
0.6048535873639614
0.6062755280228804
0.5437667270796606
0.33919542246224366
0.2321098014651212
-0.16549005427480806
-0.4777749803706065
-0.5917685234731249
-0.6345598527519183
-0.6745905285004644
-0.5927971281378441
-0.4409962868587747
-0.33611586857434594
-0.3488468895969176
-0.06191245219773023
0.18176840798186616
0.08620866070375238
0.1663608058739477
0.19789842412764802
0.317441005433934
-0.05534344816840074
0.012434893830557816
0.0011394195930947548
-0.06957347407379183
-0.12248537353134695
0.03241585730135036
0.18828574268364498
0.19986354905039302
-0.06292225239209123
-0.07838264421474835
0.12870979614638786
0.007362051201444444
-0.130465186651982
0.007438305487650225
0.17470296287497095
-0.0690303148447532
-0.04614670838474674
-0.17898317527380042
-0.10601167256671783
-0.20867114135085524
-0.38311086761822516
-0.2703158372111467
-0.3183645111411835
-0.2607188047064487
-0.271673526603364
-0.4141800383345733
-0.42564138081256814
-0.12877660828465162
0.07440036204779221
0.16507699764890826
0.20004891151431758
0.43245163859092195
0.558171121171511
0.5333911355016573
0.7255445470538762
0.762602858156754
0.4092600298364122
0.43757240985155627
0.6179975077965388
0.5372486012422237
0.272708191718063
0.20400701853031267
0.13741147332879386
-0.26929047193729927
-0.46212385892731356
-0.34638582678440805
-0.20133319552895776
-0.46173342986939825
-0.5630802202709076
-0.3132073672346068
-0.006518707496372948
-0.2680749338237138
-0.20364438315400993
0.16371302463623214
0.2355659727222013
0.02811899390334599
0.10616872518973539
0.11513661564897634
0.04741744735352231
-0.046570319558300724
0.26005167312671384
0.08480406421990072
-0.061717768654381444
0.0033609080136096023
-0.19939770125397213
-0.3625795820516026
-0.430338514989571
-0.29850613004001847
-0.16691712547356768
-0.14055595441194402
-0.3053808990466841
-0.4016613068978081
-0.24733962926428232
-0.31568859699846036
-0.40631010723005506
-0.4679312489028705
-0.5097417080895239
-0.4983161601534658
-0.26066732437712015
-0.06388773309570006
-0.07961476871990394
0.010008428097301361
0.2707595974927977
0.27823073849018654
0.08269866179816902
0.09540338756760113
-0.11036939152235128
-0.20760811974225923
-0.39038246989044306
-0.3988154100095098
-0.49249083348304734
-0.37054068341327784
-0.3337657277211721
-0.14399203092073587
0.05215825522417139
0.28788505127690306
0.540161156912965
0.373619912367662
0.29701317207567324
0.48409376307823754
0.6079034633313097
0.6327901699084885
0.4896120435608066
0.39350879687181256
0.34920771374691717
0.24845864711849544
0.27985554076751973
0.2029202350390468
0.21834806409759497
0.0030066983880276234
-0.06457601168550398
0.14062428051128467
0.24657123224998065
0.126617552572141
-0.0340978749056847
0.0415244577976599
-0.09982586401739112
-0.3163502878111539
-0.30013132420342725
-0.03703468208296601
0.05794620552207582
-0.1748940585672416
-0.16866589232557896
-0.026125609184996783
0.03277385864278833
-0.057027744069887934
-0.04249098229151429
-0.0641051330795265
0.025483415933327147
-0.0003504780889632027
0.10319123384376302
-0.09647900991304302
-0.10134287003229867
-0.10507000962574209
-0.2078396071903076
-0.09909168372691218
-0.3067140673953314
-0.47599713988893
-0.40295881650908527
-0.1080097673974744
-0.1735752903858434
-0.06390783344872887
-0.07723076476242016
0.14010099600424236
0.23197294474790234
0.12874870316727668
-0.0020095437499683746
-0.15436134836895696
-0.19365761221573496
-0.038774910016093844
0.12519148206750286
0.135723325997259
0.12667665516604928
0.02279714681858804
-0.059919429188233994
0.12003451994468228
0.1793461416543798
0.11611947210102816
0.13714768171454586
0.22837919336347845
0.3039263823696157
0.32820534558585057
0.18472140622119193
0.20008179399393414
-0.011509940937200439
-0.1739220325108709
-0.08173430265743915
-0.10957991069003173
-0.22376207831468128
-0.36285041410128427
-0.46643178262774154
-0.41649793230794707
-0.30698936424866813
0.06559019499788211
0.31981640786351756
0.3264284716153527
0.2927813254695216
0.21253374440189723
0.08584209384037272
0.14485784921534697
0.1520793862503449
0.14459493839906964
-0.14286859809062966
0.10175315226415456
-0.014309963133849146
-0.23384290120152
-0.1939511607815625
0.12360802819436482
0.2703201561327091
0.32696879839712956
0.23084156131024078
0.11390218736739546
-0.059855208226544214
-0.36404030969243495
-0.4988172337122299
-0.39527860125673714
-0.27213977810659495
-0.22776200302557922
0.09442321947569957
0.31533610770127546
0.3696315292029167
0.3169878449548977
0.22409224083078377
0.1962501232841169
0.19880860909325843
0.2122001283953524
-0.10405525844273096
-0.3068435782686247
-0.30968977447664137
-0.5076472713095223
-0.532897403399878
-0.5165022297354005
-0.22950108738527672
-0.341463272356092
-0.3397793159064836
-0.07732105437297492
0.08599885205446696
0.1964057381520611
0.03864323736027322
-0.12990759650693467
-0.29353513178749485
-0.5467242922372164
-0.6283515360267259
-0.5705272074338514
-0.3136750792848543
-0.19367266775299694
-0.23702259159424263
-0.3648317184090001
-0.1859075623866641
-0.0946127591625162
-0.1760971533995643
-0.012367816424804869
-0.0009033247381480015
-0.02174194000711838
0.32877366332675184
0.5413731724783724
0.4360454889052107
0.3943770022242952
0.19904875040949108
-0.1746935871717512
-0.33926546294654514
-0.40558150481510136
-0.38823275916048666
-0.24172206902324872
-0.09754299466354946
-0.2314727003940509
-0.2444679905351184
-0.2946443312534981
-0.2580579465866896
-0.4628543661691998
-0.5422535117440194
-0.5647069991347672
-0.48817896716015285
-0.5659245815789852
-0.7386549313966562
-0.6996685100427881
-0.6764044224687742
-0.7463864360233131
-0.6091442275598977
-0.332604039569548
-0.07638317337078467
0.1981916834941777
0.25410590088905577
0.24236585665017957
0.1349447022000877
-0.06157250853555674
-0.1881350570044621
-0.23740660446558964
-0.3363823183027437
-0.38674384856403166
-0.19080199254471747
0.036877364748739726
0.21522392068775684
0.2879515048161088
0.1330439184610907
0.15320592944660164
0.09797553432136452
-0.12873538803235007
-0.17990165885156967
-0.197920459889721
-0.008438647684956613
0.21195172186987812
0.3893354387521872
0.42552834205812184
0.5074545386198611
0.2882889817126664
0.09956083098512081
-0.14785296944224866
-0.29644518424134997
-0.1980716823878463
-0.19515060085401842
-0.33475467225082334
-0.4303146736235367
-0.28153841985971645
-0.13178411502288254
-0.2388600535271435
-0.15486455453876155
-0.22621574405183534
-0.15112635564689375
-0.20666410733212356
-0.05452662770002423
0.26646175391041976
0.602522642761957
0.5282697005858044
0.4890389271629346
0.4209945602178368
0.31234286736942085
0.153655786306542
-0.06588113293645016
0.09274821224690691
-0.09750321599002337
-0.3228965333997038
-0.23255771395057862
-0.2068597036668013
-0.2923259709193302
-0.4382858922553346
-0.32891109592873635
-0.1861425901576333
-0.22905147100606468
-0.23397116699759765
-0.13262700195230098
0.02738271501052131
-0.05812410233359612
-0.23878704617713978
-0.22269361580647679
-0.3181610023120285
-0.32280305665201975
-0.37241874865629043
-0.31616356418047026
-0.38574551453761624
-0.403200168720319
-0.2075611433480965
-0.11998335308341719
-0.15120934389346136
-0.23077649307985684
-0.026381811933887837
0.15367804613746164
0.3457335362731562
0.19601031515089073
0.0456874508657346
-0.06974956540045854
-0.27060851045690976
-0.3364872596062957
-0.39184660056150555
-0.2836201760606943
-0.5433741685495045
-0.6016603902060644
-0.4698924203170649
-0.1468714833490811
-0.24809663637765939
-0.28688006976212016
-0.05405550374310414
0.10662036034327224
0.10300371384889234
0.18054020771633475
0.05294298056337837
0.3019072528799477
0.5819647146892634
0.7205380927176238
1.5055804785540328
2.7235424761218257
