2.5210795928001293
2.576007736247659
1.2880046934074638
0.27500774362913605
0.014789646987402955
-0.1375254853262597
-0.1655675093571177
-0.09938290468580159
-0.09857177442637054
-0.12378345614171996
-0.053021213390931465
-0.22590336966589156
-0.4734900409496648
-0.5587731110620658
-0.43332841722910215
-0.3922533812760702
-0.3427262023040744
-0.1893458381039925
-0.12096531976726846
0.18155228799396866
0.4161702249908446
0.4277704095354699
0.3939176466968507
0.24046005430103518
0.16292839295549516
-0.1208842498299323
-0.12088042755322476
-0.4109520875614567
-0.4915781709833004
-0.19544345299355811
-0.23747710237339587
-0.3891576356166801
-0.16125587647576636
-0.00979437089160502
0.12888401651945022
0.12436588223750783
0.08987325344182737
-0.10466844534388167
-0.3294123880674537
-0.21506985771553916
-0.17102887889304813
-0.30165082747933175
-0.24407965123729808
-0.22516399257950864
-0.017533122594563258
-0.08682304857694624
-0.22381023713522732
-0.13123790169177513
-0.27930242593655996
-0.07731932606062902
-0.06104739612803797
-0.2236924202794306
-0.4608217103857886
-0.6384803422795085
-0.4762543753777574
-0.32711406169054735
-0.22163598945681856
0.17891046350208661
0.5273249400862515
0.5636919229143776
0.6348396582448603
0.6237819600185421
0.42004897064570507
0.0025984980861223847
-0.2647510559565109
-0.32574730589766954
-0.4409446476578986
-0.6700881071268624
-0.5162222751559564
-0.0857781416476695
0.05331267252016256
-0.04542822604849248
0.23069454738223052
0.1280458308116446
0.059340715836388204
-0.04548754172702297
0.07025870337386528
-0.30339789699227604
-0.2980100925066708
-0.13740097197091167
-0.027689358018419985
0.21049509690571844
-0.04091022430891368
-0.08150818431412804
-0.11530712140987198
-0.25081941918419004
-0.16858922355935596
-0.11834633612428579
0.10466062188304055
0.047142810869195084
0.5263482998349507
0.8676188910442194
0.7687517583168548
0.5988376841277449
0.592028088073002
0.517218861277848
0.018521989038747688
0.004927739141643621
0.19607578121915448
0.01947611633954994
-0.1850384744006398
0.005345140979564564
0.0750355801081717
-0.11923190105108888
-0.07222969559865555
-0.08048357050860097
0.13694083219961373
0.10046302488298775
-0.16352178333687947
-0.042736657863711544
-0.04740062466431261
-0.34124484957090806
-0.1954274032334823
-0.09775844802947631
-0.2143140499359958
0.13376307712549462
0.1464924133437967
0.09379696114257507
-0.02216207366698905
-0.0902825891068193
-0.4423341404232105
-0.6261491368512402
-0.7566523054206271
-0.7729288376246121
-0.7513289123141191
-0.5471329602589402
-0.20709040640112258
0.06866448871938285
0.34506617368320963
0.5507513218927187
0.5868474414374073
0.5945549994331469
0.7009997878276313
0.6917309552730112
0.577636431175076
0.44170446785817163
0.1632220603522933
-0.1365369751465984
-0.16088295042221978
-0.32911914747828763
-0.48257108672841564
-0.3871881593207871
-0.0788679988959669
0.04220900484902726
0.16688598556494982
0.1369244540248763
0.2289553555459617
0.28651280003546037
0.15110328114633834
-0.3428455564291375
-0.5913679719126888
-0.5331205704866369
-0.286017112303829
-0.5017058055036838
-0.3215867473727934
-0.1180045901181206
-0.1653594171343799
-0.3273314447198778
-0.3013630351731469
-0.24475465743147692
-0.4294471885214882
-0.42047426293638707
-0.3313034159778845
-0.059851424674960824
0.10420412071653483
0.48685551361574014
0.6119780471146785
0.756757819577227
0.7312547207241816
0.3900230886885786
0.27691935130066175
0.1673363896212564
0.26505665990730815
0.023489951570328817
-0.40711515219329103
-0.5339340328626757
-0.41352718331316407
-0.5505475334821405
-0.6679271761295509
-0.32187343805641017
-0.183027912003067
-0.460378719849663
-0.43980239136085686
-0.1888186614526624
-0.1523045787870067
0.37861815949212096
0.11533183630741561
0.19784113924440047
0.19057925872892262
-0.07661001351167893
0.18360029697066008
0.5224320305137614
0.37500769770359116
0.1805844529732334
0.045956855778164524
0.12430060981915958
-0.07217821016323071
-0.3799807628873993
-0.3901018631382879
-0.17852339478502194
-0.45690269935340627
-0.5483538331235165
-0.3363487776154413
-0.4271625198808018
-0.5125154020395574
-0.4399517915798001
-0.11488823162002686
0.1084097972175027
0.335145465658892
0.4055140753704733
0.3669175535239705
0.27950999001282234
0.09278786878136207
0.13776065902498796
0.15202770818553935
0.17406431698959965
0.16158124157852433
0.12209170928480687
-0.25836128611126574
-0.22567161805817604
-0.18374729415769772
-0.4326937424300886
-0.5040902214969201
-0.28009515945480395
0.20859590301193262
0.2163964681702861
0.21468227193257616
0.30638013058350444
0.1262731405426068
0.02523541532043779
-0.14724142392148026
-0.3508215609400853
-0.39824944218038516
-0.21745594172462682
0.09696719812761116
-0.0017439471106816358
-0.019684281167352692
-0.07683009108358703
-0.03328572205311565
0.03029173049337127
-0.10414801514052331
-0.1049506291585652
-0.43145375292819177
-0.57307431575638
-0.5371790659918345
-0.2657613767554963
-0.1381734597046244
-0.1968169096561041
-0.08372923638029332
-0.12350969713193823
-0.18324426980446318
-0.33323737973482953
-0.4148513818687832
-0.5058000794164899
-0.5397382681888924
-0.5933773896587684
-0.4522973374529491
-0.16577625790049622
0.08403807116982967
0.07784926181165552
-0.004790057555227352
0.2655776955063145
0.607245844288029
0.4965825407366126
0.20643010134150216
0.3400389176428095
-0.015799002991425254
-0.14915264582314952
-0.5436835875259278
-0.5952388865267008
-0.24486608182580508
-0.2916754964500757
-0.22637179495846438
-0.040315106987860894
0.03244210919612639
-0.028536710301826418
0.030593071053145904
0.16549023509178495
0.22037667394093385
0.2128831529245575
0.04123132620703927
-0.25130302674943855
-0.2938378055922129
-0.5721892194647495
-0.6082346636283158
-0.4810926897560524
-0.22299155564197654
0.022002586432317534
0.2896692089587485
0.2494201764692383
0.20917792085822154
0.058650212433565774
0.0805286444259822
0.17387068601474992
-0.03691908199534363
-0.19878996907288488
-0.23551129614952737
-0.43788310624997717
-0.5685934966815753
-0.5690704591663389
-0.4683881974780615
-0.3605841359186566
-0.4098164657905081
-0.27569365565263687
-0.10039928322830557
-0.08136252070349653
-0.04356243795144667
0.21996212370002727
0.17510355245347542
0.06335158139277394
0.136786384130986
0.19974584338367463
0.0040106740386185065
0.10406578476387748
0.294776798787785
0.3232367992320536
0.39248381662025933
0.4663782523537472
0.7041190953363505
0.4650322226254358
0.42826981109333123
0.5380327390245698
0.5843876160337786
0.43161734892705744
0.34831591726709665
-0.014896629034789555
-0.35339366578756326
-0.4055348912910811
-0.3220510772052818
-0.49783070938748447
-0.5160375542724213
-0.3908146534980752
-0.4205354470949404
-0.3920990790982166
-0.1641381717384606
0.22684882200348727
0.5039583787624429
0.4588591766831766
0.3522165009372342
0.5001823362453677
0.25904832628815877
0.17141029558430806
0.27658981148600525
0.2629490693344265
0.0964226975375328
-0.12797313226619234
0.23873961047044157
0.2211162675867268
0.1340805487103074
-0.04748707261201768
0.37936612121055924
0.27893322709461765
-0.08930840199577453
0.19911535898576327
0.36957786103350654
0.039525235625684066
0.033143043127484784
0.33605522222124845
0.40287984299158314
0.3107536434333575
0.06086272693848708
-0.26647790573252333
-0.26777145068945385
-0.5597706495667223
-0.6425481233421458
-0.6788022483626253
-0.5776209157353611
-0.29881566516848085
-0.17985610539256827
-0.1444539437088742
0.0678566695150577
0.2762520807952755
0.2651686756891624
-0.06700138884004414
-0.025926317796851728
-0.07574696414555065
-0.008532624288526233
-0.06675715131160193
0.04117452909378472
0.17478809540291512
0.4770882152403927
0.5686043967126544
0.61815488853148
0.711728337558443
0.7725729256386296
0.7618255165002749
0.6159926733663313
0.503417979905878
0.1692643740448603
-0.04316743685261915
-0.20247411688933703
-0.18749088262713387
-0.39178960433456705
-0.7157397189192608
-0.8495810578085309
-0.7593437969426514
-0.4926143257982271
-0.12878046570487198
0.23950572758019528
0.30837901448792016
0.37525455981006245
0.5811311618608181
0.614674076815575
0.6645192357480741
0.480972840924078
0.2109829504573856
-0.035127583981334504
-0.015481122241958871
-0.24708276838471757
-0.055470746747704414
-0.19852827594754535
-0.5233197078773044
-0.638441241857173
-0.29304949300671057
-0.4077363133367502
-0.3261923784723204
-0.32095087549333656
-0.07220369049959197
-0.007122678433332474
0.20658619223451136
1.5574740205372182
2.7277653806932514
