2.9216617969585617
2.2340609432002476
1.0015365601277417
0.3052739995280703
0.09268724599963565
0.2963455655929217
0.006329712715852143
-0.12220780544720128
0.07468303359138685
0.09264838362894008
-0.1395419633627315
-0.09575198696039688
0.11314383682483602
0.19925942984680392
0.15821288293113261
0.16846967124750872
0.27073019210227867
0.3806090894775409
0.2113741720201502
-0.08092202970340986
-0.035147435901552254
-0.2721890741173635
-0.34965230631768845
-0.3244730494294586
-0.06642342162409354
0.053069107226390896
0.3247046963954732
0.5922813833150776
0.4161506610118629
0.5825666135380642
0.8260639319109758
0.6556479723996317
0.35625927309682326
-0.01782408776197943
-0.20881764087509158
-0.46492900140077353
-0.7160384866121975
-0.9490497031143978
-0.9455885884871379
-0.7730843013890788
-0.7604818736928373
-0.6442667775852007
-0.44393084848842534
-0.4452654960882321
-0.23397213873063474
-0.34622186750952666
-0.1476647613328231
-0.1530453138271883
-0.049232922608067935
0.23449776986692714
0.32108731702284027
0.3178290976601621
0.041106678418628126
0.024978548154989157
-0.09189336195092304
-0.13426028908606014
-0.30164539944987623
-0.1500897267466189
-0.17357381746529163
-0.20764856725114483
-0.2789997796261685
0.10933730957434053
0.17788504830289986
0.17853021083906068
0.52376432587555
0.6125149174173646
0.6122885629154312
0.7575253271599557
0.7487415359407863
0.527503313346205
0.5706998720689598
0.39584869896343655
0.18362323552968898
-0.2429133556993632
-0.34600835194274493
-0.2227290161018573
-0.07641664607633515
-0.2722857709163194
-0.19205151542244375
-0.14325122253770928
-0.201485843174775
-0.03416658464027052
0.23521809299173685
0.26947578065847966
0.3909780727457548
0.30521686954244687
0.17941427024014872
0.3345912454699868
0.13112570023346437
-0.05223104169614241
0.22189751150213022
0.17239678164486932
-0.12316279307286797
-0.10681067272975209
0.07844965948781134
-0.055524157263091796
-0.2787242052665603
-0.32170048648236865
-0.2118122530431198
-0.2929370070486493
-0.44269199833463935
-0.17903479393182126
-0.31853347687334804
-0.3693870500049559
-0.10803607764739803
0.15781158448613788
0.01777389711289442
-0.14938604073887693
0.10543052528930602
-0.04283128053451947
-0.08245554622843193
0.29932611876201365
0.37145116513648724
0.4274114386136823
0.4970586096077488
0.5028272522176275
0.2872946036227461
0.2856615812712059
0.7746560227377433
1.5516407181406122
2.376804923325537
