2.1075645979883366
1.9808946750092624
0.9734313139725034
0.2267764638614063
0.2039102579053149
0.24658032992648143
0.0033905697623415193
0.32687296443670416
0.31514190052903673
0.2714719385036988
0.388874076315082
0.356711527534753
0.10427285777380083
0.052112470156709535
0.11247830860204729
0.09122189950782338
-0.15667777403524344
-0.10963764493747574
0.11923788532059991
-0.16165541302400965
-0.30483765118341155
-0.17850436617630336
0.04234206244541425
-0.19282938495073004
-0.18712460786806662
0.04148122088675767
0.15056289369146106
0.12442422835029741
0.12821342616400253
0.47985523422333165
0.5912056104964306
0.555412085433851
0.3322590031172543
0.13365834026978685
-0.1683415314011735
-0.47028045852423184
-0.5827617244892417
-0.49477764685573494
-0.2911448647603013
0.03682211972909113
0.2362777088818591
0.22082081398330014
0.1411990082792447
-0.061639286857618304
-0.27431481915246714
-0.493914115778087
-0.5718576168749103
-0.7656569669249277
-0.7159716437048324
-0.43501854232905846
-0.32131529196252956
-0.19300402874143952
0.08162503348408108
0.2917122373046255
0.45719270027477676
0.42773138842083286
0.2634506420751122
0.32997238220528874
0.039823785339190884
0.15710921035906925
0.05749592065244909
-0.12072753467606642
-0.15186456930443404
-0.2848663960587987
-0.25796339633918847
-0.2907233325368918
-0.1096226884442145
0.14312031081486842
0.17082608143031658
-0.06206932606153739
-0.1763682253140703
-0.20349226323038186
-0.05246399239006605
0.12024028009663004
0.14756880013981505
0.1715336228058361
0.2918631066154466
0.450339861980508
0.4516055867759594
0.3359293754259133
0.1959337525864912
0.00044089319554895673
-0.36149313570392233
-0.5561859008569755
-0.476194367753043
-0.40718169494238216
-0.568226727349808
-0.5024621928009032
-0.25466700010209514
0.14904593211355216
0.2942693370581121
0.35794359823079763
0.18820990882415572
0.01349524838448369
-0.2071220814911885
-0.422961196599265
-0.5689097698233281
-0.7994586793219924
-0.7465530407137061
-0.4816329066215801
-0.2547010309708396
-0.0345817981571937
0.5177392411118583
0.7293419255243205
0.6899344876569286
0.8094616981082758
0.7853910882090247
0.7232842834312251
0.4964632015015403
0.5028744434770017
0.27267659684404566
0.0788188923719532
0.12319796322659486
0.19804716796529864
-0.1260247344876884
-0.3323469647873706
-0.3498179892103011
-0.24633251334342476
-0.35498993554168884
-0.3338166406470536
-0.2270614320885488
0.10213414108543416
0.012343886113295857
0.11851920357715506
0.3285687342048824
0.23972461697942482
0.0173300467434995
0.00966793760868774
-0.4603898475464374
-0.5997719114562159
-0.7563039867597713
-0.6202303255345647
-0.260747009137617
-0.01517862350610491
0.20568508388612716
0.37232699408272296
0.47095446175458877
0.39578475334475505
0.17223768882449403
-0.0836235399448138
-0.10516087554832365
-0.12627207659409195
-0.25407229128739495
-0.24109727992248361
0.006763753974144544
0.22608637484033178
0.1045771866414052
0.20780288779899386
0.15832073405976965
-0.08130145821672224
-0.05192574250210355
-0.07333934008099685
-0.06549753175579455
-0.04009926022405219
0.23725613708552815
0.25841252964039557
0.2285736267194034
0.10070758475808639
0.0025913618973245414
-0.3113175894618562
-0.4296818018682427
-0.5462291849510409
-0.47939152513169137
-0.30934809123256785
-0.2357259733657723
-0.14903938415993695
0.05423658911752077
-0.030917932030463377
0.18207957259803187
0.03715624453018279
0.18753291321618237
0.08178498109127588
0.15919745829004533
-0.10660329035130062
-0.33242961928332
-0.2868723514887983
-0.2439015952680727
-0.32411457133289917
-0.5094476669351767
-0.18145200796821956
-0.33135770685307325
-0.4385037145768413
-0.296344595573213
-0.19770045712121276
-0.24000064593643802
-0.26347007137990053
-0.47426940938870243
-0.7681888053632
-0.9087525662015965
-0.763538482916975
-0.4549862428751456
-0.2375634103983261
0.16070520654370385
0.4047115929390049
0.6606086324326214
0.6383556277037069
0.5071772341454331
0.39076898741370175
0.14344773566433244
-0.09680956426731954
-0.18306849550533663
0.06795868271492332
0.10241405950700282
0.12634135736756244
0.29030857487368045
0.5753769827377855
0.6321854972721271
0.718864815768156
0.5378778425998211
0.41326221159594784
0.3159790001893159
-0.21444369088591222
-0.29846107901460156
-0.4175856173740773
-0.3912082726505445
-0.5537529302335713
-0.517665093890724
-0.37754346480031703
-0.2037836390910902
-0.09159242739631301
0.0699155712064228
-0.010266122282558908
-0.261539400385836
-0.04283582001424374
-0.3901209892142216
-0.4672590111598345
-0.5332085005609255
-0.4491659657464889
-0.6037915223670304
1.0343901347893485
2.309856942146925
