2.4576452041556847
2.6269768773221527
1.7200705574418964
1.2486057829835455
0.9465498001489382
0.5051590438688165
0.38913263463456715
-0.12044195880368744
-0.3344186276537631
-0.3512024852146254
-0.5149835536659364
-0.4833593431492264
-0.4258911777777931
-0.5588480428921158
-0.45326897828193013
-0.18970950825923844
-0.21956803640075814
-0.1463337154518082
0.07032631675802667
0.3729053364168491
0.42025635520291876
0.29589885377974934
0.276151117103256
0.2381332290466396
-0.00046373810037195207
-0.25244068307829076
-0.25920030940236755
-0.13332917338466338
0.11164909927678125
0.2376086220996783
0.43809070373889203
0.4749399737031928
0.2230667892732493
0.23128404233013375
0.3022461420422375
0.2549256935036984
-0.13166388291944928
-0.18100552899329767
-0.19124727797333876
-0.31599729696013773
-0.30603731119014743
-0.27586587644017146
-0.24997111465732724
-0.3350459893738143
-0.3432954802235959
-0.13078850534005254
-0.36376693003620597
-0.5012440782174743
-0.12488144886692698
0.018807622325603773
-0.07036758486074822
0.18082787258069372
0.3810701280879804
0.37649617169477634
0.06958537991288105
0.0885961565911161
0.11478923163041249
-0.1342356448766851
-0.09837912570471094
-0.0792172480286136
-0.2591934371749387
-0.25922398184466133
-0.29273149249438635
-0.43495811996993516
-0.5030094153476912
-0.4571796192434443
-0.2586959387489994
-0.12284954075271678
-0.06597501744429404
-0.07869560488756391
0.10433968642920959
0.08424757024046432
0.37830397132152865
0.3834664591176839
0.35346294511475784
0.39716165994111247
0.3638336599004046
0.1808597474776079
-0.04983865844341389
0.0002174588104781952
0.034996301311210745
0.006793167159091778
-0.22188419119439629
-0.08559706145616894
-0.07725231345914593
-0.1265155657825096
-0.32334020722571044
-0.1632155487332428
0.12287084081907551
0.2943787243038136
0.1389794019341669
0.02447035315518127
0.02010355908358514
-0.2513655530182822
-0.29865593779980704
-0.10097601916127345
-0.14642791328916094
0.019951550979833834
0.17040016579798903
0.17036316425726158
-0.1987269099302743
-0.38467390222389775
-0.45691722810117985
-0.577843922896591
-0.9751288121803605
-0.9222926572524603
-0.8073498554983236
-0.9847399756063314
-0.37346408191961133
-0.019089001963800034
0.21177654067266216
0.1283517086411976
0.20265025197064035
0.11347946656761992
-0.01587526585283687
-0.32282189225624763
-0.48544303421881363
-0.2861905702202617
0.05360270959893049
0.08606679377760881
0.2474911519410069
0.3986865037673233
0.37204108562008614
0.11226818114820536
-0.08912943936175546
-0.17351464032662886
-0.21735000012029576
-0.22736729443272033
-0.19282681202985974
-0.2411750188297677
-0.296419241751469
-0.45936454359172496
-0.30767427092333166
-0.3705620999517657
-0.34994194259043726
-0.10482099047985743
0.24860995945734995
0.47412191103356877
0.4136371038610033
0.4265034687329679
0.2727795146828673
0.00671925809657143
-0.05740036745924765
-0.23104208181926061
-0.2826123651298273
-0.06933956557739508
0.12528122941753903
0.18977179003068517
-0.08484230695410974
0.17589828015991962
0.16754197330639314
-0.24085354900423234
-0.3719501196489888
-0.12033761412899209
-0.2897382202955674
-0.3198333330276315
-0.03862266853505948
-0.006669865970204282
-0.16151501804909674
-0.12933366627233048
0.005190494949667841
-0.01873966616078171
-0.38635553577019427
-0.4468520759815735
-0.44172123737322283
-0.34439631546266847
-0.1306287091832084
-0.03751780548857781
0.0019104185772244597
-0.08498295561980872
-0.14898927833714704
-0.30111455015270905
-0.4526840421687718
-0.5615015305037139
-0.5171285948032671
-0.39297820790057125
-0.10818429853745347
0.23472945139291987
0.22170397412711645
0.37304710906525396
0.37935326039772915
0.33662397227883617
0.016256170635372387
-0.08338662314532912
0.02226095309815187
-0.13791505880497978
-0.1890508112788615
-0.04014066535877313
0.05697754534846554
-0.34293107051060395
-0.438769049215018
-0.20275836733356517
-0.28139625979728783
-0.28277755009628736
-0.16038775990448562
-0.1176258198087671
-0.3992077804086202
-0.4309720646152974
-0.1989906365970452
-0.008472756849261076
-0.20579170078206926
-0.136690829208981
-0.04206016711516042
-0.08035964796520359
-0.14487970134892392
-0.04943865362328781
-0.2823185744263973
-0.2684892170878557
-0.19390838092885437
-0.21160235106716596
-0.2845857271594528
-0.0794052124385833
-0.06759328920150681
-0.23742903479711924
-0.31141026771343794
-0.2829105326697656
-0.3656969619932562
-0.2511840882712129
-0.2015283462542266
-0.47577586666580324
-0.5285909041327149
-0.5577072986723178
-0.4507555397764907
-0.23560511220657893
-0.08879061390811982
0.1334825049680867
0.3141620578238065
0.3044965217219015
-0.11728840908666097
0.15361454643039082
-0.07372072595546728
-0.5218502687578775
-0.6193240954828148
-0.5575001220772144
-0.2920131420946645
-0.18957877628076664
-0.03630970649060872
-0.03559398266264513
0.3091021800184097
0.47279150994930275
0.35822454166371176
0.37987436601646374
0.38984232545075
0.43911978952588654
0.5266904970018779
0.6450676436046585
0.39904001596859034
-0.019496391304576886
-0.12272507724435897
-0.21172318654536304
-0.3008861038851299
-0.4520696559357525
-0.470267638586196
-0.37879085869698476
-0.4522034174425387
-0.4570060686508366
-0.3638618124682597
-0.15452826801755992
-0.3162379751151515
-0.6387141828430605
-0.7426289107541444
-0.5994173558892807
-0.6830313367146457
-0.7048204958846954
-0.5498360597935893
-0.21638381263039824
0.011510308670040464
0.3606700574352061
0.5214547872215706
0.5093581611324902
0.36173689641730367
0.18463374454233805
0.06643165541525817
0.013474823695205279
-0.13961089419401007
-0.008123701600395841
-0.07910807495367025
0.09305397659649861
0.2879774346146684
0.2523682560020844
0.10825667122132938
0.1651373901337172
0.11409152514887896
-0.21427722002138588
-0.32959418261468665
-0.28796628546383507
-0.07018337211555721
-0.13642584779315176
-0.21871944306573662
-0.12842093930819945
-0.14546458101102333
-0.3127446373176983
-0.2818213864206845
0.016555504727608295
0.04915141607889026
0.03262991441040919
-0.12705882529988094
-0.32145226636863744
-0.2479796616720491
-0.3645440089575994
-0.549754240600054
-0.5881618666086517
-0.6359255782794576
-0.4394296492386517
-0.3587155033799072
-0.20108117521927932
-0.21586056774982332
-0.05784715004919505
0.1167913047879299
0.01097618355047703
0.07368521022031399
0.21324560486509964
0.23223601233656738
0.14481079411255615
-0.022873351227081097
-0.1982656576356475
-0.2676861354134815
-0.19711390700050682
-0.07757735886975102
0.0951504910396364
-0.10592525913402936
-0.174344244323387
0.12386556752332611
0.1427875173229545
0.08617151038641219
0.04173152404460401
0.20357116452187007
0.20152145261252336
-0.0016344189184223108
-0.12010613319187155
-0.30529702614814425
-0.4307974667232543
-0.3968635222572276
-0.12325480074053537
-0.12425264993418031
-0.39954206510115986
-0.3845243714868708
-0.11046970018456055
-0.16302679050006486
-0.02791793038935903
0.0904443661922398
0.15723973461435353
-0.09082303219993415
-0.10701779962472475
0.23469511719983863
0.19313270441493008
-0.043685525161883856
0.10649537351765767
0.2636803608850463
-0.01025795029424378
-0.09975301710062684
0.0834249127594508
0.16514848714634453
-0.03544349752231963
-0.06399873209669918
-0.07097778887686707
-0.03718308506891196
-0.1202495594842829
0.03928768253785976
0.0391828340946873
-0.15651402170830975
-0.03131461016884851
-0.012889985354301116
0.05565138322767435
0.06668035294218344
0.009545094321240684
-0.04623629531181045
-0.25259007320401083
-0.0951464998165692
0.06135832386256446
0.04652910000432492
0.10765835674459046
0.3859179416690036
0.36241343713366364
0.48475320789155074
0.9529111887024935
0.8307666757071442
0.4862463229629286
0.4365543822565937
0.03488157137827319
0.31260706708016917
-0.1302793829860488
-0.24399531360936605
-0.0979313235132544
-0.19819219982099445
-0.15548808269991599
0.11977439540702514
0.189165680802722
0.6456312269726693
0.2804988283759464
0.09181794094953155
0.14511506358730136
-0.1853084333951088
-0.4514695437889825
-0.4196405387345216
-0.3407343529513323
-0.06174861639619587
0.4560595504263646
1.011054858635064
1.798410938857589
2.949453438297216
