2.873376262838939
1.8704534713908314
0.9516977719559028
0.4326909064940777
0.18005751460611405
-0.06583987718351356
-0.06932829111465794
0.10420996024441745
0.2602411340503091
0.0656441192108765
0.22078634176579895
0.3663263614598516
0.2309274239130868
0.07603039249424731
-0.2367761332953786
-0.4176587955419515
-0.46182346377722727
-0.27564086354256556
-0.186147620262356
0.03884030548319661
-0.08858343573688307
-0.02665718598184627
0.29245116236014873
0.37469096124324164
0.20170825561200073
0.44545814898221364
0.4529521626327368
0.16396337994077742
0.18617133203392713
0.13172749971152384
-0.1491472361041552
-0.20697610363574281
-0.4672185343237129
-0.5776806784271812
-0.4136204023923224
-0.42033214545639574
-0.28382101063296855
-0.43597149484754644
-0.4186449720969869
-0.5327956387420706
-0.5312104001724614
-0.4855972853271337
-0.2756330763589812
-0.13364180694517797
0.049037821155371926
0.09525440559740023
-0.155224384360161
-0.1627420328439788
0.050874903054314594
0.03619416253885501
-0.01936813204674919
-0.13968698998760767
-0.3849547683627953
-0.48915731688533876
-0.5792826735270005
-0.6931707147790664
-0.7136783920400804
-0.6183549675907769
-0.3597286125962564
-0.5101567112968776
-0.3216848886291531
-0.249660527935146
-0.260411170958631
-0.18009234017555587
-0.24586128881294345
-0.12563912986019998
0.03838761660516272
0.06084817716823649
-0.009598775489097065
-0.06650730377951498
-0.2122192531347126
-0.11719381138339328
-0.27995551299813154
-0.39873780388916624
-0.2144282259731587
-0.12375710055498551
-0.388312580981083
-0.35268796929772045
0.020723742036564352
0.12271362156169992
-0.07457496797316704
0.0034885278711831065
0.10545524502413993
-0.21289305399709868
-0.44707998046185804
-0.7938227067349347
-1.003058656348494
-1.1036157654960033
-1.053822687798705
-0.8215161662444148
-0.39964279990975615
-0.22641458572885284
-0.21945483781853167
-0.15827834260870755
-0.14561122788455627
-0.10830480733205808
-0.31632794830408617
-0.29289026042755434
-0.07253220015952934
0.02019284929354051
-0.10075651766624509
-0.015399270024026267
0.05083766757471683
0.009908648486947197
-0.07826301680597832
-0.20393799089721099
-0.13707903116042458
0.17452336475395347
0.1401019306019879
0.2061926913338356
0.11843430411053434
-0.026012400342933104
0.05095101705130531
0.013517688817572177
-0.3652958639416281
-0.5423342687631592
-0.5224730795958407
-0.4051477528137202
-0.3405799345920487
-0.3561821801641911
-0.23659087946921964
-0.052481009310186934
-0.1279777528593875
-0.15435759372504104
0.028943833441992497
0.12453312075671343
0.22656550628503982
0.31988046299191863
0.3666483358185678
0.7673975377083743
1.739093414286305
2.591853474309143
