3.365707471014209
2.607610400962977
1.4875689530092018
1.3084283068583804
0.8771940942105904
0.5989481727026914
0.3479725165550876
0.2003808399806242
0.24760478072820713
-0.17099605026688466
-0.2557789185410486
-0.17371006551453771
-0.4073417677720031
-0.08266699662293431
-0.42426106405345804
-0.38120027451600613
-0.4648185276879617
-0.4826725918190298
-0.41129867678016885
-0.19468268830315483
-0.21212266002573094
-0.1425929651327466
-0.08212040728502518
0.1615649191446048
0.40318514726984517
0.41698089049738607
0.17540237176215437
0.11127927125284665
0.03443751269977586
-0.04152276995863758
-0.294001800447741
-0.3212802415427638
-0.37417474184224203
-0.08757964499342251
-0.24811964363113723
-0.3232712729835038
-0.11287319308803534
-0.10163965663875497
0.03272183034851055
-0.18408930973507176
-0.12807254106949112
-0.11726819703682964
-0.15303870241610495
-0.08693977158945684
-0.1828944721710586
-0.03136049475899723
0.1774863692159218
0.33135961393867397
0.46773725245458303
0.4535114410433133
0.10163438745609202
-0.05729840872069392
-0.09787712351463117
-0.3357968666657034
-0.40524096970283074
-0.30994044367318874
-0.4959877790758158
-0.5121246743216639
-0.2854179517873385
-0.2295635503572077
-0.2217310786818693
-0.3263689715787089
-0.5833577512894095
-0.6659523813701493
-0.6915235355799275
-0.5596476138949641
-0.6834117661100587
-0.5088623243177421
-0.3486961146191329
0.046938514896051435
0.385474933043301
0.35518936003608037
0.2697961682584067
0.15132957868731453
-0.01657349896132243
-0.21718614013110105
-0.5380984679760086
-0.8015989925281538
-0.8471157671644896
-0.8398517050457687
-0.5137483871304804
-0.5762103458104474
-0.5609151942046136
-0.09542597220448698
0.35507196231787
0.5822449905950239
1.1649916932040616
1.876120624402936
2.9843836728288733
