2.741438312803161
1.6138867603478824
0.4336444956641643
0.14332922367967554
0.05505424293293498
-0.07866406370731695
-0.48861303036717385
-0.5822057605319159
-0.31567042846228477
0.01388072854771781
-0.20606092069056262
-0.010942332838323186
0.32968496754021387
0.42079145554932806
0.17774446312857412
0.10869658606374043
0.07449875494080492
-0.21188782260235856
-0.41224282425826475
-0.4141630726661321
-0.4756536149243754
-0.39952383324044394
-0.4632926982402889
-0.3831740133310782
-0.21030941359216598
-0.03199254051715844
-0.049844610478864196
-0.09467129321790232
-0.24516164982402905
-0.2668494237645714
-0.1431035934178529
0.0716048204492174
0.1877775502085583
0.358234232648152
0.5622756747273291
0.3296916036399471
0.07368473361275199
0.1619587735872113
0.037538630786344576
-0.28390726141732925
-0.32085620057805214
-0.11974148154345657
0.02100071615006052
0.0965521298628045
0.28863833662426835
0.2561498802327216
0.44756458708131924
0.5995395139122106
0.5945383312416104
0.42775988601223414
0.3759273182155537
-0.02876639866593246
-0.2971842175532604
-0.26093172646722695
-0.3693557260310779
-0.5231661127877716
-0.43276477077695297
-0.39462797669272737
-0.44881537276515115
-0.40851248308911403
-0.20800760950367056
-0.055078611803149775
-0.1507109358937914
-0.26498766459867157
-0.20161161031847585
0.03423858689957349
0.1104594469507198
-0.053966026684952845
-0.3083435229720263
-0.3382384318082652
-0.1461649328547912
-0.02584758651649382
-0.18482830512258377
-0.1345981610044302
-0.1717945665762548
0.03734722865675149
0.0014565103153603293
-0.14697061758884805
0.04444415997958579
0.17672936433119385
0.06643764424368165
-0.04974487412069263
-0.14205408600861966
-0.3744393954136682
-0.3747284723300056
-0.2718783244415602
-0.408866104148915
-0.2736764037538287
-0.2910129315409582
-0.1076482757399457
0.0014187181218070439
0.049333619949823826
-0.08428746379481614
-0.32219702933799294
-0.33628386357019757
-0.2692099457484259
-0.4242840944323153
-0.2703619235639425
0.07024510663344345
0.012052735703390842
0.0208019522493573
0.37895959772972787
0.6382789062509318
0.5423635133490767
0.355549152924979
0.43265165410549883
0.22218107770638393
-0.2460007855653544
-0.3095154100099463
-0.13711810877422503
-0.33910059383830926
-0.27998371694690827
0.1612175368227036
0.25301460220003236
0.5551050598661166
0.7122985161265531
0.9699673706275342
0.8613177080206793
0.6960675331987891
0.3594265956307825
0.2002175178477868
0.06418725653631688
0.03292200431165019
-0.10955004457434177
-0.0384476989742477
-0.049164302880001357
-0.2639132350523936
-0.45279207206407035
-0.4455746503551365
-0.537213535717318
-0.4410753199717734
-0.48465690438083664
-0.3805244913878032
-0.2856104107562566
-0.46162993759020304
-0.46150166268872067
-0.3582268079210101
-0.16528014186284506
-0.20011836799561555
-0.14198072460593059
-0.18683318205742572
-0.04965046257091946
-0.07110138638435505
-0.03686444085459996
-0.12246990901245111
-0.17884418983089784
-0.2634522268857254
-0.31607835316919664
-0.09417191696790206
0.1285902794264725
0.15619709126371512
0.3301536251724972
0.4302370526439547
0.30629762421590256
0.1246829239354374
0.23081054887616198
0.2225010198802962
-0.12806741579368072
-0.34890260553742525
-0.1851715529786326
-0.37609098823790127
-0.3881268550575153
-0.32808888783904755
0.014952816523962353
-0.09838771594430844
-0.2567842525651328
-0.06423513371296573
0.02908931976802736
0.061545209630515865
0.025626991384192895
0.08728958801457387
-0.10616957590171916
-0.27889531483171287
-0.20342302496192485
-0.021160914577493018
-0.17882303671428512
-0.061269212946362506
0.3754775343368033
0.5522463162686782
0.5554485370722072
0.4932600155259083
0.5863557052847119
0.3715818876763383
0.10177095952776016
0.20499945265753045
0.23612974591834585
-0.054040178255636416
-0.01581867171314709
0.08616469367865484
-0.18909366285145165
-0.40292874966643916
-0.2997158914894831
-0.505732977533106
-0.5447878195758722
-0.26851892585899717
-0.0050317177298078615
-0.12772349841853353
-0.030682865297599324
0.07512980531925216
0.012632611934606323
-0.29992407554137035
-0.2945281060720682
-0.07248782841890294
-0.14083837890260897
-0.13246310516739546
0.08054758631737238
0.3050797101764782
0.16079711376216707
0.20513878240954442
0.5991026974664534
0.6815755620631824
0.6050493765777842
0.7085483554914631
0.6090916852892534
0.18137183492537773
0.11395368018556348
0.1682175165873056
0.11508761531334066
-0.26467874631938815
-0.4389650742197586
-0.341095442390204
-0.2892637732722492
-0.3855139852639954
-0.2726606470285524
0.05844241597255133
0.19180108787338654
0.5477814857244386
0.7262829599961753
0.6568664353927265
0.6005247938271355
0.7462761799734751
0.8269206865165077
0.7073362414365391
0.6514394645528923
0.37757487452503546
-0.009134944806451592
-0.16551981165597024
-0.002043190648771148
-0.3159771661296801
-0.7372112378121167
-0.8504307627720333
-0.8531900728902629
-1.0296052679816061
-0.9785417389699266
-0.6948564483163067
-0.3148864587505699
-0.14450262054503787
-0.03289745768786101
0.21359220351381006
0.2069705152067199
0.14059070444585942
0.09415842388834711
0.04582701515817104
-0.25977471816565495
-0.46574483476162304
-0.5229892614113556
-0.6671043212584807
-0.5452032901462961
-0.478332890333831
-0.23407344479129033
0.006919992723440474
0.015999475927515137
0.21998683772611693
0.3528724092856177
0.2843593953189491
0.21263100393901546
0.24185161790725948
-0.13366101738418812
-0.2589939209612829
-0.1963163544375627
-0.15134572457509696
-0.2227965426049479
-0.03265597529434141
0.09985738591699002
0.23030605891278116
0.008335302880722284
0.2021290540350828
0.22900867535234143
0.02411881438233876
0.012487042507032291
0.13619269181781157
0.08365795805405449
0.025979247445001127
-0.1303585458060651
-0.3013617505399149
-0.27456423616887854
-0.07101508816941958
-0.1348843735607111
0.21947242817911264
0.20100370123346076
0.04428026809948595
0.08769294648356622
-0.04028260638500005
-0.2406161336560936
-0.17061798875492845
-0.3668921839708037
-0.42151060464609674
-0.19724466020279402
-0.03685060697081479
-0.20233223623744115
-0.17129272739055756
0.1638743177725622
0.2734475361258443
0.0468307912350167
-0.1281823138694819
0.0275965671785989
-0.12366678204255706
-0.25819889527818873
-0.11086121842527463
0.015483802545040348
-0.07962618093003608
-0.11559659254888308
-0.08895170824694548
-0.2654225133456989
-0.4460880586638308
-0.34462426585950656
-0.33347007781312005
-0.22834602135142953
0.09808682697241143
0.30952151304008024
0.24496759366487436
0.0031506693578273216
-0.07991714373977396
0.04722710973733127
0.2815756256082139
0.12242745801736529
-0.04294917252127718
0.07147101662482477
0.06357159160588545
0.27769444512332503
0.41997916121877976
0.2851999188246887
0.003697901992753834
-0.15261262187922403
-0.3830474872591388
-0.5678053805031272
-0.6445374343481064
-0.5985759126113858
-0.6377610595869472
-0.7213736764598823
-0.5845825385667899
-0.3501135659252434
-0.12106064961037707
-0.06483388625063548
-0.08064006503412417
-0.007326653024915886
-0.08514058693730707
-0.20917940064208324
-0.1835508953845845
0.19068408557245248
0.18063537609417624
0.06284277779510905
0.006280757801530014
0.07370780974675928
0.05277305385101518
0.12199034186320659
0.20484987934869076
0.42112621389101623
0.3876657761333835
0.35760657792843986
0.46798691348688576
0.6256218807161219
0.6772603795672308
0.46432651141915193
0.47556919561504296
0.405002195624167
0.1719785467208875
-0.06390215519346429
-0.3919769179212352
-0.44463452044680457
-0.6193560243976712
-0.7528776479834836
-0.5482392738842281
-0.4902369988547848
-0.26171958506180815
-0.15596545701949657
-0.025097263895422467
-0.14599743385574104
-0.10755832058216924
-0.1034479727051185
-0.1633831218692495
-0.22244645037732008
-0.10949811492529671
-0.015735004336813414
-0.09062582077954467
-0.2747120625729547
-0.17883895501861297
-0.009421637323230096
-0.03625609080333627
-0.038421737657544114
-0.26565383181524516
-0.2257342880673049
-0.3818979600027229
-0.44389441595483864
-0.4364885109053173
-0.3289172909227278
-0.1446480828676441
-0.33809880937484504
-0.30588482214807394
-0.1094234798886921
-0.14635090076281737
-0.2822826313156628
-0.13306708471849793
-0.324125650502469
-0.24931823561979263
-0.28340637591651036
-0.15868757846363193
0.1073181633327887
0.1921918230804115
0.15409840168481392
0.07568570373277413
0.006101870838713936
0.10176342744572554
0.003595673420445454
0.1704359244166656
0.3116586657379387
0.30041983947776857
0.23789228362596704
0.27137017318419715
0.2748948397234707
0.4552530831604926
0.4077906106699466
0.2496668069933999
0.22130883534587917
0.06455780083136285
-0.16531833432702167
-0.3335045554687018
-0.26907906241584145
-0.14881038918795086
-0.19331940273886034
0.13227598173401212
0.5859481206969912
1.0112811024865145
1.648327705198938
2.1794258029477787
