2.5344262283170584
1.3685076943425767
0.6036431291560903
0.27995660389879956
-0.1335088952206533
-0.20966844477925728
0.035432326559997056
0.1007449417419638
0.077653682874059
0.05120840980872206
0.25431120457806144
0.12979217535660617
0.05683341010197228
-0.020504766944499278
-0.09284532121380036
-0.032112538636844504
0.15282766993897828
0.3280283147825847
0.27495299077817686
0.14053040274086656
-0.05375912484368707
-0.05389051664290727
-0.15413695134386432
-0.5452311519917244
-0.5994101419617271
-0.5162384367143052
-0.3268872847907646
0.0876724291647767
0.21331311529731195
0.358081382749616
0.3405703056166978
0.43789648051689384
0.4208530506629317
0.378533944703814
0.2732844383907497
-0.036879411809885666
-0.280138507739726
-0.34300045718117605
-0.13421888592063907
-0.26475355055764704
-0.1747432376597522
0.05177927598520414
0.25006497467839783
0.3692652986488244
0.40878075308607376
0.40987398090638694
0.6355079979648698
0.69726550079201
0.796006304635496
0.7835981060748328
0.8063399389975711
0.7525853722485504
0.6829842761888517
0.3617413868641114
0.04232017665405038
-0.04328349856497091
-0.03799603390812636
-0.03779767792984753
-0.2535221933759848
-0.10222676978547543
-0.18581438277469914
-0.16376362535769803
0.17713521701635127
0.15572650394523277
0.234193799393046
0.3273713334953643
0.16715758273193293
0.27504288353920764
0.08017321441903957
-0.2780317478029581
-0.17829137672268014
-0.2562039212881351
-0.718822596323006
-0.627507841496457
-0.27867747651108826
-0.36935213499043806
-0.19588487630170867
0.19990692559602113
0.34051627088105463
0.3290711596554614
0.0830531484439033
-0.43813849897965446
-0.6849327930057502
-0.7721031512023473
-0.7296352160423138
-0.5922806462703585
-0.42669781719969174
-0.27456694498708667
-0.40871627310818587
-0.25716370489511425
0.062862939623227
0.18469641480630047
0.1910461743990514
0.170180991891402
-0.19033148871372482
-0.31248373516288175
-0.08668707303395189
-0.02194895747234249
-0.2926016066832813
-0.28788148324223584
-0.09497342882219181
0.011875564251944602
0.14972296399993143
0.11886036261455987
-0.03363478269392751
0.13363595131189546
0.2759421144277291
0.09021857040640677
0.12505265655390638
-0.11350171555138126
-0.24716309443679743
-0.3034432954146285
-0.5596413246612236
-0.5882143322240169
-0.48917338140268785
-0.4215769236864516
-0.6580173370767662
-0.47702314355367537
-0.29476944820764595
-0.34106505923121355
-0.47836793715667986
-0.47657146149070617
-0.3823319499463823
-0.18778438584454393
-0.1452288861487816
0.07650963098363273
0.02773647083992603
0.03598134086717408
-0.14271859477692875
-0.19434301018500913
-0.06991258681570833
0.11316308979474776
0.3160117610178692
0.2368927698400582
0.3976591546359671
0.38173700811778727
0.4500946330535398
0.26837139323465425
0.007339157773598656
-0.06489424448978307
0.004989659299424302
0.36421069893471986
0.44884573309976294
0.5963266138979011
0.6283709815393509
0.7104365881506053
0.643526872496484
0.2933865390583071
0.08071192378492084
-0.31347330698595144
-0.4419311349951076
-0.7202226043796182
-0.7057623022761512
-0.395948994251084
-0.41269654102245923
-0.3233352529279944
-0.306009343757502
-0.13363445807073954
-0.1415087303708842
-0.2800112071533828
-0.2632135796691665
0.1568683961296953
0.0672806144514449
0.2698056432006249
0.4914338112308432
0.3564760796697163
0.5162845053172223
0.575281431350661
0.6262595787528772
0.48450696815075944
0.24912888273809325
0.016397624619000795
-0.15358765741232014
-0.5018277951752488
-0.6268780402676968
-0.6463522800067
-0.5762670146094923
-0.6065225944492239
-0.31369327216874404
-0.09857446096496503
-0.24419561152120145
-0.1926000220391587
0.012616714002990765
0.18019014870489863
0.16266393366208423
0.052454645208880525
0.34670317666766287
0.40513819123784095
0.29667811604461913
0.13624738815011195
0.11411038561899164
-0.11060832050051372
-0.2559105902617541
-0.18628467246186337
-0.2760855457029888
-0.4331971001026978
-0.7704103741347952
-0.9552067603606405
-1.1338703604454852
-1.145974060940561
-1.067755464636417
-0.9282458399306819
-0.6295493027269157
-0.11454821128183992
0.011052244550341258
-0.05897065691154148
0.10464040053231449
0.19058286593194518
0.1628820811999298
0.3011823546981374
0.34394374655591264
0.22810853846998427
0.14119335992623472
0.06011513973796376
-0.148196376987735
-0.10264796719187733
-0.24551079917500762
-0.1574924413196247
0.09725091584805393
0.23640788292319814
0.2421720740748684
0.5713912816263278
0.6476418625583821
0.5055483584043223
0.3495635432238961
0.06873081659499349
0.0315502147840054
-0.046073950884282316
0.14783427851628156
-0.023815499316095376
0.15036712380403983
0.25700032881688206
0.09686277122242437
0.34144990837645406
0.4171545730742074
0.24251198206880925
0.4969932255160698
0.698391492939783
0.5233773736604106
0.2923902976375169
0.42152853375747934
0.2914597464974841
-0.09590441772515332
-0.23930862013356288
-0.13629326236425537
0.09038210897449866
-0.363736974306941
-0.3695717379502714
-0.32844429529486263
-0.5294026280066196
-0.4867848629946395
-0.3946873464857678
-0.17952085104841708
-0.2280196935057469
-0.10332802890418297
-0.33774938623464634
-0.08594518798809181
-0.13257526114284218
0.08172319416248974
0.16428461895680394
0.14717026619203918
-0.015574275575028329
0.15926284009299954
0.09006337527438749
0.07515720758159473
-0.29042456686212986
-0.3302469366672625
-0.0800921404917391
-0.12257592183039247
-0.18033721377497067
0.10038643911974765
0.4213715706327872
0.3873494549304844
0.1268814971867301
0.3322693891353285
0.3182638118731392
0.10423542315837077
0.155553670978302
-0.008777088604939627
-0.2756843492943205
-0.490645406096424
-0.52129813843087
-0.442036959008852
-0.5194686372769479
-0.31943199558437785
-0.19560896042269088
-0.14180089220788672
0.18908320508304927
0.2523197878473825
0.1847194294172985
0.26933475366272486
0.21169764243115435
-0.1753276883730206
-0.21420561879376665
-0.2177184808208919
-0.3973538232633107
-0.5493543405530554
-0.7481845784170513
-0.6841954656425301
-0.5227607261613075
-0.1663467684345099
0.0046778675162005845
0.19263904143127852
0.3075943318182408
0.23882291663052446
0.27968946622688506
0.5210052837733758
0.6984376408225623
0.7909171381012013
0.7062344482805314
0.5626141198062897
0.5630152123229853
0.3143452622553182
-0.2627549597721588
-0.2754859972570334
-0.4372286888569047
-0.5760469195258346
-0.683728709902033
-0.38890537569933115
0.019026056565790705
0.15406588575060265
0.4467684143635239
0.8136592921775084
0.8408165083109946
0.8507962071535671
0.7399392621931584
0.5993466768097897
0.3976563328543279
0.061656789629892815
0.03757348766174037
-0.02686088307964022
-0.06659607188142315
-0.00810698862643279
-0.3460593425013636
-0.2679141236999726
0.19670920422757668
0.06900835437693265
-0.11068745760060175
0.0725916552617048
0.06441437398225214
-0.1315810716832848
0.18803073281923552
0.13821164928633134
0.14665308436636937
-0.03780023893392659
0.02801118698608318
0.06719385997161777
0.09540771634141998
0.23925557445536105
0.0930026300210639
0.23373101527586848
0.09998176157853139
-0.05538986845814951
0.17575439337550944
0.20477075331951822
0.24835657453919438
0.048471482915552366
0.1250332093037686
-0.0073291897562906255
-0.21492953036218765
-0.3017809896357725
-0.06736919813909767
-0.16839905995812812
-0.13693166763494452
0.10412232395013743
0.08172200982403452
0.35570323527381864
0.5157752698341787
0.46562879958140047
0.21307507000045992
-0.09872304596752061
-0.14672939276730115
-0.12204688171164724
-0.40978082318187076
-0.26547034445143486
-0.2123138455674159
-0.6039644997870598
-0.6711034747137112
-0.5170191082080071
-0.4908300203566224
-0.08344557813931403
-0.035961469990179754
0.08500117858405509
0.09722136556017913
0.148381128823165
0.05477019202163169
-0.0940402900836106
-0.10482540268211321
0.050110577209400764
0.1330111808741685
0.2436993652526673
-0.017601246619330407
-0.25866510572784696
-0.023831386214721945
-0.07611584188822271
-0.41327280905470803
-0.6090841773682247
-0.34441906834617264
-0.2605271620871345
-0.13636483714764386
0.20439426326576193
0.5348842702598602
0.719229187180628
0.6241982626372751
0.6679851641020449
0.6374189372478897
0.4655006288702844
0.20335983358883936
0.16886408454942192
0.05617117058354273
-0.006437544821547386
-0.04451127595202657
-0.3666917052707052
-0.4377203191911682
-0.40240555994616534
-0.449754825319246
-0.40380583658961494
-0.21749709263618286
-0.1882950954479985
0.10953851229879288
0.3193532844286602
0.2813853386999669
0.37968599253910956
0.429201946469915
0.5275062927923376
0.1769008603908569
-0.14233841949768217
0.03660135321566732
0.002830152083482007
-0.25170527712814356
-0.24738990203268824
0.06897761615354785
0.28524385899358967
0.2417185922936062
0.49830852591098623
0.748955792712476
0.8495116552931238
0.8341397217253234
0.8767396156090039
0.7426787659633555
0.5835999541372473
0.22164505677473564
0.0595916913156643
-0.08693390829441297
0.1175477230406049
-0.0844967953464667
-0.3685311849464006
-0.28432823591032425
-0.01862913638180419
-0.18753740504015243
-0.35006053950426214
-0.21862264945158782
0.24583938865725002
0.38969777318831883
0.8217845684202879
1.8460507482285364
2.798601364425407
