2.9458836122873304
1.8104809039651757
1.0926920225383214
0.6879532706370872
0.16194839549555123
0.025322500758995198
-0.31874410082333793
-0.2566779970814284
-0.24169970392786708
-0.07930874381487724
-0.05700505892370086
0.1863799146355976
0.20296112772064492
0.24379447527169235
0.3821974314907869
0.48003464097419607
0.49731742960293823
0.45368092669311655
0.41938577304934704
0.5112257382549138
0.4469116912500831
0.10296163620063303
-0.06617233131185928
-0.06434825445492096
-0.07359925182875351
-0.3849744808727968
-0.3162714283047137
-0.17219623149668453
-0.2935771164991882
-0.22387775227260956
0.17711250712017979
0.23803858745364526
0.3598549715127822
0.345610003940926
0.35052358178670495
0.42203945690155487
0.2506895418626352
0.45119037090952824
0.34522804587569544
0.20222324218863091
0.12084643975267106
-0.252500591802674
-0.6543676388777623
-0.7973993226564664
-0.8491137120457197
-0.8852476090629016
-0.7111530997121225
-0.4478363369493673
-0.12554137583574876
0.11634189174586529
0.37476341473956354
0.26682838103550266
0.38126669256415857
0.40330298162165
0.39649916066994145
0.15640116186347974
-0.11586444541166918
-0.19548990854063947
-0.1757945327350143
-0.36287846588495304
-0.14523256087486588
-0.11897805031424923
-0.056167720074151835
-0.26939768190130076
-0.18083740462271986
0.007072195946438263
-0.1757694641190457
-0.10214051765557798
-0.04284178123521696
-0.09465804291620475
0.0390316030325019
0.0006357278675696559
0.12016135076750535
-0.014381303781143445
-0.20901905288923384
-0.25669022054877383
-0.38720524300027764
-0.2155175676761603
-0.19117205816994925
-0.1519954482229576
0.04538468405979371
0.06523784775599023
-0.11235293725900244
-0.18167906266508996
-0.2811135265286613
-0.3677887033729325
-0.47860912559141444
-0.1820925131707014
-0.14894986683475656
-0.25053208553069695
-0.15419182301364917
0.1657757620507272
0.3086738839275101
0.09395720653365727
0.2454952090019409
0.5995612858274184
0.7916209796733453
0.8209318900189952
1.6463752903687947
2.5340876047841103
