2.7373575178868683
1.6242468843794249
1.0164850717241642
0.6193154583378659
0.18217121486346158
0.23687893067655072
-0.0486879240790663
-0.4069112583628669
-0.5502625473244523
-0.39334849129669824
-0.21443094172323693
-0.24335125536058586
0.03266477403094617
0.04713842118001275
-0.017529670377660594
-0.08690620437325558
0.0754587203353674
0.2927323216008004
0.29605712508083637
0.32342045062166297
0.42704929500799266
0.3185497494638073
0.07876171809224645
0.27458824103412977
0.2283295187482267
-0.07424949728685334
-0.12267243723579072
-0.10538551923689354
-0.39568567884751543
-0.3878446635690946
-0.1306353620135805
0.0015603352920202582
0.02851978650279655
0.3802942919147338
0.5458570333430226
0.4358708747661655
0.23525557492224206
-0.14552707837538587
-0.3059574599712787
-0.5987747273099512
-0.7301770928230137
-0.7371348643246485
-0.535215797676013
-0.14192983983607071
0.17658402518742763
0.3739739312783214
0.47737853513903455
0.6235057557940402
0.6505136717941907
0.502901638256331
0.4405795441183549
0.5446336258516428
0.4028338889416003
0.10523932207993072
0.09685569476533623
0.24251560048322135
0.149409463177944
-0.1788195336732754
-0.21325263061864866
-0.05836903340935168
-0.07080969220019803
0.08651907984240295
0.025024942355871826
0.26557110238277115
0.30289164057734497
0.37559535780360087
0.4122567967798418
0.3539420125204972
0.09842234411744771
-0.23434753202289293
-0.3260318875918857
-0.1925540785410037
-0.1544439915036147
-0.12412175775269804
-0.11230455713703756
-0.13495975621365092
-0.1172701820503747
-0.15445558842237345
-0.020430773268389282
-0.10494222102321787
-0.15826163419743172
0.09383008487787795
0.344167696306631
0.44282364615891273
0.5686580396668364
0.6305499915168878
0.5355734943292254
0.20459437573163322
0.0015829629956768086
-0.3536229350883542
-0.48023472336916917
-0.5094455824288247
-0.4056817999715104
-0.15130333846683802
0.16468297034272295
0.2440417272429884
0.023749289691180397
-0.1633877633043681
0.003908800137976301
-0.011194098526087246
-0.22144952198275994
-0.2194314208175835
0.10946698979920759
0.2520496406576406
0.17423710310811122
0.02214993912443044
-0.02021560812311856
0.07497445097552906
0.06181903435103513
0.2559312364007337
0.3367589802678075
0.3898774449028122
0.13216185160921076
-0.04094626339605256
-0.06442837983906674
-0.5410157392292477
-0.6794074069941357
-0.684488905660045
-0.6313702528156785
-0.4577594388922703
-0.394638781774063
-0.09599055050080715
-0.15012247067403767
-0.052817763934597216
-0.19997805119160827
-0.18589609898840723
-0.3168448566805483
-0.15455472835920508
-0.22675281037123723
-0.4867675216670476
-0.467032774572062
-0.48136370173641074
-0.48661862176795356
-0.6370899358523769
-0.6299476833168152
-0.5873368313765036
-0.5150530677719544
-0.22896583911494056
-0.1324897779465236
-0.18088480827407502
-0.2720588537570069
-0.2866500951150192
-0.46351971828759003
-0.3544418340826601
-0.08098045318448172
0.09539593349343713
0.17149622207132284
0.15583849477405456
0.13018484712421485
-0.11032717100559046
-0.17890567565214113
-0.31446686706983823
-0.19084193016943193
-0.10183393454783679
0.04132476102663066
0.11102275473470966
0.04837079100591031
-0.04199436424471416
0.0470744326808576
0.377859550637925
0.5151880420416619
0.5006027839360783
0.4066986518873654
0.21693569502521087
-0.12047392078535318
-0.2176989390360368
-0.2794727993580354
-0.4365050922441194
-0.47796641954085894
-0.3653686072744918
-0.29663428562581273
-0.05775549975446536
0.09014107491835967
0.11336854725797846
-0.07796076620277177
-0.10767977203581286
-0.165658317732874
-0.2625156589691102
-0.27796424780320456
-0.05304249205564957
0.20755891724011313
0.24250086696222303
0.22091978870974205
0.29310964797804073
0.1041573088833159
-0.20866181966156758
-0.33452973358904786
-0.32267695183833756
-0.1336249676081756
-0.17116008389224274
-0.37511605421423216
-0.3376026549687408
-0.17267040998144978
-0.16201561723023877
-0.07650946952489754
0.10541218921276699
0.19187718010839006
0.1746427329724837
-0.07009291292635772
0.014119367484659563
0.03798029550764426
-0.23068390551171575
-0.3849882346409484
-0.19884400173681419
-0.14442876569183816
-0.043930855010013925
0.08085090972664641
-0.024072350679414628
-0.25299586204928665
-0.3550399636218137
-0.2705114720651702
-0.2801574709472087
-0.5512716526890846
-0.4239958977369029
-0.34180823621974427
-0.32279084865576035
-0.33593758639149207
-0.11049640480299514
-0.002448600594009906
-0.0016042402415477573
-0.13918073608211123
-0.12470900475869191
-0.3690253293224279
-0.590137697179551
-0.6659009173410841
-0.6150834056587786
-0.3973292178757136
-0.1562286057825842
0.05460967612257934
0.09870040248706075
0.30762419851201567
0.6024230717347312
0.666324064349034
0.5881230450982766
0.7024771699838568
0.4955091221757211
0.2708886604901111
0.2561461309910099
0.14923978951831818
0.004668382393890062
-0.06353223495998377
0.13753343345578561
0.03123887506736303
-0.19878151967234353
-0.16069000458432392
-0.15354150236182007
-0.5128650913052303
-0.6205508182913313
-0.3839970024660634
-0.3326199110189055
-0.16884320493199895
0.27128914443664126
0.45677371478599565
0.4992226657706261
0.7818703553914164
1.510308095224905
2.1818986258528446
