3.2421717173686124
1.8675312164283642
0.694756449939506
0.5109246042308065
0.41800523483181695
0.1985194872062235
0.1225320367441432
-0.21566009494297633
-0.4896329967508027
-0.5919477489468568
-0.6135592313674814
-0.45041845252168394
-0.2489141531645926
-0.20211575422076264
0.09916154823331709
0.3777384674054819
0.5663900081521792
0.4893825185878695
0.4937213217652894
0.3895037546866546
0.09864370729463603
-0.26794802296106185
-0.28264932070387144
-0.23035509789206293
-0.4187162601593441
-0.35874842860540734
0.0544249226447078
0.301914848996905
0.2582551686947312
0.20870131125633476
0.2741771685653482
0.16818799855876435
-0.26906617668489263
-0.32015835271202203
-0.2656930346458935
-0.40625328714074715
-0.46063165187815963
-0.2373412297163655
-0.14179162437137002
-0.15567538783556795
-0.2896110218934651
-0.16094502636708863
-0.11699228799951844
-0.34910016195730204
-0.4342745989587388
-0.5285315414987595
-0.5595482876853392
-0.4168948207482693
-0.3749116723655164
-0.29187672139461657
-0.1144546581196745
-0.05218971531744638
0.11748532244031827
-0.07632758282213152
0.10364894618588184
0.015371727177540597
0.01702661966417953
-0.0332926666334865
0.04954548215324253
0.12257638072465563
-0.17537823213981338
-0.2386848263573432
-0.1909989358318038
-0.26176720418818505
-0.39258055487197
-0.6672915431554369
-0.7119501244164529
-0.701702030424407
-0.5797453906376265
-0.593752757914002
-0.4596893774303065
-0.29942357895584537
-0.3679220141578053
-0.1665668081739629
-0.10322908043340384
-0.06484656844611725
0.15723799127100352
0.4614607248031697
0.6340539930073908
0.82370009271375
0.7690668270245282
0.6391310988364677
0.45062765382870446
0.1741084122301757
-0.03040623667324171
-0.05521187583667314
-0.13234095375168797
-0.3173920558604002
-0.2539614264547221
-0.21837179226747505
-0.07146997945727263
0.07527460768044564
0.1678270533366629
0.13426710091855584
0.09058742740744324
0.07815278172305053
0.0419818399701517
0.19535678537841233
0.05333421777857806
-0.35030842511542826
-0.5199298610179031
-0.5211378839313769
-0.47892608156367683
-0.5222333704585342
-0.24706447306062054
-0.06251829495091674
0.03604949697247556
0.2515946374376666
0.4188159560766976
0.4004722432615677
0.4596390542229222
0.4340766112265617
0.3402813668861987
-0.015524399496073933
-0.3151317328708252
-0.29596448170829653
-0.5575107308096893
-0.6410241094640845
-0.48787953363994413
-0.266834211803792
-0.30351123776356725
-0.23112315172667905
-0.0009424982752642766
0.024829849791111074
-0.050415877552173964
-0.2301335679007084
-0.19914338838056891
-0.2743816367057284
-0.5891059382978052
-0.633958652973914
-0.37102057040610353
-0.07499540483744702
0.19174187519503585
0.4103309644154879
0.49350996373733347
0.43371954087537234
0.538740720379826
0.47379560872818743
0.23523805633429806
-0.04291108342493399
-0.278838758752485
-0.3341319885817491
-0.3954181903280754
-0.4911336324254739
-0.5866257152404585
-0.6222543028510642
-0.5961439936255654
-0.4217617632986361
0.025813227704898925
0.34789276180968365
0.4524484246343956
0.5634925650375904
0.5697335610268438
0.48453114052754587
0.3406558250910594
0.11709512335650052
0.2490686288764683
0.15100579827818067
0.08481739029805752
0.23509574892360866
0.2643296516259395
0.042604220371050903
0.0633085449790199
-0.1583052172684593
-0.12680684458084607
-0.2425858096140523
-0.48421841408246774
-0.5987319007731281
-0.8035270183792144
-0.8315814469308103
-0.8873249787340911
-0.8426756540600667
-0.586336307563754
-0.1587411803531169
-0.08258822202454646
0.03169797969739988
0.3168423402018188
0.43403905158625394
0.48988009870834914
0.561941118370393
0.5032596773619632
0.45233575850729646
0.5610571123913156
0.3300889797768205
0.06241475665686721
-0.1635636800751819
-0.28838467911626814
-0.21947422636873729
-0.07879793946094059
0.4264420825458164
0.633203645731004
0.9105741514154195
1.3364860412031223
2.2322156264734723
3.1495690873205753
