2.8179738952263267
1.551633795568576
1.0473367654564647
0.7355141216402321
0.48604791833255506
0.1153310541203813
0.18666903718201203
-0.025480100298421512
-0.27283811659919405
-0.36578667626160083
-0.15990988698082104
-0.3167711466544536
-0.259420156738417
0.0974258344204432
0.24032963346169164
0.1412556842962924
0.06758835066216787
0.10716614429605244
-0.06811850584400105
-0.4651666859792947
-0.4443521342229578
-0.5188765713626451
-0.7196125494116974
-0.7100866975402235
-0.3727384069746587
-0.2658905827604487
-0.14373238846353428
0.2720424120552543
0.38642819969521136
0.40919435834503703
0.10707092163661809
0.05016579458448543
-0.11736062437719848
-0.44805898297577035
-0.7680087926729571
-1.0292174776755494
-1.174488190495401
-1.296803419939119
-1.2728865871130928
-1.1187346431760792
-1.0305264524845044
-0.7343157237401264
-0.3732835035689862
-0.2629741483578792
-0.11195465938915489
0.2576372139317269
0.28503375479001575
0.24467605996964734
0.4865629834300965
0.604718629251848
0.5065458531580346
0.24374609261019156
0.16477907060165925
0.036032638967595336
0.0787466459930816
0.037017051939560404
0.2662593352516579
0.2817998129957425
0.17863121285767686
-0.08236920951150528
-0.0518641491634913
-0.2304520318240123
-0.33275695055111537
-0.2160973921706231
-0.2836996104624525
-0.511864300658897
-0.45754710826706235
-0.36689855953701705
-0.49954786548580604
-0.48465934288696727
-0.375725978323299
-0.0994612312022769
-0.09103328911442311
-0.06678806340894859
-0.20956577387293618
-0.08003101100543776
-0.12145694056280612
0.1054077183839584
0.47931974019493795
0.5596554792678109
0.7406444744932137
0.9145177059667818
0.8783056960941307
0.7230189963864443
0.6106785312555489
0.49353974046003807
0.11663176234243704
0.060221588734102785
0.3282958801982232
0.21390218871742112
-0.16181139777594689
-0.04494453529012292
-0.06699924802287155
-0.29713075622121776
-0.2648370887729177
-0.2561865872545238
-0.12340945545278185
-0.3213741866350223
-0.03919228418726402
0.10223970096273777
0.011964287274356996
0.1537974104507461
0.44210435407159143
0.28049968809366055
-0.09583411744543266
-0.022394451403266236
-0.19775784826663745
-0.4932449906733019
-0.5870289884742214
-0.4959794273379113
-0.3658504818680847
-0.6298800937321037
-0.5772434474832497
-0.3836502501345514
-0.25617126651472255
-0.2733673121975839
-0.24723553178979224
-0.1851968852097586
-0.16388492549672393
-0.35484919064918463
-0.28056288419235426
-0.08152292330048286
-0.30035489116369896
-0.26774287285356513
0.09548020227720408
0.22421900702598027
0.10183077581459016
0.11420071822853708
0.27274855106210466
0.37604904673853984
0.5019062439018815
0.4845592838918588
0.36857778252939577
0.03369966939730272
0.13392731220142876
-0.006239169547645092
-0.3644706649058175
-0.5711077373941227
-0.5940396722630458
-0.7097486607615429
-0.6747399289253151
-0.5512513776496316
-0.44456635093830976
-0.6054731992627135
-0.556818423791864
-0.3646653493614827
-0.36705798009117097
-0.3581118750679632
-0.5389028941498287
-0.41817226085272174
-0.3780695943771182
-0.4527716737179105
-0.3696534207191825
-0.09822537957392118
-0.020974575306263468
0.19580111479809548
0.37862822956707853
0.19685373940974932
0.4448713255762623
0.3684669592062528
0.29787369046150436
0.21114062875357778
0.2300785717074925
0.3937043320257676
0.5313558590277465
0.368801409294043
0.30149320409793706
0.4107990621243108
0.22001157986068517
0.08831603580097588
0.14893991649583319
0.1048275571926206
-0.051601719112942875
-0.18856465561602603
-0.3875600243962313
-0.5186001421404576
-0.41448774531418664
-0.19153225795111298
-0.12452770352051212
-0.1498133466716872
-0.13377868263539233
-0.3178537999885945
-0.37515806532100743
-0.22786271946401632
-0.12454884994839063
-0.25813420160717476
-0.09115109233181488
0.31847594615288605
0.4096064814157702
0.560019926608524
0.7657020861994412
0.7271840463914038
0.5214679925475436
0.36004243950754966
0.27530275855715525
-0.08216244402488702
-0.3083135503508775
-0.16159286510692156
-0.0136849176054834
-0.029798797324625634
-0.31911865110337134
-0.4224429820679858
-0.22438283875138507
-0.19119153691158428
-0.3917215764419579
-0.3033797994979718
0.08893681269023458
0.20061006431738737
0.17235731901313148
0.35131736384090206
0.47181206835256967
0.2701737112885367
0.28484062362988777
0.44703528098469153
0.4703093295438003
0.5164575352286883
0.23906630242698454
0.022374220364006603
0.06393476017962435
-0.2627107217620176
-0.3923973915193072
-0.44588239166550014
-0.28501313400699263
-0.49213876105966353
-0.5099769736852869
-0.21869519708137547
-0.07496656943856847
-0.32758172256817775
-0.41124125743557477
-0.101823089517399
-0.05230130701951467
-0.2258411791312124
-0.26608264741589344
-0.11424164395577585
-0.20947028536651413
-0.36686912915948666
-0.1545480095374008
-0.14888613255667693
-0.5167531835885241
-0.6322562683592687
-0.5525789516835208
-0.6459543362900847
-0.6248619994849769
-0.339960109767295
-0.10616249165921994
-0.13823380944517855
0.030261101531624535
0.12574693717909105
0.11951391307019546
-0.04209976448056646
-0.3316222833749465
-0.444458438710499
-0.41003522064997294
-0.6050449170543394
-0.47034209081578116
-0.4535577811489682
-0.5666768131704902
-0.4355400395800262
-0.31510910510062473
-0.5163321779835411
-0.5440874939585155
-0.6665368144183292
-0.7299907439747537
-0.6557527699926322
-0.6400954113940674
-0.6466409835941024
-0.45722755972267504
-0.3256645883240502
-0.3134486864192844
-0.17880881560618161
0.05387542249567183
0.05005937367097806
0.10149159688036499
0.033894907887856644
-0.2583725014221012
-0.29298146937674857
0.06093871877348703
0.01234106103937893
-0.15207613497509767
-0.16951265809399121
0.04206593949556547
-0.0348768929617934
0.12976589318760987
0.2982666413981801
0.23491150012341389
0.05085288007282215
-0.1858187318481094
-0.4033824970519002
-0.42977577355694574
-0.5120189491728262
-0.41861218548928075
-0.24654190163465703
0.00172937309470381
0.01199730890228674
0.18579360602806083
0.21815374738065813
0.0842546953446804
0.09189795367201499
-0.10693264788814687
-0.30720585388083876
-0.25021284240308467
-0.4675946763032911
-0.7300971586446844
-0.8300680862796892
-0.7176823414175902
-0.4676879830972309
-0.5686232168975004
-0.39300118623586855
-0.037154413794298284
-0.06637964491814172
-0.34464191309317366
-0.3285627719106101
-0.05746376112178657
0.05379814364620247
0.016726637005080827
0.4561772077845974
0.7724182639033874
0.8576304668105664
0.9191507308045825
0.9271770680303659
0.9332377761238343
0.8028427801146816
0.7001117593708426
0.5585757486486087
0.1967148053482434
0.05922748860024935
0.03864203895588875
-0.28046491004655744
-0.3693933990390851
-0.10942964641791934
0.0811705647238527
0.1737631123227382
0.6271090988932768
1.510484357069464
2.431905506706488
