2.608024854834325
1.7102716240302662
0.7914967429515144
0.39580763037656713
0.10122489835569262
0.028893316876944453
-0.2844101035319923
-0.11438657712233548
-0.37161551569944395
-0.44152048798304483
-0.20582865484439788
-0.17890816765874634
-0.3339462080233893
-0.5182722920735409
-0.5820007007851039
-0.6620197389401933
-0.47337377730955155
-0.09178918026967417
0.11996195528182217
0.2214522002953325
0.1973331361091104
0.24230503918934493
0.09025869232763925
-0.2038358828215308
-0.27331029511712257
-0.3032872442058008
-0.2583226130872959
-0.2715176876165673
0.04795402156342235
-0.016720262503422078
-0.13565737718780166
-0.010845967392143444
0.04377869424092159
-0.05502116245690104
-0.1657445902071735
-0.3737065283794763
-0.5738486078688284
-0.788519534204039
-0.7359990560660886
-0.5745777428659126
-0.34798452975022465
-0.05985517265290144
0.1940667406816141
0.39346086507512373
0.5177361310676947
0.49865534512207965
0.40502666631499595
0.3585938469102167
0.008340742571113793
0.03284278101695429
0.2283579508432947
0.2590186564489954
0.43814603268930563
0.5113221697677726
0.5469383749656465
0.5223425204716569
0.17876016390587388
0.08244673798984535
-0.0017855860150255976
-0.4588933627530707
-0.582232599494359
-0.3847271075706044
-0.16854036862046015
-0.25529900099579456
-0.02975325295299174
0.170384366908678
0.12150665019978245
-0.12735108459233063
-0.05448782727818426
0.18244340143851429
0.08997248845206113
-0.10069773472314021
-0.34558430678552604
-0.19396547170891057
-0.30097916059345664
-0.07633294886516165
0.28895786838940196
0.2830853756973301
0.23561670498180262
0.2202720942111401
0.04857577656986263
0.08711945693162138
0.12828848050516786
-0.05181454161320679
-0.2924413650362461
-0.25018199018054
-0.39955104072486647
-0.29641693648511375
-0.005652597313195339
0.0725327527938807
0.2972719394805828
0.40727620235571005
0.36121285523297036
0.35597548429951265
0.22269679562612882
-0.038325840726100326
-0.1233699168196345
-0.23180072814584785
-0.26077506297385317
0.02000485869779248
0.016906576002360833
-0.1249800322431946
-0.11261858709311291
-0.012540877266815915
0.04128524675351757
0.24623812231960643
0.4225833249628786
0.5495643547985549
0.6443849260637314
0.6209184776566865
0.4984506195530575
0.5214277691408913
0.42063156579054717
0.2317404994037732
-0.028909952686252988
-0.021014308723821477
-0.1739186037443936
-0.4710198248848615
-0.5253081568729692
-0.6468493180277994
-0.8132149057091319
-0.7782656075128321
-0.6527647451966003
-0.8921999161738948
-0.741086734043975
-0.4710003241265102
-0.4579584953412269
-0.1249818822941576
0.3219879471416741
0.625468191633362
1.2709505179021674
2.375360151795018
