2.7278819235931344
1.9890675608158046
0.8350192956099582
0.5649547600761894
0.3827045878446404
0.5802593951558905
0.5760452970325838
0.4121349041546457
0.22770685218729686
-0.04178833998070394
-0.23466242159146658
-0.30976662008269457
-0.18103898627442527
0.1801109832352417
0.41697001352104024
0.42814720929861383
0.5874814187716801
0.7788487465530859
0.6886553384192661
0.5009326582036912
0.45514853147481893
0.4424347848562003
0.26600499902666347
0.09084066758056997
0.027185088626119416
0.21326905600437573
0.10746266502355575
0.34512865147599314
0.43232780108785446
0.6140295314879579
0.7525229664573994
0.7041545690960045
0.6237083814630802
0.44213015194179184
0.1403800292132346
-0.36565655347145465
-0.48418177634697634
-0.46415880770760126
-0.3919622392891633
-0.4294515596304931
-0.10263771962014817
0.10137723880043907
-0.011569049538692977
0.16900782802907607
0.4208555551427968
0.5296075362342296
0.45354334005666713
0.3846004326916768
0.2112703607823283
0.25959936824926266
0.21325773811566578
0.22190791023181625
0.2301133473081668
0.10575933110130165
0.03303756872008775
-0.010860367635987953
-0.006141227493690192
-0.0909394232200481
-0.017407694885153903
-0.09818864709002123
-0.3135079119769981
-0.4004573675656343
-0.21630499789128527
0.15861263861104175
0.1292862381041588
0.03815793543705468
0.01766091709176787
-0.19183476318559745
-0.4239858576143462
-0.38378478530814164
-0.08289113804011089
0.021876596371155875
-0.05687568963935263
0.16871871102742686
0.08103548505037833
-0.009181231689920076
-0.17247206394292128
-0.2751765813420127
-0.2385208454584144
-0.13886808524775102
-0.14445063654015683
-0.00881045771518681
0.05131447221675567
0.37355722165494604
0.324739514596859
0.11677319486309573
0.33925010250833015
0.3522777974278374
0.17241616979037058
0.12843480659590448
0.08475704513962726
0.09805486299555652
0.13742781070362564
-0.10807763476094767
-0.12876494285027684
-0.007810584298198378
-0.09534330713060817
-0.20882781501467962
-0.12230708907735283
-0.053105702681025053
-0.0889194803989269
0.07729067458076033
0.2628016527366214
0.3778937574897684
0.4295747581919442
0.24425811782557658
-0.04072399737657941
-0.453297754575289
-0.6768298846415319
-0.7564265176054135
-0.8311258230643591
-0.9416608181940032
-0.8003421729210461
-0.600159165185217
-0.32567836196791705
-0.0991910012344698
-0.20222942393815127
-0.3836315223174118
-0.581025437438791
-0.6127853506268446
-0.46568211261660686
-0.1466058395620269
-0.1692153315771776
-0.1497021967236216
0.13025667354354084
0.05808263012998971
-0.08375755147006612
-0.13977960282870536
-0.2003127842672013
-0.33786754213267284
-0.6095988367444518
-0.6648633293921121
-0.45617511541624245
-0.6993088466936427
-0.7459101127376356
-0.5692623123982177
-0.2739270261842094
-0.25384119724531595
-0.04897333883046873
0.17754622867631603
0.20724464880424415
0.04621978701172367
-0.1995086865074731
-0.25039564645177287
-0.24608009526580576
0.32257134976246304
1.297232431839067
2.275878026850835
