2.3933043476559774
1.271733167716147
0.3067657414670505
0.04639220396158754
-0.19931863653199508
-0.260891374916352
-0.10176112883923208
-0.23045184466833873
0.09585050462665431
0.3154947584252666
0.35030108420434614
0.295430049992679
0.3209850562331622
0.24019680932043108
-0.11706082361137665
-0.26656291574836033
-0.1329987752014267
-0.14571732585267805
-0.5056598543640634
-0.4189998136532718
-0.06319719008200538
-0.148494986694834
0.08875264377679497
0.23423297301257853
0.4435896343156382
0.2961673595361394
0.26142790700446433
0.14113993268047517
0.034784855985018556
-0.39274792995113106
-0.5783408541119521
-0.5767093496877201
-0.6450362605283585
-0.6563965185790172
-0.5756159333815714
-0.4716395619106145
-0.34348983748296685
-0.07589857257659567
0.016431582918946343
0.042479571979776545
0.16592574431479534
0.05054725317147377
0.05952311556394399
-0.08472146827199946
0.0002590429725794572
0.082913692803226
0.03572100840415568
0.3043080293300883
0.30503994668025736
0.1450422144630306
0.35861217830398323
0.5681318745086332
0.443687821003109
0.1843599565439844
-0.04730111752103019
-0.3122430262595549
-0.3967150893791363
-0.3447229772554759
-0.14630023828672184
-0.07689270851163632
-0.08720013396414497
-0.07256051373265027
-0.03508104249503065
0.22946510429867384
0.18027476238346538
0.09400768565464664
0.06704591664570639
0.022035723571362315
0.10499610809987087
0.11530147322332263
0.18748117506894366
0.21247139832022174
0.3111359255919732
0.04693563702062474
0.04534756785791894
0.13259193989932722
0.20621410451446417
-0.08873081307464568
0.034355305272076045
0.36234625012581817
0.5069625069558168
0.4113376813805443
0.30185658640482327
0.5123953969049011
0.4860793231161351
0.21250106607806052
0.2655012010986778
0.2834136570238711
0.07906741563976355
-0.005875704954515757
0.17161975719820388
0.07509732934935238
-0.10260911256816395
-0.09205494734186692
-0.10646323359624452
-0.1313491540974202
-0.10158890655316725
-0.3277588033681036
-0.32685406175707427
-0.5547330685439654
-0.7742656499648621
-0.9006628143062114
-0.8080096691516656
-0.6917234701743018
-0.38879518961982007
-0.19723258946753977
-0.054933878224457305
0.2272591030167967
0.40471736924349605
0.41547873243304123
0.34459888975960606
0.37934058959128547
0.42214615831694946
0.33629242492133654
0.051359448485907094
-0.22445137540287238
-0.2589717769885287
-0.41025968368967664
-0.5227733469061909
-0.36720015432930936
-0.03910193186795027
-0.21136042340470204
-0.34383986418995577
-0.05547654218235344
-0.09599237851495411
-0.2632343023102079
-0.286056689357124
-0.07137729299919518
-0.03752974157991499
-0.1900873532700116
-0.2918274880109837
-0.25193319586111185
-0.23251110069629674
-0.3378473201250156
-0.28447923628512684
-0.33768339321730473
-0.2643225008076189
0.09336399334521764
0.3045118816885113
0.37649098556306404
0.562359109271596
0.5549361011621513
0.31078278435301065
-0.04805743950416706
-0.41412879251648177
-0.5653473706069755
-0.5871977237651139
-0.5671719749058004
-0.3317582554255798
-0.33416971835878395
-0.2008527884130183
-0.04651111506079049
-0.14748270184252416
-0.2811585038946072
-0.11357234737258795
-0.2311020627774169
-0.45560202335903943
-0.421877773942487
-0.1797696582275446
-0.009771564321707685
-0.21228629777898858
-0.04365441507456179
-0.15736914123200163
-0.45645596535418964
-0.5478387917645317
-0.5051183919074294
-0.3727833476019784
-0.07272789957811007
0.10889080222681513
0.31056004342432425
0.062132808154016395
-0.0402130377653568
0.13198626743788575
0.3616594628554639
0.29113950255944243
0.32634310398018146
0.4104035713724543
0.22713775079428905
0.07581819473730243
0.3768777780623836
0.4296995070218529
0.23513734570742967
0.006121848080692388
0.26311033874657463
0.24565659895883443
-0.01502855903636226
0.07446254760292599
0.15270213207931954
0.0459832707023293
-0.4042187128957957
-0.40046699483518494
-0.1987055085517312
-0.29862860604355157
-0.4996417371132005
-0.3952368352241021
-0.47258971768340885
-0.5215692886301695
-0.46026062823369096
-0.22324831697213932
-0.16790985420134952
-0.2409225549058712
-0.11791703321851686
0.0620080975332359
-0.02569159158579478
-0.055104271105798984
-0.03164357757651307
-0.4055746688831779
-0.5006225016928815
-0.301601450912395
-0.28262220464101334
-0.28183122283171547
-0.03193436645069938
0.21917316278709625
0.23424120678614824
0.03335555739262876
-0.14330623587064403
-0.17351923920014364
-0.2749154666033181
-0.4125201106331597
-0.32428851358715144
-0.39854461656619466
-0.3256005002308568
-0.04621630489983425
0.17504612879526069
0.011765903227585944
-0.11237423890665833
-0.11974553681308021
-0.052422930758740494
-0.06269668968500014
-0.15879220009882816
-0.06285359347165906
-0.015072854118922549
-0.14286380661388454
-0.3548130596688514
-0.3332097669449168
-0.29039206147376817
-0.4278309761681082
-0.47150809497807145
-0.2942902126573038
-0.11897619317332483
-0.13070517297291073
-0.10383658885643993
-0.042020456078475106
0.05367664134630469
-0.06342625800828947
-0.21066623476932278
-0.16392611876450275
-0.303332934004227
-0.18285133837505926
-0.11856784430923788
0.07750931789237055
0.05625992674263163
0.3521306689871389
0.2210573423710579
0.1202262138053406
0.15019389659196483
-0.09495082513394036
-0.3971424461886853
-0.5638423982961901
-0.5808026823044941
-0.4666127287632569
-0.3015264605474563
0.00885193692819063
0.18293729115639082
0.19562460598108844
0.33579660461107724
0.4932913540920942
0.31490284846155303
0.07937163440832087
0.15561833410104023
0.22225762010766534
0.31746135173253
0.11375632777683431
0.05599093239163637
0.3885613927601345
0.3031843035097429
0.18819787358894502
0.11282255419202047
0.15161099882585785
-0.16582214526572314
-0.13717747906447836
0.19203117197544825
0.3365787653885761
0.2842078661252211
0.26118568318688173
0.3096264096384657
0.26509475565553386
0.1278725750232684
0.17960691305054383
0.05169988478619751
0.2604622027287431
0.3407283728547621
0.36727106471070065
0.32011270955344195
-0.01619420191469388
0.07760686573577379
0.057000636396323245
0.2704350057556313
0.3559791356676673
0.19167000025706946
0.1895667793578797
0.09945533182248699
-0.18784176275785525
-0.2780335789123837
-0.3577912822733417
-0.5941855713015689
-0.7122508246714474
-0.7562231049844714
-0.5429478698830809
-0.20545173134253505
-0.07263180726900137
-0.12870964396831022
0.054006429175705126
0.07637264430466792
-0.04982600616906397
0.13056822794323986
0.08870854123436012
-0.036989368298629935
0.20997203624382793
0.2183996870747167
-0.015004923269999838
0.04777271198788328
0.15197253818737302
-0.03174218928918592
0.013803916345333692
0.26985779806424415
0.7350502835991654
0.9738608780287101
1.87326592160281
3.0099100057464985
