2.9471899868165328
2.150935020699132
1.2259341470544036
1.1365841747445387
1.0683622958712378
0.9927759791748518
0.749247651278481
0.3296869617916684
0.40220597402562025
0.25857400737180153
-0.24275112332015325
-0.34839392797949964
-0.5272805600458047
-0.5976446282796916
-0.5303832222198084
-0.5822326995847812
-0.43459579674912535
-0.29161417054020794
-0.2934128225338586
-0.38758415092844073
-0.1665069116477086
-0.13063312639887645
-0.40922493369900115
-0.5588483280338189
-0.5491379060715856
-0.4752028784349684
-0.268579727126601
-0.2163679713280079
-0.14721424612159587
0.04476505302505256
0.1956771918000557
0.35631248560379536
0.16292770359678896
0.03697951161703858
-0.16720882782552912
-0.148627098741007
-0.12000225625064448
-0.3540198355512842
-0.3729075312593177
-0.17032967700448012
-0.33669844915004593
-0.5731395346889993
-0.7328091577336812
-0.7535297826070375
-0.8275629811627462
-0.7224293020350874
-0.5072259216865322
-0.42689588961886904
-0.13375819007712744
-0.15459505264597545
-0.2888557356570761
-0.10681017264879406
-0.0885474048920808
-0.10976877819913863
-0.07365109240294862
0.11087772604144032
0.03295337859649495
-0.21600069039707342
-0.1526172432975241
-0.11675104457658624
-0.1955841124231822
-0.2798696371784964
-0.33440063322355057
-0.09927804696716024
0.1752380148928703
0.30474231340672403
0.22865185974695817
0.13511229367875474
0.18885334921892
-0.05660106818832337
-0.4199642877821306
-0.44690165712247215
-0.24259896999571173
-0.5388063686442599
-0.6334957318350306
-0.4218581078202512
-0.43662910563920754
-0.43146125196216745
-0.4335806430958446
-0.286486159573327
-0.3481567866635231
-0.4842776029798408
-0.522317136372957
-0.316931459762738
-0.4248319255618042
-0.7215561817797873
-0.6506203830045334
-0.5360638148648227
-0.3824702705838874
-0.17071515794591763
-0.03832223880497511
-0.06937227953962984
-0.4311612418232879
-0.4528797721742578
-0.25417206668831305
-0.3486412925524685
-0.19209413921031473
-0.09445564155021355
-0.05825999568196235
-0.39330984524834384
-0.6047223913117941
-0.6123110906554907
-0.5872491488795573
-0.7187843040883617
-0.7049326990781316
-0.33277100964378004
-0.20876621702025872
0.11018882025450556
0.2907194703652921
0.5239856772150259
0.41074348035463515
0.20175009875483407
0.34870255741919737
0.15146843872181764
-0.30274246744066935
-0.49255121807202523
-0.5158856036855566
-0.6858841530395223
-0.7757253302120092
-0.6850518289368636
-0.39552070892895874
-0.4192518096484519
-0.3440740896709658
-0.26372116627064257
-0.023663499824189485
-0.23652370988368587
-0.18574320351911947
-0.11191825437102246
-0.320840528222946
-0.34923964616356007
-0.1256991053485621
-0.22324613497132428
-0.31770421370658436
-0.3494300254514056
-0.1572820646681818
-0.2646599072813193
-0.22556979045573647
-0.3104808399391836
-0.20777617562798306
-0.10102942455005498
-0.1967341118625113
-0.44663873529979436
-0.6037695490182742
-0.5585469277859253
-0.657784688050447
-0.701932090541635
-0.5939969881811092
-0.35601870537826213
-0.015884771766480683
0.23834262873786022
0.28814211304268067
0.10905581856713784
-0.03330266316472738
-0.13736491204018472
-0.38276623675739796
-0.6483189352099241
-0.7178015911483592
-0.646509422409029
-0.5187063575807167
-0.3012798572382316
-0.15814669971490697
-0.21278838947269701
-0.15865032421347622
0.07324496475282072
0.01814452889991316
-0.18951563188367604
-0.19756042301203608
-0.3063788147673928
-0.21907249476792764
0.03802607697913367
0.0010155711320067595
-0.05143621648678785
0.0026575491744545657
0.15910170760737616
0.02242449808004797
0.0006108034493075998
-0.0254758933804572
-0.21878873463298867
-0.33156889761844255
-0.33106204946828993
-0.19235289112520365
0.0146859069604636
-0.06818436665490242
-0.3252765281726082
-0.3954836881099582
-0.23928749424470466
-0.2864149376884075
-0.19812451669570885
0.03525190539704764
0.050273993843946645
-0.007229722343620421
-0.1260839567679344
-0.11820871607800923
0.0925928636684723
-0.09036338830518559
0.2223233257401996
0.23936817979111147
0.1937965272716321
0.3613186863539645
0.48181112334665294
0.39752223152632654
0.27463479240816535
0.08739930818880895
-0.09159217210827578
-0.03538711197124821
-0.11688869462164272
-0.03157511954475735
-0.12159839107214676
0.04736697169238245
0.3939560387655807
0.41439920484913206
0.4701246670657166
0.523792789357568
0.4697503362027993
0.22556006357150266
0.17567129088708552
-0.11029889656808625
0.08547114822611199
0.008212654832929638
-0.4055612004496628
-0.5040191377211357
-0.27559367951180846
-0.14155788728586605
-0.3595168201406185
-0.3767096879807541
-0.4196671100869082
-0.5888361262384957
-0.5607810771194796
-0.47881500103711333
-0.47606569051421294
-0.3893928288484889
8.504620715523575e-05
0.33514599024744984
0.5615170807517951
0.6007101923513634
0.2536344846935611
0.10955322978039922
-0.010279148259066478
-0.4405448446164494
-0.5913797268234238
-0.47875216965346795
-0.5669360107290545
-0.2580167523195869
-0.06870485181877117
0.12265554167069792
0.23884628577586642
0.5427574020764876
0.7040361016688471
0.7433082806719542
0.8003542357336983
0.6808699242357112
0.3590524366501409
0.42036684773519684
0.283341412430561
0.12981277726921436
-0.10796652056096695
-0.08714510213529753
-0.04053938190918684
-0.27526573732691934
-0.3203744834465827
-0.19920824353876165
-0.016628819507759653
-0.07911205740699209
-0.2653989056733551
-0.23961110851176032
0.07535502171634409
0.18187367832948453
0.16478807218962244
0.4012784566461091
0.4430833490729644
0.5057094956621319
0.3335843272244596
0.11791119065841851
0.2728715942823668
0.17056270000900736
-0.14377024835637148
-0.1396314739454374
0.15050411868781238
0.2135868051140536
-0.09246681065162268
-0.07017934509435064
-0.08904624454470658
-0.3832699301358889
-0.5798600559675694
-0.7558441193891532
-0.8719573172413485
-1.0279761790844797
-0.8813982052643494
-0.5949637064152828
-0.574141701057206
-0.36123011685077294
-0.1502960050496412
0.41606092611294176
0.5614748643717131
0.7024390722662686
0.8126790845189518
0.7510967106858643
0.6098941643201461
0.6735435875583103
0.621412893722484
0.26414474043333913
0.19748687296375797
0.14356686529115112
-0.009404354907063163
-0.1734738515313459
-0.014837075527253201
-0.04456005008536043
-0.34449976393550685
-0.41330053690363155
-0.3444850862525786
-0.4694430694578238
-0.6273663407695999
-0.448831411325439
-0.3709952792736423
-0.5788843591500176
-0.6097486998356609
-0.3144446774679344
-0.37920664959086986
-0.32003416115969807
0.015145139794722224
0.11186398805096309
0.01784056593989947
-0.16855664731107087
-0.15376518893632504
-0.19782451117128963
-0.4890846958186549
-0.5416152077253265
-0.36243913041023984
-0.28251036501895754
0.018732444010899504
0.1805744173239233
0.048772860703096194
-0.25771615815725907
-0.3765337808092807
-0.7197589937524161
-0.8391472001165396
-0.8334504945531104
-0.783377182643922
-0.5930897277256699
-0.23448452548426152
-0.08160631122974718
0.25267038658888846
0.5341163826462807
0.6690062257660206
0.6362880097757226
0.3255731833876977
0.430873024316463
0.5737783561540131
0.38049439443705146
-0.036229241994703135
-0.053646986473511404
-0.12842749657505692
-0.27859182668342136
-0.2994953604130649
-0.13464819133140604
-0.26796554948578144
-0.36500306052964054
-0.2697910047155195
-0.20045221392015675
-0.49029792936616773
-0.4698974546346752
-0.16312124901458264
-0.3563476250402346
-0.2519218789115515
-0.03604480556792842
0.010397327560955915
-0.13393792440305732
-0.12569565839467742
0.012370471004111403
-0.18605138608674507
-0.16937109469954323
-0.23573276791235082
-0.2997703994717384
-0.1797568854943008
-0.27831950999244814
-0.2020336176464191
-0.35319892656524604
-0.3563304409420848
-0.32259597294421777
-0.44371069694919096
-0.7378458754907645
-0.878839648836314
-0.9520898532077431
-0.7761044069992757
-0.6466877531628659
-0.6856665167393104
-0.5293468179579383
-0.3288146849752757
-0.32971944316897417
-0.3490285888509555
-0.38793089683068793
-0.2091063299798431
-0.2647235077888953
-0.2155314922437068
-0.46171214515058767
-0.33802531104244093
-0.34470947735688345
-0.23679979021413752
-0.06349736791142405
-0.013546969067820103
-0.0728272162149931
-0.2991227791514597
-0.2250905093237504
-0.385551909245356
-0.44489427228875306
-0.47906047391477574
-0.4139379407777946
-0.4453120112527566
-0.5141759980949298
-0.4942658015171019
-0.5724311182406814
-0.5143073805882359
-0.3005913291544263
-0.25596898438410937
-0.4857838175725813
-0.4194070100841692
-0.34756874032922114
-0.3120928672352868
-0.17316642699096335
-0.2098450785110304
-0.3016659564886023
-0.17445999439573992
-0.0745858041853874
0.13171260005330535
0.20396636987326466
0.27534798685734296
0.1463815228131517
-0.209875195076153
-0.3111341489984638
-0.35398976151258293
-0.4464885670138535
-0.598853465599056
-0.4819900758731282
0.05128544368886694
0.3088789461106248
0.1121030455264461
0.2842655762353523
0.505958435136572
0.4551872141663078
0.16227158322982113
0.18465206662651595
0.3426697845810474
0.20375615237295444
0.008354433342912302
0.18303818951414672
0.3316721950971851
0.27622462041715473
0.17708706177500022
-0.06186954355369405
-0.32198510241707023
-0.5486659916486321
-0.32880208986258685
-0.35865776919914266
-0.2826968706466372
0.01958378040238351
0.6412141301221859
1.046021153461074
1.9742971787542511
2.780527329817639
