3.0312073080125987
1.9560000268667324
1.101812550337337
0.95988814491884
0.41397568105443994
0.2902884218099181
0.4206693894885634
0.015180571070541035
-0.22743076625701658
-0.07454652281870669
-0.402774510780147
-0.6870871823046715
-0.687211162697904
-0.5747077666250965
-0.566180438571748
-0.4066861397444714
0.004539679297877894
0.14134632210619913
0.11001496227593283
-0.09630938867029967
-0.044957828686817636
-0.3785517866858778
-0.42777794498595967
-0.20057210272977968
-0.08247750548806267
-0.3413858378403145
-0.3910868649829719
-0.09234870741739551
0.011232670720436334
-0.014175875818949269
0.2800854394819602
0.3462960838010758
0.20773088738165782
0.11726055147331599
-0.06535398075333021
-0.10464957379430953
-0.27471979836579496
-0.157583162625752
-0.2822485415323846
-0.2756638281207498
-0.10439194129912029
0.1544151046669267
0.25174738605428787
0.2533745141215646
0.3438933801609471
0.1026196084686422
0.0282232519479875
0.07403806997907884
0.058057248058308815
-0.18129674351655942
-0.5067503675379501
-0.6811383168784385
-0.6926551929448658
-0.46400543180584986
-0.5171477592172444
-0.3956451928282953
-0.15800478598712234
0.046501781183462966
-0.14155782236821662
-0.08593503611601759
0.24608418560699025
0.2948965564667636
0.08536546498694603
-0.06381166589474195
-0.0461903569458735
-0.17595015182458948
-0.4303307552770186
-0.6134437564631194
-0.645506992571546
-0.569882446792788
-0.42094024697477606
-0.14612066370707236
0.18480853570265263
0.24027697562501088
0.08683853478624734
0.13222010944932314
0.3376171384994669
0.36566218509786863
0.4768020322159263
0.428215715048595
0.2740385365415581
0.3095795891458857
0.07533545165066248
0.08864007454241113
-0.06796893294942602
-0.11233191760695864
-0.36222072614335926
-0.3550611845681972
-0.27614267469462067
-0.028268196811137986
0.03715397318567156
0.21202936749789056
0.40987816079577605
0.47049780214426934
0.3383924559849343
0.2196898849231068
0.1865858668354115
0.15613181369297888
-0.05516219829814661
-0.34408567339303997
-0.4014170354394901
-0.23696689382421693
-0.2311866072244572
-0.060574203705934096
-0.07792741274531287
0.28387672394650054
0.28415990260984675
0.29547844374570725
0.5231761220993576
0.6595063179069063
0.5257559467813872
0.08128130327559607
0.130245163551583
0.028635545338297305
-0.35312934234859955
-0.5650008270885931
-0.5685582713676729
-0.742761290215919
-0.8280195285112796
-0.6348814687002219
-0.6431350836991171
-0.3681464904671765
-0.13971752702262638
-0.12615683702999325
0.08292356602923112
0.11526291606821337
0.12294661398931439
0.19410119717612612
0.02807196636466114
0.0006570832255647918
-0.20646769741375484
-0.5384819261394419
-0.8540481023547144
-0.7668781997448259
-0.5109610494985102
-0.2799543980559749
-0.2065208637185957
0.010504996726741803
0.3062209835833379
0.30886043590665163
0.5144897570861527
0.9383877800354208
1.5521944493955864
2.4574718019383144
