3.0977834024412827
2.2161822096391672
0.85887959429554
0.9906060278393121
0.9349527444074285
0.5147650125134583
0.2275725263454551
0.5995288918623731
0.7200714389951756
0.3845863170937541
0.2705317642050234
0.3583264268996866
0.2823475228658098
-0.07825823570370163
-0.1851164373905703
-0.23937156361030806
-0.05422651485432076
0.029656212838041318
0.242392022161155
0.105568123888696
0.11889808626618863
0.21617233942565825
-0.09409118071285086
-0.11914513125062501
0.04816658944923764
0.0522001128692357
-0.09245886322335564
0.1963166233087943
0.35332203288462016
0.3431451733754803
0.3282068639043773
0.16930955568028758
0.22471835361006387
0.26334460476106164
0.32034751231021025
-0.004555263999031417
-0.3273129177180777
-0.2705466488967638
-0.49793271643512915
-0.6315310032957017
-0.5360557869416251
-0.5418483384736155
-0.580410091064772
-0.7644958219707398
-0.7026212548909176
-0.6576700176743786
-0.6938568602729278
-0.6734254695263507
-0.3003923244333339
-0.25044211692104795
-0.2088216839991397
0.23410043818586274
0.4170675621635987
0.42921579047367375
0.27162357704789475
0.6489756030246363
0.6907428513428321
0.6712829654136339
0.7708861430521325
0.7334372678979593
0.44385394039178955
0.23447406555428993
0.03079125852982986
-0.19954346171623932
-0.3780911666051843
-0.352511830895724
-0.4225905287175078
-0.4592091680887812
-0.44945545855056446
-0.11466977881965121
0.15395685307373658
0.17211621820217257
-0.05098178756817778
-0.05665371722907925
0.007454461393877596
-0.02184729460452759
-0.03697055581696318
-0.12554311994534467
-0.14432205549192412
0.08471496066189235
0.06520155519221973
-0.0373168261093772
-0.2620270287966656
-0.39126578453437977
-0.5538415377056173
-0.5272505824700178
-0.4285623272024493
-0.19804047856372728
0.0022903418402985473
-0.07554831448081026
-0.18499969251588316
0.04042340620331983
0.1490885506419772
-0.09536830507602012
-0.19045232840821613
-0.04477896218977339
-0.08443849011509974
0.0019166523353480458
0.12400994807205801
0.06851618972747175
0.04594711208712991
0.022266289513519645
-0.16719284922637753
-0.4498087636124517
-0.44912463479598275
-0.1671682365160858
-0.22386570771046674
-0.3406797548825624
-0.09469409955970536
0.2984167395946975
0.21680596339779487
0.35380654895104574
0.44468622962952736
0.2938354738869889
-0.005986834097878861
-0.06347744626447963
-0.07436222011518023
-0.49303482208165866
-0.6961577736386353
-0.6976610565422228
-0.6652978491139775
-0.5798944120758892
-0.6362915848620896
-0.7373574240657174
-0.5765900080710663
-0.42567943027400224
-0.41631074151964104
-0.30146944487731203
-0.0139352860668845
0.16117482529379262
0.1313532346372335
0.3763005032748075
0.3663077296756636
0.2744074181005431
0.16465517881779296
-0.16854908801590013
-0.28324292579395793
-0.07041222500048352
-0.01104668289533323
-0.18324928779687139
-0.13864394536955513
0.02981155282496084
0.06233989630811397
-0.07517908885071768
0.003079073427421533
-0.014797713270296952
-0.036054317627682506
0.19824696797774996
0.4380388365883393
0.5286184626845224
0.5044806181644886
0.46078760188346785
0.052235202299762015
-0.3545682454083138
-0.4684301155008769
-0.6635017608900352
-0.7077820998078422
-0.5735917341812287
-0.5325669540389122
-0.17828492790682846
0.13620556007471024
0.2965224737212991
0.608563476070596
0.5180548451530869
0.4481706733288283
0.4309802551915894
0.2831350823480654
-0.07920965774095406
-0.02121146796628927
-0.14169506310107083
-0.4194989311268445
-0.4604415943634847
-0.2665812883323674
-0.22215559328080392
-0.08069346620918012
0.019930383841369064
0.09465491796499093
0.03669467373278504
0.04932664181178918
0.36681463529713326
0.22487177612944478
0.1486493724742136
0.29582837933890166
0.41567676861609476
0.17147693416943396
0.2606678548913688
0.18999379398598704
0.18390184808083657
0.06000723948082268
0.19940530348319485
0.42216513240194126
0.383794295280783
0.1299708736545099
0.1711179290577944
-0.017573389420076344
-0.25518537853063433
-0.43033507893336204
-0.4639295253638725
-0.45686099850613837
-0.4029570804949681
-0.37658428159137664
-0.12666957072673463
-0.3867961184384035
-0.2902486913333524
0.23472896867704024
0.2506017394870499
-0.04691238521929397
0.29100918162310946
0.3729138602250717
0.3939005021433958
0.6690347252383267
1.7472816177476953
2.8457571072059866
