2.636300480774355
1.4178326939730832
0.5051456438200221
0.22074705993358698
-0.17448294203067233
-0.2999474135852003
-0.4067658662330935
-0.4570986017254964
-0.2544435145830137
-0.042835899865407444
0.06603972154457248
0.25564034749363823
0.3178037878955301
0.20764867028108602
0.3002008180030034
0.3966933035940563
0.2850755842266132
-0.0071983561384224
-0.30816827652472145
-0.395015436666141
-0.2943853391827454
-0.2956514692169948
-0.2158443439860304
-0.09118256995177784
0.20156332992623754
0.2821482781161845
0.32025151130448093
0.2136242958282666
0.3202144482718994
-0.021628240967757353
-0.06430759906129739
-0.057034589466481586
-0.3939451970144004
-0.637476130047725
-0.6564544571038946
-0.4553499748029282
-0.5776669763478318
-0.4560142621206956
-0.039945371064056635
0.19598388836564
0.0022677389471219937
-0.19744971782489337
-0.1693517603487006
-0.21639893739084692
-0.46294599429305866
-0.46859352864032033
-0.20222407339163506
-0.011859086726459816
-0.058326451927101536
0.4739359507407335
0.8241794817882467
0.7956713241285102
0.9117969641783656
0.9458669289414062
0.8096220605889066
0.47713152592370445
0.5286451187296416
0.6168457857849177
0.44351760695081593
0.3515382071676525
0.3312968537336364
0.06128717819800656
-0.12484654073538198
0.07610310974134538
0.07199055404125185
-0.039932590284133804
-0.23754318247500936
-0.34198914051830825
-0.4420803161462136
-0.5269961558669418
-0.34733275256617907
-0.2648221490008534
-0.37028246657345854
-0.5313851522080771
-0.5665492188460095
-0.3701259469395163
-0.1505564856904369
-0.11132196196163725
-0.12245144415838996
-0.09101775203864677
-0.18980407556439186
-0.1160547127304965
-0.14600095785758088
0.026331125646295236
-0.05261705620834445
-0.16435165173807126
-0.07414319885968965
-0.1334334247336525
0.10550593187469356
0.33797176447870586
0.3235737671711596
0.19568240030824502
-0.0991914606848383
-0.38644576050213314
-0.43330767882178767
-0.724655538284084
-0.8604338908517072
-0.8107172627857169
-0.6479390176543824
-0.31819767095424467
0.013129726165929195
0.39503319936565534
0.5425689825834823
0.6560435643902665
0.5595852109412893
0.49455646001806425
0.3357391362374587
0.31295300081530114
0.06623149831584817
0.215898371697065
0.13804612473864616
0.46825809069385904
1.1087295784494509
1.7715357479053795
2.6638847808432486
