2.343880293070585
1.2379372550164258
0.41851996473212333
0.5176678882783765
0.4606559803658762
0.07762159442828208
0.06937478487783547
0.12636545643332875
0.22986490365174225
0.08643072763457454
0.21431477049271258
0.3499129045427424
0.2446283773735844
0.037841829806098896
-0.06873510955925209
-0.06659057204701037
-0.2569085387248376
-0.22437898877863388
-0.23663946388016574
-0.0486351001791715
-0.19453682406045386
-0.1292299045197077
-0.20012643683421855
-0.15246479871384225
-0.23728196913640914
-0.1075724263607126
-0.08479375167638827
0.07043750971635866
0.1783282347840161
-0.06956161768254313
-0.38831748550643136
-0.550724874168436
-0.5549403983598308
-0.6709016281022082
-0.7015644377857179
-0.5099140307633467
-0.4017980659017728
-0.25828744068160714
0.12705565400559785
0.4776263979717398
0.5266294553235542
0.37415042925091396
0.2037922672817429
0.09875220764761114
-0.07210942219975074
-0.07146179221493822
0.01961969020571206
-0.009975585565504291
-0.11495954183426826
0.05828884873080443
0.27440116556645866
0.4847197611449189
0.1953742242036713
-0.07529096881822273
-0.08153417912132649
-0.23410631703003015
-0.16921824241468375
-0.17816004695041618
-0.08055099046256564
0.06246075733780893
0.014046497328320223
-0.11867676317318043
-0.013982695092407477
-0.12375164613666814
-0.14486269539730784
-0.26227105983963467
-0.33273433155258614
-0.4890233372650067
-0.4489466209051538
-0.47215136432897986
-0.38394347902951526
-0.42164189822252984
-0.37477510131310354
-0.3983875236106305
-0.2883704238695388
-0.09129978494317881
-0.08351027042661974
0.08753235064070357
0.08598725293508575
0.018497496802379006
-0.15128762591885275
-0.14673668221965172
-0.10982839501137176
-0.14853331488738003
-0.3164475525681329
-0.22882042527126734
-0.16227123347207906
0.08814743156564055
0.1771486393035133
0.3198498605245738
0.3160925932953783
0.3183125193690778
0.15742344129091387
-0.017218736733964228
-0.21212696600522254
-0.24730881093493567
-0.3913889516845273
-0.37238759177913444
-0.42129301266975516
-0.2862374934201943
-0.08399323317365541
0.23575308634371203
0.5247296030270548
0.5743485248643541
0.4210656404961572
0.30572186921266337
-0.06700319364273608
-0.08710043151391456
0.029013749024964675
-0.07164755360860495
-0.06533390940053353
-0.0754753117726907
-0.22561885896673714
-0.4118321532136733
-0.47877582423264314
-0.4296938090379395
-0.33434127429039695
-0.40459555464112495
-0.07719038394769308
0.1342362649669802
0.08614598669145246
-0.04075331164842695
0.09450959332205984
0.32538489967384665
0.37685532420325707
0.41627501302083203
0.2327935764661448
0.2864780810000056
0.3439920296565779
0.26610118805236216
-0.0008432170945410489
-0.12135974855560941
0.08133113744679973
0.05163364722096393
0.13111569316302826
0.2854134573322479
0.3778557176852402
0.27616373473510747
0.2185024545146588
0.0697480208678705
0.14183764503782811
-0.0736663604565081
-0.5093003486315986
-0.8009835147051203
-0.8431895245578572
-0.7823483995067714
-0.5543481338670964
-0.23270429033047668
-0.04617855735330204
0.05120539386387561
0.05769804227785906
-0.12264395885861024
-0.05802993923215722
-0.15132066192347463
-0.1435495564635536
-0.030756667577017647
0.17087682277091476
0.0034532048228772564
-0.13234812532353513
0.01773617617555381
0.2775435146568547
0.3166389541093608
0.2564526962436664
0.13684786023844994
-0.08042985662038842
-0.24264967747244906
-0.22745634118655117
-0.4211851472113981
-0.5016093570704829
-0.5388541409772294
-0.36914595604781564
-0.338241400658453
-0.4196435365993198
-0.28257688820653193
-0.22027315605117576
-0.08149901781544586
-0.09613180268860264
0.05815641637992464
0.2073667650403677
0.08824498981853252
-0.03819183942779671
0.0021701374432658103
0.21723520893551557
0.37917576157372
0.38743732428264416
0.14928501194823082
0.03365366292892974
0.09657339207839288
0.0018742695565552928
-0.06359821260062082
0.03702837949073992
0.5007359839258595
1.2808241729569152
2.442377517168892
