2.7429621685871717
2.867619980162515
1.839068908987148
0.7986255839716152
0.6181498921736344
0.36462643365774694
0.2716892303696845
-0.04438367482959671
-0.19885578188245573
-0.18913379167633385
-0.34103262903307063
-0.25710839026239773
0.08491224355210616
0.10750919104045988
0.22511720401777358
0.31983962988773235
0.316103905894677
0.10024958657171822
-0.14494284060307
-0.17002883141884012
-0.2990082243071761
-0.35488086296129023
-0.17851681723807072
-0.21152592063311923
-0.40150478533372613
-0.37316915739586587
-0.24283792793456146
-0.23012851039045956
-0.2622506207380277
0.017474128714871064
0.07394519987418327
0.04077915575056983
0.02116784573310554
-0.2373900670633729
-0.2030837473840919
0.04354445854791292
0.16185704377833782
0.17711907152031675
0.17753068645725037
0.015527558635010244
0.12514690460445776
-0.02188832922455055
0.06387290966256362
0.21225616597903232
0.300660839498896
0.2012663770359821
0.30374455163780645
0.30049907822395955
0.2789759424767446
0.20584648379918366
0.0056329576387074455
0.05771557250016071
0.07859279162031246
-0.067145232289515
-0.2617191183440985
-0.08765941840739042
-0.1718406777723393
-0.34073047280833463
-0.42511498953324506
-0.24151274199708428
0.04125114998096034
-0.21170891235107836
-0.39625923847273065
-0.30394656120728264
-0.2981176935385939
-0.21356176272701644
-0.3441314490116408
-0.30190237508779594
-0.44530101367312863
-0.5549175972836159
-0.3682049974066292
-0.0586582391004377
0.03490658116970801
0.0565821648716342
0.04836137348086192
-0.00030455155839305935
-0.07958451994368197
-0.3735326054899838
-0.5098365769390493
-0.4148292729101803
-0.3950249810414568
-0.4878740684494377
-0.5975101620020998
-0.3864595964317344
-0.32576399867425737
-0.32915873287491654
-0.1511860463113044
0.25868517979804306
0.32891855757445776
0.27070008566885706
0.19339203453484294
0.02893257961155314
-0.24687990430338583
-0.33967932340243334
-0.2285517499797197
-0.022683949996395558
0.10017894096323754
-0.04685401597429095
0.09245770492188717
0.03198171246864512
0.011969268620312591
0.006663357623864677
-0.06935750717710318
-0.3180716995280965
-0.30171038381880816
-0.5775226405185747
-0.6247206140379433
-0.5920426988234122
-0.2571949727321461
-0.2051976833364364
-0.18207953580186859
-0.19776195056059293
-0.2878178570375588
-0.38139977513351897
-0.5653887792710333
-0.5887256219425872
-0.511972860898682
-0.45067286781043847
-0.21710174238684676
-0.1304716099970837
0.17420477371756687
0.17087847414434965
0.07337848530148523
0.20622818491824396
0.14050399283088413
-0.03088412290885817
0.12871228530961204
0.15459542650612856
0.011613745248406464
0.12159362140654136
0.46815998262891434
0.6378725877509888
0.6332124482625161
0.52684627343511
0.5013292321455509
0.5102981190525141
0.2784583940769731
0.02555741169674702
-0.1973635076238835
-0.18361871736712995
0.023275603949697053
0.0553229086112148
0.15172771144644787
0.3346878072699041
0.5051620871931335
0.5497901838100572
0.5875944571986941
0.6330039053921493
0.4545117943458392
0.14157611724793917
-0.20478828389707243
-0.4139042767994701
-0.5390389881887997
-0.5014104632216131
-0.3826094462647926
-0.5974353892364312
-0.6010825743771466
-0.47228257062132467
-0.37026914758790647
-0.4352014821091431
-0.19262266743694437
-0.07485943017579567
0.12984695351801645
-0.031014715562400937
-0.15332117794090463
0.03760693556191091
-0.03193720805684393
-0.04679957655361574
0.18292173937146747
0.39286983883899335
0.2568425847374235
0.11048001830186355
-0.2581018723787645
-0.4252378160685568
-0.3171821480177893
-0.4726751252992395
-0.39714092179585825
-0.5858106549808912
-0.556375301034321
-0.3385871547621496
-0.40280046713041295
-0.25505094425468217
-0.05856610058124636
0.10618223491043671
0.0836232661926295
0.14805382751481144
0.03338432991185285
-0.044623579116555595
-0.3426978249805037
-0.3161899123931661
-0.5037145373084151
-0.8427762603816489
-0.7035425326899412
-0.8833149842511923
-0.9743770486454733
-0.7127258075770053
-0.5200146678507679
-0.3165122733052014
-0.065040886252276
0.1942977277727958
0.4059182943620188
0.2077434047050068
0.04298618877064176
-0.021903761402793827
-0.2034922422743145
-0.29045121828941123
-0.28315468203237326
-0.15493356800575686
-0.057378636324352736
-0.09978991925787993
-0.09950768784691245
-0.3625447828872551
-0.4464989735281918
-0.44298992795923964
-0.4936067066667454
-0.6571921543786552
-0.5658661740777581
-0.46344811997970076
-0.4596098219723095
-0.47478767077129036
-0.20859842268491963
0.17827764931703521
0.30230331301502256
0.23937120127394598
0.2430750502927179
0.17167296867771348
0.002018769537787974
0.08274289550940542
-0.03618456148495518
-0.1315390675666896
-0.11927397428086968
-0.3592922390371833
-0.40557728012770566
-0.16987060634223336
-0.35380375267550945
-0.38672285260518946
-0.27861091119659936
-0.3906003004706531
-0.5997494469103337
-0.6517195293824984
-0.6455618386319222
-0.6055323522883233
-0.5371011968888927
-0.5154818194134271
-0.3827280265252767
-0.3625929488313194
-0.32472206352579136
-0.36331397807337296
-0.032978106132737495
0.032457091833238666
-0.013931620320221078
-0.22974495776952483
-0.13798211082104922
-0.08715220977526394
-0.35978627264714236
-0.7033796296584512
-0.6552301904020484
-0.46408800244473297
-0.4313830307430751
-0.22782159972330826
0.18194877675495788
0.416085683887172
0.4296638755578861
0.2245958311907092
0.04384666273307687
0.17254833598855554
0.1999809704683416
-0.10496575817408471
-0.08048421544863377
-0.13222732453600655
-0.2954425533083869
-0.3092666320606174
-0.29671831935076404
-0.06763579616520886
0.12181364530757403
0.10186396399833658
0.19270030507120675
0.06871880853275862
-0.012945655078988011
-0.2980996659990305
-0.5250201092792857
-0.6304885402133429
-0.4945285212523343
-0.2903945130147952
-0.43326063848019064
-0.2903061933083072
-0.14633438207345642
-0.10074455244333072
-0.22016449870588967
-0.17673924337507702
-0.1999310210792366
-0.16859423350207497
-0.3382204412231745
-0.18890163476400756
0.18216297238677004
0.3541428173621144
0.2661655124051804
0.39470566469390883
0.56950553698474
0.5290821712484554
0.42676547757633904
0.2282192234470871
-0.009082515609457747
-0.018197667209138423
-0.13442987910765497
0.027094639392347387
0.10807003973515525
0.24952677702098697
0.3362895559466094
0.4466974248163836
0.32078317467734085
0.3179598758222608
0.17669755891768624
0.17979660126924335
-0.13915403791026676
-0.19879443287644516
-0.2307514979746433
-0.4765821119437772
-0.6409112627376458
-0.5953188799731514
-0.39152848066425205
-0.394971373061081
-0.09539816415935433
0.07900619953290997
-0.024663670962757487
-0.16301954263890053
0.1135515556446417
0.3243954217211194
0.3295906358214768
0.3999078085933725
0.4461019068963061
0.5058068050601855
0.29291805075730803
0.2556405060589302
-0.0599127327241819
-0.34403616271209464
-0.5016945176465636
-0.5313040352788885
-0.3437499869125918
-0.20555010498835807
0.061970493835341756
0.2890548572500085
0.5249172734471155
0.6658876574899835
0.706265267909726
0.6055395717994764
0.540560814647442
0.321073491414246
-0.12483220100306526
-0.46626876487948654
-0.5717103417538277
-0.4058741951417321
-0.4880995112521432
-0.41744509743586444
-0.0915911393571758
0.22580571658418003
0.3817692549840499
0.35110679532460104
0.7235908734539358
1.4890590307240033
2.345710147124839
