2.8389494350452407
1.8781351761431129
1.0631820665852327
0.6060651585340044
0.4232428846494016
0.2401390294211502
-0.07293141290484327
-0.2248980964153363
0.03368825055386631
-0.05842158533771605
-0.4366411506333687
-0.33935128430847106
-0.05821424659983189
-0.12445679837851606
-0.016403836683021457
0.4011548558422486
0.5122552899262605
0.5389887355597155
0.3782134088446143
0.17229188899973025
0.18967781018768068
-0.04491577568322937
-0.07729714884952799
-0.10718806717520099
0.1579570908110196
0.134471868655148
0.3167425112203364
0.48631812289150844
0.6943068628437624
0.8333034272984204
0.6206908657996969
0.46076057603056164
0.3161196307676664
-0.07138798239254483
-0.35740152539353875
-0.3081450431973819
-0.19265796562403117
-0.26940216828639807
-0.40515248642048574
-0.34747211477161627
-0.02012262228898845
0.18713381810235863
0.07799517448886346
-0.04575078321926851
0.14961976119148335
-0.1962412046493568
-0.3340348134700096
-0.061815963527754085
-0.0950921762754395
-0.4626550354680901
-0.6060877922215134
-0.495177786119358
-0.4962082546303925
-0.5398848178093691
-0.4310540573990816
-0.12122101105026097
0.17956946621031133
0.09380985827061411
-0.07066307643586142
-0.13278383437113517
-0.06078731037634117
0.19634040715344447
0.22880554417404844
0.19367198314835085
0.033983009683726584
-0.10563721547462096
0.1660332021839273
0.15406348488561042
0.11714114993382155
0.02399226563420879
0.2343420698285923
0.28282697042833377
0.15096120820369405
0.022481986923674924
0.21144729767960785
0.02926703627114323
-0.176907489025366
0.07586415858195839
0.17255102278675366
-0.12352735585163321
-0.01027672834755945
0.44894707822749363
0.552767639473555
0.5365296131501248
0.6063297392146269
0.5739967402646303
0.3122000010792954
0.14192915420552507
-0.1273380613487414
-0.22784937131263122
-0.5261398231039285
-0.5155894088066104
-0.5588992007287108
-0.731629742439875
-0.6872348212325814
-0.7071202609797622
-0.7037791188242163
-0.6519195055784994
-0.5940914486275831
-0.6107835592785973
-0.3698970584049819
-0.30875736283032146
-0.11332920454702529
0.03771093075707085
0.2923755636020866
0.2771668072155001
0.2695286714384629
0.4575770079971335
0.535149936914104
0.3234447726598707
-0.15765867496275063
-0.3744279681934555
-0.3676946629158681
-0.6293352199962662
-0.7545944307134508
-0.5606131207650907
-0.19431092670908165
-0.1647140937295866
-0.06566862414223198
0.14032595408862789
0.14694657094121
0.2134626016101472
0.34497378006943946
0.43046963227625656
0.1959341968620427
0.1964813096888708
0.27965130038852637
0.2910011835316501
0.019926037217329582
0.10051882621631278
0.3172242875170437
0.21386267075582266
-0.09135670680896545
0.09481777544983408
0.2558323402397182
0.018976532206914063
0.018585789783632754
0.13141937459456904
0.17500890311045678
-0.1164389731303688
-0.07896152615241944
-0.3503941609494378
-0.4758604035881271
-0.3896080500632945
-0.43342850446832387
-0.4504393646111663
-0.23823699334456291
-0.09196602929587676
0.06345292809005809
-0.09940152160767632
0.063301728402189
0.26328289108499553
0.11856654122735612
0.03712308881462403
0.23645477775847815
0.3442215588309702
0.32964524244300103
0.18229819108394496
-0.012169290901924236
-0.183309728001905
-0.1509626414311933
-0.2837282072802445
-0.19841080211355167
-0.022505826392121966
0.037641921005602465
-0.11130540896857169
-0.23076694174003218
-0.08314312220995654
-0.1568216684412379
-0.08995171727357143
0.02389318648014095
0.1800367600918792
0.02117427725923775
-0.1784873371288449
-0.1479913965984804
0.05494398870828016
-0.03698165743496098
0.012768947100910328
0.1856910411244861
0.20507311197428169
0.07520617720466405
-0.242709790983972
-0.22722427728239433
0.04644668907546149
0.043767010037097626
0.1354964093072294
0.17117565432375917
0.19552329817329664
-0.009735974058670827
0.12485372897708792
-0.009070143329821978
0.04394225998357384
0.3912660061151246
0.46533296330929763
0.27338684720446105
0.3080002392955567
0.4027154212554438
0.19008536826770434
-0.00037131133123557286
-0.03091623354031542
0.20169704090225815
0.22778514675226147
0.5493343019620167
0.6156553638463756
0.657430831281345
0.6497890458813655
0.4619907183841745
0.2304095506607995
-0.11697037765947155
-0.19485516304370218
-0.2316407597363695
-0.39303712937524155
-0.13560520484002692
-0.012909784723629733
-0.1850255806640543
0.02024113041413599
0.25014826886655145
0.36251892129681446
0.5086825767147366
0.3940005514356338
0.3214191979202657
0.25742353663059914
0.1361094379866138
0.16321161043734805
0.011966517225454845
-0.09573488265826466
0.0804260250907547
0.018769054400710555
-0.1337403618661003
0.055936925783406026
0.052910202101548516
-0.05784458413129665
-0.2535797698073018
-0.15825679987936736
-0.15796043152136097
-0.09140810938018504
-0.1962004403687387
0.060388498049403334
0.1412828728130658
-0.07662023692157212
-0.02177082343776405
0.2271974348747373
0.3476880721127753
0.32187292649662963
0.2154583215549379
0.21048650423455922
0.21551992433447612
0.017953576321395916
0.15548158982541613
0.18455579219270918
-0.08998722083231395
-0.09548765434580306
-0.023681673345906235
-0.10830700627216584
-0.24129109384696673
-0.0863586316413325
-0.08880606704671173
-0.28732352969601777
-0.37943266964341466
-0.08120600164055816
-0.2612154658759083
-0.37951476138690776
-0.20339686052357336
-0.1470595301866857
-0.399064461259215
-0.3472580514463529
0.03715310612446206
0.16444121916450455
-0.06750608066291278
0.17183091397691155
0.27958718212190903
0.19383727277665874
0.174506610900851
0.7443055957752114
1.4506475429744659
2.268238899638065
