2.457907441191501
1.4485086383557693
1.1769470779054079
0.711918988117494
0.10437786962704632
0.12819913737982042
0.36942750309275535
0.15430855865534435
0.16503352589379094
0.2773763446359611
0.23606302548661282
-0.027320627647973737
0.02991873879008737
0.10557317715069114
-0.006156431741354974
0.07898369465823953
0.012791239072996414
-0.04788170247584356
-0.08485549428876796
0.02332235362591004
-0.13352178294801229
-0.1513221067393102
-0.2479059307033609
-0.10256734363122486
-0.07482504306763926
-0.14348673178503857
-0.003656301178022684
-0.08667859169916561
-0.15952167760608493
-0.36464791720053774
-0.3376455852269008
-0.2880903934476171
-0.3759230471143661
-0.30149473918278785
-0.3273642541026646
-0.02767979472709116
-0.16037007018844746
-0.11557453288369623
-0.14965266884051853
-0.18334800318662628
-0.1465142494734605
-0.20283272152616524
-0.06794721625766299
-0.04577492699680316
-0.07557659633738383
-0.20202211440476503
-0.09046510951223109
0.070624296037991
0.09350647845021413
0.34146035828458715
0.33671712658076075
0.28623726722177384
0.09394177218674589
-0.33693619131102964
-0.6751017891504668
-0.8261933665903052
-0.9256812165291777
-0.9750265122672106
-0.8171843870590303
-0.4832841623846743
-0.31526236173128763
-0.39342614110866503
-0.2121930104323489
-0.07385348398833282
-0.04560031973957952
0.2178329802284315
0.2706762002513847
0.33931589068799417
0.1585103922471557
0.1532962822007624
0.05224852284479888
0.0052471044544696345
0.04005316169259849
0.08207698440666901
0.04636379599704897
-0.2697674857181393
-0.3305848609918904
-0.10913421899333947
0.01716981880188407
-0.19461340206020503
0.01911559430123191
0.13906706952788433
-0.01309120974426117
-0.014785798240408286
0.33239610985648405
0.5703545586975872
0.691998981797119
0.46939089567573344
0.35013195547249104
0.5025793146460017
0.4534096675823298
0.13351722522365045
0.24218973774104272
0.19553513891205573
0.06892720552563403
-0.08759073586298569
-0.013210473820220635
0.13490351721608135
0.20635607681498508
0.011283891741105334
0.3517789543110482
0.6582723526221981
0.8781046224398177
1.4225952292096238
2.0774308790923905
