3.484367411293399
2.1659060367292127
1.4285428885467661
1.1324571412183548
0.8518568198860867
0.5506149450892183
0.5214832822957682
0.38534054387966094
-0.04744267028782098
-0.04465164462301259
0.020740810181658124
-0.3910731647055072
-0.5165095575132799
-0.27995810954876404
-0.15327063958809045
-0.16428777897166444
-0.1547548304930957
-0.12025261202142004
0.06846281093885542
0.2152236038004867
0.4395090536152924
0.5660648155266507
0.476645574544952
0.27085488923492046
0.39655987759623135
0.49893540696787464
0.4229612517508385
0.26073189795134766
-0.026216630931589865
0.01471936688168194
-0.089996530780882
-0.24690777146508652
-0.30608411720128825
-0.38156756047087054
-0.37916024229119283
-0.025739685443423012
0.21409005672600692
0.34078941518544437
0.43795045187029125
0.5183077176636938
0.4514543724879386
0.21662898503088074
0.3238782725365417
0.4965493410352746
0.4501607311981293
0.273066320328952
0.18751281452967816
-0.00122647132859071
-0.3182662636584397
-0.39299644919037974
-0.3602225455538237
-0.4431355335783497
-0.4691510997359333
-0.20887006884547527
-0.1640667684548642
0.07629467437805999
-0.010114358573183019
-0.016479595348687134
-0.018023691482594577
-0.1922772551541276
-0.5171863043382819
-0.49580504734867203
-0.2079880424603795
-0.3514819569287931
-0.23585338637204364
0.1806539931856759
0.5097581513739377
0.6692596583121286
0.6095596510350174
0.7033627285220476
0.8890781612603089
0.7724931076504725
0.6640601094537638
0.5607954333682109
0.5100141444233551
0.378362484370892
-0.07018485838546706
-0.2993933268047147
-0.6500770183131401
-0.7479617544159922
-0.5403565553442282
-0.3480581858274794
-0.21351061981213776
-0.15864326009361657
-0.16816393320206038
-0.1054373449563096
-0.0029841077783263337
-0.2192487138864452
-0.28665217728461767
-0.38425173625687264
-0.6372369702821711
-0.7577456964276896
-0.6786868891332548
-0.49199012670738984
-0.09864737769718698
0.15351308796224442
0.18764881670995515
0.38591437646502397
0.33495585218360613
0.1553486176585501
0.2348032623109363
0.03556609046271976
-0.22989160629900704
-0.3598673601415056
-0.33399328550690677
-0.42724043684967344
-0.3180962325942769
-0.36444126824038303
-0.3452249200693848
-0.47397249466537816
-0.11869271142244024
-0.173659853734789
-0.2171072747343718
-0.4158772608960031
-0.48428804739306736
-0.49511916389313304
-0.30232620651352404
-0.05038115183323799
0.23115030355627164
0.43604826712243305
0.7255119050435699
0.8626451336669897
0.945847023380366
0.8098713291421252
0.7381793673803886
0.5464986451056798
0.20059516820859072
-0.08808712813236394
-0.17147562870446842
-0.5516425171065303
-0.6347405615084889
-0.44068631543906756
0.001433736841510107
0.07440706816345227
0.27331710559313604
0.336616104132462
0.4973820105970428
0.5334754397950668
0.40597092705393234
0.25006468732224457
0.07811845576904121
0.05814915807239576
0.1674415439140582
0.14146759048789953
0.19434389242655986
0.342514911439525
0.33245479772954284
0.23173378499990366
0.47994034718893
0.6222888746035513
0.5136031906965711
0.27882690603620414
0.18903081215416626
0.06832149480421197
-0.10594099557797902
-0.1537898436262338
-0.07924845999490053
-0.3390090619352353
-0.12336295708047136
0.09933095975112602
0.10390773203019094
0.04860271014039502
0.006363204982620108
-0.03867964938626578
0.07767572628692918
0.16639909522740626
0.37624828606053573
0.26754463240627935
0.20001863775262976
0.07414150573000838
0.11511366175067292
-0.013642933586413566
0.12761039902284046
0.036977144101527325
0.22884924447375873
0.3252617954120532
0.4310530841840998
0.3380124024798044
0.32064377270899314
0.2558659215803767
-0.022536454043458803
-0.07939519420920502
0.034968940138183274
0.16474375248794268
0.05011425374288352
0.10639599351949983
0.1557436525655704
0.4778974648516052
0.332505529838272
0.09647014695689714
0.06474586811386776
0.001076290409517143
-0.3663908791166457
-0.39622285480066216
-0.20509982700427115
0.01931393027862395
-0.02118809407792853
-0.023776966513741414
0.1450266865668458
0.042218748314126794
0.07097288736830469
0.3854016204982363
0.6533827413189879
0.6992907353551915
0.5755554611651159
0.574945604817211
0.43973534121686214
0.15171791838263576
0.12141033974891464
0.12332737938085692
-0.028180810658244182
-0.01552639410977507
-0.0489193023950119
-0.21307394601465607
-0.49563123226925654
-0.41786938236954235
-0.33499779994952084
-0.4049826352358018
-0.20238723485518748
0.0747453925047091
0.1061404032841898
0.40144878260532435
0.6457307707323002
0.6949290014011159
0.6038343622479007
0.4349094205222043
0.2077242844139344
-0.13116379921422988
-0.16352238233530214
-0.46845284953052807
-0.4502064041810992
-0.2891844301481401
-0.24691319107127124
0.011772375749290279
0.1262752654240967
0.2700269216706699
0.40401883571149877
0.29218924385973616
0.31357240685585297
0.2545747473236024
0.10600861807367944
-0.20068130300405873
-0.2677000268043617
-0.5622557642806792
-0.5946448125441886
-0.24074097689817675
-0.10990407795342762
0.12194455603722792
0.1960936042961829
0.24584764698317707
0.2214633889795768
0.04944422720281459
-0.23811213703088105
-0.25239083211369057
-0.3712649749793605
-0.5167746610733182
-0.5139289409261361
-0.32214210767004453
-0.23717296434412427
-0.10117704745273755
-0.09072189920069038
-0.05854062844124178
-0.10699415285845676
-0.25262343328205056
-0.2696424500573687
-0.4340777190172028
-0.549339370648795
-0.453893579020049
-0.2501749901085055
-0.4123768719409261
-0.1553659156403485
0.13452820568765067
0.17680090038608628
0.28617600873335597
0.3547769594766083
0.13727339221179127
-0.008751428988949789
-0.34753248646868273
-0.5082086672199795
-0.5852784782947177
-0.4026448798333595
-0.14834855874252667
0.07928951573244047
0.3124088928744593
0.646833463103925
0.7895724151566496
0.8310953240855019
0.8352522438360058
0.7059702331148762
0.5028906767897604
0.23592546051082217
-0.10417158610713802
-0.2423922911790261
-0.5492286545147078
-0.6153093745463178
-0.4774758732710826
-0.09323905973622976
-0.022030674445916568
0.14122251857896825
0.2049831532508355
0.2314562004686031
0.45080249771214376
0.4806226945295737
0.4251079825323592
0.14296109738947488
0.2920043902566951
0.5012945375406865
0.6367257693867732
0.5693132145470998
1.3348026088023184
2.006876138166544
