2.3507532229288124
1.417838970813331
1.0301977260864512
0.4100422240031105
0.24575277045074936
0.18032504884741912
-0.039638294179560774
-0.28687234310552606
-0.3396417558316712
-0.2753598699189769
-0.07751414862875518
-0.14254085715371473
-0.21920572794597087
-0.19655226987973848
-0.3069976011449055
-0.2741599077164755
-0.055473269424316206
0.12247525360293682
0.19207643674140829
0.3607370610343544
0.1595642858335458
0.04406449342206356
0.2161709224317988
0.2933245289596611
0.1376495785134769
-0.05123382299193547
-0.2995654668099179
-0.2971364929957208
-0.4706886593804775
-0.4926799537264098
-0.4455916361449452
-0.19035378683275958
-0.015974738404214275
0.36046060950368725
0.49823255113942827
0.7653724181759866
0.7972898927905926
0.6823921438712871
0.5355820510517975
0.2864126635539025
0.3536495308977761
0.03792276308782561
-0.4929109325469365
-0.6262404413134911
-0.5141832905708927
-0.6254421574776492
-0.6862642893354154
-0.4972538735578176
-0.045729223880080654
0.13253483939435556
0.25383705307811427
0.6210540867590341
0.7307246583508133
0.6231069060308467
0.5976910253095687
0.4893653166606581
0.3403981451014046
-0.0690138531689596
-0.1656399994520969
-0.054889851869546674
-0.18561347096010547
-0.29715044110255123
-0.19392400537360605
-0.262572445705704
-0.4523733271915262
-0.6507820895520128
-0.6213769955663974
-0.6779578129309036
-0.5345586901456942
-0.2720987871458721
-0.0821619621694237
-0.12465560082436083
0.07443106001662048
0.19133154422412627
0.3169254342330286
0.07347874157204469
-0.1423651827418798
-0.32405879323512243
-0.5702723789358106
-0.6848455982713091
-0.570681579951297
-0.4387370265225007
-0.26051351659975036
-0.15641646685343907
0.032335710317867215
0.06412175608920091
-0.06384248576535653
-0.021579918835703434
-0.11170610695795896
-0.3404198983127695
-0.6197652418065821
-0.7223243729739356
-0.8817309799722716
-0.9084556004752588
-0.7842126354093707
-0.6764906539993806
-0.6171599764846853
-0.5062443792798667
-0.12526060346868836
0.1725700443091803
0.2630495539731226
0.3712519089574752
0.4016669847697879
0.18953374141350568
0.19927089317678265
0.14830081937349815
0.392736304655699
0.3697179397921645
0.1402153197313588
0.057238253465007154
0.29313004940771353
0.18936977190308146
-0.033568220874455074
0.09126594208715663
-0.03149811190003977
0.00037021560710553264
0.21907456306116507
0.2878605950124041
0.48990904521858203
0.41666292951094325
0.5260027655072937
0.42605357999711063
0.4762235832264264
0.536235117136559
0.2690829660451388
-0.10897212789964446
-0.066861026542743
-0.3531820541561736
-0.403060911084716
-0.4407681217012327
-0.29910898832885474
-0.46412758786543934
-0.4514028681406701
-0.11250770433886982
-0.06429472351693521
-0.010094835007102237
0.003163027073473334
-0.10798912175239542
0.0599742481194252
-0.04340577799511792
0.09643634090281417
0.05589346138962228
0.07564848950825374
-0.015707073359498683
-0.1429495825391772
-0.2601196388065841
-0.34619554970456273
-0.03778516475044448
-0.06368597053511549
-0.23520290854549153
0.0072970869908154865
0.11604449615117182
0.5127280970401421
0.7002951715214193
0.7925043779186199
1.657128214305439
2.731217142151813
