2.6889486530917943
2.8664857567583146
1.7456224615930016
0.8522986293086373
1.0975935874534917
0.9162774968010174
0.5343521498085134
0.5870369791392894
0.2588727516902718
-0.19268457826285815
-0.3624857483237167
-0.5881890561068284
-0.6270484955963475
-0.5041782959591523
-0.1731715750467922
0.2623925724905421
0.44623763479886186
0.42456740827250256
0.31725828142919155
0.12957861713492208
-0.07077597688007133
-0.06951955413061274
0.05637509904710608
-0.014508622457556386
-0.19532247554968352
-0.43885218001709475
-0.5299340987650645
-0.467029359643576
-0.23373129362275602
-0.22735914092175374
-0.26323805382892435
0.08395276631600462
0.32395352441581815
0.20725222921274478
0.07329855723563894
0.2077160233489452
0.17214792187883515
0.3190228579137296
0.3698567871856865
0.2657717637042386
0.142636000698872
-0.10143459218950227
-0.3461571639350002
-0.37907022631644377
-0.32531154362754616
-0.040570594242214104
0.1684102117852189
0.1316049281243179
-0.03223750990499688
0.029870321191845225
0.1347237923418523
-0.15590632433241025
-0.47371438539447736
-0.4802645970500159
-0.6950020967471405
-0.8577574908307749
-0.9237538913464574
-0.8345530582598121
-0.6166066619536814
-0.3965474997289347
-0.46674157676902384
-0.33984406759952324
-0.2282180039274377
0.0428407354432257
0.04478039166641408
-0.005032664331701315
0.09474366078305232
-0.030422639785087996
-0.3874300022641676
-0.5709054242926385
-0.5738406580195102
-0.9063832922751744
-1.0948260641524776
-1.1261498630817743
-1.0123187714125805
-0.7894467687873974
-0.8749997596856653
-0.7159462134024588
-0.5215090679340177
-0.5698967011600882
-0.40020797260536844
0.07384822905973676
0.03224193526442689
0.17250806597910154
0.2595908746128084
0.3003640751192004
0.008949586586757801
-0.20783906942215744
-0.19754371181303218
0.10804191068236309
0.09860628379786852
-0.0790640702566647
0.0669955344567355
0.25876157056476407
0.3704261360675426
0.15358900141600962
0.21499772925626617
0.4816524955406961
0.5567294452344882
0.5125514531686177
0.26416240653503165
0.1876705084822471
0.05094168362865424
0.14416272031315064
-0.07981121193869375
-0.16067763676116043
0.09398776511776094
0.1660217492727753
0.19717048584778488
-0.0395966746615267
-0.050258158780212225
0.23159750381409264
0.37006696997104305
0.23227036338180204
0.2537075782632516
0.33702588611286255
0.1982234377428138
0.1108756839293583
-0.20802965567245513
-0.323067395237133
-0.35791150335024
-0.2877241595056451
-0.0931486470251546
0.054219494008224366
-0.20954236328084172
-0.06656804204900095
0.027042072604468993
-0.21984532425031225
-0.4771094175171443
-0.4227057648535481
-0.1291138174640057
-0.18313374457965875
-0.4634397851245953
-0.3571944502452335
-0.2519572767656445
-0.3087876033914437
-0.16638973623119535
-0.0534679118442053
-0.21649047472879376
-0.23086154717990445
0.05336728650231099
0.34626640122133245
0.30471134083601314
0.36929610273163266
0.3031216197318671
0.4181227340777994
0.4746656878438396
0.4671636851337644
0.40013417145345076
0.24892565205493106
0.3156570380241058
0.3391136348163049
0.14769537753635056
0.3453465822960322
0.2081322408402336
0.10977636260610504
0.08042188482996909
-0.3174483880220141
-0.4782608336195318
-0.5730712614848383
-0.44358396026986746
-0.4305387286413077
-0.20679880692361996
0.07202486673028181
0.3099952646845768
0.21763401518977502
0.4225215496489317
0.41628414985016515
0.5349143150830546
0.35307909687833455
-0.09749141968116641
-0.24197347927952684
-0.17642540646878263
-0.23810163237510115
-0.3298516329036032
-0.595948134678833
-0.6319710899923121
-0.5173997980294905
-0.65866669031721
-0.6115423205561372
-0.2612284055066331
-0.11926284717697795
-0.06301469812238286
0.3914542123000538
0.6588111474257381
0.6424577705296776
0.6925056474728875
0.7754051075670313
1.0043652813448438
0.8645491761769386
0.7500100855273225
0.7926147655770988
0.6933605822574355
0.17923836295129375
0.1564465182289214
0.2799828336008413
0.21744984333010753
0.07880767473651004
0.29722181084828025
0.5338831652304652
1.2806235663853005
2.333808699184141
