2.8462166170712555
1.6225732314593884
0.5435579046000188
0.006202054396483858
-0.3110291014661716
-0.469365798272099
-0.4001977137955504
-0.1769635695879607
0.017735959704699402
0.10102315728377362
0.041982198574574484
-0.11143417630861702
-0.05619596028040988
-0.18584535281775114
-0.15922040367916712
-0.039485701998884314
-0.08128202446240237
-0.07020563953855022
-0.04714794568071841
-0.07157271813184522
-0.12455054568130379
0.058220381494571274
0.046484960088169026
-0.1049977290053673
0.020956347052174758
0.14445096753194203
0.1512932209424541
-0.07735732358031384
0.17037368174268785
0.14419008242441378
0.029649124550522328
-0.05237771545747597
0.17923664364033276
0.3268895622324504
0.10395702783205629
0.011336421139938139
-0.16147477957135536
-0.3714601569633795
-0.6201702952050515
-0.5825876789173815
-0.42085300309546353
-0.348035435587981
-0.07007356212431334
0.1555487185860319
0.22272181307067035
0.13143085962318704
0.13938271750564013
-0.15600385227027536
-0.10418552602523896
-0.3665971144485422
-0.44927132459847624
-0.22188043627459036
-0.33126189278408114
-0.4271333772833172
-0.22183436499199088
-0.03900917762381956
0.09163808425956749
0.2611513108622255
0.5360644245450532
0.5257368433196686
0.23447569207624466
-0.11889500211188439
-0.21946906954728385
-0.6649425539631033
-0.7775223701993589
-0.7498857307520236
-0.6201029807781198
-0.4748112342309112
-0.2890755868075614
-0.1839122449785597
-0.15874844072834324
-0.3032720594674057
-0.18579583424941265
-0.2064442621130322
-0.2893166361062064
-0.27305222642150906
-0.2993581840747378
-0.3487450502066316
-0.4000174050664039
-0.18523818694917102
-0.04231993988555046
-0.24890519194654828
-0.35778388435301334
-0.41124896573968667
-0.32725838795487006
-0.35992849764555274
-0.3872198399445433
-0.4664158722395994
-0.4073974660383359
-0.6281791413392122
-0.6093310109909367
-0.31937595740659513
-0.39522962904036585
-0.35192317819960645
-0.3275152931981797
-0.0016542409350091773
0.09480604860583189
0.0741343466545379
0.14048256147446958
0.2817102294367032
0.3056757882138651
0.29363419137071983
0.10854749918221045
-0.04769514657992428
0.016011513345599623
-0.13966335027454663
-0.21540460265760003
-0.19519319248200678
-0.34606225149217984
-0.4229188565235356
-0.20349375599649488
-0.18252634183978536
-0.4084690595195525
-0.5075859718654522
-0.6340037379368693
-0.6767588457489621
-0.8829481564271604
-0.8633712991376415
-0.6423731125743337
-0.47283201690008775
-0.4546151714155365
-0.258273722443362
-0.20904682786220333
-0.09311546844532825
-0.2713855305476697
-0.5165723625358049
-0.4107107545046707
-0.4670519874774871
-0.39894797851740593
-0.23688889658462414
0.1639045978081264
0.26121106360622
0.20987665585884643
0.3409366849947574
0.8401623227682755
1.016213199916353
1.532870917696135
2.7285131962112934
