3.014494320072679
2.5063842356622
1.8630677089563044
1.3357820732531063
0.9378075617937529
0.8008583992120119
0.6314238044433917
0.3757996005942861
0.06401099593196724
0.04896078735477348
0.0687231656643872
-0.06364582883543424
-0.018551225191006878
0.012748333773299252
0.0020774532340228436
-0.02855245474137191
0.06672983410710187
0.30990264728306377
0.28606145607406763
0.38448310456028845
0.32868314310139335
-0.04090690618437681
-0.23786056946308415
0.08711824054371713
0.2458126685928968
0.08042889332001821
0.28343661159661754
0.3516481574969937
0.29119581046323806
0.14631168530486588
0.3013980109277159
0.20881304753235552
0.08577934641149261
0.10434304127620174
0.11302686485357162
-0.2318603045922656
-0.2800875406765677
0.08845901357732608
0.16041561819566025
0.010193744266951972
0.27223081342175115
0.47941990763416564
0.3175594220366471
0.04405479187575771
0.15220798930163448
0.5200808437484121
0.4702356933688694
0.3450484099684582
0.41675914127384106
0.3552674417122372
0.20700250406507228
-0.04248993012205398
-0.03493167856530198
0.2532835490962237
0.2546653881071257
0.05326315169158727
0.24006881511683345
0.45518412962935095
0.34997075302788583
0.29011419400191146
0.15970501484519112
0.40140711307403665
0.3225222337974772
-0.11310523786456611
-0.1463585345283467
-0.007306405403490687
-0.02178722179492406
-0.44175027125600713
-0.582286514596727
-0.503624694409115
-0.45698517133577676
-0.6262950566942239
-0.5193133034902503
-0.3089590516966325
-0.4953897429270318
-0.6154818172360026
-0.3937981900119397
-0.12112912691860067
-0.1776998506466012
-0.027228777243773136
0.29015897206183744
0.5411831909802242
0.5387740299348851
0.5496620872074268
0.3230117831352904
-0.04171132644127176
-0.3266168198998782
-0.4843712292047564
-0.6269240204590434
-0.7011999454351514
-0.5478975293894519
-0.7127247865779125
-0.6244639233332336
-0.24894411635995772
-0.15798384702718044
-0.3049523317019175
-0.2680884522944644
-0.11544934586586611
-0.08449385679029633
-0.1885773252678891
0.013079720271898784
0.08912714496030572
0.022218339151079385
-0.252746704989623
-0.20304326065142744
-0.13269890888847802
-0.16357244794940756
-0.3672521621640142
-0.41556575931188183
-0.2650006090912899
-0.3859904060394989
-0.6270781362057295
-0.5264677271014506
-0.1916787839724006
-0.1128607672771697
-0.035628545309902435
0.40766017896875834
0.3848050741330521
0.341885781271279
0.3757133994860057
0.3198938885458586
0.3552245642581863
0.17789002247422628
0.4594006550507041
0.45342101588521444
0.532357721176567
0.4735838481681633
0.5083119994753695
0.38318872302360796
0.0901184500188825
0.05421121700014105
-0.038920707060664174
-0.23294737674053378
-0.15880770186354004
-0.07446578021032532
-0.03056247354665676
0.2134193055156669
0.24533878791298236
0.06704874887969761
-0.25676047519803247
-0.22861221895902328
-0.46202174343387303
-0.6502691948468269
-0.5379726936065229
-0.424601143302941
-0.7034971518665297
-0.8462372986214614
-0.7522164160444827
-0.568050347475251
-0.4204127258917771
-0.5809837255006838
-0.5865456811460958
-0.3082692593275426
-0.19120095220332173
-0.052255329073140726
0.3451105147204882
0.4412630914924024
0.37041638753662137
0.5362306580563279
0.4320224918678406
0.5140582039155337
0.5491201057081044
0.19494354116463813
-0.0450024948914751
0.018426938902742402
0.033685243848063054
-0.16211461099815264
-0.043515829220209225
0.21414385533598002
0.44346780939163905
0.5947443063410095
0.6690375423980116
0.771862025785111
0.7376518280808279
0.6213277454265967
0.41456552243513156
0.17037749869952873
-0.18157207747481158
-0.5330776171942736
-0.6636385687466619
-0.5197953926254003
-0.7137462195637658
-0.737651782093249
-0.49335480036362755
-0.29304150050796474
-0.4571138155139238
-0.3820895126467689
-0.15818698570964398
-0.241197263653665
-0.14192225437944947
-0.24525371753630434
0.017114328134732612
-0.04262775230581761
-0.013616908415024831
-0.2208355822557616
-0.23246901824847682
-0.2883787632143358
-0.3665681802915472
-0.5074804029304607
-0.507660568872164
-0.37563885591808294
-0.39537178061827094
-0.5327940378297811
-0.44306363117709147
-0.09004210852702932
-0.07531745426254913
-0.31451500917365105
-0.2132696315301703
-0.07539402679471567
-0.1731254850441661
-0.1440692609705658
0.2966618142354645
0.5999577998880542
0.6971523293017244
0.6818078561339662
0.5935301481672397
0.41706830795764166
0.07961726632390864
0.10918305295975661
-0.035868125767963784
-0.34671160879782437
-0.42107566935748925
-0.32307652339929327
-0.04191610634822639
0.14492255366712434
0.21047055508076762
0.08461410042741194
0.324473128695672
0.30553088602748923
0.017224916931523625
-0.16058238699735441
-0.03803134201084301
-0.09973843137936883
-0.39435981443983037
-0.44643529617765115
-0.1532825834814721
-0.19257104464173264
-0.48266934676793427
-0.3712106533676945
-0.12386082375817686
-0.29429667358681477
-0.37140136537323837
-0.42859839208184825
-0.2447612669784897
-0.14382696397507277
-0.15763287387303987
0.05153948293578009
0.2599341846436178
0.04591521694460205
0.12059843865515163
0.3727075461574039
0.37548039871141364
0.2221415169777653
0.36350077362330624
0.474138708972501
0.2673446670929859
0.3588300598948075
0.4472273290028096
0.46127426842432157
0.21301432223514105
0.21903098217104694
0.22295988392428318
0.0034927107699786863
0.0012572980148767635
-0.03597427876772637
0.11295690598240718
0.14791279938921864
0.2796556375429263
0.38687095044771386
0.11749000542499871
0.2224400609588629
0.39031465184020697
0.36445644510680775
-0.010182785329441502
-0.007836304860559862
0.32621242947163487
0.3298250814391913
0.09000956916081461
0.2175266499217624
0.2614971297024753
-0.12510456675344997
-0.4547420202521025
-0.3424155010591843
-0.5171339936322931
-0.7127848225565365
-0.644939623586027
-0.451746758110035
-0.48501689234073925
-0.16261270385058407
-0.09850628389874917
-0.0718480205186461
-0.18017960839274277
-0.1605387086050754
-0.11550435872005257
-0.2101864209395084
-0.04278718907829063
-0.0011202725642414334
-0.360184748088555
-0.442795534869703
-0.1286206502460228
-0.1253015305430843
0.0625767416435037
-0.06132091781430977
0.1926710439596424
0.35036012028140906
0.14245676504602972
0.33614579794058863
0.6196735130592013
0.7808575670777929
1.4250392931918976
2.5396428248407723
