2.621391740825795
1.6282286232078436
0.44287645719901053
-0.04113874689365479
-0.13055443749413218
-0.285053341814399
-0.05386890708880842
-0.09742953091109369
-0.07108837292365522
-0.10890021868999772
-0.15463814632610784
-0.14454038779024994
-0.1695636408342795
-0.007164706276533497
-0.006366937586323694
-0.03795601673538165
0.006645663642335445
-0.10873137317422892
-0.24269309294191477
-0.5632236800559278
-0.6965589037806387
-0.5077169639257378
-0.3518039343548547
-0.3993721629746145
-0.52441364006083
-0.6106591971679584
-0.47077525330743347
-0.4658597204677762
-0.34067407158972074
-0.17935704336150715
-0.14133060337079617
-0.1901930759729608
-0.3200594864323167
-0.3544988860929537
-0.4389434824086604
-0.43421895911379504
-0.4263824777314229
-0.5939574727537246
-0.6015256292837236
-0.35069280003176534
-0.14469432305051297
-0.1120228967009571
-0.06744045361176931
-0.14513891998188694
-0.19014812289408675
-0.37342300916008137
-0.44627373516763175
-0.5665126362485062
-0.4701422477493493
-0.4210040403763256
-0.498706861937131
-0.5544894036979773
-0.5048730160893364
-0.2565228913903706
-0.12315720081504884
0.09146632239915595
0.5431021675721174
0.6528805252708283
0.5380090441967891
0.5579690234074213
0.7511189532966076
0.6297145989329406
0.35262069547340635
0.153836319812359
0.3124363188295805
0.3662092630807272
0.08077586557276802
0.06143988496703911
0.035649606298961245
-0.021222456274592294
-0.26965189978386
-0.36388883681695666
-0.23500351969401884
-0.5149868885385492
-0.7648577142979728
-0.7591603740405775
-0.6240657626335545
-0.5050907195649594
-0.378799906391041
0.045330583031108776
0.1802806859015012
0.4036973715122798
0.45890854408795606
0.5288075164608018
0.5248780479152976
0.23776168849165175
-0.1871178215641647
-0.3166846117949148
-0.45221554414910586
-0.49819175870863863
-0.412319878427418
-0.08993532104295392
0.33842426899325995
0.30519866408718876
0.43102490773656277
0.44203130701595317
0.4479402412490842
0.45129607760504087
0.4789393454260348
0.5390550051233944
0.42340669289562716
0.22006003235703703
0.04872983278509903
0.19268612295783952
0.01365102633718646
-0.016238179654344785
-0.16100836086124218
-0.27647881959532244
-0.6431543816274503
-0.7744410251902033
-0.7297475927943212
-0.6792236442601123
-0.694590262486455
-0.40674215694212923
-0.10844138944102709
-0.09016320162377056
0.007086203041402768
-0.06457278767211631
-0.28297955433434663
-0.5795401979609028
-0.656465126649564
-0.5656479966546523
-0.27450707750769865
-0.08578278719353105
0.060648050393410854
0.1616900691758291
0.17390084513213006
0.067679217112444
-0.15034918362362054
-0.3736255542742456
-0.43341367801634156
-0.42548901341026696
-0.23473086367919233
-0.17837742223531572
0.08977506728307089
0.23297329078483936
0.15117799494325349
0.03468584244346853
0.14993680678008825
0.007394614075118072
-0.26352834829837246
-0.39644538633449905
-0.3617983784273851
-0.20056740984228558
-0.07257158411328712
-0.11019787910981006
-0.12734554538159112
0.19742596606889753
0.24102961249787275
0.21029859368152964
0.2275330445042913
0.07647015454821494
0.11328728081978998
0.10092260698516761
-0.10147830483387027
0.06973983140754755
0.5440347017677957
0.46900692941181804
0.5526100953330878
0.745584488919064
0.8190474085428112
0.7231402137785683
0.5195851387952829
0.31546337095953636
-0.08944453901166516
-0.33989393723833333
-0.3800682092213834
-0.5240609229831963
-0.5140077838699918
-0.2116164780560677
-0.2071081155080849
-0.48082363197918726
-0.479730254017672
-0.3739318356945225
-0.3200803846164632
-0.2731746238564268
-0.1241574416578988
-0.07843057063784654
-0.20940161447657282
-0.27579297992703555
-0.3803054394231319
-0.4190291467590562
-0.42832362990501827
-0.2752803117602119
-0.23175016105015453
-0.2792522771248098
-0.2043655358169465
-0.1493370616369159
-0.268333103997951
-0.2869527317704168
-0.09055806486182116
-0.26672579985763656
-0.26185543564106817
-0.027911881024638388
0.09028810222316218
-0.006402187963213301
0.2931660215364209
0.4945330192197801
0.5125172757567892
0.4893479371009634
0.42324630489589044
0.3170398406183913
0.026516424728405878
-0.278214120162498
-0.41564277090919893
-0.384449164143512
-0.49131669445678017
-0.2736602354282216
-0.202013673599145
-0.38675039773921477
-0.36301639563166
-0.3944817164082879
-0.21088577780898554
0.11615585502431768
-0.05017357942052895
0.20059699580166987
0.3737729537734485
0.5656688402884711
0.6398838701491892
0.6499304853438297
0.48097231009995145
0.17897695661779495
-0.23681308846267365
-0.3279390697270279
-0.43819932551587065
-0.39415008414485786
-0.5201840602589158
-0.20529736922156308
0.14539584201264316
0.1464624145393887
0.27639533255396065
0.43580199354126753
0.6155869584138031
0.6504825470285847
0.4483937604528361
0.3743746279243088
0.07910973999638678
-0.1904043599826746
-0.2061674859733943
-0.03960097778213701
-0.13885209834172355
-0.38768093779746166
-0.40885955418133463
-0.4086369334004078
-0.36366515280708994
-0.18969657949358268
-0.15687188617815803
-0.11876439264462375
-0.10360807360950211
-0.3503946593182977
-0.3423418008559406
-0.3766410422387033
-0.541245305751834
-0.5189186082470472
-0.22896876701185148
-0.0041173089788553545
0.002842652848736543
-0.03621434365566543
-0.05140231382544155
0.24816866392499332
0.1567987316674684
0.01867879079190249
0.17537332920230775
0.138077552076965
-0.08618992524348457
0.005695655863216679
0.008593316263696572
-0.14516793295522898
-0.14934387684687686
-0.1671002940650538
-0.12490156238134859
-0.07742501815837882
-0.041416537809057394
-0.017064216374512574
0.00869909957244145
-0.16066385833784944
-0.06380768669397172
-0.06670358492386552
-0.24077056871905622
-0.47121963573331227
-0.6777108656681426
-0.731823966193577
-0.5508231144900967
-0.5355007918200406
-0.5943625924888334
-0.39029800428614325
-0.18024210030734
-0.18801860479236118
-0.03723159196255162
-0.14031741780388335
-0.3275574937159161
-0.2459403912152097
-0.42750148992257775
-0.4997243492456827
-0.42064495271791436
-0.35476013356706737
-0.47023810905472807
-0.3356376181636541
-0.28904349552778175
-0.40654923141215615
-0.566455640151668
-0.4211543103220698
-0.2997419967106361
-0.449817835004591
-0.36768180646296406
-0.042538739536581535
-0.1433059324119263
-0.35451325482362445
-0.40115487696365615
-0.1955570771392635
-0.2358476300230617
-0.10929866860593981
0.21584939544242235
0.3773169494842211
0.36542399946246257
0.4177867385551801
0.44600832804697876
0.24088710525990664
0.03657013690256861
-0.03729875358639722
-0.35247373318799113
-0.48891774688783973
-0.45969228298104425
-0.24679322237084256
0.11278536525249479
0.3095317625549134
0.5055561880475492
0.6385866083245229
0.3539997827463513
0.4623009895414633
0.31714209325448406
-0.033029598968990166
-0.4607273886127849
-0.6587270140829388
-0.7973690220329661
-0.7120443645440651
-0.6483862494736725
-0.48830494869260066
-0.20945189957372604
0.10771029455807582
0.2799085822331742
0.389959956333583
0.4113774753358658
0.19644609238396543
0.13253685076265137
-0.03646505187003635
-0.08402105309816653
-0.20314783314392698
-0.22377525873797255
0.000562524754873635
-0.017492813976155104
-0.049266557388584424
0.1115637059082351
0.037208191694915516
-0.1500180424430363
-0.25735115469783487
-0.4405057636583352
-0.40720741022148266
-0.4803405458917607
-0.4991060624235023
-0.32845035580494797
-0.2856185908871297
-0.08047077213979312
-0.026276948447556583
0.24812694967929338
0.325181464343878
0.4299500882216808
0.5409795898620475
0.4726046419915998
0.28581930304477815
0.2819170432411615
0.15103773737709747
0.04172025985426753
-0.08195128971835929
-0.30984138042082193
-0.46928916449769137
-0.5232271152691219
-0.4932723649621941
-0.5017448925566846
-0.2878131919650033
-0.07687145239875293
-0.04350931523006464
0.0772022817302242
0.09799994529758954
0.06823752794264161
-0.28254889017665724
-0.4755944526515339
-0.4339880174195511
-0.3361597851098197
-0.1247490541005715
-0.06554459718194511
0.026967798847314782
0.3025214291098825
0.3527718303900497
0.16531310867532029
0.42028388967732994
0.46505923064071775
0.3608071875185821
0.49733445473494914
1.4062607515625545
2.227245985933844
