3.055502301253388
2.0285450199585524
1.3958035436670264
1.1774082050652095
0.5087773564443439
0.2645113850479045
-0.04818197351402505
-0.5596714182399224
-0.7297148458000084
-0.7131918005284127
-0.8611581398563161
-0.8293044180716538
-0.637042439582893
-0.2828034779438518
-0.143902286235306
-0.08506108874475447
0.15975744966467698
0.2497932772692285
0.20760970110326357
0.1961585060068551
0.34755764244481085
0.6941026806491689
0.6558310541636396
0.795702780587788
0.7666459876269749
0.6369087865651163
0.5439688600343361
0.22550250677861142
0.08068351531277551
-0.15052410165033858
-0.3748260630043132
-0.3422582104570782
-0.3756984112879639
-0.5237402194061077
-0.4655811938079404
-0.22770754505672905
-0.13108532059146363
-0.10759053405246359
-0.02227662728739487
0.12698637270263927
-0.06805487999850181
0.04496243817576505
0.02525510871292425
-0.05682928075582644
0.16276096694273418
0.30488887143619603
0.31871838614076103
0.2545378842754561
0.5129293675931436
0.6485656940483949
0.5083412694553411
0.31911679169615886
0.10777755444523326
0.15753869843442553
0.04814763094914366
-0.06718704798917305
0.21891471021697229
0.17964919149837238
-0.10028813696950573
0.21052644779430923
0.24159114278022426
0.26759600328165856
0.0918793974475464
-0.03032439482754932
-0.33229690262693284
-0.467199300336861
-0.46217641211864735
-0.39348860653438317
-0.4676188784954191
-0.6479886935350474
-0.7699533659751013
-0.7790064917963647
-0.7112847271953121
-0.4647761738315668
-0.12550031256591154
0.11393835307858971
0.3307628302532583
0.3792025927454137
0.44469310945692686
0.26902612216468846
0.12718331716805245
0.11476174952207607
-0.2936158975176757
-0.3353292636231244
-0.30058038279344457
-0.37357436836667685
-0.42013190722337396
-0.3123523775862759
0.08463468214783285
0.18034785465380287
0.07801876306302814
0.11674842062363533
0.20395777674847748
0.2798876825991928
0.06934217488624791
0.2555670682423287
0.19420548380292568
-0.044730179632735075
-0.09398002516797418
-0.21997233872051092
-0.2547249371264367
-0.09100263275178833
-0.24728934670432667
-0.49684817021992894
-0.6344148281836619
-0.5628146763147531
-0.3470265580577476
-0.09023791071259668
0.1349660072659665
0.18275342747923137
0.27371427698864903
0.308259588089758
0.3332283314505579
0.08428664773990299
-0.33576232766327035
-0.573576945095295
-0.645171819846452
-0.6931321316879308
-0.44742559679269783
-0.3752005361998066
-0.33282172032292096
-0.07060244032923817
-0.006427157244490542
-0.15562873877469816
-0.06103772404331945
-0.4589249358861174
-0.5964637218300137
-0.5742613719575167
-0.4335965180150109
-0.16078243422798288
-0.13792455707204776
0.12456386313755961
0.1071033765093368
-0.07231179556734935
-0.0810034265880358
-0.2796536283928828
-0.4407486303008383
-0.3138672272157084
-0.19932846898282608
0.005414052339638488
0.014285076452436391
0.1576599458904347
0.41209558644459887
0.6667806836163662
0.7422213391537048
0.6588987654340985
0.4791039279078705
0.32576246740988796
0.010406991804438616
-0.2062108875427595
-0.45624380092610173
-0.48157923828343224
-0.6663465847626999
-0.602906367939792
-0.28244863471812787
-0.2359390625447243
-0.24316461674772044
-0.2373660799419322
-0.16892847591543192
-0.17726487194703247
-0.24220816766649964
-0.2821709131410296
-0.20632306267525524
0.01755688823688612
0.254297315669046
0.4357541214832032
0.2648910175779532
0.047181973030293145
0.1314505752639771
0.03423067009021147
-0.260342394041816
-0.3332528395204981
-0.36141389794673695
-0.3168975688738854
-0.5264798491015078
-0.47794461905587926
-0.49187808006468314
-0.5157803943064307
-0.4507695826363235
-0.3429446309807298
-0.04555235389581239
-0.010695236813403133
0.12705718840740707
0.21278770990083043
0.22400069815817392
-0.002911429847708834
0.2313631119115975
0.26023812533199253
0.1072957823406645
0.19835789652296645
0.30163250533701363
0.22512218555563562
-0.04982064669596653
0.032315382876566365
-0.17929725399235769
-0.2890347094492364
-0.24180160866537043
-0.26681095979513414
-0.4759120590956886
-0.2914837317791833
0.13375152948091237
0.36015110901848946
0.2662085162690875
0.25386302537471384
0.27497392740001747
0.381958891336177
0.8664362846774387
1.9253124208083323
2.926825612100909
