2.2855212538188843
1.0482283785180588
0.1911016590419951
-0.3305941074838804
-0.49822897402163613
-0.6422998047427912
-0.4842194250467319
-0.4639279438148326
-0.46013184445877675
-0.39248498863467995
-0.4799499000113841
-0.5664016649728298
-0.4701479563271661
-0.2570708972422976
-0.3696608935877847
-0.1323894194702912
0.06125753969421866
0.06606987892335857
0.3193121678433375
0.4608067574970444
0.48172239494418784
0.1929726985647732
0.28109683929980434
0.46584999798114785
0.5002888816660622
0.5296952912308027
0.4989605737718284
0.20212315235095382
0.15613689314529763
0.13907238371112252
0.19274079876511244
-0.17163689333284013
-0.10419740079912285
0.04686591698095601
-0.16554830237456658
-0.2530980138014194
0.03338835854509623
0.14684296277763464
-0.04380278493997757
-0.12778987882121956
-0.06367901508694485
-0.0987148882512646
-0.45092029246548126
-0.5771479337644274
-0.50940416799514
-0.37159298343357894
-0.3586222647716802
-0.09320485727246319
0.05842761685856924
0.3596412655499208
0.42004169857216095
0.2714856600538063
0.21383148015899728
0.20865119288129758
-0.10380068504156745
-0.2768298397646369
-0.28600736321766096
-0.20584349457671774
-0.1621434053349966
0.04753581837080331
0.17683510808346986
0.16641640065515517
0.09036762852900329
0.1250986600399946
0.03777015826378497
-0.15242495615882654
-0.6422119777767075
-0.816479236322653
-0.9012263582266813
-0.9525760829898402
-0.8025843738592118
-0.5388339086752426
-0.5685209625512699
-0.6785795577612643
-0.711874458683326
-0.8694785857687409
-0.8591536081919695
-0.732599023621896
-0.7820413517487932
-0.8644436597846211
-0.6602313902741797
-0.4240230517424811
-0.2206610500945463
-0.00896941623725711
0.0768579114077729
0.37261011898424024
0.4796746195978294
0.38608162986369743
0.4061518891077867
0.25306741077659134
0.14801259104464398
0.18056975572952366
0.159929411888447
0.44071417764490856
0.6250317113676441
0.6698536931489786
0.5450958347864353
0.7087918386174574
0.8643393185339248
0.7291716631521886
0.6263986550276859
0.5739126073733795
0.2131218891668207
0.20677125277815164
0.23168359107369735
0.10940684416907442
-0.06339954270289619
-0.23675799691067514
-0.3764753087921814
-0.5415589810713572
-0.4072628448558016
-0.28498955314029467
-0.0555178843257545
-0.013082390587945275
0.27719761673366433
0.1800349942385467
0.21626763714879263
0.08688442504341953
0.12675272564765988
-0.0038641984323535463
0.07724561011341394
0.1830382725109294
-0.02580806006178863
-0.020987116148059037
-0.10241852446209412
-0.17009465027600218
-0.31739136981289845
-0.5074487764640696
-0.5751098235431378
-0.5009416224313321
-0.679527566771129
-0.9168597532246432
-0.830993365127338
-0.8006405134045051
-0.6941958558362693
-0.6193772954762535
-0.20564209984956694
0.10647509348772635
0.06721736197333164
-0.08306734674158678
-0.11142106798288756
-0.18679021673148657
-0.3120490326992357
-0.5132842991285407
-0.682485220901849
-0.6927282921077343
-0.6249922188211513
-0.46048383099170637
-0.3281143124084567
-0.21244130475473103
-0.4185152666075418
-0.4482803591701286
-0.5280317079221843
-0.5965588635552869
-0.3760118178361383
-0.2840080670008884
-0.1857075668998257
0.06584002965543126
0.27266105119421347
0.41927704900164753
0.4003427066985181
0.13804873789277067
0.016459686569867706
-0.2141054591444219
-0.3771578750985491
-0.43229690244164043
-0.5230321531113524
-0.3733220487550499
-0.08163218604514222
-0.20764331244127765
-0.2332467411787811
-0.08328865232453127
-0.1871656514821427
-0.15519718463116
-0.23942601106508715
-0.1517070807841185
-0.1599819888547718
-0.09701174218720378
-0.13422750996064559
0.07150883113078722
0.25035975725343307
0.09100712737630232
0.2983014102202255
0.5372628648248877
0.44253126894928774
0.3310231607744324
0.6110152270589262
0.9259113994369168
1.3389085096165911
2.012583318014856
