2.7230014151558732
1.7134998587025416
0.7275904026262432
0.4151398423969177
0.1477071956405404
-0.0409392750309535
-0.2848706388824288
-0.4173475336174868
-0.2592727171739586
-0.17411815344356765
-0.2042331683564498
-0.15371653187884482
0.16751671149505906
0.24348111750436074
0.3374301250116385
0.4889118168863968
0.3723037585588582
0.336377037924943
-0.012429493880639571
-0.23004150010257612
-0.18231949238878903
-0.24118842283991437
-0.35802444738007905
-0.2660283724968159
0.088258015210853
0.17201160632487394
0.20279832091868397
0.2755440639836114
0.17047490580377395
0.3106918874190274
0.38663261355010614
0.30651749471448936
0.13111725399225274
0.17500003811736173
0.3201685630799859
0.18422336946796192
-0.056522417537780784
-0.06161204752724044
0.02222702902007266
-0.2947120788216941
-0.38462697683769664
-0.35253533037517903
-0.181496498055055
-0.26382840695221627
-0.055442830040458864
0.23615733304546724
0.25126369381626873
0.14383755819560184
0.2679240960465557
0.404622829558832
0.44825012421805577
0.4958151724047645
0.391626607159942
0.3260091549582895
0.37732120591428864
0.2672972418631718
0.13644501297614914
0.05573781791823231
-0.06927649125846654
-0.3150216484460569
-0.40288044641724247
-0.28973894364715974
-0.37683937958854113
-0.5259151298479169
-0.4458137577303675
-0.150897457628923
-0.05206437754633569
0.1170626231907848
0.27578785410730156
0.37627916069540196
0.32039811268216933
-0.002791993378872648
-0.32471586963704546
-0.5174855504241452
-0.6756076598671128
-0.6711177497844931
-0.6886580479077075
-0.7320587420860359
-0.5223599001232446
-0.19160205657836965
-0.3417424541874117
-0.4712313622744152
-0.2534802210035726
-0.016724181268072628
-0.027858752892447762
0.2136963880916727
0.4967264032022538
0.52131940492602
0.3240490756603093
0.23682227493464617
0.17052613953398169
0.12284751871614893
-0.20509757207990936
-0.33962689973910665
-0.46647609526004896
-0.4500550500452765
-0.1769147720806159
-0.011162303910738726
-0.10885474948507459
-0.23829076915053826
-0.0719585661670634
-0.20681580295886465
-0.33632588698245913
-0.40999162653060883
-0.31261362801249726
-0.309998368048073
-0.21018809582655945
-0.04182801310325729
0.07994959586408965
-0.06426437831487294
-0.2497816981925956
-0.1477824141181398
-0.0009067621117059485
0.024515309324667826
0.05325817493713654
-0.17872478965603986
-0.3999408918891768
-0.2800023952863146
-0.07378448112002023
-0.275032572694544
-0.2986364234206428
-0.03618779059037608
0.09257512760595275
0.03281537016434828
0.24715809896695914
0.33864941461955783
0.22984063371562427
0.43697522713728154
0.5764084295432388
0.4432684333078054
0.12851140399718386
-0.19693125173263412
-0.1833124153388433
-0.3612735916792995
-0.34565776582717583
-0.4024588096564274
-0.12264408943886125
-0.16779814636558094
-0.226746642107986
-0.07045171796554685
0.02421915222265471
-0.18254092773079877
-0.3377153794931832
-0.3317656217152158
-0.16887766763570505
-0.10645637651334006
0.08348247159805687
0.18821479080198017
-0.09390151800810534
-0.0957572439963526
-0.23939448712512876
-0.4232676897617338
-0.46260821585038436
-0.4470153871115586
-0.438689865919319
-0.5377896874593897
-0.32812764012892504
-0.3255763143984148
-0.4623002691910163
-0.5550015415483847
-0.45682378557089026
-0.39212822318904356
-0.33192441697506214
-0.09664524867443408
0.11748068697758024
0.12233257837273435
0.24549429877408152
0.33945569781677387
0.3212091797864241
0.22018059259299494
-0.007130915449915332
-0.18591193542219617
-0.148666024404923
0.11243918619396492
0.07250122018081942
0.07068661245528847
0.060176710624317925
-0.199467732454215
-0.23844418819887958
-0.35727353799127975
-0.26706476806943336
-0.4179601249325344
-0.2705941790638694
-0.2416222263921478
-0.2618644253901193
-0.2350373986682518
-0.07449137927267772
0.051362735370827625
-0.12378972326235227
0.013221955009896716
0.03006365929089722
0.046691056927645753
0.025839373785700358
-0.15271923839898868
0.01413112674046537
-0.0013974311421923666
-0.18991597498142576
-0.07612209679653742
0.1569969779803636
0.1454260797100803
-0.20663554487477298
-0.22825998919994406
0.04919839141438253
0.044198355070188475
-0.09342827605607665
0.10725003553966896
0.002786896034986941
-0.2924678790486947
-0.28233220540570186
-0.40762754442076127
-0.4362611107733186
-0.39259508545548555
-0.2203107060498639
-0.2224677181842713
-0.30574853058942836
-0.11884485779599495
-0.11026729709623567
-0.09637459080672472
-0.19862222027768175
-0.11179807048712427
-0.11029675515964743
0.18993680471475444
0.24186551477566276
0.5120073600465813
0.5527790781548367
0.486353154792618
0.46014598773237714
0.2640995097933955
0.029004293827011977
0.09869254779721517
-0.12873467576514086
-0.1667999341548495
-0.1432026647449902
0.05206283286259414
-0.13495453267406735
-0.17621222340052503
0.06615845269531653
0.031527766293382394
-0.20976407714127598
-0.18331815870957133
-0.1540426356416885
0.012811684882871526
0.023955288968469664
0.14771878812785472
0.0024906445539491055
0.10139524518689874
0.08186835117964456
-0.09078895788991401
-0.04088099241866482
-0.18119037012947553
-0.4163056563256537
-0.49484059856183665
-0.757444048262159
-0.8419354763814806
-0.7144910790817046
-0.45560482645820877
-0.4294237898995961
-0.3183772453223468
-0.01705216775014988
0.22571409942976056
0.08806236017657314
-0.14432458618761215
-0.10353025419692338
-0.27752432332687305
-0.5550840795283875
-0.5802828046616076
-0.48102270107992373
-0.7594020975680952
-0.7759133164823845
-0.6052393813318591
-0.2838739697489909
-0.277013275668423
-0.23869720421212573
-0.03355789971672935
0.08837469578411172
0.0333421925430204
-0.10520185666439191
-0.14603631378529158
-0.27596258593896056
-0.5527305815658589
-0.6572366969240316
-0.6693172255717119
-0.585114478993842
-0.6301727646225497
-0.4704199736781485
-0.09769905972483271
-0.07551746958795452
-0.15948459261324566
-0.20809052618319368
-0.130661870355737
0.058805650935448955
0.1384685634920543
0.17878594872087708
-0.07400847364487873
0.0201291495220957
-0.020735046133048662
0.027137843924307743
0.18931168353424668
0.2633774061328488
0.45454269977346906
0.28204826802683414
0.25415548910564006
0.4208305331034589
0.15133361658800262
-0.23374520968533125
-0.18493254824317334
-0.23205119173092414
-0.37036566283368366
-0.3271366154188537
-0.18030988867970174
-0.10547363112510685
-0.31107183652286563
-0.32519480517576627
-0.19313545793907375
-0.09739082982029443
-0.3547876190161852
-0.3380491434448193
-0.5349227884862358
-0.49077724035106257
-0.323826907194073
-0.21044773161223246
-0.19445033385203947
-0.015127293160215664
0.012992062708169482
-0.21454293556790965
-0.17986748724661175
-0.12378109561121856
-0.20152222741892253
-0.10726538727504498
-0.12331085194385948
-0.33939410306234263
-0.48416148625329
-0.5757996079307475
-0.335023397126862
-0.23049713116241405
-0.4241947373799329
-0.2654606300313869
-0.11892366457732151
-0.09557126659207194
-0.1020220439076698
-0.1485113128380846
-0.25718716711416834
-0.45057053924431084
-0.6434666051763022
-0.5912735076922223
-0.6981195083545025
-0.8516208683395525
-0.8062329385180173
-0.5205593486446656
-0.4217124101385584
-0.157514618361017
0.020010047095800378
0.15762566392944777
0.10500876604098383
-0.09143562161686955
-0.0706896072039308
0.09590851949089745
0.08226063820484429
-0.09105871317308792
-0.3206445046638646
-0.34309385797166375
-0.5684663380875081
-0.4379737189542743
-0.5262795698602016
-0.43525669642862064
-0.06108383629186217
0.19133287064387317
0.21923301372568332
0.24136057335781608
0.32941408136833467
0.14087404528618241
-0.10843557835039913
-0.204726080921193
0.03941303037809199
0.02493740125713094
-0.16131152256176987
0.06551648239676611
0.14110898281640857
0.25165697451904756
0.07807222717909729
0.24241461893548852
0.5668697854984914
0.45914054395670884
0.44486920451900724
0.21886022018810258
0.195943914842913
0.07263830102128063
-0.0997145734974545
-0.2589051747950066
-0.3180247950823208
-0.4682176346082335
-0.5088109190617898
-0.4302676156185689
-0.15314820646628716
-0.06737372780303408
0.01762679753925401
0.02536325602279727
-0.08605355072097193
-0.02458338664883432
-0.30279660459917257
-0.6354365128323981
-0.7804726661449665
-0.7696046397927934
-0.8249043733789945
-0.9446850708827497
-0.8546180027529501
-0.5349816200732345
-0.45233487754253193
-0.3962042710680549
-0.1945620347573187
0.3216431430225057
0.4153902003343484
0.36780302725146047
0.2726408106295501
0.20955101251578132
0.037951813674343235
-0.09649636033100156
-0.37478915815225367
-0.3869578441891125
-0.30754567101095137
-0.3028214565778325
-0.32906318133486034
-0.05640304620329597
0.174425796027798
0.13142181167322292
0.1976087038636486
0.1279905014509036
0.1894818090438659
0.11370394321400788
0.2809006114414292
0.28947113442673456
0.017057746529619104
-0.0659912708574747
0.13634872599790976
0.21735896635413324
0.06942621844790023
0.007168811508064518
0.03376280764033439
-0.08857144779069756
-0.09644409457246078
0.08942550404683094
0.13881718645433153
-0.007997784150508011
0.09912519121176835
0.4281441669622638
0.589789686216888
0.709085309671613
0.6419035786410042
0.7102362835016112
0.6653641804428188
0.5555699741064446
0.3243241404639513
0.4595285312134644
0.40688210615411524
0.4610001242062436
0.503058102486318
0.350579733305849
0.5618600579831805
0.6262728958890851
1.0810770219166705
1.9858689055397791
2.9956824947438596
