2.731923623986784
1.7311585860352265
0.9304814716558529
0.9083246988304381
0.4835597429849489
0.19640648674257036
0.30945902411393833
0.2843802910909917
0.11600399770215788
-0.022609523791857863
0.031188799581850397
-0.024155394402306303
0.1063115398868178
0.04678189327275002
0.3856968941187192
0.4072822765506187
0.305229307442429
0.21294228565346596
0.27328803027278936
-0.014108407373805153
-0.2136182128730239
-0.1576913189352232
0.06656928676808702
0.07669143728012978
-0.04294368240528649
0.15422775160256963
0.08728954447335191
0.05339030516193345
0.24743639578420187
0.3724801026606629
0.32092690727816553
0.13601286226027898
0.11312584195915816
0.22675494085561104
0.12319926554666251
0.012862424152271894
-0.1437950208258731
-0.19240133889519181
-0.32828466787569993
-0.11005730139578423
-0.20703356921216756
-0.22128347421186834
0.033989005575785096
0.018954204729899744
0.22852065062427424
0.36108793772990044
0.1911732986418627
-0.025032644005092926
-0.20226392037764857
-0.2749090330721242
-0.21174351234959415
-0.02864182375515751
-0.1634015091161355
-0.0038661250286018134
-0.07608728164219361
0.0744923453431445
-0.031051359812230252
0.07917019050525914
0.05885694614031505
-0.07176874717600706
-0.09839053790911
0.06641954991275482
-0.13523988739294604
-0.5212842337965014
-0.5648279863754788
-0.4705783041713013
-0.3396925382150171
-0.24684385477927223
0.16197549097325914
0.40245611875945436
0.458229989180769
0.30676580966280736
0.43983904341313973
0.5329827732277538
0.35628520214010795
0.5911970503081739
0.7434195594809682
0.6649424470864326
0.6313722675492623
0.6058607799270871
0.5589378372668002
0.3805195567369413
0.17882709278038
-0.2375320718477994
-0.22275114637008606
-0.3555367715318908
-0.4763586900323325
-0.5764068398925374
-0.39218459532949546
-0.48070989296503674
-0.4118702932108911
-0.27011648909480795
0.05564929226177483
-0.04123090178045016
0.15533850020012502
0.4026067457191859
0.36134499113900553
0.16840419992228944
0.3213908007791593
0.475167144661921
0.22534423523909927
0.1266584993922788
0.04786409842562442
0.2121396075327297
0.2172091146258397
0.019606182541047006
0.022067196036869463
0.15935101054519538
-0.015886096649145344
-0.13218811220006696
0.05794555639147606
0.10795135472779456
0.19480363025739916
0.36245637792015106
0.6716538310097105
0.8428205217212877
0.662468320104202
0.5970758601297284
0.7117926493440744
0.5324710698038638
0.29069203143400413
0.2365979435568912
0.22367276359861166
-0.03761800642264507
-0.3819947839140868
-0.36204080667488553
-0.14319076459563795
-0.2993389498495756
-0.16294618712212033
0.23936012142377194
0.38483019321133494
0.19401919163758835
0.3024394536502358
0.514620138428824
0.40374830047715077
0.09453556491861215
0.23999357504188937
0.3204234707563708
0.2341551002559713
0.43334292445067385
0.6947239661821817
0.8444062712999759
0.9590405267181232
1.1748573517354453
1.3972741969190963
1.8853475440249587
2.378363571513136
