2.7843826673312755
2.2099385617643574
1.2011839309302113
0.6581396536685132
0.7633393016562555
0.828141575270167
0.6343977388631667
0.4723644888200119
0.6150896334610841
0.4672885138986554
0.25248800857547193
-0.0971917209948914
-0.2810226210916593
-0.39326458298385913
-0.28652967090185977
-0.20060957279936176
-0.04103851538397267
0.061325755830702496
0.30282259769628195
0.41957238751054904
0.5754111995424585
0.6998134030298038
0.8206029262654815
0.8283526465153612
0.7577378024695646
0.6473455576042562
0.5350944603593483
0.26838065701522323
0.04366879316214298
-0.1614745357037088
-0.3020031579471509
-0.27225581177241476
0.06369493951887192
0.2547402305946429
0.22545417976170035
0.17367813455981435
0.15949724972599974
-0.21703573157977188
-0.4465005333978472
-0.5481320120094932
-0.45856254915976064
-0.5377584530622516
-0.4413849660939022
-0.19828332489932116
0.027829203662805075
0.021193528534880293
-0.09144964157380539
0.11958573645085865
-0.10334844427218713
-0.24041870939713722
-0.02779840025472602
0.21860539329739098
0.07222066507294067
0.20620854481486822
0.21360556552489138
0.13717381375693116
0.008434800977800836
-0.10559939981403102
-0.028568783425120453
0.18777330730864542
0.08850277541385199
-0.051077668904741
-0.22813849555521978
-0.4768465734362237
-0.5816977688561303
-0.8261056715151078
-0.9225299705012715
-0.9168239579327688
-0.8911538611648625
-0.7178900109180933
-0.7117474044116039
-0.5549120928650254
-0.29155779775128854
0.05099415293652552
0.2681754431817412
0.3012075894255159
0.24386628725129345
0.04509507677013903
-0.21037487049978967
-0.21737899245770545
-0.2993327229194527
-0.32673101504073865
-0.2251944188044917
0.10205633398450512
0.2934427146270172
0.3978248522063437
0.4719561801727299
0.282815109029239
0.1288560947125666
0.22363872247076905
0.0033540436752672424
-0.02284694871469485
-0.22674270130596516
-0.32284877546606255
-0.3038150046132985
-0.3025329022860949
-0.19495685138088864
0.04201419016779706
0.12194888016450542
0.46565002035546
0.7561037384253377
1.698345124837982
2.6532267702166514
