2.911716948885828
1.8243793161887034
0.7759081377668446
0.6255165635960683
0.5015160744759009
0.07472384469495993
-0.06781305890669102
0.15286933110238204
0.3795151216640541
0.37782706066446464
0.3617212104141856
0.5118560667530128
0.5663177174265128
0.36664108761314157
0.3265411440344704
0.3130346019275718
0.012573275565018487
-0.06214712518541935
-0.20681738193073593
-0.36056651272919715
-0.276285286221841
-0.3365674804366773
-0.4794694456649719
-0.4825694166678436
-0.2465214400310506
-0.18056861899704055
-0.3280524094433239
-0.31993638689753673
-0.38002333082117346
-0.3854209624681269
-0.41378238160948305
-0.4810266996649792
-0.257893754027248
0.13134508306877685
0.2676041928432694
0.2298899976370574
0.20815432846485843
0.1348635860236601
0.35273840833272874
0.4022117731663903
0.38496094711046563
0.3262501012274465
0.3178772010764281
0.06699257192281187
-0.02856223067638709
0.051572797847792416
0.11068501128471325
0.04056345491896172
-0.12079160544333845
-0.30326697967785005
-0.40095705179292
-0.6024172714862931
-0.5290255171474243
-0.43533425605604226
-0.2810253680209099
-0.09553269210743265
0.02228306548655439
-0.011791620283838932
-0.16379902795028775
-0.18570151641340593
-0.24407780113394537
-0.39595935116295344
-0.4413648317829284
-0.4919186472430497
-0.5771049379067434
-0.47527433101998495
-0.1799735853748789
-0.05233551875034011
0.31646283069694575
0.4667499027235502
0.44354344660103134
0.3502047035889857
0.2550217352739386
0.28845325049280457
0.3359869557727182
0.31100939776962994
0.37859178641966207
0.5172017910693443
0.6683594742154877
0.8458861209552402
0.7488658983102522
0.4899491643100903
0.31401639420898286
0.21178864634198016
-0.16459343386239683
-0.32043702195385804
-0.28946372377839863
-0.4673125865878464
-0.5399139815461225
-0.4217019533942716
-0.31520367328503407
-0.3159087519406357
-0.23692185257251835
-0.5090630984074109
-0.5674525806731728
-0.7746389884595186
-0.7749483626119593
-0.7477216950555354
-0.6996583729429936
-0.46749185520232855
-0.2714517639176408
-0.2360667887126807
-0.12508474009250606
0.1970920722146941
0.5088358630926834
0.5300189355460035
0.38375358903459045
0.5427457216325897
0.7205166160893959
0.6709090852671763
0.4609042823859078
0.26006021530375945
0.06028110492357886
-0.22474006272333574
-0.6117075608916229
-0.6848426798370575
-0.6142384133794256
-0.6037313451667929
-0.6026777297071668
-0.4971457439632112
-0.44725860840568826
-0.3696691830541049
-0.12552441602678543
0.12047413231206475
0.22148993628465408
0.20008419000018446
0.4131251585023991
0.4860249389928688
0.32425129275533876
0.20952768558202606
-0.05314047160399566
0.03395185530758338
-0.25122731974707585
-0.264049024273515
-0.14089708505838552
0.05898248278639086
0.08789282100474083
-0.13935974414908425
0.08575714621022879
0.18938832884515852
0.2846680511964209
0.2894103938699261
0.24265507492643865
0.15341276430709067
0.019255046658283054
0.12964925316730083
0.15096897835228293
0.09171857375021883
0.02319097198028417
-0.29863986572978934
-0.39306540799227063
-0.42899853384477826
-0.4477342069440284
-0.6192992724772775
-0.5481682261561095
-0.39184941272723933
-0.27915309688773565
-0.21554965077630941
-0.08797686200942227
-0.0435790846240306
-0.15597386607376154
-0.13755772315958756
0.05763295950375433
-0.01719067196256562
-0.0753205253284076
-0.1228732861903645
0.07077063166070235
-0.16865481579018762
-0.3425327101137642
-0.13623892957651243
-0.08597924925640793
-0.12056784526635636
0.10900049345000334
0.16704204993659716
0.10493177070027052
0.04460362968090743
0.15674757833580855
0.18336644290774312
0.15488491790696163
0.0033394810799415157
-0.019800991619997856
-0.1177912511233589
0.06546167242080111
-0.002255413009906601
-0.11812388692339476
-0.28080454498424945
-0.2789904168305218
-0.4724371877819422
-0.45506704312027285
-0.24991017218576614
-0.13850407017407712
-0.14262417803724453
0.3019807476725915
0.44752007911166386
0.36139664194684773
0.456943580396081
0.6267323392742222
0.676083811260672
0.3048590693331648
0.30834355355119636
0.26601771104596333
0.2659691418692781
0.12813353101229613
-0.019965988741271923
-0.2953273110560892
-0.3255402751101626
-0.22666532802848022
-0.017519039704944325
0.008348137030531177
0.19065176020330912
0.3175572091415393
0.16356391208584892
0.19777382258001558
0.11611202645009204
0.09442574824269112
-0.2593143777103245
-0.2459102141071734
0.04052908920548858
-0.07292492183969224
-0.1696745915380029
0.2445447603700675
0.278091765551973
-0.028316113999812716
-0.011768943343451063
0.04657505753396769
-0.05629268103446647
-0.05247642645083113
-0.07044369198826758
-0.03691125704170611
-0.14525340240142867
-0.220023621501287
-0.09531560226387653
-0.15386474858165475
-0.008869932374744063
0.0537297057818571
-0.08755351896959407
-0.12237353159448347
0.10589404294007601
0.2657242799035934
0.23954616271970247
0.11324072463410811
0.19677883523785147
-0.02637433071384973
-0.2753684070702693
-0.20764688880129212
-0.3265686519101004
-0.3693362014118596
-0.21386389154177365
-0.32054598119879896
-0.3313486721219238
-0.17097705828153917
0.049355080621648256
0.3957218160692439
0.23553787114893623
0.00922870838013989
0.08550277564803598
0.03286068443467685
-0.10434452581137171
-0.02064920599154646
-0.023232659131246593
-0.3089092573910705
-0.3372337841857167
-0.20295041612967468
-0.06103992493666831
-0.2573431978367979
-0.2226420419441858
-0.28826693899830386
-0.135093048368242
-0.18208852637939113
-0.15125021515183532
0.08394178705180802
0.12075859535319232
0.058410786869900644
-0.01096604703972016
-0.16949149682638218
-0.22373379408230182
-0.04200555063502089
-0.08414870766635484
-0.023759778666010027
-0.0016854966454979137
0.2695964834498154
0.738803372028849
1.660911019467632
2.458589976665863
0.9415444320877849
