2.947130634900727
1.5149378305974601
0.775967459911337
0.23718613663075608
-0.0429954655648955
0.12241728133932883
0.0396398967936579
-0.33519197002941614
-0.2331410920895238
0.11700954199059277
0.13263371763135207
0.11310939001434848
0.0962020464376474
0.4355461197453994
0.4965961276408041
0.3165095747069916
0.1931668977636248
0.10422714086120013
-0.24451561720327894
-0.6338614960043917
-0.845351758159724
-0.8549202125750811
-0.8626844230925058
-0.8227809200595182
-0.6746479194210879
-0.49765689928812323
-0.48865986002493367
-0.5658977625650772
-0.5215856026437997
-0.3327868078565216
-0.12060321555844931
-0.11779569274974935
0.2236561867436922
0.2548866671798144
0.21777279803357777
0.38186322489478824
0.5330337827487429
0.5560675563402869
0.4636585929526091
0.09341767427412005
-0.05217799612649285
0.10646867937340174
-0.03878190425707132
-0.2517231008478406
-0.031669338690296436
-0.043331170950705634
-0.3966368116455637
-0.48148584070507405
-0.2567139651947976
0.012223204809010218
0.004267731237171337
0.2270395259911827
0.3935420792899615
0.37197084851403567
0.32143817277544035
-0.03444085118993205
-0.21558144956503295
-0.037209650337396635
-0.1165288410243146
-0.4565789819636647
-0.4412406005736479
-0.17083339906602024
-0.19523040960016685
-0.30372137967670754
-0.09327659616653403
0.18547622310136017
0.1999401413861877
0.15480069458278456
0.31366293759393116
0.3935400808430838
0.41320640321148994
0.25189280998950714
-0.02671745282476793
-0.18932023350836444
-0.1093135713639385
-0.22798822026877447
-0.1850985691161242
-0.17395505930823435
0.08138192693586786
0.05406219016010561
0.03603094220627935
0.45891358094103424
0.6687522105477182
0.5526419711449112
0.5498219061736478
0.6792823124028097
0.6312954711075719
0.1721472910039407
-0.10269115074265797
0.03335861846151102
0.05840876522154526
-0.3874698339301987
-0.5689269782319856
-0.2211652823175585
-0.13349690759751587
0.07686863765519111
0.9181340720451268
1.8073497411743475
2.804386568622248
