2.738153994621574
1.8874084898219687
1.2946750206072368
0.6800935220024203
0.44153264600674647
0.3993877896421866
0.06471004809854353
-0.1965782725244965
0.0452243117556914
-0.17389321815136305
-0.4219153200641924
-0.25456368326250806
-0.06802655427899468
-0.14354961535336289
-0.029338123120115255
0.256378841716888
0.10826902150609675
-0.18857612306052987
-0.09898208622612728
-0.04016825916210209
-0.3860132937404843
-0.4767204196750621
-0.5302681791999504
-0.37805449245948114
-0.582255525325558
-0.4487670113801335
-0.3141821978328951
-0.3960070520794262
-0.6063502723916039
-0.6459330547054427
-0.5204134419543013
-0.5610845522218827
-0.5907314108049572
-0.7946370991010075
-0.8107854421144716
-0.7817542045783954
-0.7189992907705468
-0.7146921293649683
-0.5295078171391565
-0.5887940129265631
-0.866181264323704
-0.9756330274599871
-1.0823351764725104
-1.0916941999739351
-0.9676016803881111
-0.7468824104205197
-0.4812440260133758
-0.30694367252123833
0.13008053044080647
0.2585557915673372
0.2542215257740925
0.4281318733124556
0.45993977340542896
0.38311169864090705
0.1150944069737663
0.15961973481371872
0.07799457968862747
0.07266602241011687
-0.08025593021231303
-0.32636645093672434
-0.42743868464957363
-0.4479382881755015
-0.5783422277519527
-0.7196009614385052
-0.7833949376108661
-0.7856898348630438
-0.8634675508003731
-0.7717778731440615
-0.8304305782839653
-0.9672375387127479
-0.990978959946708
-0.8990459238108159
-0.7751231973837467
-0.6410189356760143
-0.3372953471759444
-0.07595218834440554
-0.018070926519251525
0.08153243185618134
0.14154285416339774
-0.06861971698980579
-0.0042577010790657635
-0.040854389725812054
-0.1290848014057479
-0.24954959694921824
-0.1542879840306801
-0.21215307590144436
-0.04615643087868503
0.20716473276305358
0.17334746056244482
-0.12737183661939463
-0.17140829797341572
-0.22457873499658695
-0.4459178852767454
-0.5039716513026409
-0.29829791737751055
0.02399498992917041
0.1237172364764213
0.25304883631777164
0.2749905106281214
0.17840074074661813
-0.16831728532922235
-0.23543172222785408
-0.009245350176324524
-0.07265548232409008
-0.3094483559183193
-0.5327563245713356
-0.48584504307564963
-0.6971982936141735
-0.7126683246720291
-0.5653212891884523
-0.7123134874870047
-0.7194736236835929
-0.5817300174957067
-0.3366669857013584
-0.48527711254917705
-0.3482647669061261
-0.39958226132999924
-0.5983151874319952
-0.7317783477508695
-0.8090117252173149
-0.680358282601071
-0.9004571630548498
-0.9381002826127697
-0.9072464293123327
-0.7346532276341755
-0.5398494639243142
-0.25165971223049377
-0.22975585190986708
-0.050470939137661416
0.05823638187262129
0.19051314516754586
0.23790767011944988
0.03347430038718579
0.07972474644621644
0.06029854979753987
-0.10291786302627748
-0.11978487778613511
-0.2154846838737168
-0.36458547064474406
-0.6095905211952999
-0.7441056541062394
-0.6867598683575016
-0.3864967816401119
-0.4266613025110373
-0.5783504778882831
-0.6214634049026923
-0.7399335371279161
-0.8695286018565603
-0.7925678061798
-0.594512788751986
-0.5187469357789309
-0.6052524685198806
-0.5354651973518957
-0.32448369523776416
-0.33132608147278875
-0.5540582349392164
-0.4841609147644974
-0.23183975117749814
-0.35438879650049604
-0.21396293355697787
-0.23012636534106998
-0.4127220709482062
-0.44003007169028036
-0.6062339051503436
-0.7888611793172104
-0.8556785274834015
-0.7846623413148288
-0.6833977161775467
-0.5000919746996263
-0.4930296980298622
-0.5314754950830819
-0.40170076014723144
-0.3762962766882968
-0.572475381711461
-0.8915216576322865
-1.0459047856069783
-1.0352951660542185
-1.0090172056070226
-1.1222578462948913
-0.9923960309704996
-0.8867773825224723
-0.7556379130943117
-0.5560822517896185
-0.20528641224451985
-0.01607107108977665
-0.10388580919713791
0.07816584098845306
0.4446889991082803
0.668830782278607
0.5232505856262812
0.6177850349559387
0.7559637270356175
0.4875599827180714
0.19764587702948486
0.3005699136698662
0.3867175100947017
0.32792365091922565
0.1600349066817122
0.15776803418681917
0.05602356694263566
-0.2929261109609993
-0.4138514303951756
-0.35232052783586587
-0.46781436944420307
-0.8957996563776058
-1.1408194640574292
-1.1951431841677227
-1.2344172822270223
-1.2384980832929249
-1.1224902044797571
-0.926545356640485
-0.6865785955869862
-0.7093911326504514
-0.5243980927781259
-0.44505098799840453
-0.36387104863345654
-0.16049610802034725
-0.11079390370770033
-0.2912300355345323
-0.49401193587711956
-0.5539628587735389
-0.5681173835898166
-0.508011814255212
-0.5336886730879528
-0.4714535595801427
-0.21752499705384404
-0.17863040832558422
-0.16461788477860845
-0.016023061446378113
-0.16396784727507172
-0.41743637413203355
-0.5073886267083436
-0.3866156423118906
-0.05931557891563666
0.1892273902135307
0.26004803265670395
0.06632316220305526
-0.04553642149331845
-0.17194909811802697
-0.3236735239977215
-0.26496002925072704
-0.38042848492466336
-0.6008070337764214
-0.787496293172202
-0.6229025810639005
-0.6072291461943844
-0.4814193378583207
-0.2805936046845058
-0.18711045229338807
-0.27759355619725024
-0.25982194293754035
-0.43022563023144944
-0.5009756899854882
-0.7582389331024706
-0.8608458585148412
-0.9067055764511425
-0.7465591703797914
-0.8629942089147192
-0.7736997852553905
-0.5586069432725939
-0.2857373434089058
-0.1673658250747063
-0.3123397500082049
-0.33124453246921653
-0.21250384730728816
0.07828426232356556
0.3058838421729352
0.9407391981829021
1.846627738481145
2.917194472978962
