2.6985878779747323
2.22099774405495
0.9691830582854627
0.31704095905294616
-0.10844754576981291
-0.3460763470606616
-0.6767966612438576
-0.6848139086856404
-0.6322301896801615
-0.4341188888249377
-0.14932790982030744
-0.324965955482751
-0.14075161292993552
0.3041285913039189
0.24664510222723274
0.08262108718368112
0.22721222962336357
0.30043058412241924
0.10215337672886665
0.037812238774022955
-0.16572463839585688
-0.1543569470339018
-0.49262681521201634
-0.6828447610751371
-0.48407745679264125
-0.4676400881813058
-0.6271061143426259
-0.4451559862098048
-0.22613293330728612
-0.19631000623314476
-0.24650502049787054
-0.32413533401217437
-0.018124679153176726
0.11688148735815923
-0.11582998953290939
0.06177629657174499
0.021820744019354077
0.07309925404876766
0.32213829150108
0.43706886412708745
0.672612808638604
0.6284703128803368
0.7253224278537955
0.6006355721257866
0.57443469735957
0.40159744186042623
0.3495471991989122
0.30850485817126966
0.20921803082628587
0.23967380545168926
0.16074396170102118
0.11993458600541762
0.01867331657453719
-0.24697752717905289
-0.23890146964054856
-0.37353276258257473
-0.3182819500298457
-0.13275158553906546
-0.1681300046341244
-0.2424905059585613
-0.3459307400583598
-0.6676697407132345
-0.7629409655406159
-0.7904613693431011
-0.6338679329506662
-0.527509348759573
-0.43227778904676145
-0.19918423676200045
-0.1968651362985432
0.11506135659267165
0.09955929787253967
0.0765034418956691
0.1690054714878535
0.15496841832678626
0.0694728377111554
-0.028596633240341274
0.18222578885418106
-0.0013913124183134035
-0.08490670475389996
0.008141541925851183
0.09330883143271682
0.12956231981030575
-0.013243037425691419
-0.18366523248398703
-0.20274727737489362
-0.3476096942240976
-0.3075665977284511
-0.08194966470265676
-0.21843268768355986
0.01809719349011345
0.13688166417430817
0.21542071240544697
0.09493887910174734
0.3018789692111155
0.3876475066394618
0.3044052017984502
0.34909228862271047
0.45441783155281895
0.37784631401457447
-0.003922139699446606
-0.022511405067005524
-0.03473209763345354
-0.14128954886792555
-0.1316757868016438
-0.17205005126790038
-0.33288700244583275
-0.43791853376971557
-0.2694377903822142
-0.3981970712208936
-0.3246134285254189
-0.3486125936067627
-0.35384829121802686
-0.22969679719158395
-0.11281309258428013
-0.07743596376030337
-0.3040572271617041
-0.47689110285812514
-0.5087706267927283
-0.3760120974878018
-0.45208229641635533
-0.24184180985397202
0.24811011823898496
0.416288649566255
0.6506533162088922
0.7133823449214861
0.7645950368728939
0.6952558612214618
0.42396692687597926
0.44334502730419084
0.20901231224267458
0.027268649177538254
-0.3118963530813313
-0.29139492642896264
-0.020752664442550223
0.021721745341246795
0.3820581960649729
0.6946680541028278
0.8416394506572678
0.8182493465008349
0.8118220947535266
0.591265540083014
0.3078604600880821
-0.04391827257563733
-0.1559839590323447
-0.2087007337666219
-0.09708096651473082
-0.17133598665450855
0.14330428275650478
0.39648551921831626
0.2989609134045389
0.18217189600184808
0.43152314093873007
0.47670014577418607
0.28377070231977475
0.10069321762540143
0.32047533734943867
0.24527626482309167
0.049197316745051296
0.20110658794554148
0.2068945276891796
-0.05803499601732219
-0.08771981019139874
-0.3117823311829615
-0.4189501762053574
-0.3155601799210825
-0.4220963242345642
-0.29705959524689507
-0.31314983902173144
-0.3512204698252449
-0.18705040413218413
-0.2546980250905417
-0.06885966220397242
-0.020739816759342347
0.13841417334223333
0.21544653516829332
0.23315920778541854
-0.03730705509427419
-0.16059358031051316
-0.33542689675852533
-0.30895274379754334
-0.2520055253979252
-0.1341594278234638
-0.058147811898471014
-0.055787762402634014
-0.024001284282879565
0.13816214940169413
0.23043401399031638
0.22159781865623115
0.0623332170157227
-0.21192861120370615
-0.2886514460206001
-0.6089640397490952
-0.7884216621363014
-0.8990147841256099
-0.8619407040262796
-0.7218398720128794
-0.5605792036013681
-0.4404341431737667
-0.4287021979193501
-0.4428850424594971
-0.3599361639686723
-0.46683349204164165
-0.4523222167629029
-0.5622528925969709
-0.550061954057849
-0.39682468456768205
-0.2800798260999532
-0.21490061730071508
0.28035959457121334
0.44273019609088177
0.608513744695854
0.7832578150194749
0.846718407607732
0.7210848544551214
0.6350814129453339
0.508588036379175
-0.03628164928213384
-0.011593251303834928
-0.42492145348651816
-0.5061323000317699
-0.3072128460991551
-0.13805421773730941
0.1922690821749139
0.18155411781672448
0.25696790334737457
0.03171163833453905
0.010263928474268075
0.008765193033955017
-0.1811409112210997
-0.35313249228738025
-0.27384157317183727
-0.4977113447607438
-0.4731906834330874
-0.2341346815559722
0.0030919673271946773
-0.029782055905021046
-0.24558186615650043
-0.17909238574534253
-0.07456554635625144
-0.11795393105202476
0.05763552479779706
-0.046890502191277286
0.10860558247690369
-0.01725155059306708
-0.04921807924504123
-0.1988918736964679
-0.22212855929725261
-0.1843432379000044
-0.14261373619634968
-0.48716763545819153
-0.31992188399691257
-0.43402256344701146
-0.8057099045071083
-0.5432547933429751
-0.6165994604038282
-0.5129675568131314
-0.23999516546357144
-0.05642438000773409
0.12102985604725292
-0.059529394857793294
0.1419135496450445
0.36745303770616927
0.46784999823687773
0.40363777119869143
0.3050347547885072
0.23416309757908932
0.41360224651184396
0.33019964498027876
0.3230250687455583
0.23792261131461875
-0.03756307671202484
0.02378601073322914
-0.25028108025770257
-0.12369574698325023
-0.07981455254350095
-0.24666628175755367
-0.21420494595679737
-0.417984471056389
-0.4729540528426966
-0.47905973090679543
-0.40371912586633196
-0.18926135131308844
0.04373175171188948
0.06350679528915248
-0.00675077284588832
0.11739700086707777
0.21984682537937755
0.16593289044307674
0.06197969196303658
0.15799648224156115
0.049491948515974535
0.1616827758650057
0.15898384237930413
0.15974904537661422
0.04332588240845882
-0.04062545262648669
0.06705604296057205
0.27428753341271356
0.4105597457985726
0.3016785526641943
0.24802249580455663
0.3954462852211467
0.2664679210338882
0.20718990693862932
0.1745475834163587
-0.08009386785175483
-0.052483917599270416
0.12569225234665976
0.19292025172750119
0.14113440192583293
0.3622718005407266
0.34295436031406734
0.3502956476865233
0.49769178654598434
0.4029580732138151
0.2749204806891543
0.2671762939474319
0.6095632302785488
0.8759616899678233
1.4860563526740587
2.5988256302858144
