2.640668527811254
1.7371777873806735
0.9521866182471966
0.44064100693906993
0.07862533601238957
-0.10094226571490825
-0.40796568783413445
-0.39833627203872524
-0.3815658401222805
-0.1995898078690776
0.19251498568423744
0.3644248089651556
0.41916745787935505
0.6014444494270739
0.5249505067936595
0.32030683834972096
-0.01432039674351989
-0.09662376822978422
-0.11660313274275548
0.020755397116681902
-0.03148430956002322
-0.021809308502555948
0.16063595168967165
0.3279755538593617
0.13149023430745985
0.29553820969437805
0.473741030581458
0.363919965634567
0.13854656269091947
0.028682301139386985
-0.1381940624327493
-0.32547697980803364
-0.33380526836217667
-0.5099669493798126
-0.3891244660241409
-0.16633421230628861
-0.22611633366725503
0.05246802693400818
0.36471303581732295
0.3524051180723252
0.320146763014873
0.0840910355822162
-0.14368465103750602
-0.2183043693761307
-0.2637630641675902
-0.16034701435747334
-0.2830994162411366
-0.4941028772379003
-0.5288699313048126
-0.40667695726723496
-0.18846745179456365
-0.08397658753324119
0.25743700371940365
0.16717650128179515
0.20918022409229892
0.2876909200164004
0.08780193047314741
-0.19463524076846858
-0.2109318404325949
-0.17557708510323108
-0.35302706700036424
-0.37306394553644684
-0.2315855587861533
-0.1315922593798015
-0.18959381775319784
-0.08769207986352057
-0.007893669571535073
-0.15628554022503793
-0.3065146071131103
-0.21726469530403608
0.06611395970785686
0.09237300231459598
0.16319457649233438
0.25649750683662614
0.18286833580560605
0.12551694528361496
0.10289003351950222
-0.06736971101851794
-0.11869790882445297
-0.060005959633127416
-0.040092758472616105
-0.14246225456300468
0.02313698069831683
0.317503776875752
0.4701827335177919
0.6735100447497858
0.6976981691602029
0.5485423029078391
0.5768902541025246
0.4720891559282866
0.05331983096688165
-0.4448275136825534
-0.6407967277176845
-0.6931675363664355
-0.7132925167141638
-0.6224053538796156
-0.3020853083996101
-0.05182866516106947
-0.09196622450290501
0.05258401117914886
0.08711002152152805
0.06519547497004857
-0.04684883520333999
-0.07913555102328979
0.23070076301127007
0.1571755031155853
0.18110595162126758
0.8709617254222296
1.2212757357421549
1.2294164873832156
2.0507070910534275
3.043716574767861
