2.9208946161568434
1.938751386701427
0.529970919299827
0.23978702743712965
0.0645883955829323
-0.19249054258964052
-0.09303153196793809
0.011995838681695431
-0.011901700295856191
-0.1403360542137114
0.0022245084423649156
0.11984123211417907
0.13218881625754703
-0.017992586929343954
-0.09504365417825178
-0.3560638684933193
-0.46238620388976426
-0.4904985746863318
-0.45298137650011705
-0.3508112686680303
-0.37272251469390894
-0.5342760311019343
-0.8470902425900977
-0.9007167733406608
-0.8218149515140272
-0.7996165301046745
-0.5960131623745689
-0.1873849048723516
0.06885697267493127
0.32259462920082876
0.5540934768706107
0.6758068588601409
0.5710652511270535
0.5350699933761452
0.5642517223619022
0.5524585087612778
0.48031884947039727
0.24582739715492202
0.12046720324571444
-0.008196716204833955
-0.012288705795943149
-0.21463715537303327
-0.09363483831650227
-0.0990336846093039
-0.374851909312955
-0.3536448474002536
-0.3693004678039155
-0.3477822394885165
-0.14086383800514618
0.04499355453581036
0.3066329394883546
0.32629909811552543
0.16488244179863046
0.3991034164327495
0.2860846657470849
-0.022242326920254032
0.11625745152518592
0.26946291646037474
0.10008604655481569
0.056234055246738975
0.04327486208321797
-0.24900202175269365
-0.26659563661394886
-0.07681045200327438
0.018589423649992547
0.22003896694255368
0.258998543981482
0.3277014127547765
0.22008612183790385
0.12136929873211788
-0.07861964751991057
-0.19867219548979242
-0.1988550349923094
-0.3180232864484485
-0.20777544913726914
-0.43622212641906166
-0.45969001062186654
-0.3661800907700633
-0.3578069244395569
-0.5307941310887836
-0.5541323597548938
-0.5057560555662288
-0.3038347011009296
-0.24845445637717356
-0.34420082092160914
-0.3744092522068695
-0.814413425515036
-0.9915746156960211
-0.9528644023245303
-0.78468645239545
-0.5717385395418624
-0.13934863077586543
0.21269986095864094
0.3227696249741473
0.3472106604388539
0.34037176313935585
0.11260080360593763
-0.24129232598773287
-0.3406557263834858
-0.5278591294175803
-0.5295658961986817
-0.3906155924756381
0.03291771826464847
0.3386197369329159
0.44229685178863243
0.5341038789368465
0.6659623926642786
0.6358268594768179
0.5439017478028039
0.39768627282503277
0.5750895197786403
0.5616379615616469
0.43917573000199694
0.3328453605655612
0.3844649036043509
0.3212432044755918
0.10200414410376216
-0.15158015133922179
-0.1741284157434031
-0.05550200520968937
-0.16185646233917358
0.03868620042751556
0.10275592086510675
0.28226158241120036
0.2809642616485282
0.13036980817159907
0.18761822179395934
0.06964334770980571
-0.020148892738093706
-0.022993024283750163
-0.14976104340948398
-0.3530603630980219
-0.48716769877809046
-0.5033776375152479
-0.36666251241433356
-0.14960993563240177
-0.10611819984501245
-0.07596383621678368
-0.25938530272856497
-0.31192419832813384
-0.17616230315461967
0.2144503794129694
0.36242718808909136
0.3379089069967501
0.07644371547916314
-0.14313527404156914
-0.5482389356153521
-0.77604814980001
-0.7982615864851131
-0.7797715668678411
-0.569446116486129
-0.04160111702176675
0.21809290106056123
0.38377069858750734
0.3161219769555854
0.2999035240490749
0.09495217784414797
-0.17762677876192043
-0.4448524148979199
-0.5297475807882417
-0.727037527326857
-0.5965286045526302
-0.23056156301714945
-0.2033982733425825
-0.004489292501906859
0.16376312557774103
0.18992142625195751
-0.06563777452282775
-0.1937998859850311
-0.13287504322933177
-0.16830986574082063
-0.2761960156789608
-0.22196931439503784
-0.1339465790293521
-0.23102372677263733
-0.2526263611970674
-0.17878320427301356
-0.10612370417819836
-0.06236403705684849
-0.28127060675837395
-0.23997058482658717
-0.3047474180693971
-0.5747004116849262
-0.5965267457303038
-0.3596271504827986
-0.4859941952564796
-0.5687391232833995
-0.5625665502591182
-0.38266945774744665
-0.27401782268108477
-0.009484220403018113
-0.04251405921700331
0.10800728895551007
0.03672151414781191
-0.0463035709768269
-0.46571650697463374
-0.6905404993770999
-0.7115878666213645
-0.47317421635535706
-0.5465785151797876
-0.423429688574315
-0.031687623663694785
0.11323313312465517
-0.051557639277449684
0.31840432314425193
0.4695517751884643
0.34886628704367895
0.16933358892713868
0.13352064667353372
0.046059931737903084
-0.2130394272907215
-0.17279424587789133
-0.2776945010058548
-0.14133779316741987
0.015107858024557448
0.28518183051753143
0.42233072353268336
0.523717551155093
0.4548676530527429
0.42816778612821776
0.4242380266161873
0.24537429280439105
-0.04345738512820027
-0.03314278241359774
-0.17439317127146534
-0.05375954732621387
-0.11703482317346953
-0.21650228602279353
-0.27404533877433923
-0.1777448665169226
0.11846105889123651
0.2998599201583896
0.31614147308536916
0.4662878850585512
0.6812436695815236
0.4904412231475931
0.33415576503829586
0.45474163560336467
0.41045911977075433
0.23938550207195222
0.010229918691990993
-0.21741440533036774
-0.4141094243246481
-0.5799339275608865
-0.689523811525492
-0.5909656712424535
-0.2844201129295938
-0.3508427279847416
-0.11069285768325154
-0.054858656026722984
-0.2021497849163664
-0.636155437733633
-0.7888261394964529
-0.8720444731732764
-0.8148302689627068
-0.753362474016619
-0.5264253465915681
-0.37112658725739484
-0.26531195273829344
-0.08931192080339995
-0.10022881625961484
0.08970945642410755
0.2674739134000975
0.3020910426073298
0.40055965736488797
0.37784923908537427
0.2470956848220012
0.2432099141019551
0.11983937383167814
-0.06797945006485563
-0.1868678271224995
-0.14337866144331152
-0.23150618713126475
-0.32549832893911157
-0.45444654090893577
-0.5685612254837121
-0.5515131202137963
-0.3776380423750465
-0.41537818186526315
-0.5076665492083017
-0.5857655639025312
-0.28752627170897826
-5.17790653530182e-05
0.22601731668108005
0.6133952117958517
0.4635488217968236
0.2678123750705328
-0.0026031905861790966
0.08088555806237067
0.025984821384020806
-0.23518308167667692
-0.34197146907464876
-0.03508722117742409
0.14598081706664948
0.2957230859225697
0.8011145305445192
1.1425020543128508
1.7097083037691914
2.78131282827489
