2.9839466200004163
1.9070363733585196
0.5901643488379298
0.14259435469703352
-0.1920016172589387
-0.3411056463354508
-0.6728410479236928
-0.6721393585150459
-0.46790181222863775
-0.6189310902357509
-0.6548477632979658
-0.40459742239634416
-0.03406289018058348
0.29406601863006787
0.462755034548687
0.4520879705260569
0.5306744258335688
0.6576403961512751
0.3524822361153097
0.09538940291509579
0.2730949261661277
0.36962512886155796
0.10441719248481118
-0.06375019552350086
-0.1214475106778114
-0.37338349958675243
-0.5923387766902921
-0.46293431592288453
-0.0653147416032748
0.08350331832007585
0.02777422037984119
0.28768286631582696
0.3300798290437451
0.24731391051870916
0.3894782125830959
0.24131295510142103
0.0013477613713977167
0.20445588259325637
0.3017505537820197
0.13217761849414078
-0.23635095252523347
-0.1801768729901369
-0.225162718259842
-0.3098978479188413
-0.05133941421534574
0.400703204408702
0.688091849213174
0.9057997101123243
0.9141128655781112
0.863032122563035
0.8737523257879636
0.6851460631279476
0.39855417237708146
0.06501223613462664
0.10504919517116548
-0.3555446769360547
-0.4377239905134958
-0.20152253599808298
-0.22439839288208524
-0.0872049815186446
0.24695580227032704
0.5372929894048163
0.3880456612057171
0.3700472371180922
0.4557735079193013
0.2603377877567053
-0.13381134553300986
-0.32408759320125125
-0.3754762646372493
-0.520948152841133
-0.500196275853148
-0.41001062998124727
-0.28600647792482614
-0.4704347876497346
-0.24951747779471364
0.02201437184611651
-0.033214675749901196
0.07424391768371695
0.1697005260533294
0.20341506154540512
0.3882658377562741
0.3281132542728249
0.27313149069551734
0.3795165686761682
0.2942103138676886
0.06342008775086067
0.0012438934672164858
0.056930682030736875
0.08267528130118644
0.06592754227574121
-0.14184353218474327
-0.19174535817549376
0.09368955537668139
0.16642601216922814
0.16524410585999771
0.0734730666323059
0.20308768970832874
0.24622185112567788
0.01851366300586014
-0.1885714274476235
-0.050819486202297266
-0.25523638226004364
-0.3218216081533735
-0.4025869859808149
-0.31701571792558014
-0.46121471621685783
-0.5639216323677624
-0.49087624117349593
-0.25415357519926285
-0.08222894166149407
0.09055542498163913
0.35986908874681534
0.3510582326426064
0.35628491746237473
0.2561351124671997
0.04618794757272325
-0.06726703400679035
-0.3453577967932014
-0.39160357031661375
-0.30823595070318455
-0.1151120267766039
0.1579614725037012
0.2145895560839754
0.1657176009354438
-0.03638673245940008
0.14029614261639592
0.006637165702791679
-0.07090919234819554
0.17643539932528823
0.4615203043984271
0.5731596370164592
0.5365132894529068
0.7488122069374065
0.7352596256348202
0.6901110154557504
0.6013187881716833
0.48242625200083417
0.6047092360184925
0.7173108979673604
0.5334128840281442
0.30625166163238904
0.3799359095366123
0.5246665097411849
0.3718645189476849
0.17364384482203765
0.0371653368348169
-0.18098749257145758
-0.3890401301734015
-0.4993237294240773
-0.3976014913758723
-0.38191758325137987
-0.2512468973029651
-0.25071099027339916
-0.1316850008642083
0.07843537287441302
0.12417957929786541
0.022478894895857245
0.08954670446111512
0.0764431659392925
-0.00979797929959518
0.14142314422007352
0.09479011439802701
0.04959373508843853
-0.10751814184054362
-0.06800919068851508
-0.3534289710835404
-0.36854443207133797
-0.233343384849144
-0.4473434945785177
-0.41739206289623093
-0.16316000772720385
-0.0011149024894499052
0.04412865289339205
0.4648222900864385
0.6056753072718492
0.6448601025386312
0.6017403112017021
0.5501723321764143
0.43173952930947385
0.3355247832273243
0.031047864651961243
-0.05612782205922481
0.09620617375002666
0.13806734686562266
-0.11333278770648542
-0.01514971729996958
0.1611866740428361
0.10964967007887286
-0.007023074113585898
-0.26752776081610996
-0.2763648927720268
-0.09221647044238154
-0.04501384181684166
0.1279367312552083
0.14262202444614627
-0.049052878144845435
-0.20780819898763925
-0.4419058998082691
-0.4493240288267507
-0.4189759342343719
-0.2029710255609687
-0.17680896543619465
0.041409426175388245
0.24442905040500398
0.31839038403040515
0.16194478013322985
0.12970064922293445
-0.11805753287157433
-0.007422150837804897
-0.19104432164739316
-0.40970096017189495
-0.3611868551151527
0.08303450471810113
0.18816054064341778
-0.32751123764775203
0.4640674205860855
2.300058441058449
