2.3684241166107523
1.4875654515803085
0.566661021020708
0.18153484271426737
0.09342179649277693
0.11535676462599431
-0.07713541644824853
-0.08458589333008458
0.2277671961051014
0.3883781817388546
0.25169441925167835
0.28635628504590127
0.38191571482196435
0.08280465671575625
0.07377521466819245
0.21061103386910235
0.4704625105576557
0.35877469470148426
0.25906597861488645
0.46120054218178547
0.3901135522371086
0.3249799127773086
0.1698027427075462
0.033331126408252296
0.01523767426360411
-0.12432867356846908
0.09798924939126119
0.2102300599170358
0.14760634563313696
-0.014414228339488765
0.029227174977250865
-0.014396960732511843
-0.085179678300272
-0.14757309979885044
-0.33520214128634157
-0.47112922135313984
-0.4739523583432424
-0.18485435200510703
0.07477770034616149
0.47266820868814396
0.4144456880760607
0.38465002826051486
0.32621822681492907
0.24660586177722615
0.19368245242881849
-0.2928252870011455
-0.48259924679317295
-0.42716026114673983
-0.5233007409126907
-0.4766593660220713
-0.412515930430303
-0.1886039422256999
-0.1888259164900098
-0.21880643579130782
-0.11690636699392218
-0.1754860408465027
-0.05262250410258146
0.1962205976099583
0.3457779020884554
0.23224235202769236
0.049353184945192356
-0.007166637732601133
-0.09956980134274564
-0.087288897369311
-0.006194635140914121
0.009147566432230001
-0.049194600285860764
-0.22157981791971534
-0.3551449945105048
-0.2391013150945817
-0.20533055660074245
-0.22654262377085627
-0.22893205197884264
0.09237101648676828
0.335459580161946
0.15329017110984833
-0.14495681378036587
-0.00718276893895789
-0.06550697103827252
-0.26157490718872944
-0.20343370325710003
-0.22835656239018484
-0.42951498500392143
-0.543992595813002
-0.47545307092162936
-0.34841646658023545
-0.5122444329097903
-0.36744644759582235
-0.25797732662527645
-0.17521825102581293
-0.14255972262822383
0.01721872613225283
-0.13920477561001532
-0.0021386542466984293
0.029769097709487744
0.1515321889091721
0.055373357317806106
-0.14520906765328429
-0.3124791997614949
-0.30333684048389653
-0.3957783813817663
-0.4370720285382276
-0.5393726898756704
-0.4519154613977735
-0.42105229737493377
-0.5249401282067356
-0.42168789737852863
-0.2675626005688351
-0.5234823208630427
-0.6337740043057994
-0.543644123042083
-0.3897147103036618
-0.09266547749770905
-0.14982241258014745
0.08379880208232994
0.07751968115498264
0.09235059600551834
0.04019003180916904
-0.06548025062871796
-0.20806055814309823
-0.14509930716781885
-0.21190182725268442
-0.38137676816359306
-0.4212912510096717
-0.5239966377229904
-0.4300271226016761
-0.2955617578745334
0.06657235489129887
0.14821518620638602
0.09335203536880518
0.21224819640200138
0.1559560649522841
-0.06504841604129405
0.02610834600833805
-0.13255730385081727
-0.3225934256350773
-0.17146540677086422
0.040337776967372306
-0.18992456121351609
-0.21965838669378124
-0.031654537369756486
0.049846427274865844
-0.06194937277908684
-0.19857698999594467
-0.0015853712361210094
0.07321724071239512
-0.15354854112141209
0.0036893403018262508
0.05641054546050697
-0.1593436090175672
-0.1401798818016804
-0.2790495443094093
-0.42707069296027494
-0.5575509963317246
-0.7266969734907388
-0.5896818528109904
-0.2599096905667247
-0.30337990216439237
-0.1429237341418077
0.31834066888465384
0.5395333166151522
0.3529438185123163
0.37829092133416753
0.23547356995372934
0.16887112302832002
-0.21581642873509807
-0.43068062970405796
-0.2143729028489308
0.012697051164357598
-0.11298132605982689
-0.06794307661058277
0.16114337048478428
0.34504438359379924
0.15257761918316531
-0.0708252874627969
-0.10287914974635909
-0.2809683294002687
-0.48517333378423344
-0.38714925616242196
-0.21662008950048658
-0.22847285640635887
-0.1754432874328333
-0.25184910160436713
-0.0368468582629089
0.164473307609587
0.21617204409031246
0.17269253023864653
0.07907996617495898
0.08345774819426745
0.04050160740017968
0.020526890473741538
-0.2118591265607752
-0.2731775202200003
-0.38405145695693366
-0.5167909227202024
-0.6295107642254644
-0.5264166336570226
-0.43308681090532514
-0.5257539646072498
-0.6417672352439071
-0.5640708929265312
-0.35040177750307455
-0.282272143398862
-0.11928948200526183
0.08041042642426859
0.20534494048608098
0.13188047028367794
0.1588410495574158
0.10029850184783631
0.13744057071816573
-0.019825248152056267
-0.06534884876116526
0.043147442941818735
-0.004690400535276954
0.13263903967943036
0.20596487628386465
0.15097235608274975
0.17740850496562616
0.26298001543585403
0.33331454007274025
0.41366728330128544
0.42438101174823295
0.45811378727134344
0.33020455959352835
0.27565700859669473
0.24276062071401083
0.24694050528280306
0.17331454641209884
0.1497431211978605
0.014631010931511996
-0.24946870554366038
-0.4946817173981455
-0.5081131100066197
-0.28912486664028925
-0.24794392035465174
-0.16515859847350214
-0.11946274424167586
-0.03561042171087683
-0.13791533422951754
-0.346214974777785
-0.3842338836232623
-0.3612235417295783
-0.6220066520418946
-0.5981039419421065
-0.26992742503508205
-0.07277977523084142
0.02366954544349493
0.18769631033046483
0.16088863470480194
0.14641918762382955
0.08788641542237458
-0.0577101094909023
-0.2677526949911146
-0.33459912546833553
-0.5607442219460846
-0.5813752025838158
-0.6846769419944646
-0.5781721231903502
-0.4024315657688633
-0.2568397833931257
-0.18208075137215454
-0.27840526275132094
-0.5245041161621051
-0.6401192831138702
-0.6291645884496035
-0.8165307137950224
-0.8510393844138369
-0.755520822674495
-0.5824293799891207
-0.35933266555928217
-0.16472985203114257
0.00777933842987366
-0.07276694930186792
-0.03711889538919774
-0.04483869867911386
-0.04288634493083266
-0.09250215530505818
0.061845569654403715
0.28309946901840094
0.26057882519830816
-0.022405451755548103
0.06648239527154404
-0.016602706147501537
-0.27025430182385557
-0.3815705844782959
-0.12250219989665342
-0.2660782652100262
-0.25530998068873917
-0.029872933328948414
0.1630900399121457
0.26643733152823706
0.19994519169756353
0.42177029492786694
0.49201719872765964
0.4421167898364902
0.20453908927287165
0.4478193056095843
0.8298234966475111
1.2107872577566343
1.969510634577318
2.7705738888342344
