2.7854074762000853
1.583235382293097
0.791319715429607
0.34149907558478004
0.3962678337889899
0.44615201875021476
0.3310384436732062
0.3876303052342576
0.4298706073984112
0.40154746435208527
0.2884762009339953
0.19389426388676848
0.08795518517310183
0.1564731653221753
-0.3158051820844129
-0.42241476203648487
-0.3613867914349985
-0.31906245600069144
-0.3077511429451916
0.0011155557078137285
0.04946052316433946
0.11414092725706057
0.0573133331611798
-0.09284712472945775
-0.005414057051529798
-0.12036024771129514
0.01537193273440031
0.07647753047211048
0.14114571590529895
0.44903459417104735
0.6356654378828931
0.7115808733074538
0.8036425861557804
0.7811103441391537
0.6405500122206464
0.38442338733650333
0.27933790903279093
0.29686433288163316
0.21465309617371134
-0.013104737905748828
-0.13893894504027562
-0.05259712072526852
0.10177558128807443
0.1586034920316057
0.1765676124326769
0.18750296239204456
0.1750411417166133
0.15213817299940088
0.20849873149608433
0.14290982049022488
0.09516365112154676
0.04844972209057784
0.21812221128071074
0.29378952057123575
0.26545548806594327
0.2977903077223589
0.1629404626884768
-0.18718348917520958
-0.264278505385802
-0.22066084997012353
-0.10063933024708517
-0.06783193059078091
0.2708092455996419
0.4513037821302032
0.5487182785172415
0.6581807765567782
0.7822164196793433
0.6281180444443267
0.47685505659427296
0.4584777506483225
0.11385643860209901
0.21352978834673153
0.2638233093208555
0.028412696418712417
-0.04018921659608106
-0.11933090653258997
-0.23749602881831908
-0.28100987700692254
-0.40036865417949496
-0.19810062909106593
0.07459881614441508
-0.17371230079258718
-0.25396474484864684
0.0788657818300568
0.033529063178553274
-0.1985634312318336
-0.17455304195861646
-0.0863543576798129
0.09493673501948265
-0.005496177470959016
-0.11066857959013959
0.018465586140280273
-0.04269218641585292
-0.13184545209560228
0.17759024465565257
0.38517154740167386
0.44417435828117546
0.5157742161702421
0.6071012808079488
0.7544895713239441
0.6610865237448172
0.3980565858899524
0.3525022782533943
0.38527916852879995
-0.035196743199184526
-0.15731866985920429
-0.10706710477862136
-0.06787272710482446
-0.21814411410387669
-0.057121825676163814
0.2022410530435092
0.33543627307581564
0.35803548886235126
0.39132190049430887
0.5260614748015794
0.49900256613010024
0.45683710973945185
0.3658106698430139
0.23063041139448545
0.12819221670868927
-0.10800050576935422
-0.31607234689912794
-0.4063179157981753
-0.5217821563400863
-0.8213583417492376
-1.0300387717757387
-0.9603826532259272
-0.9065088478101351
-0.5539418093405492
-0.1414832635127623
0.4828018006527684
1.6627434931255884
2.468562588256011
