2.440777582684016
1.5046602900203099
0.364292193330545
-0.03494090136485606
-0.015737504635747107
0.018021715352692508
-0.128618559340167
-0.22052580070403416
-0.19673507840276727
-0.341002337769826
-0.39054659941163145
-0.23464206992723888
0.2285117006745062
0.38315440070106876
0.47455886332207203
0.49525429411741345
0.5093182583871037
0.2514507063420692
-0.033401157753978054
-0.05862868839966102
-0.20876978735031218
-0.1430399564032462
-0.11548565997885486
0.3180544443123575
0.5316193820095789
0.7371879623040962
0.7744301543497082
0.6281992067234007
0.3710263880149886
0.11996848339327823
-0.1883292429574228
-0.4669888384225645
-0.4915479613476019
-0.32400444176256465
-0.3457184813763611
-0.3899410251264085
-0.12741889874753726
0.29363787071087544
0.4209988446927897
0.5417359794729312
0.5237236298086945
0.290316835040522
-0.0121644731319887
0.028700452614847556
-0.06997169202802456
0.06801818663795872
0.043566865039611095
0.08267717757295967
0.0708201771243297
0.09645955961868563
0.01230539916222861
0.07859975579355108
0.05345543377508418
-0.008098854496603537
0.2235055365385864
0.20902485895646883
0.44510513839532606
0.3705487616830055
0.32936247271064806
0.23509320484031912
-0.043723567560004256
-0.2953283019282157
-0.21525311769218036
-0.49049551334565333
-0.5195453907480262
-0.4682249976772619
-0.20800553232617475
-0.10358231520775994
0.1356654749403824
0.30660414565135047
0.4434792557253859
0.3381791036490803
0.5163557240866365
0.7395223463330666
0.6110861131430185
0.3679125497323086
0.3211666605265845
-0.040751995516478706
-0.42007882875953806
-0.6139784582667475
-0.7444471868414756
-0.6957594604324022
-0.4934391761802631
-0.4813957671368628
-0.2736557032139346
0.022784601111399332
-0.11141351263452115
-0.05885209222045614
-0.030798101800993176
-0.24617501570500408
-0.37866986845630446
-0.2636398708951102
-0.3942021551364035
-0.4186346071578481
-0.4743604257432723
-0.2735781771343222
-0.3104069820800833
-0.3834850875500577
-0.47217448130254414
-0.33520781105604847
-0.5214101179178443
-0.5458782151548998
-0.35759762011381635
-0.06955923147329167
0.2410212016410087
0.5793879913683845
0.6178645661214396
0.5696410897223805
0.8461952158763842
0.7531635214982272
0.6057785481235103
0.5141310897243646
0.5362343255011792
0.41052715146232854
-0.0051326924082273
-0.10916291898742522
-0.2815761076959847
-0.4365204633316435
-0.5770133346434563
-0.47404034970725684
-0.6929735274923783
-0.658007919349331
-0.3387956099031188
0.06534964962224482
0.20799770096497924
0.23627322550119437
0.3577655245279846
0.1919178923437177
0.06529349369241975
-0.07959513421800489
0.06708742520139133
0.02912206441524634
0.18850724355853693
0.23686618130701995
0.20000354378096857
0.039502679299463356
-0.13422782002404612
-0.3770363330416163
-0.5362488957845762
-0.4876333451022236
-0.35967096382706343
-0.4151827498325087
-0.07089494107470544
0.14859742788136945
0.31345280235426526
0.30233789681957424
0.209051959528854
0.4566750636085057
0.3760286318581372
0.4355406411824655
0.4118833801102466
0.4461869599890965
0.18434831610276395
-0.10945363649420742
-0.009072288945334551
-0.04745277643542903
-0.041580959099287475
-0.2196699473891093
-0.055777836553942264
-0.2753745170339677
-0.35259803877298884
-0.22836129188143284
-0.06135929565765482
-0.08256857335690906
0.055388309196634684
0.27143460734898045
0.14623867393122006
-0.16357151226962272
-0.22637795947724623
-0.05367043043775395
-0.11258923396207937
-0.0024939038971619754
0.10926561105559107
0.14912166517751727
0.31263406339721833
0.39152583986231704
0.45297166029719127
0.304558569546342
0.2437154435835433
0.09719843533494198
-0.08344707204381543
-0.21445489484907074
-0.5928514905115132
-0.7624276069208431
-0.9704669449752141
-0.8911418362435051
-0.8086868108042531
-0.6618402005759384
-0.3142897911948886
-0.13426557295723784
-0.11824861543527761
0.12330308297586595
0.16971270738123445
0.03556280046661975
0.026313854833467792
0.4257004752357867
0.44314705593420284
0.5151487015769857
0.6480414008077762
1.5316943235667517
2.2993455547938138
