2.9566516129264335
1.995539119490869
1.26767779407971
1.1414888233399807
0.8719111230746807
0.6114925563988787
0.23063182445025873
0.08605221940279796
-0.1213782789258825
-0.42269355023667377
-0.4573997260252803
-0.20061789484045872
-0.2187974160061965
-0.18126009497260867
0.01125722348537775
0.12387914996831856
0.1263888977651978
0.06982272516940558
0.08390628454885689
0.021252465234734223
0.18414637187573574
0.28743928015226355
0.36424829043408674
0.18242134453919137
0.05018835698864375
-0.03135352210397198
0.025666376889762487
-0.07970239562531385
-0.283544171049102
-0.46175933676323766
-0.475656539570603
-0.3900263549674941
-0.17505218047903157
-0.0652450043834473
-0.2255468685184941
-0.05377980992934751
-0.2538583432253678
-0.049324645330602414
-0.07597806530364967
-0.19161214614182537
-0.03930164578918929
0.04452798079655391
-0.16357473020233373
-0.16286509006320773
-0.19800699093649954
0.05108192848547455
0.13524805661018158
0.14023604877278506
0.175200364129191
0.3112578908076266
0.3016783836851977
0.2477230631382944
0.016030382515563883
-0.24769558544388567
-0.3205972738481477
-0.24561363595531008
-0.18948373981276803
-0.04982952343626155
0.19594017983065154
0.10216981284890958
-0.09108444242915761
-0.1594933725286461
-0.2659022776677705
-0.26871966747156634
-0.22932583671857132
-0.06317514424938803
0.044818255795347386
-0.11335094175956685
-0.3523886778153826
-0.39049007022240206
-0.520740790526783
-0.45793396212068604
-0.6338634874750237
-0.5209335913659474
-0.484893095473401
-0.4077898743166921
-0.22669547557877928
-0.14136527034776453
0.1808941282399584
0.40842738992946337
0.37314297831916854
0.33747939287234313
0.33933994806892004
0.027412967163826046
-0.21642197935693636
-0.5305453377267044
-0.6943370859936672
-0.7765008544193163
-0.8613440658063666
-0.8785164996857017
-0.8846434204289703
-0.7695090872263346
-0.6375340700033926
-0.47739962199710106
-0.3382870812425113
0.06517843996529937
0.24900234424212303
0.26411901700433826
0.28757466056679803
0.26436638460555234
0.28164065865089094
0.24029564207277535
0.14015636814601548
-0.1496804972618157
-0.36547497820354874
-0.4786332413499257
-0.43642985208498714
-0.1944235805838302
-0.14877508736271353
0.013348188888787357
0.24791631171574416
0.38633487697170915
0.46984587110369663
0.5370298372047455
0.5187923071370119
0.31282751641306017
0.2624572113538184
0.1132008903244643
-0.04468527207296812
-0.215726352146744
-0.48262601041648995
-0.37815004825529086
-0.4189501656032163
-0.2952457969047943
-0.20521183355546013
0.0849935071149776
0.24909861907033945
0.21998864386748412
0.02401101186958947
-0.22809456367829156
-0.38925453517518693
-0.6795036010270462
-0.6476704178271127
-0.3714260228307973
-0.31688153531207985
-0.41371201450934986
-0.2564186710283935
-0.09377863580778781
-0.018980050341234997
-0.14744395913861721
0.06418712367327092
0.08468956691370089
-0.10777416022888199
0.005161620730580952
0.05750916986432279
-0.06332514518500854
-0.030817110023498948
-0.12325449352141664
0.030392528071678637
0.022262489000784536
-0.054216798992413974
0.09536901719045884
0.1553440125809619
0.21586951664486875
0.35235795962273
0.2828416637039091
0.22035403862815545
0.3593255060855364
0.2710120446106362
0.04352925567372755
0.21431560111459183
0.21369973865647054
0.2679974247655684
0.17275366471480066
0.3804125715488173
0.37764055328137597
0.169245094681669
-0.11893711858216328
-0.18370522736310255
-0.5102120904662225
-0.586285917498055
-0.6354506105578711
-0.3871835287197117
-0.5191030421617174
-0.40980173977600376
0.04611560879497288
0.26282300031783284
0.42686616726488297
0.5850276759110287
0.5056735542221963
0.35416357292413647
0.1996948395892554
-0.10099036071925824
-0.10735149872965673
-0.24991590122707455
-0.11464131352887062
-0.12237577775134395
-0.13933799924245352
0.004148164498307669
-0.12193161272650813
-0.09767551328407705
-0.08359087555413416
-0.06421333024598824
-0.31748053124105985
-0.4277203904242981
-0.2728843935145272
0.0226609752509304
0.19085518519307657
0.28429897230597556
0.30441199351168113
0.5235368025520295
0.6450932347112185
0.7469440462633367
0.8595405164959798
0.7892259367277901
0.6768805352604731
0.4378210764772218
0.053550708603876424
0.29283914449128046
0.2532738044885416
0.3498490820384578
1.313712219280108
2.479489549190739
