2.8049412416990136
1.8252240284888437
1.0250887978360805
0.6713634617454183
0.2703711001411919
0.11881336636346168
-0.08689092255730477
-0.41841778932514934
-0.31368484079740405
-0.3069499464080518
-0.26501629554532585
0.010120215500458305
0.04671040940391068
-0.1771930465822061
-0.3168883189525514
-0.24940985162311805
-0.24237897593063235
-0.4298273515966777
-0.4847959420026022
-0.15843172701704758
-0.21841681471481525
-0.4857839183106447
-0.37718711022758195
-0.11054147290179382
-0.3032665410713713
-0.2529587308657924
0.0991722541953938
0.31947493365297486
0.14245869601581423
0.07513833949133121
-0.07166630956828446
-0.3123166858655436
-0.25904438155334897
-0.052844451056706376
-0.10174395526946375
-0.03595751030562574
0.08085459382261453
0.4319231980123903
0.38132295753748496
0.4402950008494433
0.5669148685951905
0.2791299930423538
0.3042827003208407
0.23145623395962767
0.05350617655740088
0.026416823079421357
0.11123082812060898
0.3250741092616096
0.3642214481092791
0.20233124321765494
-0.025294995961795307
-0.007726936239166544
0.1545818269763156
0.14643210189581002
0.25084961709381537
0.24604520628670512
0.1496053744873966
0.3820280064784271
0.40658828885462844
0.25006296280244855
-0.0675777448287302
-0.04005655969514394
-0.21849518151227176
-0.3761513934234968
-0.2801708661351679
-0.17982931424653575
-0.35939645622963057
-0.3834820839140924
-0.21214708338421964
-0.14160279214613486
-0.11531581260793473
-0.24278315656233546
-0.2710783763230541
-0.2865501454214559
-0.5764383829150664
-0.5692228736638681
-0.5693365405901043
-0.38766412899448144
-0.09695160373892381
0.048474255768853655
0.2000400752776668
0.47729550934779946
0.628339753999053
0.5100457038344218
0.4014216257247082
0.14583413651150295
-0.039935433146249096
-0.3401316993620799
-0.4682352349343448
-0.44050354831759125
-0.5295931922080503
-0.4928806292371495
-0.5789732200763231
-0.5209019545589325
-0.20951755810580386
0.01786339934654229
-0.17668884005370478
-0.15415228898740707
0.10655937342554757
0.26428795298347824
0.15964972148487488
-0.03357488433290912
-0.04946260168247032
-0.34245851086515483
-0.5686257063759582
-0.5220280579127985
-0.532728682371858
-0.697719405005258
-0.8243676042000446
-0.6721411501998581
-0.3282644387095804
-0.12315120841472425
0.2716389454977582
0.414975412526211
0.54343071506445
0.7219185476036715
0.6066201604668982
0.4694399654526613
0.22051382404245246
-0.1493898061764587
-0.43691107738217394
-0.4081300152899719
-0.19292145992612827
0.07911243102893915
0.49536992637869437
0.6473462372593004
0.7932661996552915
0.9717694187159909
0.9711625154146538
0.9137256671177357
0.7409197788002437
0.4625491900712669
0.2373700822229039
0.260207030225275
1.5941200847770925e-05
-0.22658255586225276
-0.11399652503871036
-0.19839357430599194
-0.39603468437779504
-0.45204529533977644
-0.3909562611841354
-0.4035343478567118
-0.3956813199207048
-0.361778466758782
-0.28031259100984657
-0.31790297830483116
-0.5942754264260326
-0.7062907316356951
-0.7503994117774897
-0.6541205915935764
-0.7044823621214062
-0.6744909078753493
-0.5742140207948172
-0.2120763416454637
0.068259847251696
0.027647890960084014
0.10781722093766151
-0.006784460007737872
-0.11219740452698779
-0.1835139286123534
-0.1836167461865658
0.014114845801758605
0.11538258522119998
0.019939108402005308
-0.28778541479423775
-0.25437857256677526
-0.24369003490789415
-0.08571156364319028
0.24586804377258242
0.3994056274840603
0.5936941676382631
0.578163108528866
0.5286639584724989
0.7035650823109362
0.5724180319595769
0.177638369983933
0.14257803560974575
0.013002155333362027
-0.25994123670030916
-0.3354296908234963
-0.16923479209886838
-0.1129690190501493
-0.32178550639224063
-0.31499365630506954
-0.21605568286041374
-0.021667090002140912
-0.13440779959366583
-0.20762918916046083
-0.5552355846005252
-0.7276038466946284
-0.7778536672014053
-0.7275790482052501
-0.49427992719188074
-0.2539868300788962
0.015112303728322948
0.10854251849002301
0.3279639832985756
0.2570998643538255
0.1583677669697155
0.029196427137076656
0.16190964833076285
0.16188583171194576
0.05539521493337645
0.10369934172540402
0.0551277868227378
-0.15348897158673747
-0.3960670801728266
-0.3808049798837568
-0.17538216097753048
0.05169784604883891
-0.040247295920966666
0.15349133176718194
0.42614815581411547
0.36147302110532137
0.16037670645478214
0.3268106950923052
0.3125647356106426
0.07017928211883898
-0.21094429385135974
-0.5448805271821975
-0.656467221260583
-0.6746897377335468
-0.5440699724444975
-0.2823244503453415
-0.16217534149272458
-0.11726545017339483
-0.1192628103712602
0.18180636802664876
0.23597629880636198
0.44604449395879586
0.4522547832153066
0.5061884458202376
0.47299117166558674
0.3656879252343655
0.3874143660006754
0.056339501707977566
0.05750386172140155
0.2886340685437554
0.2672128035202325
-0.029552196103370856
0.02365597889397095
0.06821241695764116
0.10913566046608392
-0.06970629494262572
-0.11555667747776972
0.016221088682364822
-0.22531819576126236
-0.5070849506115909
-0.5432215899547008
-0.4575624956351998
-0.5907355256767467
-0.5799279208820752
-0.39118887055563123
8.298398731062476e-05
0.0004234456172696015
-0.19447298876691227
-0.054308268266347444
-0.16370168943586225
-0.17550819259972483
-0.07487027389279777
-0.08841696201939181
-0.04122031504181871
0.16655736786883552
0.08210995330341815
0.05420004198271965
-0.11261587802505534
-0.25842392732872593
-0.5015548939078178
-0.7174983855804096
-0.6813871117199091
-0.4676081774041666
-0.2463948294002433
-0.2251488982353186
0.06257791337513663
0.13708775343628496
-0.07636187326061272
0.009113225359452571
0.22815795041951017
0.21031904171056534
0.2760380603897901
0.2860349189548521
0.18970326612467264
0.1593764692741349
-0.1230535324185259
-0.19164270836193664
-0.28220631274026864
-0.14367152951020204
0.0816471892602178
-0.08121074174916872
-0.3278245332321642
-0.23843657196046095
-0.19985760132203745
-0.16982623251051482
-0.22595561210692222
0.019069944032671367
0.10033499482181206
-0.04124044860079561
0.18071620895081827
0.17477834240388784
-0.060712162803470957
0.16478400341471083
0.09790749471213306
-0.20182276521613926
-0.29968681209502984
0.0738182199015937
0.12923743808277707
-0.138773051397265
-0.14521515662342505
0.1306135069379475
0.25085823059773005
0.24995901652552724
0.17249797536193445
0.15454112551741436
0.2850732778173418
0.24656496083524487
0.22835059520560866
0.06930074608522561
0.28414238319481844
0.19444704312378078
0.0071567727896032106
-0.033279679233418465
-0.08236281295844655
-0.056086126601318634
-0.16460246123294822
0.006804057964745766
-0.09141624788683089
-0.3041806759219385
-0.31178331661161485
-0.2251791647572492
-0.20133177667402616
-0.2712297279134011
-0.0028829152991771655
-0.06737427328386207
-0.20693337560602243
-0.1059880370809186
0.03761413048851855
-0.05843830032696552
-0.19704581860180448
-0.10113369249204848
-0.22386245872460453
-0.06576729271984319
0.18254703985777032
0.39707948346785354
0.35439500973400967
0.29073490503826954
0.25402716042895823
0.13690443755143433
-0.04387508813783631
0.03748958186083616
0.17930350383751892
0.1722124942918096
0.02004355475097498
0.25306299360830425
0.503152074588027
0.43208958945664727
0.24192115505334189
0.38355468912951124
0.2959422403197844
0.14158072257819043
0.29141869772022344
0.27807906091641965
0.13823885966198593
0.3467415113999666
0.4432082370993503
0.3719628730284542
0.31701900089926915
0.32492654348048977
0.03309287111020667
-0.07607689777456916
0.11591336395762808
0.1548937488432312
0.11727392606762624
-0.07759348418965661
-0.04241929299518136
0.08688496941338886
-0.00020493292106760728
0.2994063729895112
0.4095012514031052
0.36037862156456335
0.1861401764022338
0.4858596779861751
0.46014303344702057
0.21729981198812534
0.22674343960668497
0.4323219050527961
0.5897164551254916
0.44135447426566676
0.6705474902312106
1.7101735238919002
2.8425231712827594
