2.7590832603735187
1.611640604255952
0.8682023262442882
0.6243896671600967
0.32941036979269434
0.13200625990128134
-0.1045577971677018
-0.27382530100255886
-0.19128279095253065
-0.020905191680003557
0.06035441497012348
-0.07915760257150954
0.06466602421732295
-0.015977817515859055
0.06298621545307459
0.018722200734675502
0.14644959980649924
-0.05683073793534085
-0.21648779473321833
-0.09373690377360175
-0.15693817594382706
-0.43301579949447155
-0.3970066140843657
-0.040217807828297626
-0.028556466262486944
-0.10262988187440467
0.03829804126004586
-0.010980259882135216
0.18373284091663117
0.2935146392064046
0.39861573446024373
0.34345804377898764
0.3340612195570443
0.3149110031917012
0.13892808877072146
0.02170006671099232
-0.14924983692490978
-0.2948622796390785
-0.24761371589658274
-0.2791986590095339
-0.07512183986319376
0.035710667220760696
0.25688256135794757
0.1823071443630816
0.016669507072021937
0.2362363479102818
-0.006384033402669034
-0.049503532163507544
0.2805229208334383
0.28812349348898453
0.15942429661125113
0.36358312130738757
0.4816194180857375
0.3637794132129655
0.23045748045601067
0.4180048632621317
0.568467003563402
0.41088239046091873
0.23711246388680998
0.10168520756568498
0.0029702873888962644
0.16712721106448342
0.40163186324170175
0.37797947080334515
0.6530850790759268
1.3524917338198752
2.522648674391596
