2.6967670446246155
1.6165496014379428
0.9799626059619682
0.23466499738156651
-0.054252058485093776
-0.2605227740258031
-0.22410583533236367
-0.2943776252815017
-0.3332651880951758
-0.13623026819049783
0.0355580921458205
-0.12636130693125638
-0.10249358038979699
-0.21709114388915812
-0.03610871603229651
-0.0318473815764476
-0.3107464216328239
-0.33971815602532773
-0.16848081849526747
-0.08111801160179669
-0.1282826417498284
0.11536928863475071
0.1550164777810372
0.1787587179695709
0.16851001982744399
0.28574125866235095
0.23853198199492026
0.030076704577754593
0.1360308380204042
-0.07374830595402292
-0.05481551464937123
0.10185841785457421
0.03438519156766397
-0.039186692976444754
-0.0016766297669398994
0.05379192047452505
0.07965070783537198
-0.011594008568917742
0.22855615761263662
0.3156649162732267
0.042446669562613476
-0.10190919987387725
0.18194194846857578
0.08668480520188111
-0.04931296384798674
0.10043377163926023
0.08193471731128096
-0.08455252175278752
-0.17960358625469602
0.05136260893818148
0.21682659974323676
0.2958797105087055
0.22394445751203296
0.3657317383143426
0.08998669871495801
-0.06593595318420742
-0.2239056211599071
-0.35544759971069284
-0.3417163516679774
-0.6449518850707265
-0.3338488963896563
-0.19596624246496486
-0.4472453166337298
-0.47067326293102607
-0.65794769957896
-0.9017717508181209
-0.7617669117406967
-0.33549993331174827
-0.5171184951734946
-0.3242602203107896
-0.009169352009283552
0.27023091641339414
0.1760265906146503
0.19869570212926543
0.1577384898554689
-0.16345290417821146
-0.14112834254234463
-0.026088262478165824
-0.09624775933972893
0.08505815778688752
0.3342617237207161
0.3313253944307101
0.369203207010439
0.33702784785782547
0.5204217727001099
0.3682684300832337
0.09534653537109197
0.15785579167998398
0.04291307564625009
-0.06346481286683094
-0.29226907883138475
-0.27728589450896457
-0.14419035591565504
-0.31996673578287177
-0.15729973646661763
-0.2568268165129983
-0.1659763463969257
0.028585707220110997
0.027352874595148468
0.09674144620410957
0.1650157900155959
0.2888828636734152
0.3190304951759247
0.08578979837586177
-0.18417622495509273
-0.44447622930694286
-0.4291171801840155
-0.2662143515874917
-0.2756933843598111
-0.17744707987718486
-0.0006583258698636017
0.1732215443618636
0.09543899070507336
0.05649804286387365
0.013628271393681498
0.012680059801757411
-0.4233372003004224
-0.5928167454754371
-0.6388432726584526
-0.7192098981780967
-0.5707511314217344
-0.41753632198573953
-0.29439611191453585
-0.47508910151108996
-0.45306808030965445
-0.27362135101040785
-0.03429279368758634
0.11855721472869546
0.16080061820686423
0.07390265843276775
0.24089620706152062
0.3734025888811801
0.36251598461739126
0.23345187131127892
0.20562906924313795
0.14678968121285763
-0.18937243922267336
-0.1628616377359106
0.023982252909297397
-0.21318217681636442
-0.3245264489450334
-0.06452482277531318
0.05286974748891213
-0.29847006483170957
-0.33459195887423226
-0.4005511368437897
-0.6574739234915971
-0.6115246894025346
-0.26740407256231113
-0.1290310005794216
-0.2191914239979461
-0.06766357079741236
-0.13219439111423517
-0.2697053920777322
0.06475646926280154
0.0545940300357014
0.41495261889122714
0.21710928215523806
0.27848131901646656
0.1917253805906889
0.10955950913898738
-0.09578658226342368
-0.3173306960765096
-0.4053895140180894
-0.18075403719755784
-0.32691512094475983
-0.4800871940658684
-0.3947901750990023
-0.6646950635580462
-0.7054629963358887
-0.6170528800034881
-0.277780025891886
-0.3637211812237881
-0.19053099264309664
-0.08604878207053285
0.01570917684990647
-0.11595345104938543
-0.42590009364804937
-0.5025074750823416
-0.2451471767900269
-0.44053117835188416
-0.5721290951861553
-0.36649525702604235
0.02230282174614474
0.11685382950208284
0.19260275668551907
0.22171201385344608
0.11892325444071461
-0.04664861418195803
0.07383223124709234
0.34552019526104416
0.47929907126540944
0.36016994032167515
0.3154154996020219
0.33921850987407137
0.028676072910509595
-0.08081988436157399
0.18964022680063236
0.11750311445914458
-0.06141867504933844
-0.25168887532161327
-0.07431185366771247
-0.14486452645405187
-0.42761800769941005
-0.39922016921902376
-0.22693541848007193
-0.10587240449205734
0.01518401190129318
0.3798878160042738
0.5405522282087942
0.3886909402840639
0.24975385026913952
0.24926871251555235
0.19277115014843774
0.10118657985962044
-0.20857643407945814
-0.0671500952580242
-0.06535372532610448
-0.14533902031082827
0.009211921449711849
0.15021910182823417
-0.022718751435592287
-0.27163713891997954
-0.1823073321048157
0.018688977153431187
-0.11850303385107545
-0.3124115338562172
-0.2293182395528235
-0.1883547230414209
-0.10885771007725173
-0.3374698342305519
-0.4357671529127171
-0.5101438294879669
-0.27118999310975866
-0.3230434910639145
-0.23458263395877468
-0.2997907863882842
-0.25058653711996604
-0.4486015705108135
-0.6769567007256551
-0.7566413615532466
-0.622944292499225
-0.6412503888546814
-0.7083439325874671
-0.6496975192134058
-0.416757221073931
-0.08724022688193636
-0.03820126342335003
0.08479973300942485
0.19190946193385555
0.18269392769998993
0.13742844964030126
0.32695651968615547
0.4911333713363082
0.2863513752295482
0.0966968911063192
-0.1846243293328453
-0.19366087241945618
-0.4290048987385056
-0.3919516660968263
-0.29815854464742914
-0.5198851743055718
-0.4881570781505721
-0.08211922502565971
0.30153147794817664
0.41988040324340914
0.3740618802294546
0.32396249821082246
0.23592762001206044
-0.009574023230328865
0.013749544849463034
-0.06999635324790549
-0.253968012125265
-0.5000117711932146
-0.47136369703464875
-0.31983128343515976
-0.29590703213153813
-0.0258894830501194
0.15081688638487337
0.3365294045530451
0.3958226482479876
0.42486239444495133
0.3960434246756896
0.3533963863564321
0.34066651240229057
0.3378379515048216
0.09623753778277983
-0.05780666780698933
-0.03873675194037016
-0.30998869634631876
-0.2631093203713508
-0.31684432510459365
-0.35074224101939844
-0.22380487725224685
0.0506109726540346
0.12874441779527362
0.33367458359911345
0.5302796509807455
0.4150485811324963
0.19341160223746812
0.01034894483991431
0.14964885055644372
-0.11422190968477475
-0.18710130420185825
0.1641618983066169
0.28556117288142
0.17099705228027276
0.3105045476885638
0.34634647930667833
0.05871529208149314
0.14835313606652564
0.1974902794032735
0.11925875921810536
0.0609684440293521
0.1862690302318293
0.0682303486227264
0.03675196192237417
0.2751887964997453
0.28957688715872887
0.37147601879040565
0.20734251151725938
-0.04582495929540639
-0.04838470629362199
0.00083539601356869
0.05200730469993438
-0.17838428235031545
-0.15528599067882673
-0.10900529568130798
-0.18714589804906492
-0.11772957467950032
0.12887755897655526
0.17159266068478543
0.06781505312866351
0.06032954092605351
-0.11808545840761671
-0.19470442441024147
-0.27081708190322795
-0.5541316915042265
-0.6966713679484979
-0.5807904198880767
-0.30787907235085715
-0.2175105109958602
-0.19779710138946988
-0.07850856270025103
-0.13751786026639157
-0.3000117450202031
-0.3952267528653168
-0.33409453390750105
0.017265396295262112
0.15813618160110465
0.26113657047651256
0.6225479003406155
0.6617911883009522
0.6981879023926705
0.7875977352948341
0.8441045231323431
0.6545538758970302
0.45053357744386235
-0.06107027480925658
-0.11289485293386267
-0.1881028960213504
-0.4728666891741201
-0.6570583231978137
-0.462986789642425
-0.21951731286296544
-0.35091347649349214
-0.3574766292355732
-0.08074610347559263
0.13604897123770077
0.1500111471180888
0.5584905912815982
0.7391274909843712
0.6731128427941703
0.6512576203824815
0.6176840206879701
0.4532243978057851
0.38436450631289476
0.2756121393677778
0.12250858115893422
-0.12378946381829961
-0.32621681063583396
-0.06328000120219283
-0.036462289828632255
-0.16227630993702252
-0.08974305606405344
0.31113882652862235
0.5687209546546708
0.5325522795098442
0.8444899022696328
1.2042124632494189
1.248672829670842
1.8182904424137178
2.645112916904429
