3.184891643816381
1.862786872244666
0.7395423110270959
0.17252832597820714
-0.10940348950814197
-0.449279031161461
-0.6275312602522204
-0.6209263796448673
-0.3803385035896327
-0.11464005754976142
-0.12065738118008569
-0.2109186542936504
-0.359938392777924
-0.3800193930274454
-0.3192445279505395
-0.3886083308991542
-0.49706495305030785
-0.47241481341807795
-0.46512705538520865
-0.2006023417026699
-0.15273438431161757
-0.16560367234407147
0.07295648019893881
0.43262856199497435
0.5433746654889662
0.46414658889726473
0.4169790828334258
0.5249913649730109
0.4645836094861215
0.37205270761779063
0.21281834763450805
-0.1592391492921626
-0.2823148830273022
-0.37428172235193047
-0.33867040656383085
-0.15221920104613756
0.10555111116667815
0.18729199801960938
0.029054975934946027
-0.014378235774362187
0.05231311872616439
0.1021281841222042
0.030072554520838173
0.21134577222379902
0.14538492237131365
0.15543423153383865
0.1717069501075447
0.09180021732275374
0.17908063950931222
0.21720876390413282
-0.012091517280585228
-0.2471169006452232
-0.36015304192987496
-0.40073419070079785
-0.1996065259365569
0.05418143420195001
0.08384215817870558
0.03477447559260999
0.04840588415854566
0.0014929312026590942
-0.17633688654440283
-0.09792102622678132
-0.2012233445237296
-0.5654923273611501
-0.6722530714184275
-0.7014531936302135
-0.598696637728193
-0.41777979490817296
-0.015860934812245344
0.24849261272219555
0.3199639829242716
0.21022241725582425
0.2614741353274186
0.04628577533591666
-0.23580456419885046
-0.3570413297778511
-0.1441569916846422
0.03824477523597923
-0.21292819974662613
-0.1502704433349622
0.21097117551056438
0.4850435637462996
0.487545805219073
0.2109341739139145
-0.047420051216640426
-0.03924851835331041
-0.38473808512410607
-0.43885273714854356
-0.41093185263034804
-0.23992675331620494
-0.1919963266123156
-0.04397946373081177
-0.24591145899785788
-0.19457791356414708
0.11521046639229143
0.14493596933483108
0.25839304993070544
0.1267835075789132
0.14408270619080532
0.23321067459354994
0.3039596759211818
0.17308560641344442
-0.1074088986069916
-0.0841256815368057
-0.03659686250096831
-0.08942402432277113
-0.16757335046713037
-0.110176881898232
-0.21908023579549965
-0.2944751232729288
-0.5435394980983488
-0.5659821511747924
-0.7208803485455403
-0.6169360586365893
-0.8605540171323316
-0.9231670613813796
-0.8292666886932437
-0.5836344774136132
-0.3040711363179614
-0.04942799007444504
0.04760773924680567
0.07398489339612167
-0.03352381909624147
-0.2682691308420415
-0.3114780942695786
-0.20690380719510248
-0.31816329281124694
-0.08258676153550171
0.11688844077871328
0.029199287728398103
0.14631214811344
0.22818102965422934
0.37548670948992213
0.34989935812758555
0.31026106011765764
0.34622554459665134
0.2572589378018717
0.11220673492855276
-0.1723265667729303
-0.5032772504823468
-0.6753293085631963
-0.7537389411781837
-0.6266274926175993
-0.30652566302115747
-0.005461484595772876
0.0972940851004166
0.43763996603609806
0.5713511937024802
0.4794269015452329
0.4004352754497517
0.18915637969163557
-0.25028523026445193
-0.40516641090963657
-0.44160056640231
-0.3759968321266558
-0.32549295322214844
-0.026827711641242404
0.13534014997024751
0.4968038207907213
0.6740583470618652
0.5944845056380603
0.3911446521730162
0.17844419534451308
-0.24161423747526423
-0.5400119922160685
-0.5850983361856225
-0.46266930031734393
-0.2988984447985488
-0.25170336995267995
-0.35090882184735134
-0.5424728082631054
-0.5437030819074193
-0.4563370143424784
-0.49209819177321784
-0.31842679615261865
-0.4660771823741947
-0.3183165168038838
-0.22864345822233717
-0.21866564146399076
-0.16628929862855896
0.07425598568420033
0.040186093680084564
0.15164954092587
0.21940592605252357
-0.0037580574908067585
0.07277244778317804
-0.24043132283997162
-0.1776499285716814
-0.2729328440161437
-0.34587720973352565
-0.36784752977513824
-0.1071454876767803
0.016589965261076135
-0.06812732402993284
-0.16837816270374245
-0.20051889183166968
-0.25214959212255017
-0.24925844152039808
-0.24777981432176638
-0.47770903065300635
-0.537301542921694
-0.3955691400835409
-0.28403079418569716
-0.2970803666095943
-0.523817516454676
-0.4170773418755071
-0.44104641805075506
-0.6392289086378966
-0.5862790995781677
-0.25936651162746216
-0.24353134673506938
-0.3046590985876721
-0.22664836771788355
0.10866007987952524
0.3198183716265762
0.395786646527051
0.21954370527164999
-0.008889123176042034
0.04012811797283028
-0.22672678573264127
-0.27047993460210384
-0.03314125845581154
-0.14895461346686178
-0.3644122144109528
-0.5275619834609292
-0.49457041923764566
-0.4112542650480839
-0.3202812944378407
-0.32300729076726215
0.05294719061545016
0.10660693899644358
0.4516983509958433
0.33114117346884836
0.400162839313306
0.3034115115440123
0.17961900461399233
-0.1626678493336115
-0.24154491516992152
-0.3036689328585812
-0.33064786639991817
-0.227739592611622
-0.13369220531408654
0.2758691364658714
0.34115105205116264
0.32193298488851296
0.23526573568994663
-0.029960828963873497
-0.1382638136742241
-0.0946334442841869
-0.28459860622632893
-0.4174141687000649
-0.6764926620420748
-0.7097887835214506
-0.7231789632657079
-0.5328452166625662
-0.20453148536175408
-0.0894185790269184
0.03276827571557562
0.08139898112414441
0.03668760634972001
-0.07103970282467947
-0.23151660663617354
-0.22738714832624443
-0.2348620463382657
-0.39762173457544914
-0.3679348622449239
0.014202726361491225
0.05802129516844115
0.10175473125576806
0.04785617734807779
0.2361604793152002
0.5183107110427538
0.6258369643342174
0.6905690402080055
0.6657062166306461
0.49842474528743475
0.3076524115055238
0.28349234249532357
0.09852506361080458
0.08395516341936887
-0.11557336895602657
-0.3131092833168731
-0.27875149051073506
-0.03139229969439612
-0.036074445643410065
0.045619789506962494
-0.02199764860408584
0.04199545241368595
-0.0748154615900525
-0.3494238659984593
-0.4054335062182262
-0.3794434571610566
-0.33150932678909295
-0.18354023531696856
-0.21487753239154778
-0.36774345240728706
-0.3230882834120753
-0.3146740899247387
-0.4555181732974536
-0.3161110587711433
-0.16599335658769568
-0.024237388965094142
-0.15910728007239705
-0.19313209440126386
0.03992995671910232
0.09585972720490335
-0.1441911058749379
-0.13427004297881204
-0.10799374377286566
-0.19211426455511024
0.009597131952913332
-0.1483160536443585
-0.13475794005669994
0.1558715120858737
0.13416540035291635
0.17462630235785387
0.313717741952144
0.4633644499142847
0.36089062166444763
0.2916428856744825
0.43848940678821546
0.25772626406937793
-0.03716077565995542
-0.1540598279780058
0.0995059357275758
0.0772599244047448
0.1581748842304024
0.519705905013961
0.6324520334025411
0.8238535581050906
0.9284404060250064
0.7914033396122642
0.6554434739794285
0.5390544228571752
0.19165318252356053
-0.1638299127359989
-0.241401598348295
-0.23867915134396375
-0.4106881779183995
-0.3366627144009165
-0.5123211568069677
-0.6088028705740476
-0.5472368963313746
-0.5912462457744657
-0.6793988915800966
-0.6092205634249815
-0.3444097125003489
-0.2630523412946607
-0.2713603158016237
-0.2801093292528274
-0.01311253996769847
-0.25190254733456036
-0.36257327215549234
-0.535909247695674
-0.4346903995168507
-0.5013278188275695
-0.37489254492723534
-0.055458109553075126
0.1886397199724936
0.19322885443462998
0.0747077739783843
0.08869213283691912
-0.05247275920305999
-0.2792239610777988
-0.4794937604787952
-0.4513903226734322
-0.28957772799564857
0.12979108942949213
0.4189965122961349
0.5604851199537437
0.6569346241443225
0.5762842708476801
0.6333912427756666
0.6154422446592953
0.44263075200167684
0.4051874658938855
0.26495584055917004
0.268792132621337
0.0003410388452474884
0.008429680178229978
-0.13965339588776363
-0.43478625661919723
-0.5222575374992956
-0.37855132054371343
0.06682395082230838
0.12913150427400535
0.027442418977569383
0.06299596516473717
-0.23725651583181553
-0.34056010360334843
-0.29038366697090334
-0.37130278921376714
-0.5086209302958569
-0.27268004683350927
0.31541961996390905
0.5019162253045685
0.5853715834230224
0.6826685068667229
0.8108264986567962
0.8509996857503983
0.7252746790400246
0.5181297238902141
0.4058827732357998
0.09151934704507914
-0.08805052874734609
-0.07692830291999547
0.1294270418676812
0.015454517415641019
0.14807207819000956
0.47609365323304564
0.49256314220869485
0.41747745237888234
0.3191891019410228
0.30510220960036394
0.18191756208628668
0.14622174434768542
0.10516491378189864
-0.00847570211618237
0.3218633840953668
0.37356518897504787
0.18191369665004153
0.40200112514612246
0.6978452364787233
0.7925676687997896
0.48023010943813055
0.2714569167552048
0.40982614692597596
0.3087038766406344
0.4543217745253266
0.8589023784264059
1.6476571512518383
2.4272160318689617
