2.9298853649966095
1.8387590158159373
1.3263776921665065
1.3689703594063312
1.1149377266482217
0.8596553832558698
0.6468334993497311
0.2420973353479191
-0.03525906035649726
-0.13668731552135993
-0.4801475647552157
-0.6440929322885484
-0.459552266922884
-0.026551547811909246
-0.06458580674158686
0.0206577430551491
0.5684884906612022
0.921183170392698
0.8595808142766249
0.7324486269589857
0.6890194090313827
0.6957447945410461
0.20223166731384165
0.013929471270996342
0.024821048771256495
0.02857260886870014
-0.20540620531055728
-0.16681776133283918
0.04137543319685947
0.2211359440964865
0.35085571473354876
0.3276394233958621
0.3466165481268697
0.3048712146584041
0.5097747257695762
0.6594858197879071
0.5813030780899558
0.4835941540311836
0.3672746266728716
0.4139507090298038
0.18243898734671438
0.24794201672724908
0.3573579270931957
0.4149871194795238
0.2041472913857271
-0.1987069761958922
-0.2677413595204048
-0.1131583292993592
-0.36316166593523613
-0.38327419817799646
0.04762107083439781
0.1707432333874612
0.04261373402703108
0.2820448584690144
0.5627750562362921
0.5258504542002503
0.3938746496180991
0.33664641721814814
0.07682713014987276
-0.27208375440342303
-0.3791529606206725
-0.45689384534946964
-0.29473631780309556
-0.20088448557053334
-0.2555382560859985
0.06016003789239015
0.4858285130350526
0.6975393773419881
0.5735190643391155
0.4002166156462619
0.2001673365126758
-0.15872202201746102
-0.3269974741118578
-0.47338452069213083
-0.30566315289604856
-0.3516795821472896
-0.12757214575461345
-0.010798993846980447
0.38843253428126995
0.6248659923686791
0.7363012025423388
0.7337098065585546
0.6391439349673094
0.4798478835780906
0.44762034176841675
0.134078781764259
-0.2339331625128661
-0.17074505847567908
-0.3753793731311858
-0.3674654354329526
-0.3284520448176478
-0.03480401689328605
-0.06686146705708304
0.1601970680551448
0.3093218200566252
0.3019435519837921
0.2545358102564701
0.041110469706239355
0.09270266166428087
-0.045660171360360484
-0.2877510472072333
-0.17224884022465226
0.05671163694125872
0.420936617040307
1.0961421007997818
2.087220500838299
