2.8035009001358597
1.924482451138439
1.1130571797841224
0.7497797402875578
0.17275270935468398
-0.06666349979692338
-0.5166921492810757
-0.5818153396634912
-0.4282208985440335
-0.5354406761645433
-0.3441003013737509
-0.013337768691463006
0.16464101152888294
0.08929268891133246
0.45877336600640095
0.6408474353368481
0.4516547454290771
0.14146837840082366
-0.0720644352672888
0.09084690536274587
-0.030851489408319777
-0.2552638570630201
-0.2046424895985085
-0.1567305481893987
-0.44077227043536715
-0.5101988888438196
-0.3414834621423917
-0.26683811803528507
-0.22234462964509963
-0.22458004753364216
0.1252102455504049
0.06507884558290343
-0.11981861795996722
-0.11236766038031233
0.060155133436109474
-0.15011335901269598
-0.4115206892804214
-0.5194617682122196
-0.7740528090132505
-0.8131931145986121
-0.676304711429998
-0.6827717173964863
-0.6375923904014087
-0.39447879553012516
-0.17213985924213726
-0.0016600723178903758
0.37211942746692817
0.3881553400164543
0.3743807267002894
0.4818054803068832
0.3151473573935275
0.2759532922786385
0.08783061954459284
0.11890756894141097
0.14217101158008674
0.1215766345186975
0.226425866343614
0.0814743610374164
0.11986799565568404
0.17989358309107278
0.05386459146532846
0.22681456747163942
0.30954823673199566
0.2189487748723474
0.12187754104901515
0.24178813937430912
0.21622077643997165
0.020488162157508993
0.20039899871542355
0.11614830198142484
-0.06221268641167969
0.06016634731156902
0.2247802892239978
0.003057774667312066
0.13325652474286254
0.2878945199728896
0.11731160970030216
-0.06503405126140743
-0.10260711760285471
-0.3021079976704182
-0.4296883303370823
-0.5703028873266064
-0.37009172700023474
-0.5814240472392542
-0.6865699506596561
-0.5388828542969681
-0.2738586844447436
-0.2779442217186429
-0.13349646289822364
0.04031813503669711
0.0391747610540798
0.20109835639390822
0.1827065579460768
0.3137682226326392
0.23828573969262462
-0.047800938057288474
0.08455302742079754
0.1503102247918029
-0.0765577067207604
-0.03650990072926541
0.2144050255215606
0.5897698921184789
0.6066768807004679
0.7114425166057644
0.6742455485665143
0.4641031465735729
0.34145078565469505
-0.11514632133721689
-0.39155031402128015
-0.3375717223392282
-0.4516540578653657
-0.655257745717621
-0.571076018354894
-0.36286641671537256
-0.3722272783858989
-0.2548565191040353
-0.12103806290216883
-0.18625305490962682
-0.22812004955693638
0.11018124641218602
0.4021998499155129
0.4053911974374301
0.2741530550523895
0.27528823554575577
0.38693018742832735
0.36095701983861217
0.15846599755107768
-0.10084152009149726
-0.008832619345711973
-0.07917263523403702
-0.25059023894273424
-0.24373131904683534
-0.04114022262318765
0.07481145601743183
0.1984426190827695
0.3536726467927458
0.25821235759631544
-0.08635440889272267
-0.15475649771479033
-0.30424050233924294
-0.3176536157494443
-0.4479539472811243
-0.519101664091871
-0.21094423605568768
-0.18416820337249726
0.05205000856373269
0.17943199540410695
0.22829455570282634
-0.03372446104871587
-0.2541329397718458
-0.46291729356412736
-0.6067593876291992
-0.6495216310666001
-0.5535979255284388
-0.25372261134899227
-0.24995904363015792
-0.04690840035159073
0.14878324030415477
0.2920234192004381
0.19616337126011013
0.12096443439496099
0.19977435315772302
0.14199307547343504
0.3901842016535886
0.4548381049572673
0.6441429991399454
0.6464441568110607
0.7604353082693631
0.6620414757353452
0.2402560702706377
-0.1848512339086928
-0.2048767775649167
-0.5714845561579887
-0.7713463379634332
-0.6646555320370144
-0.4837422770558111
-0.5529255760403957
-0.5655486198183896
-0.20498132791822832
-0.02672444950546471
-0.12820359682575963
-0.11572299696095327
-0.1091942531633612
-0.07717800415012291
-0.3168373225051731
-0.501058375672017
-0.5054182065838663
-0.7144897579531877
-0.7664251539420919
-0.6420271136977527
-0.5891197072670978
-0.2948673097814357
-0.2734894276739982
-0.2220101610310374
-0.05537277031876025
-0.023933074389878753
0.10426986913961639
0.1256478447065795
0.3486866760015689
0.40190345439463615
0.2639031613266863
0.17547821774334488
0.020397101555598644
-0.06031484215621626
-0.21747223399690024
-0.24540338183061008
-0.15030028805390344
-0.10102082083592448
0.0213988603594793
0.13893395559788324
-0.09846303310506997
-0.27972311463065247
-0.060621032374791876
-0.33572435700316905
-0.36895323144899794
-0.14946636826832932
-0.0423999449989462
-0.16476740893984032
0.07099792075843189
0.4731495640660581
0.6278997849549406
0.3960520221066157
0.2361220450308139
0.4728179957802603
0.3548126906924419
0.023515629042889744
-0.22878425548507067
-0.17969389164111998
-0.5853434750009598
-0.7666279388917172
-0.602016277864878
-0.3129913966396328
-0.4011465937555383
-0.30952237208149946
-0.08826872894141402
-0.12789613561259416
-0.06201778453945461
0.2627914039645486
0.32697810373022534
0.1917576593620937
0.096693583449244
0.1938533674712603
-0.02385390233274766
-0.02934965432497718
0.1379695160645747
0.22735144791427223
0.008978617025145227
0.05266846250170797
-0.017080013288034566
-0.24579160657357457
-0.3443014600503827
-0.2146917698494378
-0.26324698752542275
-0.25314612528342517
-0.3464140080622356
-0.2694724633649393
-0.2545138063165263
-0.44419884703669504
-0.5514483853577281
-0.4905033227937478
-0.3407190856746636
-0.2657984679721276
-0.22910095202896252
0.04138635815416884
0.23342070206067034
0.22980940208472367
0.08612412610980705
-0.04380175740990933
0.04001753925261791
-0.1767413473096681
-0.3391848762518861
-0.3415820865821185
-0.316155165977701
-0.4050640388424318
-0.1605189278648845
0.042923214807524146
0.02165851502238837
0.13916499461077655
0.27100317733939916
0.30944780046579556
0.14497071273893064
-0.12750684701172563
-0.3434158828694804
-0.3595820230646866
-0.4580647259304037
-0.3517421590087666
-0.069030136415608
-0.04319364559770222
0.06562810244801846
0.212788022860308
0.078043008468308
-0.12733139871178406
-0.22123119868140861
-0.5077524230103808
-0.48599324643187364
-0.23314427309641286
-0.21951141227403267
-0.06086702688479282
0.05846668782242994
0.29201448157434196
0.25053791935379516
0.12937114345812048
0.26755068086578754
0.3111539058097316
0.23144038549539478
0.11099689329647358
0.35063867473871024
0.28718135184375443
0.11973889592151846
0.07882177068090379
0.36555403597551556
0.5622766962842662
0.5801588642305763
0.46236824874978816
0.18260779792633805
0.3081854737311016
0.05589732163943646
-0.278101606995214
-0.3707498019079559
-0.35877414825746534
-0.46209884352770075
-0.42305474109425767
-0.32923950639907207
-0.17603286822187908
0.023412105971837675
0.1112641641166402
0.24100095701738333
0.3085266264858447
0.3565600360197511
0.17408428124181496
0.1481022444193108
0.04096868979659931
-0.07732277930010693
-0.026652631643240637
-0.01279694711104137
-0.0285020391215038
-0.022661131487363234
-0.07796296252899468
0.0637813267499055
-0.08667790603434458
-0.30692389046697244
-0.3339125491557796
-0.5999720963416592
-0.7188694657460157
-0.7739061483556064
-0.5979610517806844
-0.45054203877912596
-0.3648106526905444
-0.4345106619392452
-0.6198729128293332
-0.5447263594792843
-0.3715633301505145
-0.29448114878354936
-0.17396398080409456
0.017606861260219264
-0.017688907180522837
0.10184048912922049
0.05385023589139016
-0.05925299208666389
-0.342024823890264
-0.60518234383667
-0.6052126070605671
-0.5654100264058853
-0.5128546929988644
-0.3953937158740252
-0.5369563170935358
-0.5632123415692375
-0.4145782534365691
-0.4752459469816035
-0.46763297015385963
-0.2912439403180502
0.06968427461026551
0.13289725449615583
-0.14801146956003372
-0.18089246743494083
-0.2800961921070789
-0.6846634690807842
-0.8488162392004495
-0.8445737449136771
-0.7457379496247263
-0.5281644189915923
-0.4411831412663822
-0.187424434728016
0.031227636925675494
0.2402576995150109
0.4200035851519815
0.3381811073737108
0.19836497764651773
0.07330306834180833
0.04354272494112993
-0.2752282620020409
-0.3379535308268566
-0.050385721364002836
0.15346497057876513
0.24829188338085145
0.41733756206438877
0.4987190922589704
0.4541037302216824
0.3830074830263458
0.23827393539650937
-0.08648963092988973
-0.1507651517621856
-0.26752779410969646
-0.459917612978302
-0.5839021653917336
-0.5198920812020265
-0.30317111255466056
-0.19844117782313508
0.019800977791816436
0.2717093492152556
0.14859292952567868
0.41043795915666537
0.6281825270275218
0.5189775353430499
0.25501599815106374
0.37446867872327066
0.2059368642682878
0.0033530746113081458
-0.2315717008969994
-0.21669029666712408
-0.08597584916231737
-0.34366494909893636
-0.369665942615063
-0.20011386580824703
-0.254889816323624
-0.3532823051010612
-0.18189754258271415
0.005696365699777068
-0.1791889745135707
-0.033008534450040254
0.1517188412758797
0.18567583637241714
0.00575024933894943
0.19134313076501883
0.10377951270546291
0.01382601765425196
0.1946289800686705
0.13581791252979192
-0.058805823423571824
-0.21189644353734427
-0.0589220194152017
-0.08136866401745879
0.09052488510823098
0.2781262809384348
0.5524290012161881
0.5445830540303398
0.4333439337940121
0.22024561963902936
0.04232952940846941
-0.22305321148303775
-0.30488734219586644
-0.46969665179139164
-0.3697277392576887
-0.30385668458973064
0.01713858487375987
0.2036325074367473
0.3859933642012438
0.26403558837773106
0.24791989037951798
0.2517801425367217
0.012702233852933445
-0.1021506066891639
-0.2265862309379895
-0.09641909187843728
-0.09947086491244539
0.20184317174270827
0.25573011707278026
0.4596031287321353
0.481177441066561
0.45101836006765067
0.359363132177215
0.36562431566500225
0.25907761078320746
0.32862434462950774
0.24792376327170143
0.09426367287349338
-0.10995814254242495
-0.21414468277920057
-0.33472096173420274
-0.40865235308026987
-0.42302298223154106
-0.43637041383459163
-0.1341221253899873
-0.21545542209447366
0.14542913013073042
0.39229068712816273
0.4819307181451104
0.5453940736121725
0.6482653978428881
0.6190232531169065
0.41971714830572676
0.3858185560632141
0.36947426878154815
0.4112651443166758
0.3290707112246901
0.14943919696479172
0.15077456465536557
0.21871145108303963
0.23768057779231924
0.2909541463491368
0.5575460256357408
0.5108412031708782
1.075586789801768
2.1741263725529776
