3.024741054502795
1.9607162570193377
1.1220171172568854
0.5211848669113432
-0.010468891696563204
-0.1257469927430279
-0.041675492896403085
-0.21448711285266592
-0.1133688026186544
0.1393848201140769
0.3495101751960251
0.2993493249940292
0.1712155963620663
0.4137886721469948
0.6501166282365919
0.7291739234864111
0.5967801985270661
0.46062944106616494
0.4324981310432743
0.27978888005852
-0.039560157853388934
-0.1399969984471001
-0.14540952343401606
-0.16729862524299505
-0.4849529177340791
-0.5711309364032906
-0.37928100510951773
-0.2124859893323636
-0.26309062056524857
-0.12493608074132435
0.07512424335314505
0.05116607541003027
-0.03000924512914737
0.11274431033262786
0.18050317029616061
0.1867107011105848
0.15535010812674274
0.01705737327239826
-0.18989656021491455
-0.3281154770039809
-0.43760159864372045
-0.5016486065581273
-0.48717618604386514
-0.4261731760830252
-0.08483148267069959
0.15917512673327927
0.11928045396192527
-0.015889667636570792
0.2133762009079957
0.27642093494250203
0.004263555697107992
-0.3287743110083017
-0.3467903759555128
-0.09726908752276792
-0.18529533499209597
-0.34196937965221474
-0.2432360754220381
-0.036554772349767874
-0.0018091094393065518
-0.158534651340935
-0.08632837953236858
-0.134871785699525
-0.24471357965527446
-0.4472813307725483
-0.4610286485115095
-0.25944400898234354
-0.3225471653671115
-0.23781484520701185
0.09625872193221562
0.11579633282319704
-0.03704340331542155
0.028720012248143828
-0.026013019277401912
-0.19908896613891694
-0.31554156885952
-0.27873780410366145
-0.332823884508669
-0.415497798322746
-0.11662474911422821
-0.1077647530943935
-0.18460812774598234
0.020356236436364087
-0.034074897300444155
-0.23452415386529366
-0.3626692721484093
-0.3437984206127911
-0.05870780120534878
0.12299725901551864
0.3351025616662816
0.313618269077022
0.4796742229657716
0.5445636592156302
0.5509185981391561
0.7389348174900691
0.7386982735150611
0.5470284525805537
0.35136190120519584
0.07456296028282691
-0.3116128945453187
-0.4782497729407048
-0.500460853214796
-0.38817990588381696
-0.4622200108133062
-0.4581093406190342
-0.45073266849556004
-0.5005639575926544
-0.49641024867188954
-0.30740253257485184
-0.23442074941635066
-0.206013615552314
-0.14374425059561696
-0.05961836701416137
-0.09612700146878622
-0.15055225798952698
-0.2454779206314154
-0.40511570829977905
-0.320423856447848
-0.4727508228730564
-0.46630888405219545
-0.30425765087798884
-0.16473593465692402
-0.13482747563502964
-0.2742379464171125
-0.17880829561411093
-0.45559453085524637
-0.6929693591356111
-0.7260975120130566
-0.6112207806673265
-0.5474070002101177
-0.3236568167073531
-0.17950499590232222
-0.334742998897271
-0.29928600206262895
-0.08607285947017732
0.08190331114715402
0.2624796504313207
0.2975557750129916
0.22424329108170654
0.32143624612467203
0.2703516016999604
0.21336707604100158
-0.0665200764559973
-0.39178397052301295
-0.3653027596098851
-0.46174978893588015
-0.5114872790492645
-0.4045722430147664
-0.32870101033196875
-0.4057133921816845
-0.19537270853649544
-0.33156928032318345
-0.4132954731790392
-0.30572492866306566
-0.36901778016686
-0.319876094198376
-0.10709157467266511
-0.011099630300813793
-0.09586428779832659
-0.06131958039692621
-0.27522433448794076
-0.25054610796686827
-0.019268660760914068
0.05273685906613519
0.06187390472047498
0.44293220828711927
0.5775547691818204
0.5347860581823456
0.5151703568795574
0.2304951041449162
-0.057871747098265564
-0.06924204887834101
-0.305484142751749
-0.31243961441574525
0.10337140693431224
0.2304198323141814
0.2710293747751644
0.3811560861570824
0.5332142313973317
0.5346732043836001
0.41589059332042727
0.4405576112462424
0.5167343715094905
0.469981905306272
0.4520047187623851
0.29919825492303215
0.15251424033644398
0.09965485141950076
0.07244263032553713
0.09589661692293923
-0.1771996673223339
-0.23772678263977273
-0.1004880089856578
-0.2921030329933964
-0.2821217088449481
-0.0062797085114566185
-0.014747411171298845
0.1292561094474064
-0.011998656750701692
0.26619843092295126
0.21941305727175686
-0.05722480253972623
-0.33606870355668306
-0.28520858805915256
-0.3238859436630949
-0.548594310610646
-0.5733601540990733
-0.48594499827473614
-0.38355351993726255
-0.3769224981548958
-0.2002931065842199
0.11675966469469169
0.30750651976982
0.22173533206392218
-0.06492931147364941
-0.062318465372124904
-0.3185767911767889
-0.3927105600337636
-0.5750122822084365
-0.5426589098027865
-0.3591145275756065
-0.5280096226110873
-0.5369512811731462
-0.5307117966343771
-0.26746096978916417
-0.2203626369637793
-0.025223631250739634
-0.05101442656914386
0.014123891375528667
0.007343133150433941
-0.17297330320264045
0.03406129071627115
-0.13746262187020022
-0.1546235801865848
-0.2892506502312712
-0.15869827832657396
-0.24946259275650814
-0.19757244281624387
-0.05365239696226219
-0.02707735194483859
-0.471127970151891
-0.5503906415297272
-0.2912190695095077
-0.417857977313785
-0.37758136765022593
-0.20941355231707157
-0.10758596091687543
-0.09821809811150206
-0.2174908303502024
-0.174547630961985
-0.04139283850634454
-0.1087397808067466
-0.18261280072907704
-0.31945035065207306
-0.2250690767360553
0.01671456110390938
0.12836949224229216
0.21083479205669786
0.22482523059065243
0.11242666675447664
0.09887013231129375
-0.002765689513009671
-0.21724226551763323
-0.4389501273631151
-0.5097247192380479
-0.7298908598544285
-0.6621597228524827
-0.614819116908595
-0.3770557762718361
-0.3457516605182177
-0.2956716073214626
-0.4140989667583271
-0.21176170963702629
-0.38919355784090925
-0.643853130977223
-0.590623927572603
-0.5690892607534241
-0.6849602017427281
-0.6649934950356877
-0.4618965514044038
-0.21462372597036644
-0.29439676339868587
-0.09979863771511704
-0.0501300671047251
-0.361213449770418
-0.382900592791462
-0.6186583849495677
-0.6919759641929014
-0.5953032869134302
-0.2773730599289947
0.11721050136581034
0.2468204288592483
0.24272082041198806
0.22387541415288714
-0.1153641192839793
-0.22751457187589902
-0.08864482891434028
-0.12265815622513379
-0.44573357766519955
-0.404391392875303
-0.2509083330020579
0.058103602398039036
0.14045825472198675
0.10678794077977663
0.2496403486615978
0.24965840196409997
0.2572867741410963
0.09348248888973926
0.2131017221767839
0.08186723151022789
0.1969316664000621
0.18635648197508037
0.1639905476031718
0.3344483619900086
0.3149665635413531
-0.06053293036756107
-0.07134044141650096
-0.1206383271025252
-0.2782252981799999
-0.2812606548937898
-0.1846037814605407
-0.24514420350746796
-0.43437249018842916
-0.46471285315128064
-0.5554176973690599
-0.541353335640425
-0.45756266609181057
-0.11178390108176223
0.12521239006819196
0.3231154907111508
0.2407120022515592
0.07261373344103304
0.2031785881543429
0.3628592033969472
0.2726851027332301
-0.00784091303783878
-0.35335917324985167
-0.38018937175064604
-0.25798232072571703
-0.5233913265869785
-0.5989427919336974
-0.2895473459683273
-0.17281634656162462
-0.1012046480274882
0.1279840669422059
0.29735679677800375
0.2322949348889925
-0.08693887996462456
-0.018742177566381135
0.13349022680965408
0.019402814843956354
-0.17551126508625697
0.003817447496199761
-0.13908362905313557
-0.1718252153535449
0.04268335342070668
0.10928408030865021
-0.06788971245330923
-0.006560510090786099
0.1057915382889166
0.22595437331316862
0.4374929960840102
0.3938501195525688
0.3533793076820677
0.40237152330902337
0.1630677984948824
0.0714538466106327
-0.1513310642500208
-0.45381624775137896
-0.6620319556823989
-0.6049725644207422
-0.74301996198234
-0.7429148178749793
-0.7844708895110442
-0.6070892379411726
-0.3882577378855425
-0.25909361548760645
-0.00610343695393096
0.0654883649881098
0.03979740302138875
0.01685737427687128
0.1832566143309594
0.24693411487176659
0.17483147496910256
0.07774546612655471
-0.18298087896355003
-0.11266502774877776
-0.21462073546940666
-0.4026607964872822
-0.26798772167971685
-0.055520750319525664
-0.19937639218170775
-0.2549803066539196
0.0054332301025754185
0.13460414763029294
-0.13098430414841247
-0.3144060951581581
-0.3069944265296609
-0.135031648671322
-0.26805500708278246
-0.18650192045525157
0.03673983218440989
-0.0196969433126937
0.2167303059378823
0.42811610034709563
0.6431575019313235
1.1398056873825162
1.8470586757537149
