3.0321593967498526
2.050464814243589
1.499159640606321
0.9187434064911948
0.7260823733303133
0.7822873746105007
0.7262382762344627
0.7320447121200815
0.6173268734596811
0.30314282672587045
0.288085549604815
0.07779474329448777
-0.28883464655503777
-0.3962771623066784
-0.5635753801440396
-0.541178054585355
-0.4623200995336477
-0.34950929372601774
0.11428888902369759
0.5300387863954323
0.5478901488755687
0.4557580069451229
0.4943971500069077
0.33124919831428307
-0.05814917979925524
-0.11390794744921198
0.09591416825934662
-0.026450913732202895
-0.04154574696610773
0.1713703486971648
0.15111288899101294
0.03715074535479386
0.24112301983703302
0.003836423396993069
0.07412615200000904
-0.08366306889998441
-0.20280643844791
-0.15646965967800536
0.17925747142626913
0.15855689774652565
0.17802574605652585
0.254533407630216
0.17222192417415544
0.23338733857648472
0.17676349195352692
0.11827246731717209
0.015517115993902549
-0.03496343627398436
-0.05245646924813501
-0.15536746545831742
-0.14153888502272435
0.02565534390350209
0.2915020221275257
0.37768242476226815
0.57860877078418
0.6171260925136864
0.40963802980575803
0.20086726476322453
0.23475830991407104
0.07668823641803799
0.09828556034743431
0.14580802433660595
0.1423795088484635
0.09103515574515048
0.16962893427219
0.19194802349201448
-0.07407128586512884
-0.31383383636479656
-0.3617579874922487
-0.7558617000416633
-0.914857666379566
-0.8868614827280422
-0.7726925703215535
-0.6310076501164347
-0.26936141527623053
-0.06622430928110246
-0.08705761350041194
0.1357900562816775
0.24801308904722963
0.20066495583349125
-0.05990743877810916
-0.014063291334607382
-0.2427193566444924
-0.42608902219810596
-0.4751497224421591
-0.2839282911307928
-0.1899318896936237
-0.29114711987393355
-0.12920090087639435
-0.09449637946635572
0.16141009005641624
0.26148314829762354
0.06760408708925632
0.3173942783787702
0.23692183610678347
0.24696800308175132
-0.04025715021387144
0.13468982545239885
0.04563639638888334
-0.23299033268951969
-0.27202323399720413
-0.010822976365008452
-0.12402872996060404
-0.03002824335952467
0.09973230907641462
0.08897193923162604
-0.016383317238086267
0.040268368887166894
-0.009129509461946246
-0.06123360586117584
0.02736851845885425
-0.028232504758563176
-0.03699191541111719
0.20631013822632555
0.573385389053445
0.4571381557915091
0.47379651380283355
0.4101086044250758
0.24128479898680572
0.1522545553609101
0.0686930061809538
0.04222964417039293
0.09206622538654831
0.0159462739667771
0.06870196574368274
-0.02849802729713697
0.0935253458341882
0.4544894272891424
0.6920061230152565
0.7224305508581969
0.7042306172642623
0.6303077626319101
0.4627438470989905
0.3964394225589818
0.19350819793191107
-0.1073360047351691
-0.42226412009622993
-0.4685848165931702
-0.4524092792750145
-0.3952145102450919
-0.3541849741551158
-0.1735151360004944
0.05156415557108012
0.21740109269986527
0.3890923556141397
0.4859551110369752
0.23451075233637103
0.011617970682737778
-0.010193162443016667
-0.01981108138300407
0.12813225714819998
-0.05536198743640128
-0.002709544939862349
-0.10165579423763366
-0.03003512046157002
-0.09045646787246991
0.09985763683639771
0.00776660979473573
-0.08721880902628112
-0.25488665035016606
-0.2542356468317675
-0.17919974903781855
-0.23865083995625233
-0.20641460010165832
-0.17920622196270486
0.010660801776628691
0.1518196132044928
0.27914081593312867
0.22879949091511845
0.24960517421471423
0.14886263947878284
-0.010414314880068887
0.11351110992646314
-0.004447624730715798
0.13013990630970054
-0.016980992557454694
-0.015116345762925256
0.023450277004162107
0.07588976048757286
-0.09149504914984952
-0.05697585845740802
0.0024158298045122975
-0.17342279979577
-0.14150006045792982
-0.05575138944765695
-0.0641391258663612
-0.2098733412562573
-0.38917010868106033
-0.44405501214215665
-0.4272675413794179
-0.42832686758012833
-0.49096197655523655
-0.35021564090185087
-0.3643802217500226
-0.5846400430387134
-0.581725312605039
-0.7258959415125282
-0.6963916674948913
-0.5442007056358411
-0.29490679190271435
0.05394343236911091
0.21289490812198053
0.2537760739557893
0.14258517762348027
0.1015544742129145
0.11867821517731295
-0.035611032102696
-0.02644580715112269
0.2634550347888445
0.48109379996710444
0.552146714611219
0.5859112780750819
0.614195686331835
0.4467942905289355
0.24146361882261322
0.29687229215551914
0.37289656517933656
0.14612005465704003
-0.07879490192371652
-0.18901401235010146
-0.12615659633206233
0.004345163753681369
0.20679008523535872
0.3654636544198641
0.3495542455868677
0.2135932634655831
-0.09778285592596003
-0.22117249755930174
-0.0473668854328505
-0.051015269316183935
-0.07830436625614709
-0.08116451030699642
-0.15372518717527878
-0.2919048342019409
-0.1999681235450021
-0.0625128483410719
-0.021237737838258226
-0.20856652586682556
-0.1737089281849784
-0.1603481778033431
-0.49776516763796497
-0.5258589819843693
-0.3243070112969128
-0.43784803042575765
-0.3132379534069678
-0.21673983237134534
-0.3456968952110589
-0.2857665211683946
0.171347009916006
0.31660743105107136
0.2930628700887705
0.3381871393083746
0.31015459036284243
0.27914405514790724
0.2441889183462778
-0.040799927430465475
-0.1910784314545077
-0.12915983175543652
0.07591120813064892
0.06924756266770546
0.07388523523415275
0.001303533932237675
-0.17182679556812705
-0.082550630734645
-0.015055605175235142
-0.15441144159488468
-0.07818866809093943
0.022079616997438305
-0.1429050010309068
-0.0600024826590799
-0.1356799389002057
0.09561851125073585
0.19348762202404698
-0.035918862851624773
0.03529226615136216
0.08791891557945222
0.10479368634143442
-0.18052099142976552
-0.13907370752332893
-0.007586782056950867
-0.054811542816427666
-0.10379885987396646
0.008680031321832794
0.025649777798272686
-0.05220885419735643
-0.3260225453665827
-0.35032596977991076
-0.32417227163662365
-0.021195788835988227
0.1398934702945062
0.14210215485933914
0.21001121031438466
0.3939186835585174
0.38809886601834975
0.3069684594650807
0.20575534662196074
0.17386532372845323
0.0562973935598564
-0.01403535936503052
0.08358596391983253
0.21159309999330667
0.23143372252827182
0.09451242984284439
0.3121468210758321
0.3611974574780935
0.26853497672914917
0.0945003343862468
-0.15126687711943737
-0.4147836677039386
-0.6903446111600924
-0.8326285482155861
-0.8011866134498855
-0.6953531005821525
-0.3746612787200508
-0.2032891648293116
0.12956784625101905
0.14060184286690228
0.3102190217601129
0.47031725668669355
0.5499295380956012
0.4798076775075019
0.40918760947655003
0.07942203290207969
-0.19288110421230165
-0.04188377335463431
0.2451443043214192
0.2606102172644765
0.300935719515922
0.3796121116098161
0.24617600269235532
0.18295845168559252
0.4107520172137663
0.46501469076967916
0.34220451075652947
0.2526302837697839
0.03643771542448082
-0.17623619489912765
-0.11844749794397488
-0.06183960968795878
-0.32068848219649043
-0.3077181013753227
-0.13769732849991723
-0.049200616439935264
0.058965093380855406
-0.08595808329602714
-0.3639663156812957
-0.3656384569429382
-0.168617703104965
0.11286991712271105
0.2885026094630661
0.21820394507047863
0.1134772861418724
-0.04732289974213655
-0.40382657124024435
-0.5635490522583028
-0.38155627484870785
-0.20276639642867048
-0.18854006539636833
0.07402784148724906
0.1865397499577035
0.13532731213153226
0.3346539625045616
0.39945259538316424
0.33238558928001816
0.3870606790906102
0.18170830532536725
0.12369727678475284
0.10452985710021662
-0.16741368886996089
-0.14293970892130942
-0.14705306210063646
-0.16491076091771734
-0.054683270297717315
-0.1446132150142591
-0.14083141263820434
-0.05027832231624649
-0.19679278173360912
-0.11463164481752938
0.08671827638576944
-0.039288394887656085
-0.15831631183008954
-0.5170637279557159
-0.7038242900266561
-0.8042721936632271
-0.8283596698723424
-0.6721846303342819
-0.5227247780726161
-0.2592667603366714
-0.020644640368370177
0.2655598091213052
0.43312921363733725
0.46701910041379663
0.5550127938815885
0.48891012651399185
0.4692966834112034
0.46356876183253526
0.22117121275922935
-0.04572705200209834
-0.16139883999331534
-0.10629684358152322
-0.1830487257298563
-0.19592294174892816
-0.2847442870196376
-0.35724717986896254
-0.22365029000596595
-0.20896805378701655
-0.3606241449580114
-0.6504298253158035
-0.7328209640215538
-0.6858384753607337
-0.6996195670250187
-0.6414283383138377
-0.5247127879663477
-0.18833483020076094
-0.201859427427407
-0.2696971822285148
0.06881678803795196
0.20719033715758806
0.009231848148425603
0.07928861170326079
0.06410675191859157
0.08693509694617224
-0.03941186511916524
0.032821174512050064
0.10969894922727946
0.12138079917000459
0.12516920889327018
0.5379002407708505
0.7406299706322232
0.7741654146453733
0.9429853779119534
0.9329087708600338
1.0301765782221397
0.8569292455451758
0.9094419915320717
1.0893994252444195
0.8478158775103528
0.8799065353155128
1.008582847793988
0.9226158493646645
0.9799010061624542
1.0639022354044636
1.0619315817496384
1.0387402959921128
1.0195168778232302
1.1804518195774554
1.0621738372804617
0.8893994036235056
0.7802275125773421
0.5719105127615199
0.5023174955923102
0.3830050688511755
0.4751342814381329
0.6204486908430279
0.7101320514828222
0.7818084240049205
0.9856286410107398
0.7697336694069411
0.6996096346010099
0.5506319293756337
0.6584500813511055
0.710927125275079
0.5490662125163608
0.4305000837105598
0.14253689355098853
-0.11588654183766425
-0.17209148357529946
-0.2005798206446438
-0.305341680703296
-0.20645464487922785
-0.39388195925422514
-0.359898026776252
-0.36341757722123746
-0.3828955204843006
-0.2568088993732827
-0.207764890350242
0.023176195534455893
-0.002988113284677976
0.02098249790912171
0.12062868956239012
0.12950783942764632
0.4082870656553007
0.6318751100204772
1.401576777902146
2.1424002115745955
