3.171276113632712
2.2244003256253335
1.7671982229340286
1.1763037774393408
0.6156330471522309
0.22075578582629451
0.11952041552995116
-0.15716182271710727
-0.2439559011669533
-0.2392333282190739
-0.018576013384272033
0.04423616823409399
0.07388368918842571
-0.007816681636024982
-0.2149491871622921
-0.07413147396512998
-0.08770705331188233
-0.12568740488904057
-0.29432445556176684
-0.101205298342538
-0.05378325593116828
0.1114888210890687
0.20026614711045815
0.22452903277450809
0.08202055903633247
-0.2790377257295813
-0.15976266926023341
-0.33059273371806824
-0.4176009342685043
-0.19330001678881698
0.009754238276250713
-0.14510818442563114
0.004299487708522145
0.1182807222213634
0.09592845668287256
0.08590396441514604
0.07380452728822512
-0.12979748256555304
-0.14293078122809078
0.09556036383093226
0.06876519714002535
-0.06576266901302842
0.11461961846249918
0.0569180343037482
-0.2670221147975514
-0.23052607236602557
-0.21853274807450015
-0.1802862489519955
-0.3082960178270068
-0.21632506488849992
0.08137286520746828
0.03971153857313656
0.24904946075784476
0.1487423294494209
0.1891942541700471
-0.0700412079530401
-0.12948670169594204
-0.2339142041758728
-0.44691475335024494
-0.1784140340830861
-0.08751715269715843
0.0746914962452696
0.20855447372130573
0.3366883680105809
0.0845403942987869
0.029287296590033485
-0.40732927985492334
-0.8507471557034156
-0.9739443660615155
-0.8878944397529572
-0.8620950970653152
-0.5889902105418543
-0.18358480784519704
0.006303695292760512
0.1553710113865678
0.10037155160263485
-0.10113349104237487
-0.16101391442178886
-0.08217651157339144
-0.20648203126463704
0.003975167439052581
0.30628596601804103
0.43159120101031195
0.5788509516460993
0.6463244780926901
0.6945253272822459
0.5396614401941379
0.3598361395321598
0.14847593845379584
0.17853416970042554
-0.009177750761047718
0.17097814483545534
0.06489380670518276
0.028542879142094073
-0.035262905448544005
-0.39141591967695766
-0.4783079999972305
-0.33026299370522194
-0.2934637315520569
-0.10915426769771186
0.06906185406429334
0.04054426788900521
-0.20922558442312816
-0.42183948728491066
-0.5824496541515948
-0.5756424408040473
-0.61409497680491
-0.4088043531364726
-0.04206355546005661
0.2934864219151698
0.568566331679124
0.5608444143756741
0.46923296564627376
0.4098534478538645
0.10232708306705061
-0.4947882163152246
-0.8067170597532197
-0.8964268420761016
-0.9657928521582634
-0.8755944231671025
-0.7267905567646279
-0.395120689582215
-0.027580578418401135
0.13612802353336806
0.2426153631969214
0.49117098821355576
0.3842751445131157
0.428958321211365
0.38111468166497675
0.14360275498771044
-0.23111652365081828
-0.22954342330360433
-0.22739209980196876
-0.5237797619474915
-0.4597086634250733
0.009279283764910176
0.3419494821521265
0.5117475824172877
0.6810351378975501
0.8130416349576881
0.48972616070969477
0.31426103292673935
0.3992096369692607
0.01607552254875322
-0.45211103334409114
-0.5269548731315836
-0.3347484769347121
-0.3427740850006411
-0.3905270113640978
-0.1079469204299569
0.0314171064136232
0.06203065113215514
-0.173690709835145
-0.23596700497316872
0.02972944884789281
-0.01936652180429969
-0.11000285043070632
-0.06470570477324838
0.16142069048168284
0.1481877922971429
0.21815674890682962
0.24764204459486794
0.24651994510154684
0.014833355570326293
-0.20137617838912328
-0.05757721795936121
-0.15854769478009206
-0.3369333730297714
-0.28791484533174927
0.06399310910610775
0.2657692243585538
0.32629183234912257
0.43537899370149713
0.44914448820273906
0.32682919327390836
0.04939236380095818
-0.14809428026855698
-0.1122222652264335
0.16053479190397008
0.09544801859603591
0.2177727768160517
0.40590181577444745
0.3899599901842606
0.07548415436467147
-0.16086516092062397
0.005758247046155733
-0.1554880259311629
-0.27082948120014794
-0.06047372973376723
0.20216284625049907
0.11328135976400912
0.13777533598803937
0.2863145773261633
0.31696773721577565
0.30986612006508657
0.38056153587084274
0.2565388431614756
0.10113642575378232
-0.03791494469928187
0.03029843060124924
-0.09868965117869069
0.04773882429999651
0.2606178980213748
0.2962012083536013
0.1037762827384473
0.20454002122861914
0.33318520331234186
0.13029118877365828
0.18069756070957804
0.17468662304225246
0.04664578920866261
-0.2078809898097714
-0.12326036260143555
-0.13747430330034377
-0.4325020567028727
-0.3268765941884272
0.13289661063637437
0.10401091550277901
0.1375218850585283
0.30843415017060793
0.5183930900413657
0.22757631830845165
0.01851951151269281
0.3107161950710765
0.17963315783979517
-0.059658430352422825
0.10177209044585689
0.16239799006058506
-0.037058054062707395
0.03498778213731387
-0.19394417089109572
-0.4755903001616364
-0.649966204901259
-0.6344721294045289
-0.6935849711971717
-0.46529701210405444
-0.30382646925028167
-0.2576924917290644
0.0005750752995704409
0.14429407708147535
0.13836510946485397
-0.007294295401735975
-0.20987573845618684
-0.499458925054869
-0.6229303270997179
-0.5119196359108431
-0.48254909828113013
-0.2922915253944457
-0.008774235138690044
0.16002838059358157
0.1585637047271829
0.09702050367921178
-0.08108895263471151
-0.32667624100155973
-0.6295098741963613
-0.7370975468471468
-0.713083848260896
-0.7151676287560348
-0.46963037729560286
-0.059999284613538706
0.04807970558074389
0.04227023310894139
-0.062205142942923924
-0.15725058272903727
-0.3636480092994587
-0.11653961691026253
-0.21170779612632382
-0.3189397395397688
-0.36398989676995874
-0.15733652633992326
-0.019734361795000634
0.06717806956135729
0.22448098089651553
0.20805797184427985
0.106160691570563
-0.25531781273236237
-0.3296383946340365
-0.46525862568852006
-0.2547517754705354
-0.15793602221056569
-0.18828387972538116
0.10101569581070603
0.2012990594438505
0.18706843088700603
0.07411673003286814
0.1268432814572213
-0.07141027161326571
-0.08611929345531963
-0.2244570283661307
-0.5183114741232792
-0.6095493877000451
-0.6406354520270933
-0.543720661388413
-0.21243219924172915
-0.02969666558517966
-0.010357876788229466
-0.20289321025581375
-0.3525644636746315
-0.5065955631745943
-0.5886695681952525
-0.7609243576797171
-0.6302048586936414
-0.3690404783730695
-0.09848555646061881
0.08652912876081402
0.11242601389651447
0.0901952636979724
-0.1450010690801403
-0.44775450549725704
-0.5129789982830718
-0.7212690549272711
-0.7216835190524752
-0.6636594609952836
-0.6943745404097389
-0.6359181773119219
-0.6772280466950626
-0.5127392276650798
-0.5291679382061416
-0.4547305003119966
-0.4796582101093338
-0.290613817294655
-0.22709299809160197
-0.10000046829970183
-0.20209499527677824
-0.3823044976574548
-0.20999642057113874
-0.05534984523750679
0.0009118678272711867
-0.039163200153442386
0.06807173088327007
-0.1718487593719043
-0.4426276872403645
-0.4462554798585043
-0.16129045586125315
-0.08093450532115332
-0.13716207815889545
0.18787924771561315
0.33400579843298683
0.37772275010640616
0.16121716251772183
0.2782635982755876
0.30918587888155097
0.0010873165354615098
0.019933278128577727
0.0647130610162825
0.317498584548618
0.26700112115945157
0.3675356130862183
0.43037591389585794
0.4195480557142092
0.32245893479203663
0.01459131953680444
0.13465903801193566
0.1536775387818664
-0.09104710314744562
-0.12778774343801333
0.23981578656099967
0.4506546534135292
0.43336634648330025
0.4076816651042391
0.3988479052778375
0.19568824386594885
-0.10283308572898953
-0.20761143018936926
-0.04037106695812577
0.22789031832215711
0.5858002564838487
1.0699475920292711
1.9676923144323235
2.74144106347368
