3.102498074421767
2.2185534488365883
1.5296302515362399
1.1502923945708212
0.7022701924368148
0.3163416151840204
0.04192638253489979
-0.017296175247714506
-0.15292992507110725
-0.4412508351651337
-0.6811879649527006
-0.8131190988096544
-0.8542355946584809
-0.7059234511891719
-0.525016877164753
-0.48973879512035406
-0.30742150375365684
0.0009702705114921929
0.22244904145127692
0.3521611632219164
0.3242922863796522
0.25579527334698005
0.09920896620359272
0.0516973478556543
-0.0902312562430683
-0.01872354943856923
0.12431556863586812
0.24842469885590923
0.13072385377264828
-0.0740277897159328
0.0535363185854493
-0.05852294733986993
-0.16617177183796017
-0.06551504348679832
0.10567470112721496
-0.07674600301422302
-0.15076053811367507
0.03630841737006194
-0.026453913552392377
0.1816763204201197
0.2331306642899931
0.020092033564702492
0.027233699338363834
0.17085858099933687
0.10848828306692378
-0.2681709854755963
-0.49775276953529624
-0.6427368667230439
-0.6452000479350113
-0.4476968031367574
-0.16101743486518608
0.0994377148983898
0.1541447327560327
0.16301992265536586
0.20397406243579652
0.33052212526011504
-0.1021433748773469
-0.48047098685722894
-0.7790818778906484
-0.9000374232189275
-0.8776106447614703
-0.6360820934219841
-0.5121158342418042
-0.49048011776536987
-0.6434789440417711
-0.6083234994008182
-0.3653986923471864
-0.4837722724737004
-0.35715503397352777
-0.19565552567912403
0.009619947082920162
0.048927798196000384
0.0515857446309479
-0.011575241343979123
-0.095987056802398
-0.1813459316475342
-0.325012960733276
-0.5310154408292066
-0.5646394412512601
-0.4685979914751177
-0.5414644620400183
-0.37350527576097836
-0.12569720839217247
0.19155634630199894
0.4065882725554339
0.47085606059303314
0.4690792675050873
0.7001922627725059
0.4840941243937641
0.296541272082026
-0.1812717676828265
-0.2421452272427825
-0.466918011118004
-0.48981967455855974
-0.7062520467213713
-0.020326804279316435
-0.44685953475427465
-0.4169445834312936
-0.321819599690916
-0.3673673948296253
-0.2638311369970392
-0.30008723197516546
-0.08504287131462773
0.022354515982273226
-0.2163337852521166
-0.1609721159124158
-0.13174042145264842
-0.15734026534507453
-0.32449142474523024
-0.47178511670138656
-0.620565119926147
-0.6271242260653881
-0.5687112923607403
-0.4294582227514488
-0.1531396107996495
-0.07172306664166331
0.016904940797844843
-0.14432758036026158
-0.2553890973792676
-0.023870630877274625
-0.12379586585323007
-0.36663963608961
-0.34816392873024016
-0.171954068617982
-0.11582281915717721
-0.2842248876995731
-0.16409898387236274
-0.15459861211679427
-0.33388318065842953
-0.37770842588760856
-0.29373017833039966
-0.27547093466432593
-0.4778858201501818
-0.4168360615036833
-0.15753031066736284
-0.10815719580362264
-0.21055452997454766
-0.1103380787913444
0.0659992624920457
-0.12330443863345139
-0.170028982453282
-0.05443247410396082
-0.15868395121251305
-0.47081019280448594
-0.38646564283313956
-0.45710665463392763
-0.5410875309959813
-0.39657820201954563
-0.46921661440378215
-0.2910591853186003
-0.05224777679885684
-0.1182037247411839
0.13687958710651704
0.033854807278858035
0.12104107129518626
0.05415626326803713
-0.045379582476738206
0.039828185144868675
-0.02867746976325367
-0.31019053941141383
-0.3276235133253406
-0.2965198389779152
-0.43601180562814196
-0.4411864576080623
-0.2861490699340413
0.0809439310395152
0.1794068251422136
-0.045139562242189665
-0.07804653264801414
0.17014090819649863
-0.08936755131511388
-0.14101383700205883
-0.2054022066300848
0.0397095131343993
-0.257111024050935
-0.37802547749302673
-0.05611590057291933
-0.2673602457831525
-0.384589109898623
-0.512202077754121
-0.4101197536840012
-0.20611160978391008
-0.21792729635606828
-0.1613902220495423
0.12281844287267119
0.12553391756123639
0.1904988055289376
0.18940803984607343
0.23848288928341424
0.22024467860162997
0.019097426761949456
0.17587273823144334
0.17003084634789928
-0.18476729180959567
-0.2316513680517039
0.163705706788113
0.22542018660505675
-0.022534185377285014
0.19943303552472852
0.2433043494683091
0.22803480106927124
-0.05907592375530006
-0.2312112981882998
-0.31245340495823537
-0.3108014159236351
-0.44622125268934637
-0.45773153307452646
-0.6527905381022285
-0.6921164169908725
-0.7516266594193833
-0.6412184238171369
-0.3446998391016496
-0.37388430190009625
-0.18382636224076315
0.09802296261858577
0.308130417764982
0.30167099718557344
0.22001082565327906
0.10005967118863351
0.3383503685032254
0.5597735298089953
0.768445619589597
1.4942426063695664
2.373569228635575
