2.857210472505821
1.7344342446863081
1.0945389393074816
0.5581823585650801
0.46559754502117795
0.4032593902160886
0.11316465109520979
-0.0663207117042911
-0.32029272786008733
-0.38540718688924
-0.5536294255693339
-0.4472750675394965
-0.17414638387028955
-0.13585929334035057
-0.07300768237373206
0.005840662635703958
0.08863454584041194
-0.06212707409633942
-0.257381572946443
-0.38462557866468994
-0.3800798086944418
-0.20380121635618373
0.0015305182103343973
-0.014643193515759458
0.1342884051066238
0.2591863319817478
-0.002067303626795058
-0.24030879111161943
-0.14786132091173743
-0.32514143925110117
-0.4071498342805149
-0.4436573032984492
-0.4446828247412163
-0.32968390516904256
-0.36797016303248875
-0.41773780292865137
-0.42995637274635656
-0.4211738392247365
-0.5962030697385471
-0.5583825064501146
-0.5658773435760639
-0.7940863999477388
-0.5229868703571152
-0.18368739920325733
-0.1314531790018706
0.07722857948049024
-0.023135416547337397
0.23991980211059685
0.32553377078551093
0.6120335397777248
0.6645385065296517
0.4842086760927053
0.20000776672390388
0.3098573996237918
0.1368376718769478
0.08986248189037682
0.09460271426117745
0.1988459962174316
0.1770843860083277
0.13257137928057666
0.24708668194111927
0.41890894376288224
0.2698317026156085
0.2936020629755508
0.11114628861234288
-0.22005041570192674
-0.34064369977285014
-0.28646586639491045
-0.3722963572772904
-0.44398922746515435
-0.19179380726526266
-0.162437112230658
0.027338797627234165
0.010118579394361393
0.26969150434689254
-0.0008593482568454713
0.14244989386988444
0.10047724471307401
0.07420383675739861
-0.17863818728629005
-0.35489344249313404
-0.659752048328468
-0.8974099897426461
-0.8062529446346473
-0.695288371869616
-0.6307059349344414
-0.30060237710251747
0.07995572009963159
0.20125624996566494
0.3855511494620629
0.288435238439933
0.058491521556474524
-0.04333987978836808
-0.1205049957309663
-0.26593317987648096
-0.24285233098770165
-0.42014079718070807
-0.4003696786083051
-0.2560631687091927
-0.24815023479272058
-0.29383267091115467
0.1333489810174429
0.22485651625439754
-0.012149281860401828
-0.373310238842329
-0.4050861500294501
-0.6147042825004227
-0.8633445019815543
-0.9038905064679862
-0.6699112938020688
-0.595536529841472
-0.296919263158386
-0.009422580031553052
-0.22337776608394821
0.09479496712969115
-0.13267013272222639
0.14414656903448864
0.07466232334618872
0.32987640762758463
0.31050145170207627
0.22373218304247156
0.2235953719170476
0.0445730350932565
-0.04503924886417798
-0.11229209302562554
-0.39117417124370935
-0.2523808881578359
0.011932926265517521
0.09486648073403997
0.15871820147801827
0.09627669274766681
-0.14183490457350628
-0.13407788976230295
-0.24123951069005117
-0.22710429525301876
-0.22893810919463076
-0.25572485911882153
-0.0629030244860028
-0.0958189560116816
-0.047757732709373425
0.11281003807035002
0.11737430666067339
-0.1657034515601139
-0.12195276963636217
-0.12304557601749028
-0.37487864095774803
-0.440174319415607
-0.32102927879072984
-0.11104755060402638
0.056278176635562074
0.20060938788723046
0.14885779779467564
-0.1193277362021058
-0.08495956323466398
-0.1410948190022702
-0.06317671982927957
0.08356529759334283
0.0581920577032009
-0.06089421505674585
0.09662696790867545
0.0701759621890802
-0.0156375180918501
0.06619609582147684
0.17632967752048045
-0.05447249491577166
-0.04471008892081256
-0.12587856792892527
-0.15878217940798744
-0.15991081354668113
-0.1361851495684286
0.022820684455477053
-0.0722251286616306
-0.08951386030308435
-0.2850435772836909
-0.2283301494573053
-0.32972887524793837
-0.27181976355280574
-0.28025435547341193
-0.03147114566082142
-0.021079371877937104
-0.10614623890721794
-0.11873147763072875
-0.3244364470992345
-0.49784731722521414
-0.5516224445757674
-0.5340238802742521
-0.2806688988288562
-0.07127600108568419
-0.14304438714170292
-0.28068065891658434
-0.15210513010644583
-0.22204245464973782
-0.11834955768852698
-0.2856667129253578
-0.1858475693993485
0.046265063117794714
0.0532963189345208
0.03157615796213059
-0.1301527122361289
0.004183381451406724
0.04320456135349576
0.04422140977341741
0.017108838972113415
-0.21710284558177012
-0.5961348161738294
-0.8023520824211047
-0.9193604515831357
-0.8106741608723194
-0.6822617041459655
-0.6075553356191834
-0.6086201660265446
-0.358955156387216
-0.08979137584176317
0.27556754618776047
0.3144609379283172
0.22279162386354492
-0.12217740451968229
-0.3237603380047375
-0.568002718829606
-0.7660870320535931
-0.8596621658501419
-0.8943630764581165
-0.5888959902076252
-0.2951290789794302
-0.21582907366572568
-0.2317636538696602
-0.07468081787938474
0.012829413739352896
-0.37581926368551494
-0.2604366128171904
-0.3713193571285216
-0.3583979836461491
-0.21460649371797902
0.07562192956407472
-0.07755979664797509
-0.0017600749578670777
-0.12582242025197665
-0.3004936237749155
-0.2122410696193941
-0.23422300659839995
-0.3511670574322537
-0.11017057454461145
0.3088955892815352
0.49075058422548273
0.5526312852136376
0.6325978714713244
0.5796010442122723
0.6766832226768471
1.0245525058108138
1.574679522450483
2.597803865233412
