2.8649814083903293
1.8716362272274252
0.882996876926351
0.5753716132528033
0.5073491006153413
0.3392650393368528
0.2563142932813972
0.17406224712105933
0.29239609644899434
0.20976859282099497
0.017502338162165558
-0.08667070008310722
-0.11700677854438983
0.15454614573780834
0.1367839278803374
0.2661966812918068
0.27999008892278715
0.3578589738042606
0.17213019389135711
0.028300230261927333
0.12803158021265088
0.1383706330695696
-0.0010130733849591025
0.17580915634875371
0.3046914774071904
0.20289271945333975
0.01888053691979928
0.10947351968229613
0.05076957754561981
-0.11908749103082227
-0.17666485058292256
-0.17287809525946016
-0.3482132953794874
-0.29533308178320206
-0.08639470251912165
-0.04949422858652874
0.10020365724303854
0.22981048252257116
0.3165805097222041
0.21435771551135885
0.03608320791897381
0.13815294251912114
0.2963312111671037
0.1223582428628686
0.2297510024016311
0.2713379072247106
0.21334583407842755
-0.08554851979103544
-0.1578128492953795
0.022836684049152525
-0.1232929164322838
-0.35129876367919954
-0.4096616812067336
-0.41482347716289725
-0.6214597110170071
-0.6114146907058574
-0.7922700650883444
-0.8171701290407628
-0.7579768507773786
-0.6555307786115654
-0.5406771901543004
-0.13266683030705337
0.02924243896482912
0.024164816561040678
-0.05076429182536475
0.05465974718335116
0.06115488033453781
-0.14411693114406107
-0.06215239375000164
-0.008612738501488519
-0.09032022927701577
-0.3604556892712508
-0.4517705950433709
-0.2484110013266839
-0.32050254012065293
-0.475367464263177
-0.38419115189736985
-0.27223843345773663
-0.400002524538773
-0.14701674147293914
-0.12002362285018275
-0.34031992415858314
-0.37048851176385794
-0.21800502831065405
0.059617615585669796
0.20977776155202021
0.2906211412751619
0.18405080773247137
-0.01767458071906751
0.036539278802998884
0.09489255855447512
-0.11839043833750534
-0.04521102246814212
0.07920388943481708
0.04083927080400357
-0.18917153816068413
-0.19673020767340565
0.0528812819733315
0.06810778694327926
-0.1561415263615304
-0.09420518383781437
-0.027382850527605272
-0.2092975640714938
-0.19044219792098258
-0.11366118390933225
-0.08992627454866894
0.14215719528450266
0.07691003911856084
0.19730087894015375
0.3103318124205031
0.3611870868137975
0.28713726747486945
0.09241786551690148
0.27359759152920643
0.1832225148425566
-0.04131484932699877
0.08537459880432847
0.2227715384284038
0.14724600524902184
-0.008605849678807578
-0.045564303805763484
0.21657642265470417
0.07536307599064594
-0.11039856004604168
0.06727429865505102
-0.01990403923416207
-0.31678289755347216
-0.36878855218192236
-0.4246318171836182
-0.6753485031488812
-0.6900546964424744
-0.5951653047799261
-0.39003615587026663
-0.034182937659009795
0.050086112632783786
0.08972768873719167
0.033962818442068415
0.14242891027612647
0.03921151890237117
0.11753511773142038
-0.16500120510863278
-0.15381020086627922
-0.23226293879669002
-0.4639508804947486
-0.5710303593147164
-0.6123415053039015
-0.5327886005726078
-0.26141564918642807
-0.2927845037038689
-0.5728697482700925
-0.5703656420888428
-0.5167708576667899
-0.2928794791000959
-0.41908313843062955
-0.4455162379086922
-0.27385985210025154
-0.31156017726858504
-0.17572533267982257
0.06620429969129107
0.3046456387747917
0.6163753121963003
0.5604041078922747
0.48132564062675665
0.4413250680053455
0.23009667463641065
0.009604566154531884
0.09731884859287715
-0.0741678566835315
-0.2304697169018581
0.002156372228937553
0.03790404275729224
0.30495059332495805
0.3916080659387684
0.3791621713481057
0.33344673276656533
0.13297254015177856
0.022609713917972327
-0.13107382193410655
-0.0705262850221947
-0.23217582873420683
-0.22474994501903633
-0.002063538455700672
0.3511075970509733
0.3232665701895734
0.5651355343856379
0.7090345550929743
0.7818218850682851
1.0046424866087262
1.2792079623148622
1.4664316827967574
1.8550219804893338
2.795093632934159
