2.1419777544907905
0.9825359296283359
0.2546842998333594
-0.002382626114320413
-0.08661714198510265
-0.18128775588457047
-0.396837997513215
-0.39315614624257145
-0.40660098954938234
-0.2966658404880059
-0.3840546433735634
-0.20145968196419226
-0.09417025716265423
-0.10083805101716768
0.09087061900192883
0.11875403789790945
0.10363257286433315
-0.05084941323056598
-0.1532746072284437
-0.3088030388151434
-0.2227207659624415
-0.2695780103917705
-0.34651889106146555
-0.27558622192194665
-0.15022964496447003
0.1441399077540501
0.1615867634922988
0.08774306930605864
0.019788547860177384
-0.1603274712091634
-0.2980552163077708
-0.18313932939148278
-0.04546098260114922
-0.2894150761199155
-0.3123731681023694
-0.026965426673081487
0.07395775728556539
-0.05964354790885687
0.12122682029955922
0.06159000619631415
-0.17924923972390794
-0.19339763917510047
0.14979675661424663
0.2803976607957375
0.2538155092560295
0.31395777561886057
0.2362046785817986
-0.002265464196709331
0.10232864028984696
0.11490500107898688
-0.217179659701433
-0.34616912905810193
-0.11476127993074497
-0.3044890299446515
-0.47780817219850524
-0.29485313814405784
-0.2004891780975083
-0.27597383331988645
-0.2567512414298336
-0.01606775525436272
-0.07415452069961516
0.0749139218205449
0.14349765374046522
0.19161898671673963
-0.1583865626486344
-0.15984346970403449
0.07623564008872596
-0.19974035219259684
-0.5127931992933643
-0.6069722441517814
-0.5615652357935756
-0.7697681732107174
-0.689294069267985
-0.57679717773837
-0.7012477920046759
-0.6993384825804311
-0.5997688915799118
-0.2959228087886355
0.03276958275783716
0.2154023293558333
0.3242182137060939
0.23172664325507053
0.37960742114483537
0.20472133298177042
-0.17774066880143996
-0.4034158139386774
-0.3271631428438829
-0.5553235176019332
-0.7154457053929499
-0.6376744434614837
-0.3233942738396884
-0.3024543810856326
-0.23220558713907097
0.0013059745999143661
0.025089249172544993
0.04922126011984758
0.05969713343354169
-0.007618922006945454
-0.3454457700562571
-0.4812510363096671
-0.5584958627747096
-0.5754482446361309
-0.33774592960726935
-0.05045464716913706
0.0009290728833091485
-0.08490128053285673
0.0755654144753475
0.000463558932508476
-0.3323955013228798
-0.3946132401366808
-0.13107994906494003
-0.17964438070286545
-0.20334110376756567
0.01728804326796519
0.05453524876794423
-0.033475105489285194
0.22743729636227786
0.3044237630946308
0.08492123336487462
0.07620850562502596
-0.03164701693389363
-0.25968123654052744
-0.3582493902656946
-0.33177570996295047
-0.0013015520855019537
-0.08749179474982265
-0.035299068031340274
0.3014985159407322
0.20845602658347973
0.14912351566676774
0.1309850955807917
0.035517943161344344
-0.3131263989162932
-0.34782701265489163
-0.5009969466246771
-0.5353624544268307
-0.5485734033508414
-0.36503141610312023
-0.32735868538234375
-0.4457182525487202
-0.38694897058930533
-0.4351631120439319
-0.5831020736450371
-0.5153792461704018
-0.274101525924874
-0.19831145219918153
-0.05471317531135741
-0.12983378977049878
-0.25319454152744275
-0.5862949657711287
-0.8008649028042348
-0.765242573310745
-0.7650949389688173
-0.7104917837823758
-0.5024348773334802
-0.41591152715314783
-0.3536246860274842
0.003463737455648524
0.1452569812197427
-0.050914179016379
-0.10428346298118965
0.0653368023497208
0.014684793133347671
0.11119039221792562
0.10589379558886847
0.02765462500027826
-0.30707266022259466
-0.32787856341101856
-0.23151720487056704
-0.47474966762555443
-0.618126345895108
-0.514838656719345
-0.26401037449671977
-0.3004806499879159
-0.05875052430654132
-0.03114032965571608
-0.21724553956938308
-0.2526334157223571
-0.029227593861911042
-0.018262356309882436
-0.2822906835896421
-0.25263749591201456
-0.3896167325639322
-0.43743305357187284
-0.24973837332081947
-0.23168067868282927
-0.3992505894815055
-0.5835468392699292
-0.5132765336828844
-0.5881293927181119
-0.742844137142656
-0.721845873953132
-0.4310226697413716
-0.41012299152202647
-0.32641943455134415
-0.09840821600433702
-0.07754081408936864
0.01617525538864874
0.09231218393667226
0.13794432121654107
-0.10534768465410653
-0.2332950631430851
-0.43692762615305464
-0.4224091358205238
-0.3282523099512464
-0.327323382624662
-0.3771227872477228
-0.6172150271487553
-0.6225039869277598
-0.6807577233130206
-0.7448741891090718
-0.71760194416241
-0.6149872586080449
-0.2166402855581812
-0.0915126508674042
-0.21187816837169848
-0.4279647199862447
-0.33446404829232707
-0.228709476457606
-0.4100929530436062
-0.4199873058148904
-0.3575857948516347
-0.12464412340634226
-0.27508629350474234
-0.3534533171154763
-0.18963095554495896
-0.13057876339093538
-0.22870784739111394
-0.1310926920436828
0.13946616808647821
-0.0737448401006779
0.023334046161365134
0.1316231473262124
0.08648621009019246
-0.14727435605532108
-0.016878358737234214
0.11462739246848683
-0.21981665713390586
-0.41078650101039876
-0.38767736838288147
-0.30874767143391935
-0.40622841632864337
-0.2266201607603153
0.020385551314363915
-0.007585490227289809
0.026195089256101842
0.4067676765251757
0.6554645072744943
0.6290375218634688
0.48264559348379243
0.3556124002127643
0.1681785211700121
0.14905025436512181
0.2135229509819741
0.08180870291952985
0.23938937583406442
0.1902940407703624
-0.07097962162939471
-0.1572943536898149
-0.09187474712517599
-0.15448723138687434
-0.35511385989847133
-0.40419839544175973
-0.26546860788316806
-0.3962954042136668
-0.39058893931264305
-0.13188243363085816
-0.011741656530219084
-0.06437483785189761
0.015405621029616172
0.25161602781507586
0.14192530140164838
0.02953698579853312
0.10110113625387462
-0.012478199622863798
-0.20762441515510502
-0.130215759802787
-0.018270292547641478
-0.11315137401617378
0.17541327612145227
0.2846355305853532
0.49689740286716305
0.5352067620575304
0.48658785132844923
0.28454481845409435
0.058188444237395213
0.17418823309853682
0.04244047863483803
-0.3026627332767831
-0.42709277164863213
-0.23856748497564104
-0.41738901790778715
-0.4486878041032011
-0.1642687603669207
0.05733504118350153
-0.13440049358636616
-0.12324193534036218
0.09664324608253032
-0.22428045098902463
-0.47080556072372853
-0.25160100993954587
-0.05710423103015667
-0.36425522208874755
-0.2471303857785979
-0.02865474635089263
-0.07331085453693897
-0.07508024509225093
0.07551233195198276
0.005475958584329128
-0.2172983163031822
-0.21002690994757878
-0.1180784473618523
-0.2773536919300102
-0.21035167002283545
0.1131532201193254
0.26102383562657944
0.33648818870717867
0.3520924323041788
0.32241800530374254
0.053672494912265827
0.13147472862593854
0.1420420061490546
-0.14210069458627295
-0.2842720991485041
-0.15672252546891796
-0.17716632977710534
-0.26509553093242144
-0.02991548073655483
0.09955710187127811
-0.1597851201673165
-0.23449970429902123
-0.055956103906201385
-0.19965243637496016
-0.13062670449844935
-0.016541657715445027
0.07598901204878127
-0.07750947974115868
0.15135942411300585
0.5474704630106301
0.4442139407733233
0.0062673884920840806
1.485699263197995
2.7547134362444106
