3.3993444160328488
1.4688637046504025
0.6225352215228426
-0.12892977912310427
-0.5194235135139451
-0.6295929448139286
-0.42768411269613943
-0.3166399459265272
-0.009174378341543719
-0.008522384947685126
-0.20856005971820338
-0.1898497958377089
-0.19166214681942795
-0.010380125163291407
-0.07860646541925491
-0.2651913700733095
-0.24709764975671192
-0.30297038637808055
0.06581393376916606
-0.16595738619454956
0.26693781151325924
0.13595597798661768
-0.15821469481920963
-0.10387746187748605
0.20021672234092253
-0.07860646541925491
-0.2651413078337475
-0.24709764975671192
-0.0787846084720762
-0.19733461599671273
0.13964440350719942
-0.035971906513354523
-0.28988283769626705
-0.34428738925654057
0.24116726065780322
0.29071699076607754
-0.1818866235682432
0.07615137661456094
0.013952430598530746
0.35062755875991586
0.24143131585872113
-0.0787846084720762
-0.1383311235941276
-0.08166492368521133
-0.35724928666259514
-0.2597031043852001
0.04746922569066835
0.10337706485600641
0.013952430598530746
-0.18746270665710899
-0.18754647157373192
0.1884721698948215
-0.10116832644794842
-0.20084330611298554
-0.35724928666259514
-0.2983349476231171
-0.2911485133950384
-0.026607301098453648
0.1968042799116386
0.013952430598530746
-0.12974367546239884
-0.1801318040530867
0.01903474713175769
0.09981817855157434
-0.18746270665710899
0.013952430598530746
0.1737673816568484
-0.18746270665710899
0.05885758612949275
0.2897311851140795
-0.010380125163291407
-0.2031014743705009
-0.035971906513354523
-0.26028872895609234
-0.40388344619380084
-0.028958439873327767
0.226709739005252
-0.010380125163291407
-0.18746270665710899
-0.07803287512535549
0.17655530425357846
0.17435836979431618
-0.07803287512535549
0.19296184351809365
0.29464700605919264
0.2889504846970574
0.0778621498898263
-0.1760635901642595
0.14964840117676664
-0.12638057221603016
-0.2923478649364802
-0.36561860203800634
-0.3665274159927837
-0.28726629659673486
0.25279063676675523
-0.19449570385085746
0.19576663313706888
-0.08758490078920918
-0.23607466091750007
-0.12276861423145796
0.10097877997694799
-0.0787846084720762
-0.17197939149727748
0.08051420209505734
0.14150465160646808
-0.035971906513354523
-0.2571748572958342
-0.26195380246522304
-0.025481497777511724
-0.19733461599671273
0.14044736378632708
-0.035971906513354523
-0.18229844651137936
0.11165161979947807
0.26982212544970297
-0.2020025932923933
-0.08851437187246187
-0.2538699773816166
-0.2053272312943874
-0.5350075738913282
-0.4001194837789835
-0.189586881075371
-0.03444306599519447
0.2529335415786037
-0.010380125163291407
0.14695757122431233
-0.3773157276866296
-0.256391690319339
0.08969671482263576
0.28989655370411443
0.13964440350719942
-0.08533602403825949
-0.18539112925001852
0.04878618220529009
0.09574620896696441
0.23754430571248875
-0.09420949157788865
0.28993629034905544
0.07935479202149559
0.1007425518387217
-0.16344176320777393
0.1861058881065147
-0.07860646541925491
-0.2651913700733095
-0.24709764975671192
0.08598795649621702
-0.18746270665710899
-0.18027188596147772
-0.18746270665710899
0.36887546250241576
0.2809967409433743
0.06795103919985646
-0.18746270665710899
0.26553583665187136
-0.07227159613130046
-0.09935175984619651
0.2889504846970574
0.07510117665845942
-0.18746270665710899
0.06938240072968609
0.1912296968941675
-0.06976621914350302
-0.07538916723782405
-0.03504243543010183
-0.29872297673934706
-0.43544947558777525
-0.5352746720782213
-0.6318248768255442
-0.4631944977655099
-0.3904512960612412
-0.31547336646708457
-0.3342753635707736
-0.3868061021946165
-0.2889009561707989
-0.07308710885605735
-0.2974186934169731
0.06390556001250532
0.1809867201942074
0.18178968047333505
0.17962314161145682
0.18011579153205212
0.10305288115945677
-0.07300964768088165
0.18617350957462755
-0.14646683908847638
0.25605319460892745
-0.0767831740403163
0.072999013082869
0.09128339377719051
-0.1898497958377089
0.19153411186005498
0.28968809150928587
0.19296184351809365
0.25633376521939455
0.2883435363305894
-0.20194070373108172
-0.08851437187246187
-0.296315066859147
-0.3649414938938964
-0.21584014055921066
0.2734951168380659
0.07743284292343532
0.29940587308338373
0.09714616288756658
-0.258544502550509
-0.37583516642476217
-0.30665182155857523
0.13754641373488954
-0.13388235105206228
-0.39047063473265
-0.44061938733831424
-0.4280752847066723
-0.1448421829337879
-0.20210159018257623
-0.08867007927060445
-0.30032164270093437
0.06390556001250532
0.10202401814759607
0.013952430598530746
0.2090326050467307
-0.08758490078920918
-0.24570402778417427
-0.24709764975671192
-0.3570421351902229
-0.2820280922483935
-0.24709764975671192
0.013952430598530746
-0.08922486890996781
-0.17509829454785852
0.14732237051718422
0.17668509745677963
-0.11203214964014643
-0.18746270665710899
0.06433442684667354
-0.0787846084720762
-0.0836407555092139
0.07971984357508098
0.17527751457551385
-0.19361330251663691
0.06390556001250532
0.10534020500212843
0.11081260747334737
0.10002497201170574
0.26786406080963426
-0.07860646541925491
-0.2999520821226774
-0.41656639459785944
-0.1312826399132656
-0.42766285223631784
-0.5100323854907812
-0.5603975372858634
-0.5118476838067668
-0.30205472464480004
-0.3561996093978747
0.01474120814153549
0.2552047475726223
0.07971984357508098
0.10381223139478342
0.2880821148192224
0.07067453589738017
0.27536874436266146
-0.1912459276419307
0.07066386703856047
0.09788790173731693
-0.006998557028928817
0.25860731748731464
-0.18746270665710899
0.2469709103012363
-0.07206797091939128
0.06795103919985646
-0.18746270665710899
0.06433442684667354
0.2883435363305894
-0.07803287512535549
0.06735911273717406
0.2636512560370791
-0.1898497958377089
0.013952430598530746
-0.013532792633398495
0.3258265350082621
0.013952430598530746
-0.19093385562531817
-0.08166492368521133
-0.13767955301304918
-0.28152367064994605
-0.24709764975671192
-0.028958439873327767
0.10429933918368141
0.3630919000942468
0.2626774089074604
-0.07803287512535549
0.17655530425357846
0.07591528997147587
0.2746441277466986
-0.10368171903224789
0.2746441277466986
-0.18187411779997117
-0.18746270665710899
0.19073115158092732
-0.1754116829919165
0.06434004545268364
0.09024031113832022
-0.2672787276159432
-0.373974290646732
0.088700860446184
0.19491641023831197
0.25923387392520975
-0.18746270665710899
0.013952430598530746
0.1320510201212746
0.06701410533064067
0.7274965781057037
1.335182757185997
2.467221334072282
