2.3675273219513473
1.6582156240935706
0.8221709019482267
0.30863031009984576
-0.13200355542813055
0.0651287853666499
0.2671347221921797
-0.13197064794238844
-0.3979281990804768
-0.39570853866381944
-0.20827090260001005
0.07909107263483468
0.08703880942301494
-0.2083636195597439
-0.28726629659673486
0.24666381356492326
0.2889504846970574
0.07578632506097556
0.25025229226002443
-0.18746270665710899
-0.19570892406404825
0.05634829591339214
-0.13767955301304918
-0.17929719748873194
0.12913995991975527
0.09920302576982046
0.29743697125929985
0.3458333613721168
0.013952430598530746
-0.03504243543010183
-0.2536089210435837
-0.40388344619380084
-0.0787846084720762
0.29117105445622654
0.17655530425357846
0.09736544923358091
0.013952430598530746
0.26553583665187136
-0.0741539007266782
0.19572064185357557
0.013952430598530746
0.07615137661456094
0.013952430598530746
-0.3032417594113298
-0.3301939980672913
-0.28726629659673486
0.26883631979770484
-0.18746270665710899
0.2798838168599947
0.1884721698948215
-0.0024711746570872752
0.20878337183991477
-0.10454810729745309
-0.18746270665710899
0.22262947675316103
-0.09651942508471496
0.2873577306785914
0.2873577306785914
0.2646060040907833
-0.07860646541925491
-0.2776543322226888
-0.4062850124660357
0.09790652959121254
0.09565412421106582
0.10509369770365778
-0.16699090984809387
0.0759533360009428
-0.20084182265297412
0.08688225822870764
-0.16255017603147567
0.0892306705259218
0.27142348227338897
0.06562151176155802
-0.3590337331052372
-0.25838822401218264
0.08174984703250415
0.2550033765127661
-0.19828669603993615
-0.08166492368521133
-0.327029324991966
-0.405860848011099
-0.4024451779284491
0.01820705574275714
-0.010380125163291407
-0.07860646541925491
-0.18399905359093752
0.11448133413296746
-0.027252058041738234
0.1007425518387217
0.2636512560370791
0.05733880098147723
0.9157460269530998
1.520453020126153
2.8775940469288015
