2.6499738233991432
1.2074777138661101
0.37546779861478435
-0.0883403576970393
-0.2473265269515388
-0.31052041546591647
-0.24709764975671192
-0.07803287512535549
0.07098808623895406
-0.08851437187246187
-0.18153563866990338
-0.03278904361206369
-0.08185233924870876
0.18927513017394917
-0.04960901939341993
-0.11343467976572937
-0.010380125163291407
0.17655530425357846
0.08537444803300709
0.013952430598530746
-0.18746270665710899
0.05909310327695408
0.013952430598530746
0.06944671199015394
-0.12638057221603016
-0.25239343235235273
-0.2248676661477211
-0.39157359019587057
-0.502810515037409
-0.42054104269153264
-0.3976080635966623
0.2516010848330739
0.06943054612234897
0.013952430598530746
-0.07803287512535549
0.07892987649878043
0.09128339377719051
-0.010380125163291407
0.19296184351809365
0.28317829532627714
-0.18746270665710899
0.1737673816568484
-0.07803287512535549
0.07407994322938602
0.013952430598530746
0.013952430598530746
-0.09251064329582644
0.06944671199015394
-0.3578485928448478
-0.17438988902658345
0.11413592372492262
0.013952430598530746
0.29249801077035864
0.17822919319486139
0.11618720743892026
0.10455597081835054
0.19353689469931568
0.34936361810529903
0.013952430598530746
0.19404675291229265
0.013952430598530746
-0.010380125163291407
0.013952430598530746
0.061433795396233816
-0.13767955301304918
-0.26872704837157696
-0.29643658536401474
0.013952430598530746
0.06795103919985646
-0.0787846084720762
-0.07297553228178505
-0.10381883138761423
-0.18746270665710899
0.17822919319486139
0.17931283125292447
0.08366301347878016
-0.08166492368521133
-0.12974367546239884
-0.31862993233205683
-0.4021108764009347
-0.13241993843658123
-0.27975926250628297
-0.2910280104985
0.0885112859314828
0.1022585226394804
-0.025708084490239518
0.17987027887446527
-0.35724928666259514
-0.3208310710880985
-0.4438109646032362
-0.3602034788368433
-0.23607029793928977
-0.3911984747055206
-0.39601891777085185
0.013952430598530746
-0.08756318718058681
0.07822720144341169
0.013952430598530746
0.07822720144341169
0.013952430598530746
-0.08851437187246187
-0.21948972254399493
-0.12514845540712338
-0.010406523085430268
-0.0787846084720762
-0.0836407555092139
0.190945132312971
0.013952430598530746
-0.20084330611298554
0.09050187446473221
-0.2213826852648092
-0.29382051770479156
0.013952430598530746
0.17655530425357846
0.1968042799116386
0.013952430598530746
-0.20084182265297412
-0.13767955301304918
-0.28022616441304926
-0.2945266165046594
0.08655419763860599
-0.18746270665710899
0.0656158931555479
-0.18746270665710899
0.013952430598530746
0.08179566840393171
0.1809867201942074
0.11618720743892026
0.18011579153205212
0.10532820219554212
-0.07183085768297075
0.06919502897488765
-0.18746270665710899
0.27827784016993123
0.13269189968094383
-0.20309116172722447
-0.19223767629312036
-0.058533100749791636
-0.014613020985588728
-0.07744849566384374
0.0742430028579002
0.1130879285094327
0.09757070713635647
-0.12638057221603016
-0.341690596196187
-0.41901319825490435
-0.5180277261156807
-0.455759267342171
-0.32761749373980836
-0.09991038553409828
0.07822720144341169
0.013952430598530746
0.17735826453270612
0.08665591434188145
0.013952430598530746
-0.045504023030512285
0.013952430598530746
0.07674769452091917
-0.08091319033849065
-0.08851437187246187
-0.17973109139470111
0.02972306789656949
-0.08218443706890795
-0.0901543399932205
-0.27222080446158875
-0.26210969870802564
0.09759082831190963
-0.11795659028869881
-0.1978554507123093
-0.3706638120331735
-0.3043228713217838
-0.24709764975671192
-0.09029112684693179
0.06943054612234897
0.2973857647858158
0.17686561461211084
0.1809867201942074
0.18178968047333505
0.18011579153205212
0.08331415645157866
-0.06952092417614446
0.07822720144341169
-0.1838319176287597
0.06923431939553305
-0.03504243543010183
-0.2503530430296994
-0.24709764975671192
-0.06668479714972667
0.013952430598530746
-0.19666100410727164
0.16745213722357682
-0.13767955301304918
-0.27375561187438113
-0.27003534216105257
0.08086772084667293
-0.12638057221603016
-0.22310956734509063
-0.2544774231602357
-0.2703608075260496
-0.06807755639644947
-0.007998009017141329
-0.0901543399932205
-0.16919339154172502
0.10370371985491765
0.013952430598530746
0.06923431939553305
-0.08758490078920918
-0.27235961502468126
-0.2973868094669476
-0.026607301098453648
-0.18746270665710899
0.19652360213270323
0.013952430598530746
0.0742430028579002
0.09903111728449476
-0.19378862718992718
-0.08572636495931041
0.072999013082869
0.12840520270682756
-0.13767955301304918
-0.2665182588577935
-0.28447842357506553
0.013952430598530746
-0.09150223314616919
-0.07644897465756367
-0.10938405708481147
-0.35724928666259514
-0.2180906875909267
0.11095926892528034
0.09674592816583891
0.28993629034905544
0.17903215347398904
0.14052133838660785
-0.08851437187246187
-0.23205870471397064
-0.1563583828962597
-0.10737769150135618
-0.1720251053351488
-0.09047575834469676
-0.07803287512535549
0.07764841018990606
0.17485101971491146
-0.010380125163291407
-0.18746270665710899
0.28993629034905544
0.17655530425357846
0.07605354073317239
-0.0753514298113628
0.0742430028579002
0.09903111728449476
-0.1898497958377089
0.013952430598530746
0.08179566840393171
0.10683129185443586
0.13098320958428966
-0.35591576953225357
-0.28527843023198995
-0.24709764975671192
-0.02783263655238584
0.013952430598530746
-0.35231749841724225
-0.20313109652431077
0.02512278197847477
-0.020634814050489832
0.22279231074622183
0.15525354617015238
0.9216150473793124
1.701759201064821
2.763154234395409
