2.40744894277238
1.2105813466460231
0.5031140055822317
-0.09438910360952227
0.02138811091186213
0.29071699076607754
0.013952430598530746
0.0655816876518117
-0.03504243543010183
-0.27630698615536203
-0.401006016244886
-0.3023805083873307
-0.028365195149732167
0.35222080680304996
0.013952430598530746
0.0759533360009428
-0.0787846084720762
0.21162400166825182
-0.18335019002595968
-0.0787846084720762
0.27865824579691445
0.17209349271556548
-0.08166492368521133
0.05192678060193154
-0.23021035656630745
-0.24709764975671192
0.0673244293895889
-0.07860646541925491
-0.2803982103389775
-0.35979663161683606
0.013952430598530746
0.29743697125929985
0.3447260109014021
0.013952430598530746
0.08051420209505734
0.17931283125292447
0.09838454069356022
0.09253790956806532
-0.2343018682159388
-0.28726629659673486
0.26982212544970297
-0.18746270665710899
0.17655530425357846
0.10462606495198717
0.013952430598530746
0.07822720144341169
0.2746831510421678
0.05885258494266909
-0.3546857296594477
-0.3008037699366069
-0.27093652517911504
-0.4729412464677544
-0.38661798094657757
-0.15220935904249117
0.2704290738161709
0.07638264296733378
-0.18746270665710899
0.19296184351809365
0.25903169888531613
-0.18746270665710899
-0.18746270665710899
0.29071699076607754
-0.17989218062645954
0.0665758960209442
-0.13440362652165638
0.19094901911523213
-0.0608743080221637
0.06919502897488765
-0.010380125163291407
0.1910846151075224
-0.36924524748289644
-0.4606801321556083
-0.45505442628474635
-0.18981069563942143
-0.037761062755848236
0.18178968047333505
0.10870855754507396
-0.08851437187246187
-0.19436210143356317
-0.1191459240336226
-0.0050272939737146275
-0.18746270665710899
0.07145822555853683
0.11329754905286578
0.09128339377719051
-0.0787846084720762
0.26060381824129597
-0.12974367546239884
-0.2682845831319321
-0.16795701459516604
-0.30639175629185955
-0.3979505540394397
0.01668413098882124
-0.24398879581492744
-0.28726629659673486
-0.03019517972483941
-0.20276392583556324
0.2490642580559226
-0.18746270665710899
0.013952430598530746
0.16992695385368722
0.2873577306785914
0.2756299333986966
-0.0764638342335045
0.192158883238966
0.36187079761284613
0.013952430598530746
0.06668573875878704
-0.13767955301304918
-0.22598072530556568
0.03677436914955277
-0.3570421351902229
-0.22124404815681456
0.10804137421071923
0.09465214946027051
-0.203135570955925
-0.13901879046216123
0.25887493969061776
-0.0901543399932205
-0.2443803475719504
-0.2547283468101572
-0.2328582784907438
-0.09765316683287796
0.29944118024381156
0.013952430598530746
0.19383277218024894
0.29476495437837724
0.07409108503313253
-0.06925784787171295
0.19296184351809365
0.2058689822971486
-0.3546857296594477
-0.2567171718835523
0.04063000764970798
-0.1467816778010419
-0.25350048425231153
-0.11291632691616937
0.24195020526473576
-0.08627045874159008
0.08100130988395535
0.17485101971491146
0.24778539151316686
-0.27226687173375325
-0.34338553381426706
-0.3992681665103421
0.04385986480652284
-0.21697317080105372
-0.11380688539859239
-0.0787846084720762
0.23872209580930423
-0.0756295815907117
0.07615137661456094
0.2739247616653484
-0.18746270665710899
0.0656158931555479
-0.18746270665710899
-0.18746270665710899
0.013952430598530746
0.06796720506766142
-0.13767955301304918
-0.2284921859962527
-0.12055400148267531
0.24195020526473576
-0.09065517880896501
-0.08851437187246187
-0.24393947423048393
-0.13243607635372637
-0.1462007009846963
-0.2734495901461278
-0.2911206940952129
0.08409238700345974
-0.0787846084720762
0.013952430598530746
-0.07528546578861134
-0.05339850439358516
-0.23926061878304392
-0.08426122944240864
0.07615137661456094
0.26424883449954406
-0.12754061793705282
0.07615137661456094
0.013952430598530746
-0.44139428029637934
-0.327754237286221
-0.4017151040655467
0.2284886512330353
-0.18746270665710899
0.18905726263964437
0.2636512560370791
-0.18746270665710899
0.29743697125929985
0.3513594086756367
0.2661616224442614
0.054600257257859504
-0.3685766380402407
-0.4327079076603033
-0.24709764975671192
-0.07803287512535549
0.06587960581468154
-0.18746270665710899
0.06833639976396438
0.37983129039249447
0.294395704720429
0.07743284292343532
0.2529335415786037
-0.010380125163291407
0.18905726263964437
-0.18780400411357787
-0.18746270665710899
-0.18746270665710899
-0.09202324293466513
0.13754641373488954
-0.07099945972247061
-0.3844743651492714
-0.06718486987243065
1.360127819135619
1.9904802766249545
