2.633467354043325
1.7324710455490628
0.8988158233815818
0.006888139282269872
-0.17858253163402632
-0.035971906513354523
-0.16177387933212667
0.13600517192770104
0.013952430598530746
0.0717780533152546
-0.13104117685913574
-0.3777927854412328
-0.3948103118560053
-0.19942952546205858
-0.10608676433908344
0.06415729209375752
0.07322163478390145
-0.17014385334902415
-0.2612467594773628
-0.2964533839903424
-0.28139883155911927
-0.2937148345100767
0.0531001591130497
-0.025481497777511724
-0.20921966017475
0.17735826453270612
0.1968042799116386
0.013952430598530746
0.21593262069955638
-0.16688584958872935
-0.19259914797991673
-0.0787846084720762
-0.18746270665710899
0.2559435484539248
-0.18746270665710899
0.013952430598530746
0.17655530425357846
0.17485101971491146
-0.0787846084720762
-0.010380125163291407
-0.035971906513354523
-0.2607268339857784
-0.29575915025808436
0.013952430598530746
0.08179566840393171
0.1809867201942074
0.09772994903991655
0.1413242986657355
-0.08851437187246187
-0.22399202214662015
0.04878618220529009
-0.025481497777511724
-0.18746270665710899
0.2756299333986966
-0.08741560412513286
0.0655816876518117
-0.03504243543010183
-0.181694025117594
-0.13104983614934068
0.271209774233193
0.013952430598530746
-0.07803287512535549
0.0748743017493624
0.28968809150928587
0.1946357324593766
0.2953822210329353
0.07971984357508098
0.10509369770365778
0.013952430598530746
0.07409108503313253
-0.07480984224121573
-0.08851437187246187
-0.2949581758190531
-0.3640807903922362
-0.35584717412626365
-0.07801875023420433
0.32219604020604686
0.36357833525402095
0.013952430598530746
0.06943054612234897
0.2880821148192224
0.19296184351809365
0.23712664847861822
-0.1022381737906268
-0.19666100410727164
-0.20084330611298554
-0.035971906513354523
-0.2774150052940753
-0.38395467955363605
0.013952430598530746
0.1737673816568484
0.2889504846970574
0.18927513017394917
-0.0891927683275902
-0.18746270665710899
0.1884721698948215
-0.022895606275962342
0.013952430598530746
0.06943054612234897
0.35581719200161926
0.8666959400707995
1.6451702624894142
2.472517471162399
