2.0896128513564998
2.3894138839881234
1.5717287993673275
0.8790106682206564
0.32927899460219867
0.24810703932839645
0.1765249086561944
-0.18746270665710899
0.06390556001250532
0.17360362563423087
-0.1898497958377089
-0.09202324293466513
0.14695757122431233
0.09505442339591717
-0.14735058858448086
0.1387158326690666
-0.30331273208248755
0.13262773124228125
-0.20465923584695914
-0.25186233289646287
-0.11832317096856373
-0.2940708218269414
-0.034807954281368174
0.30441054609158047
0.072999013082869
0.109531141164473
0.1954247643726423
0.013952430598530746
-0.0787846084720762
-0.12217512959407045
-0.010380125163291407
-0.08166492368521133
-0.12974367546239884
-0.26516867433005287
-0.24709764975671192
0.013952430598530746
-0.21366718162565232
-0.010380125163291407
0.07122529312798123
-0.11161690893232137
-0.010380125163291407
0.13065807834729654
-0.31558984285956304
-0.37692545061480004
-0.3276816890749857
-0.1830911407237298
0.019341469256668232
-0.12412146278908627
-0.3534471341850528
-0.20320766150272138
-0.015363196983364477
-0.018187936452810048
0.044073059391806224
0.2875567498985587
0.013952430598530746
-0.2031014743705009
0.06729323401883082
-0.2054168135328313
-0.12270269523230941
-0.0787846084720762
-0.2024871754983566
-0.12974367546239884
-0.26516867433005287
-0.24709764975671192
-0.30503370411949093
0.06938240072968609
0.10202401814759607
0.37983129039249447
0.294395704720429
0.07467186969206843
0.2756299333986966
-0.08028852120925639
0.07615137661456094
0.34824895361987906
0.26912126704999295
-0.18746270665710899
-0.048841309645102894
0.013952430598530746
0.14702173966297488
0.10240852356387395
-0.26081525051660615
-0.4107308903662087
-0.23791907135179666
0.0576085951676379
-0.35231749841724225
-0.2518381773659975
0.04301677807294132
-0.300718205842252
0.013952430598530746
0.27982320811829614
0.06943054612234897
0.37983129039249447
0.294395704720429
0.06291330231872633
0.11259445450949347
-0.20374348461391384
-0.2655017039436602
-0.31017279995087393
-0.28726629659673486
0.013952430598530746
0.008130261001918201
-0.22719193457164452
0.0635500783763831
0.05165997859437914
-0.20371849305813305
-0.3786117922134063
-0.3015408768447798
0.03663205493990332
0.33607206577393484
0.3128129762716836
0.07537255134200689
-0.07426132484537576
0.18617350957462755
-0.09563799658754168
-0.18746270665710899
-0.0787846084720762
0.2511652843162056
0.2873577306785914
-0.18746270665710899
-0.08572636495931041
0.08100130988395535
0.19491641023831197
0.25645819979668133
-0.07803287512535549
0.06461430537361211
-0.13767955301304918
-0.23675981476871222
-0.14648596937798403
-0.2963230023627699
0.05885758612949275
-0.07803287512535549
0.06860310251220525
0.3335940834687272
0.013952430598530746
-0.12974367546239884
-0.28537087918387366
-0.3070528262970922
-0.0787846084720762
0.36555332437319876
0.31479821888087545
0.08100130988395535
0.13314046250495737
-0.10157198142243372
0.19920875860093784
-0.37603670658552346
-0.2576079516544742
-0.27572765168058444
-0.010380125163291407
-0.049397587196461396
0.1656713243103976
0.24823261763369284
-0.07803287512535549
0.17072991413281488
-0.010380125163291407
0.251968825955884
-0.18746270665710899
-0.12320248270183475
-0.010380125163291407
0.17822919319486139
0.11846252847500562
0.1123036943256548
0.17732786893532207
0.2661987581092493
-0.08851437187246187
-0.2625289355657887
-0.40525889658052344
0.013952430598530746
-0.21393939353250907
-0.0787846084720762
-0.1827961900726951
-0.06832679280854634
-0.10659249336822878
-0.18746270665710899
0.06266157023747414
0.17973932611352683
0.11102222801678044
0.10016322277340228
-0.06472724512686229
-0.0367635732021712
0.013952430598530746
-0.07803287512535549
0.1884721698948215
-0.07661461616286998
-0.297218087357344
-0.1307040032178599
-0.4123599734378514
-0.36816248190701495
-0.21891633981396424
-0.16393865154158146
-0.07341411122129088
0.11613251394631054
-0.13200355542813055
0.17457034193597606
-0.010380125163291407
0.1948497131914203
0.013952430598530746
-0.28287424758482627
-0.2815300287482795
-0.12888167517021598
-0.010406523085430268
0.26553583665187136
-0.1104587240804919
-0.18746270665710899
-0.18746270665710899
-0.06718438451540662
-0.21958133224735218
-0.07715761688630021
-0.10381883138761423
-0.18746270665710899
-0.010380125163291407
0.1884721698948215
-0.001219497492593155
0.25721162020610366
-0.19828669603993615
-0.010380125163291407
0.08740104795538368
-0.24646886230467033
-0.28726629659673486
0.24096439961273775
-0.13323394685648046
-0.13767955301304918
-0.2592590610587024
-0.03145357549657019
-0.19869838438502188
-0.1486772787839465
0.13331005982503938
-0.31461188030369075
-0.3781207892777658
-0.3907854159239675
0.04088704051863263
-0.21297097733367207
-0.1096533941679559
0.09284254388192535
-0.035971906513354523
-0.17109628580427447
-0.13421264171148767
-0.0077944362135642905
-0.17880537955871922
-0.1275206168416308
-0.010380125163291407
0.07339479482686988
-0.18746270665710899
0.17072991413281488
-0.18746270665710899
-0.010380125163291407
0.34930060244578387
0.24642229268351326
-0.010380125163291407
0.013952430598530746
-0.0787846084720762
0.3435181458757938
0.14209617358131008
-0.31723315470815633
-0.3118101130509849
-0.2776836572698457
-0.4986294120193807
-0.430716224827183
-0.308331174722328
0.2355077976376091
0.14695757122431233
-0.4155539575861961
-0.28984898293514016
-0.27019704850535564
-0.4840584323588826
-0.4445102043043507
-0.31610485911366965
0.3033759997829554
0.28046370100952517
0.2702375152451224
-0.4181194622488455
-0.20888584882509612
0.12398149081518627
0.013952430598530746
0.07971984357508098
0.1329921234393456
-0.24335492058069086
-0.25705356743519353
0.045431011851783484
-0.07973283107722423
-0.2895488938530738
-0.36031335734201997
-0.3448080965694128
-0.04035245202934441
-0.2044181575443659
0.07067453589738017
0.3031207365793249
0.1218919284053041
-0.20623459869444333
-0.038691291580755724
-0.07622833399737745
-0.1796311591187909
0.042690571509268735
0.08603111816050939
-0.10356433672669439
0.11286303803278655
-0.0787846084720762
-0.12558932747202398
-0.183750266145665
-0.13200355542813055
0.19572064185357557
0.013952430598530746
0.0759533360009428
-0.010380125163291407
-0.18746270665710899
-0.13504472792985284
-0.2031014743705009
-0.08533602403825949
-0.29736986721372427
-0.38527550799026417
0.013952430598530746
-0.21217262324585207
-0.19828669603993615
0.2702375152451224
-0.12974367546239884
-0.261567099150156
-0.14319994420801935
-0.43255644227511597
-0.2892702267528671
0.024930919157337948
0.15534470776870102
-0.0901543399932205
-0.15284959140830046
0.05117856550222906
0.23786579376253664
0.017134326634427
-0.1068594412622947
-0.319199284824405
-0.3646863215385271
-0.38335579137898307
-0.24090630002184932
-0.311560813890644
-0.22355932632318012
-0.23344549561384034
-0.2617841844534939
-0.23993827206090249
0.11743157091529546
-0.31893260055197703
0.062021757673167296
-0.1444961745957542
0.018284242442177908
0.10227527615555589
0.17565397999403914
-0.19666100410727164
-0.08446710619811304
-0.035971906513354523
-0.14979973847370998
0.12158355809093427
0.013952430598530746
-0.0787846084720762
0.26674019567408336
-0.19733461599671273
0.04999165893065951
0.09453949720648767
-0.18131554260820693
0.06679442597684408
0.08715327095275537
0.08730511516839869
-0.35231749841724225
-0.230337560804827
0.04746922569066835
-0.025481497777511724
-0.2091026363880351
0.08179566840393171
0.17931283125292447
0.18893103657397353
-0.10525384496565683
-0.0787846084720762
-0.0176296648572611
0.2696392124924033
0.16992695385368722
-0.19563454650577713
0.19157873534926273
-0.08851437187246187
-0.24701544993737926
-0.26265706290000057
-0.025481497777511724
0.34888949106966194
0.013952430598530746
0.08100130988395535
0.09903111728449476
0.29071699076607754
-0.17059078216905207
0.17209349271556548
0.29071699076607754
-0.18053352872366965
-0.08851437187246187
-0.16944426988253664
-0.005189756617620035
-0.011161582209235837
-0.07803287512535549
0.17735826453270612
0.08238154716990577
-0.18746270665710899
-0.0787846084720762
-0.01406805418594069
0.35222080680304996
0.013952430598530746
0.07694573513453731
0.2880821148192224
0.07067453589738017
0.28598554775308554
0.07329672651315616
-0.07592562602501146
-0.1176679409679856
-0.37067916871823314
-0.4767193962621311
-0.46329274751822325
-0.30437886270829173
-0.30455683597760397
-0.3164607223895165
-0.2711805486178452
-0.3570421351902229
-0.3272107017190571
-0.3796440610763609
0.2563975833887888
-0.12974367546239884
-0.229695827932236
0.08319015902218782
0.28336230974066584
0.148845440897639
-0.12638057221603016
-0.25027576450017164
-0.265890168069547
-0.29688313326495497
-0.13999026237651432
-0.07803287512535549
0.1946357324593766
0.30857900977009645
0.17735826453270612
0.10325237736669136
-0.00933085209403172
0.2986198311423227
-0.2291380214410454
-0.13600397517501198
0.190945132312971
0.013952430598530746
-0.3546857296594477
-0.27279730490622195
-0.0871082385574854
0.32162915783567636
0.22474728209250977
-0.1022381737906268
-0.18746270665710899
-0.07803287512535549
0.0797242350187568
0.17806543717224385
0.0977496509756204
-0.19666100410727164
-0.2031014743705009
-0.36735063459308065
-0.26773606015288826
0.08319143199403889
0.23336849495570566
-0.0787846084720762
-0.18906952126398544
0.013952430598530746
0.0665758960209442
-0.1093069754254951
-0.07803287512535549
0.17822919319486139
0.1809867201942074
0.0969355905199402
0.19571937051743962
0.2488294607908918
-0.41150906924042924
-0.2922994887576662
-0.2607970255439064
-0.0730721041003264
-0.21317572523442788
0.26995456707461607
0.06148539535127886
-0.2525031614310335
-0.3145953205462094
-0.24709764975671192
-0.028958439873327767
-0.18746270665710899
0.06784929197506638
0.28968809150928587
0.14964840117676664
-0.12638057221603016
-0.21970808206109227
-0.1342927086848723
-0.00742369201642794
0.09128339377719051
-0.1898497958377089
0.2816851762135646
-0.010380125163291407
-0.10228200862027587
0.0428587332886325
0.8928596464796343
1.5327151633707135
2.6309590990265033
