3.1446727746964176
1.7945668840742537
0.9311591701902984
-0.0035096108802779536
0.28638879405844564
0.2746441277466986
-0.11440559998811198
0.26786406080963426
-0.07860646541925491
-0.24526648442079008
-0.07570160435338633
0.1529585381832608
-0.3218519510580969
-0.33305985860414433
-0.1560644910311687
-0.3120163049177192
-0.40239503895570633
-0.037442594447649295
0.19290358583545048
-0.06133803649595193
0.0742430028579002
0.10306488396604309
0.1007425518387217
0.284897743772225
0.2889504846970574
0.17209349271556548
0.2746441277466986
-0.12007457245860706
-0.0787846084720762
0.2873577306785914
0.2873577306785914
-0.0787846084720762
-0.022453552203571994
0.2543115115002885
0.2873577306785914
-0.18746270665710899
0.36887546250241576
0.3157680745425514
0.07971984357508098
0.0977496509756204
0.29743697125929985
0.21872117378740022
-0.0787846084720762
-0.18746270665710899
0.24224277061785432
-0.07055321745046567
0.17655530425357846
0.08238154716990577
-0.08166492368521133
0.08699686461977407
-0.18977462783731908
0.05633025819782483
0.24195020526473576
-0.08363726422623147
0.07694573513453731
0.28663813212190936
0.06816524568127956
-0.12638057221603016
-0.17323097728885772
0.12646635985657917
0.24063624555831478
0.06796720506766142
-0.3546857296594477
-0.22724632931899866
0.04746922569066835
-0.03198653021016929
-0.18746270665710899
-0.11589656783054593
-0.18746270665710899
0.192158883238966
0.28145021732203157
0.2889504846970574
0.03444198771166176
-0.17662626413824312
0.2645491645169162
0.08902843863232233
-0.22343376653046987
-0.28726629659673486
0.24096439961273775
-0.0015154039970250385
-0.15790371316675877
0.29991064410590396
-0.08533602403825949
-0.25538608604641316
-0.28726629659673486
0.013952430598530746
-0.18746270665710899
0.2984227769112979
0.21041325925790297
-0.035971906513354523
-0.2297416155225749
-0.24709764975671192
0.0845412870477671
-0.2151450281192764
-0.28726629659673486
0.15493883056992455
-0.13191308283956663
-0.382024282302124
-0.3934386595236761
-0.16741354994206767
0.3191288965487895
0.3237850996821785
0.013952430598530746
-0.18746270665710899
0.06433442684667354
-0.0787846084720762
-0.08495450655927433
-0.08851437187246187
-0.257183917344271
-0.25254733873794977
-0.2505854462194914
-0.05414410101273687
-0.0787846084720762
0.013952430598530746
0.17209349271556548
-0.0787846084720762
0.013952430598530746
-0.08166492368521133
-0.13767955301304918
-0.25061441015887487
0.05608018002372135
-0.026607301098453648
0.11409190757284214
0.1413242986657355
-0.035971906513354523
-0.22975862455305748
-0.26285333289895
-0.26788825967650404
0.04662504594318121
-0.027844040949965284
0.09128339377719051
-0.0787846084720762
-0.1898497958377089
-0.1135866343237196
-0.18746270665710899
0.2889504846970574
0.0778621498898263
0.013952430598530746
0.17735826453270612
0.07591528997147587
-0.0787846084720762
-0.1898497958377089
-0.18746270665710899
0.06581393376916606
0.013952430598530746
0.013952430598530746
0.07743284292343532
0.22958837262975793
-0.1022381737906268
-0.18746270665710899
0.17822919319486139
0.0969355905199402
0.17565397999403914
0.2746441277466986
-0.12264000067316161
-0.13767955301304918
-0.2628819214360428
-0.12218653878263411
-0.12939945309979542
-0.07803287512535549
0.07407994322938602
0.22387723263409437
-0.10454810729745309
-0.18746270665710899
0.2984227769112979
0.28424094753787005
0.06943054612234897
0.24878614364210427
-0.07803287512535549
0.19383277218024894
0.30857900977009645
0.07305951962412897
-0.08533602403825949
-0.18545687730269897
0.04656460157020964
-0.24360382542921233
-0.0787846084720762
0.29277703114629
0.17655530425357846
0.07890819083457717
0.2997996031448048
0.07971984357508098
0.09585927258212955
-0.3171627899640685
-0.25025158182271556
-0.4062758118685184
0.0429645717399702
-0.1954604004758442
-0.28726629659673486
-0.02783263655238584
-0.04934506394808239
0.06752260439454474
0.27925644412037953
-0.26735183760920506
-0.37224333618459793
-0.03093756201499173
-0.35581536542725845
-0.2827293975816898
-0.28726629659673486
0.0967412151346742
0.1038317064320108
0.013952430598530746
-0.12974367546239884
-0.2774427251227986
-0.24709764975671192
-0.30503370411949093
-0.07803287512535549
0.06737527860497901
-0.3447039631130675
-0.2340849601892507
-0.10662025920618037
0.25987049780591576
0.19094901911523213
-0.06343973623671824
-0.08851437187246187
-0.21596484929932366
-0.24576937897961923
-0.3096967932707393
-0.39317410076949794
0.25016866903356744
0.06291330231872633
-0.12638057221603016
-0.251366945527926
-0.24709764975671192
0.09610914500931907
-0.18634695871766843
-0.010380125163291407
-0.08166492368521133
-0.4569326578385139
-0.2581278506684669
0.08778908556438707
0.2780379841153561
0.07457819282203054
-0.004153361969560325
0.25860731748731464
-0.18746270665710899
0.2873577306785914
0.254401254927573
-0.3298661071634887
-0.28520054893880015
-0.256598876482675
-0.290724855765992
-0.28726629659673486
-0.07803287512535549
0.1884721698948215
-0.08347955715444931
0.28993629034905544
0.07263396152928364
0.17973932611352683
0.11102222801678044
0.19928112913204923
0.013952430598530746
0.06781988579597538
-0.12444114351679826
0.18927513017394917
-0.055167316451034044
-0.012990458225915215
0.25286752880297547
0.2873577306785914
-0.20084330611298554
-0.3546857296594477
-0.3009080903449692
-0.26029591733859503
0.2344665738944884
0.2873577306785914
-0.0787846084720762
-0.10453059900321719
0.29743697125929985
0.28721893210587085
-0.183291860266494
-0.2031014743705009
-0.03504243543010183
-0.2905886718807783
-0.414177673615273
-0.3287186571851178
0.08683021251737653
0.26799549433546926
-0.18746270665710899
0.06433442684667354
0.2897311851140795
-0.010380125163291407
-0.12974367546239884
-0.2665644491578832
-0.1576861615319855
-0.28736981539385886
-0.09816110446670788
0.013952430598530746
-0.1514400476895874
0.28908284509946564
0.28993629034905544
0.07263396152928364
0.1007425518387217
0.20286660848033988
-0.13767955301304918
-0.18263199618718706
0.0737712948153385
0.08609191723741233
-0.3093795270528088
-0.35226312191326686
0.020172666362891237
-0.08034497028701586
0.07067453589738017
0.3579620278930806
0.2759568443188372
0.17993517825264724
-0.15236939727235202
-0.021378856593105077
-0.020425627157580818
0.12209884067915075
-0.253453275533037
-0.3644270066168739
0.23066840558656374
-0.18746270665710899
-0.0787846084720762
-0.0787846084720762
-0.13415068771442867
-0.08166492368521133
-0.07860646541925491
-0.4095823408261381
-0.4229039191299096
0.04989832725119499
-0.1093171863686102
-0.19315065177636193
0.08620929590046672
0.21868814224592217
-0.12164799801826158
-0.0787846084720762
0.22907885706993525
-0.010380125163291407
-0.0787846084720762
0.26786406080963426
-0.07860646541925491
-0.2588393444400441
-0.11908687193918038
-0.00964818826862705
0.013952430598530746
-0.010380125163291407
0.07615576805823678
0.2880821148192224
0.0759533360009428
-0.0787846084720762
-0.18746270665710899
0.06033410296287805
0.2138461089961408
-0.06111645455996726
-0.2335866069024879
-0.1003377271041147
0.09918139539505452
-0.09049987102335438
0.2873577306785914
0.2702375152451224
-0.450671165121831
-0.27350661896977047
-0.10254508691845601
0.2115267323677152
-0.0787846084720762
0.21098098861966008
-0.07486831706057623
-0.08926095848468588
-0.3106809701201067
-0.4509765834023778
-0.5067191852654993
-0.5019658121576399
-0.022390350638191028
-0.08781645888546792
0.08179566840393171
0.10744478073894655
0.10153691035869807
-0.16370371419527577
0.07067453589738017
0.3335940834687272
0.013952430598530746
0.013952430598530746
0.18905726263964437
-0.18557492342629037
0.013952430598530746
-0.18950326835026815
0.013952430598530746
-0.01988907275578079
0.22952166901483173
-0.0787846084720762
0.013952430598530746
-0.07803287512535549
0.0797242350187568
0.10455597081835054
0.1788683974513715
0.1007425518387217
-0.17931430168985063
-0.010380125163291407
-0.0800791448378935
0.07694573513453731
0.013952430598530746
-0.035971906513354523
-0.22739440644129072
-0.24709764975671192
-0.29987857429970105
0.06705493345509002
0.27536874436266146
-0.20464598249565977
0.05141904457782089
-0.08851437187246187
-0.207441260896673
0.05097368322298883
-0.4416488170602447
-0.4105646769875254
-0.28523982639700973
-0.35590103926936206
0.013952430598530746
0.04524596426712659
-0.2509769841691342
-0.2808665734625491
0.32986580444697194
1.3414692786462126
2.5405473565693444
