2.8666581652004712
1.743084193771405
0.8596491142487569
-0.053237642680666324
-0.279698064330659
0.04390991919344545
-0.1448421829337879
-0.30037350122931367
-0.30851183889574474
0.30837829447914555
0.294395704720429
0.16992695385368722
0.2746441277466986
-0.12122816490821167
-0.07803287512535549
0.06450446263576928
-0.07147408128755835
-0.06111645455996726
-0.20664288010593318
-0.12648389752753209
-0.2963230023627699
-0.19826774671714387
0.19073115158092732
0.3009069536155195
0.08100130988395535
0.13632719437854696
-0.1483640377993912
-0.20625154509018948
-0.14407291686650409
-0.010380125163291407
0.17457034193597606
0.2889504846970574
0.1948497131914203
0.013952430598530746
-0.18073706053971986
0.2873577306785914
-0.18746270665710899
0.013952430598530746
-0.18746270665710899
0.2873577306785914
-0.18746270665710899
0.32316276597487215
0.013952430598530746
-0.0787846084720762
0.2922784049269413
0.17655530425357846
0.17527751457551385
-0.010380125163291407
0.17735826453270612
0.09284790591073738
-0.3546857296594477
-0.30898446879976194
-0.40657650905142584
-0.0787846084720762
-0.2020025932923933
-0.08851437187246187
-0.26021119184478164
-0.2773798894581646
0.0217356793887113
-0.2097904164047359
-0.25887304711288545
-0.13241993843658123
-0.26392657561296495
-0.13866731709232705
-0.2963230023627699
0.06433442684667354
-0.18746270665710899
-0.010380125163291407
-0.1492740472392653
0.21771318660149308
-0.12974367546239884
-0.2599003870420724
-0.0840308970641685
0.2090028799702403
-0.18402770800285573
-0.010380125163291407
0.19996971516300055
-0.44819612352813143
-0.4043624707703902
-0.3844543812738006
-0.025163178515630866
-0.0775641971806063
0.17903215347398904
0.0969355905199402
0.19571937051743962
0.24474071147109894
-0.0787846084720762
-0.010380125163291407
0.1884721698948215
-0.02588665430168395
-0.12974367546239884
-0.3006842010555456
-0.3981079022510234
0.23788015583356015
0.2889504846970574
0.06906549456876361
0.013952430598530746
-0.010380125163291407
0.2883435363305894
-0.18746270665710899
0.17606265433298318
0.17931283125292447
0.17565397999403914
0.2702375152451224
-0.12974367546239884
-0.19928731197251348
0.15237060619886708
0.31209129532889507
0.3652000553620487
0.33861090755758533
-0.17414082930655195
-0.08533602403825949
-0.24353835449414066
-0.17513110519923555
-0.10737769150135618
-0.30587851814771205
-0.415934338392842
-0.03093756201499173
0.11309805284563117
0.10455597081835054
0.10095758129337865
-0.07183085768297075
0.18617350957462755
-0.058364181160197724
-0.07213387504745311
0.17209349271556548
0.2897311851140795
-0.010380125163291407
-0.2020025932923933
-0.4122376325303533
-0.2747114304330219
-0.1237489121291332
0.09852168237296643
0.10210079684055647
-0.010380125163291407
0.0797242350187568
0.1809867201942074
0.18011579153205212
0.17565397999403914
-0.18746270665710899
0.013952430598530746
-0.18786514161095208
-0.03504243543010183
-0.23067969083655107
-0.24709764975671192
-0.30297038637808055
0.2873577306785914
-0.19666100410727164
0.11853782881560075
-0.2728147511242844
-0.26135929145386916
0.04771645422653785
-0.025481497777511724
-0.18746270665710899
0.17903215347398904
0.17931283125292447
0.09667310613933328
-0.3546857296594477
-0.3173110248828139
-0.30935539993313105
-0.35219168924490857
-0.2937546622217666
-0.1448421829337879
-0.23540251430576073
-0.13725773921163623
0.04314513710934669
-0.39439878956728175
-0.3702400006654255
0.053633773793313695
-0.0566450357914872
0.1007425518387217
-0.18606578638578855
-0.3546857296594477
-0.2946730735358599
-0.26029591733859503
-0.20608541615050213
0.1955844295912555
-0.03504243543010183
-0.21537993406933334
0.07875995907919167
0.17028511152817136
-0.08697599215901812
-0.2685111397578385
-0.15728499281348085
-0.4162236624553085
-0.40611491733829214
-0.30282449498272684
0.24791848561928576
0.17822919319486139
0.11618720743892026
0.10535099006814864
-0.035971906513354523
-0.26901328851173684
-0.28726629659673486
-0.010380125163291407
-0.03761187463411316
-0.27712132829061464
-0.34433302025009965
-0.37807131794390747
-0.2938537300616548
0.08940018448011836
0.2889504846970574
0.19174809259209866
0.013952430598530746
0.2889504846970574
0.1737673816568484
-0.18746270665710899
0.06390556001250532
0.1809867201942074
0.18011579153205212
0.14968494804137125
0.14565727642163895
-0.12001294528501419
0.09416265657977739
0.27220434426521717
0.1946357324593766
0.29846749813457757
0.19296184351809365
-0.2783251194178317
-0.32535343839078457
-0.3091622489338357
0.05001438686948601
-0.07973283107722423
-0.29843170862551444
-0.30296570724183014
0.3132228153454624
0.294395704720429
0.06943054612234897
0.013952430598530746
-0.0906720696461813
0.06659206188874915
-0.3012075391578997
-0.21703061394972994
-0.06636450142255496
-0.1448421829337879
-0.2671740211675071
-0.29503190634512516
-0.27669191732450055
-0.07860646541925491
-0.24419454581334968
-0.12261416283492915
0.09268261894247233
0.17732786893532207
-0.010380125163291407
0.0753614095382604
-0.19588834051583418
-0.3546857296594477
-0.19751437816681533
-0.06460604947082384
-0.2974186934169731
0.2873577306785914
-0.19666100410727164
0.11984605257017213
-0.2738547085113367
-0.26135929145386916
0.05177731295746233
-0.025481497777511724
0.11181658653675682
0.18011579153205212
0.19203265717329515
-0.0868828348207639
-0.19563454650577713
-0.08091319033849065
-0.08851437187246187
-0.2578426376519102
-0.2955232349555958
-0.1462007009846963
-0.21320018090736884
0.04845967960258238
0.1160349852362285
-0.15270440484649378
0.08827179747891126
0.2523134063579356
-0.010380125163291407
0.07260043630689351
-0.0787846084720762
0.2873577306785914
-0.0787846084720762
-0.010380125163291407
-0.15162851152310744
0.2176722587666766
-0.12974367546239884
-0.2608753785813323
-0.13193982790873737
-0.010380125163291407
-0.12974367546239884
-0.2488701890990111
0.01986996811816265
-0.42267638674210434
-0.3234973474743277
-0.28726629659673486
0.17559647465144748
-0.014973698235262112
0.2575444845253794
-0.010380125163291407
0.192158883238966
0.24474071147109894
-0.0787846084720762
-0.010380125163291407
0.1884721698948215
-0.02588665430168395
-0.12974367546239884
-0.2800764784227314
-0.27157951236204597
-0.025481497777511724
0.2889504846970574
0.07030948434379479
0.013952430598530746
-0.010380125163291407
0.1737673816568484
-0.18746270665710899
0.17686561461211084
0.17931283125292447
0.17565397999403914
-0.18746270665710899
0.013952430598530746
0.17655530425357846
0.10462606495198717
0.2997996031448048
0.17903215347398904
0.21276312737244032
1.0447189371190841
1.6227166692122288
2.545322295437034
