2.520348218538911
1.620528285474061
0.9793264528097941
0.26431320993750945
0.1854045221445891
-0.23025283387167342
-0.19002920718738206
-0.1448421829337879
-0.21465101090469801
0.03744177294217616
-0.3581717709580336
-0.29452411752473834
-0.28726629659673486
0.10454237931254477
0.013952430598530746
0.2889504846970574
0.06758598764627109
-0.18746270665710899
0.2816851762135646
0.013952430598530746
0.29249801077035864
0.072999013082869
0.10306488396604309
0.09128339377719051
0.24370527572943423
-0.2909792079105795
-0.25438780912146874
0.060027538292246066
-0.023383378678654747
0.28079890009995423
0.0665758960209442
-0.01050964209194262
0.2668668963890504
0.2746441277466986
-0.057728463579636555
-0.19231635720458073
0.2661987581092493
-0.03504243543010183
-0.2643157489698604
-0.2960703600904309
0.09902439775926758
0.28382672670010334
0.14964840117676664
-0.12638057221603016
-0.22145716112748318
0.06424287602175326
-0.13241993843658123
-0.37610871585644795
-0.5118324615479816
-0.45414739456987013
-0.39614437300703964
0.08616878923103982
0.22419058660730012
-0.07655753122685444
0.06795103919985646
0.2889504846970574
0.07030948434379479
-0.19592228174808513
-0.10688987843577351
-0.21841621038240366
-0.10989718354044645
0.19419148916066603
-0.36578502844570765
-0.2656479020581016
-0.1285384189491656
0.16664231819203412
-0.09945216158428666
0.47224000671953065
1.0860323576030197
2.428584564996183
