2.735299663430774
1.0972667734053516
0.25154549232978735
-0.2306741197127102
-0.37235667500314085
-0.13770018615233767
0.2646060040907833
-0.13767955301304918
-0.27613001862960135
-0.2698172277779009
0.2420485435550325
0.2746441277466986
-0.1334668491196911
-0.13767955301304918
-0.43099654059403725
-0.4039977056977638
0.04096508725222302
-0.09832972793711087
0.0754662282120448
0.28993629034905544
0.17686561461211084
0.17973932611352683
0.1788683974513715
0.17565397999403914
-0.18746270665710899
-0.0834164314524841
0.07822720144341169
-0.17960347242041003
0.17519172567082786
0.1478986745423833
0.10356056455024905
-0.15892342427960918
-0.035631130754221536
0.091517304485934
0.11846252847500562
0.10455597081835054
0.0977496509756204
-0.010380125163291407
-0.42689523374691407
-0.26924709613435
0.04720997345945513
-0.12149046737160729
-0.18746270665710899
0.190945132312971
0.013952430598530746
-0.0835426707943244
0.07971984357508098
0.09142164453888704
-0.05571934440147198
-0.18369352923281043
-0.0787846084720762
-0.18746270665710899
0.22169471171583757
-0.17519371832331532
0.2873577306785914
0.2756299333986966
-0.0779785877024301
0.08179566840393171
0.17931283125292447
0.10439559291386921
0.2669794585262714
-0.12974367546239884
-0.27987375376263574
-0.28726629659673486
-0.02783263655238584
0.3630919000942468
0.31221663576279746
-0.14269852907833414
0.2713985497719291
0.19014605883610447
-0.059022565456354696
0.07467186969206843
-0.0787846084720762
-0.09005787055616371
-0.11899990546292662
-0.13767955301304918
-0.2276633107317008
0.06733666836675453
-0.14074541353827252
-0.28892345270002884
-0.27008784690883675
-0.026915067224869683
-0.13818926843263488
-0.08091319033849065
-0.08533602403825949
-0.28333625167735726
-0.3430432441499351
-0.03318490882246325
0.3594060105903937
0.20385304855713757
-0.07860646541925491
-0.2890638602457853
-0.4062850124660357
0.10091996725202486
0.013952430598530746
0.07822720144341169
-0.1800061469646432
0.19296184351809365
-0.18780400411357787
-0.19570892406404825
0.129239145987091
-0.13767955301304918
-0.23323358212621673
-0.12208327160757096
0.09218260963136762
-0.0787846084720762
-0.07625445786214159
0.17822919319486139
0.17806543717224385
0.17565397999403914
-0.0787846084720762
-0.18746270665710899
-0.17831313911368768
0.29743697125929985
0.30061789588292553
-0.17917562682401503
-0.0787846084720762
-0.0787846084720762
0.1949798202226036
-0.035971906513354523
-0.22559356541811598
-0.1226099852426374
-0.13880591867101852
-0.3231931766142425
-0.4414949536520744
-0.12809349880089507
-0.13382478594924044
-0.40482550225612807
-0.4234147970892955
-0.10709978914835143
-0.031225636369003176
0.2241880080274328
-0.06852596903460323
-0.1454020164468011
-0.18746270665710899
-0.18746270665710899
-0.19666100410727164
-0.2031014743705009
-0.08851437187246187
-0.28308718238560543
-0.3106546641634626
0.3033759997829554
0.38901578812369786
0.20451745761208817
-0.03504243543010183
-0.2320232670077723
-0.12198514580141284
0.09101729517482929
-0.19666100410727164
-0.08373830916085172
-0.2841267594105832
-0.2903570163199138
-0.26587855526969995
-0.010380125163291407
0.07388190261576788
-0.18746270665710899
0.2559435484539248
-0.20194070373108172
-0.1281096932787312
-0.311196161441528
-0.344256402695246
-0.03318490882246325
0.08603432677116638
-0.1699578036436091
-0.08722598341367412
0.10644931524174185
0.3544690833489728
0.392701677627551
0.294395704720429
0.19073115158092732
0.28598554775308554
0.07329672651315616
-0.11404737609472639
-0.0787846084720762
-0.1125592812159553
-0.18746270665710899
0.013952430598530746
-0.1179228756643012
-0.07860646541925491
-0.4302009096654288
-0.43933084475077927
-0.24709764975671192
-0.07803287512535549
0.17822919319486139
0.17931283125292447
0.08537444803300709
0.27536874436266146
-0.18746270665710899
0.06705493345509002
0.27536874436266146
-0.18746270665710899
0.0656158931555479
-0.0787846084720762
0.2657703400124073
-0.18746270665710899
0.17822919319486139
0.0964484827310422
0.10683129185443586
0.1007425518387217
0.26155468897094236
-0.18746270665710899
-0.08315335514805261
0.17209349271556548
0.2873577306785914
-0.18746270665710899
0.013952430598530746
-0.010380125163291407
-0.03504243543010183
-0.2477870636734784
-0.26901114430446327
-0.3086279123055267
-0.28726629659673486
-0.02783263655238584
0.2880821148192224
0.07743284292343532
0.013952430598530746
-0.07803287512535549
0.13958023506853684
-0.08851437187246187
-0.27175578192396305
-0.30661587226426673
-0.10737769150135618
-0.2176810347529519
-0.10016717585976691
0.24545889581200003
-0.18746270665710899
0.0656158931555479
-0.010380125163291407
-0.2384569435884944
-0.08043654246665674
0.19404675291229265
0.013952430598530746
-0.18458507267861168
-0.18746270665710899
-0.0787846084720762
0.013952430598530746
0.07457819282203054
-0.10317985055211716
-0.18746270665710899
-0.18746270665710899
-0.12551241620866105
-0.010380125163291407
0.3344576559714161
0.2699648459382857
-0.18746270665710899
-0.010380125163291407
-0.07971115857044475
-0.26700974067124894
-0.2837741253728803
-0.15034922333429923
-0.1462007009846963
-0.27801650838264536
-0.37591492660105097
-0.3015408768447798
0.013952430598530746
0.28142918480835954
0.129239145987091
-0.07860646541925491
-0.2468995436343805
-0.2972107037091432
0.013952430598530746
-0.18746270665710899
0.06266157023747414
0.10153691035869807
0.013952430598530746
0.18986022291877203
0.23727619641114903
-0.09651942508471496
0.2746441277466986
-0.07830046541079771
-0.2201963408991726
-0.271451584013342
0.05742136269708853
-0.04007695114708687
0.013952430598530746
-0.1254304217844414
-0.13767955301304918
-0.2808926564102174
-0.24709764975671192
0.013952430598530746
-0.19563454650577713
-0.08166492368521133
-0.4324624782285415
-0.2980841212275531
-0.29150702742381246
-0.027844040949965284
0.11160696599332373
0.18011579153205212
0.09552989059215544
-0.3025726870776714
-0.2589097905682342
-0.2618471969818534
-0.2640255893997614
0.04994776978408927
0.09895513185083148
-0.08505743128556473
0.14385961566750816
0.15711000183102447
-0.2346798148671461
-0.36937244327726826
-0.08224942107482704
-0.0806377361468784
-0.06982394154062681
0.1737673816568484
-0.20710689081797493
-0.07192893080572331
-0.42600680098726107
-0.5068825252478267
-0.4510907209867028
-0.4508481691860829
-0.4017151040655467
-0.02783263655238584
0.17485101971491146
-0.010380125163291407
0.22427887476461206
-0.0787846084720762
-0.03358286430978172
0.054116417464358656
-0.3643952546996603
-0.4327993835968115
0.050994809776145456
0.24096439961273775
-0.11785421841447001
-0.07860646541925491
-0.2928267630697936
-0.3621352313790767
-0.037442594447649295
-0.19666100410727164
-0.08304844518503535
-0.3126144260219881
-0.27033088277534045
-0.09294363060126758
-0.2963230023627699
-0.010380125163291407
0.013952430598530746
0.192158883238966
0.3723158241179352
0.2809967409433743
0.12930331442575357
-0.3546857296594477
-0.30386198041028684
-0.28726629659673486
0.23361678778125528
0.06795103919985646
-0.18746270665710899
0.06705493345509002
0.22127140988133856
-0.10454810729745309
-0.18746270665710899
0.1884721698948215
-0.10069749629796329
-0.13767955301304918
-0.2686290003088551
-0.2403105341631605
-0.13880591867101852
-0.220665668508453
0.09199933621665725
-0.13819601236777
-0.2020025932923933
-0.08533602403825949
-0.24465523896144828
-0.24709764975671192
0.2317963194974756
0.06795103919985646
-0.18746270665710899
0.19094901911523213
-0.059022565456354696
0.07615137661456094
0.32502941384394096
-0.15956385145180635
0.12930331442575357
-0.13767955301304918
-0.22219765898194616
0.04864878928648472
-0.07973283107722423
-0.3854684393626931
-0.4038391846701564
-0.3535888843514985
0.24735245908236572
0.19572064185357557
0.013952430598530746
0.19174809259209866
0.013952430598530746
0.013952430598530746
0.07822720144341169
0.013952430598530746
0.17519172567082786
0.1007425518387217
-0.1373995561983567
0.057348003332648466
-0.20880497476538074
-0.13116171733768925
-0.2963230023627699
-0.18746270665710899
0.19572064185357557
0.013952430598530746
0.17519172567082786
0.09903111728449476
-0.19666100410727164
0.013952430598530746
-0.035971906513354523
-0.27365405428937667
-0.374442538669171
-0.3037930573806083
-0.06252909672106932
0.013952430598530746
0.013952430598530746
-0.18746270665710899
0.013952430598530746
-0.013532792633398495
0.2838005740712286
0.12554764787188008
-0.2957892958940304
-0.22559768167145003
0.06326595466936741
-0.07353079637909826
-0.08427293580697065
0.1743887653917002
0.0942762946402918
0.013952430598530746
-0.18448958152350683
-0.03907350670899748
0.013952430598530746
-0.18746270665710899
0.3149221872414885
-0.166679187623769
0.17655530425357846
0.07713185229209868
-0.14280863417610554
-0.21926226899632867
0.052503347562163724
-0.025481497777511724
0.17806543717224385
0.19760724019076625
0.013952430598530746
-0.0787846084720762
0.29743697125929985
0.2503835051875561
-0.0756295815907117
0.07467186969206843
-0.18746270665710899
-0.19666100410727164
-0.0889816571496813
-0.08851437187246187
-0.2625289355657887
-0.40525889658052344
0.08844976713136327
0.09355871481327582
0.037962084717903216
1.1154818534222959
1.5170653102835479
0.7217195834313327
