2.4840208684021086
1.851472329049888
0.6314374290206787
-0.12919706073937415
-0.17951660428383717
-0.39536838626937815
-0.3511391507208992
-0.17715501056590713
-0.0787846084720762
0.2902011987945506
0.08100130988395535
0.1968042799116386
0.013952430598530746
0.07744484446775989
-0.2432850772351758
-0.26029591733859503
-0.010380125163291407
0.07092757969769409
0.19491641023831197
0.3623449246484832
0.013952430598530746
-0.03504243543010183
-0.20386783870004152
-0.05366030489959216
0.09542780161246504
-0.10312203893023504
-0.18746270665710899
-0.1523759119470236
0.27510109352812934
0.17209349271556548
0.27794330139034285
0.08443920493537167
-0.21407181186571228
-0.2635025171750207
-0.28915669313121195
-0.15610019154041985
-0.3883323544446629
-0.23252652903264956
0.05007647576471439
-0.09302136576971991
0.190945132312971
0.013952430598530746
-0.010380125163291407
0.05553716178246299
-0.13767955301304918
-0.32309194717581585
-0.5002972729928992
-0.3777525538196137
0.023943900031060967
-0.3414662805051069
-0.24523211594867791
-0.10291224526896568
0.2704290738161709
0.19094901911523213
-0.054739687539585476
0.19094901911523213
-0.054739687539585476
0.19652360213270323
0.013952430598530746
0.07822720144341169
0.013952430598530746
0.13841354245267978
-0.13104117685913574
-0.39346981507188
-0.4038911667164474
-0.10404831480682718
0.09671958475990826
-0.06727052943260521
0.06781988579597538
-0.03381465885984779
0.013952430598530746
0.29169014910143304
0.17655530425357846
0.14317034889132324
0.11372195057816394
-0.17299000455729774
-0.13618136759018917
-0.07830419531460468
0.08179566840393171
0.17973932611352683
0.11309805284563117
0.1788683974513715
0.17440658591335853
-0.010380125163291407
-0.07803287512535549
0.13958023506853684
-0.035971906513354523
-0.27835760789652647
-0.3556575140623135
-0.3503928289384006
-0.05427085847030591
0.00020168307140070992
-0.03761187463411316
-0.21648560223477106
-0.24709764975671192
0.09949980274955386
0.2795036000118131
-0.09427033448460262
-0.12900646999427942
-0.42085407640369593
-0.4560194820800584
-0.22679412269287147
-0.03812068386410376
0.013952430598530746
-0.010380125163291407
-0.10453059900321719
0.29743697125929985
0.25131827022487957
-0.07888487378108262
-0.08533602403825949
-0.3042029837893399
-0.3693766175157263
-0.03442590850838721
0.1130879285094327
0.1008193305316821
0.2889504846970574
0.17240380307409786
-0.19733461599671273
0.14044736378632708
-0.035971906513354523
-0.2550392664038852
-0.24709764975671192
-0.10873620955226461
-0.2702542052076122
-0.26029591733859503
0.013952430598530746
0.013952430598530746
0.013952430598530746
-0.1254304217844414
-0.13767955301304918
-0.30806313291220055
-0.36509052515798407
-0.3692802928151393
-0.11227800238461423
-0.28357913031065424
-0.3009940685561339
-0.3029840755845088
0.19383277218024894
0.3101849864601599
0.17903215347398904
0.09031051924501719
-0.07192893080572331
-0.3890099236460134
-0.42651830443105626
-0.208311266392058
-0.2940708218269414
0.061578092737909235
0.350333473766975
0.013952430598530746
-0.12879230010818607
-0.3954203685311215
-0.37232985834610316
-0.0903304887570139
-0.06408345652092048
-0.12974367546239884
-0.26217821106767447
-0.17049571065859678
-0.10737769150135618
-0.2524559361821243
-0.24709764975671192
0.013952430598530746
0.013952430598530746
0.13958023506853684
-0.03504243543010183
-0.18246072716893255
-0.14066919074075862
-0.0787846084720762
0.2893909623587849
0.24610931091965632
-0.06824328394363936
0.17822919319486139
0.09772994903991655
0.1413242986657355
-0.035971906513354523
-0.2761266173872152
-0.4567270304264882
-0.49884661701791844
-0.44940320621181357
-0.3910093269865182
-0.010380125163291407
0.17822919319486139
0.17931283125292447
0.08317590568988212
-0.2031014743705009
-0.08851437187246187
-0.22385775667465344
-0.11956535043856041
-0.05305248937502502
0.013952430598530746
0.20066159101470887
-0.07860646541925491
-0.18050528338598404
0.10577224623683275
-0.06062893026506247
0.013952430598530746
0.2783792254209831
0.16992695385368722
-0.08166492368521133
-0.19977929357548274
-0.290568563275693
-0.11685234032458043
0.013952430598530746
0.08100130988395535
0.0942762946402918
0.013952430598530746
0.17903215347398904
0.0969355905199402
0.09142164453888704
-0.0793065256562364
0.13004210626621865
-0.13767955301304918
-0.26488670448665047
-0.26029591733859503
-0.2356643752566917
0.1743887653917002
0.09854400949559677
-0.18746270665710899
0.06709540007804042
0.013952430598530746
0.013952430598530746
-0.0787846084720762
0.013952430598530746
0.1378051884702024
-0.03504243543010183
-0.301759720621823
-0.3334427008679311
-0.33198563019251487
0.03700379809247991
0.09620994918083876
0.10410569590349855
0.028751725659488196
0.3622348272692249
1.1303349067357227
2.1863905525811864
