2.4227153059416677
1.3870637433550963
0.42215131586859367
-0.1984583711913051
-0.4011523856068646
0.09674592816583891
0.11457901536174013
0.19203265717329515
-0.09360993910795372
-0.3546857296594477
-0.25617400874254614
-0.08781478531285834
-0.0787846084720762
-0.0787846084720762
-0.15106951047432332
0.2734951168380659
0.07674769452091917
0.2889504846970574
0.07030948434379479
0.013952430598530746
-0.06111645455996726
-0.19429945868619697
-0.040305120308202304
-0.0035139000331058383
-0.4111958461100951
-0.18758062285758542
-0.059376866181698754
0.2704290738161709
0.07030948434379479
0.013952430598530746
-0.1695040879704417
0.1743887653917002
0.17527751457551385
-0.07803287512535549
0.06461430537361211
-0.07860646541925491
-0.19809492150795507
0.08174984703250415
0.2606560615999986
-0.19563454650577713
0.18198776350923984
-0.13767955301304918
-0.23525750656192213
0.05377688935036476
-0.027844040949965284
0.1478986745423833
-0.45167332431455065
-0.3498058906664776
-0.42502903011842924
-0.39126441111766724
-0.27188698729015776
-0.3033391880938573
-0.12365120388058562
-0.006297888695486015
0.19571937051743962
-0.18158686095540638
0.013952430598530746
-0.03504243543010183
-0.1400927731586485
0.0389555157597855
-0.07668373759780993
0.08179566840393171
0.10455597081835054
0.1788683974513715
0.10429933918368141
-0.17790350670732397
-0.19828669603993615
0.1775536857737635
-0.07860646541925491
-0.2679770515529624
-0.2940579933981484
-0.010380125163291407
-0.18746270665710899
-0.19666100410727164
-0.2020025932923933
-0.12974367546239884
-0.275864898733626
-0.2971324403846141
-0.09364119565273672
0.07822720144341169
0.013952430598530746
0.12623323833423694
-0.07860646541925491
-0.4060444755360323
-0.4424888697105602
-0.24709764975671192
0.24286302993427042
0.192158883238966
-0.2467804734530777
-0.10640275010090605
0.2889504846970574
0.07421314126844515
-0.00952949044627025
0.28303817626945793
0.06795103919985646
-0.07803287512535549
0.0797242350187568
0.10406952375927428
-0.035971906513354523
-0.23491681936265432
-0.24893409214651524
-0.234373252288865
-0.058165616320151964
-0.0787846084720762
-0.18746270665710899
-0.010380125163291407
0.2897311851140795
-0.17353073859568402
0.26173906070798514
-0.18746270665710899
0.0678897585980168
0.013952430598530746
0.0742430028579002
0.09903111728449476
0.26830960438651646
0.060512113538376856
-0.18822902750697076
0.044458363034476076
-0.3152199738330572
-0.21215353953249466
0.072999013082869
0.1488819877622436
0.08593170950139932
-0.1807377205571644
0.03274677421179199
-0.1745488498996745
-0.38384919939110984
-0.4043843704546864
-0.22694344672252892
0.271414879468169
0.08063625833036996
0.23827103543975386
0.9616740248334925
1.4384282332705334
2.4105809844479116
