2.516336174010292
1.5567276883498502
0.8756414824463259
0.07472561117172989
-0.08851437187246187
-0.23959970535875616
-0.24709764975671192
0.09090686473534479
-0.18746270665710899
0.06390556001250532
0.09996372656616767
-0.07388693249836031
0.08100130988395535
0.09128339377719051
0.2897311851140795
0.013952430598530746
-0.0800791448378935
0.06795103919985646
0.2889504846970574
0.06745483424239002
-0.13249407662859153
0.17289645299469314
-0.0787846084720762
-0.20084330611298554
-0.08851437187246187
-0.26395036254251747
-0.24709764975671192
-0.29898475170073835
-0.30353600010619286
-0.2828713011276767
0.26854756948874375
0.17822919319486139
0.0969355905199402
0.09029801603149998
0.1394508488893481
-0.21207016938503492
-0.24709764975671192
0.10194349540864846
-0.10356460910518198
-0.07803287512535549
0.07092757969769409
0.0898970020791448
-0.1808518135181614
-0.28808482560189713
-0.2948608566681097
-0.0733296771278096
-0.18865179131017243
0.2889504846970574
0.07706779136984993
0.013952430598530746
0.013952430598530746
-0.3681156117150857
-0.46639139770283705
-0.44462357642751227
-0.28903590072782864
0.0967412151346742
0.10590753126086155
0.013952430598530746
-0.035971906513354523
-0.2579503416705662
-0.2655082399374635
-0.3159639517276866
0.13754641373488954
-0.13197064794238844
-0.40315242856674366
-0.4336249540174967
-0.22291634595537796
-0.2963230023627699
0.06033709305198527
0.013952430598530746
0.013952430598530746
0.07537255134200689
-0.07183085768297075
0.06781988579597538
-0.11404737609472639
-0.07803287512535549
0.16992695385368722
-0.18746270665710899
0.32316276597487215
0.013952430598530746
-0.08166492368521133
-0.13767955301304918
-0.2794130783272657
-0.11881079138120311
-0.00964818826862705
0.013952430598530746
0.06781988579597538
-0.06770523213882518
0.07822720144341169
0.013952430598530746
0.17289645299469314
-0.19666100410727164
-0.08166492368521133
-0.32107072591528213
-0.283408270542449
-0.11553141236118777
0.2670290307083933
0.0742430028579002
0.0942762946402918
0.30862665577229165
-0.1613726414406213
0.2490642580559226
-0.18746270665710899
-0.18594777780626554
0.08179566840393171
0.11309805284563117
0.10683129185443586
0.10130643832058009
0.2816851762135646
0.013952430598530746
-0.30756935749718567
-0.24452708540908186
0.04245720970975157
0.013952430598530746
-0.21995935669567002
-0.12974367546239884
-0.44012224311212117
-0.5937436536687695
-0.5416072509820119
-0.26206552146968876
-0.05038619621388154
0.35082510952183893
0.013952430598530746
-0.08533602403825949
-0.25977977835397864
-0.24709764975671192
-0.10363332264557196
0.07467186969206843
-0.0787846084720762
-0.18746270665710899
0.0651287853666499
-0.19570892406404825
0.055060848934286616
0.09882772685007404
-0.164835130719741
-0.13652403237904548
-0.010380125163291407
-0.2091719422016422
-0.08851437187246187
-0.2523428685975656
-0.26029591733859503
0.20428802908550112
-0.0787846084720762
-0.08166492368521133
-0.3546857296594477
-0.24785874677383646
0.05007647576471439
-0.09054578458682372
0.1884721698948215
-0.04048058501245087
-0.18481210787474872
-0.010380125163291407
-0.1828626066324265
0.06795103919985646
-0.19361330251663691
0.27827784016993123
0.0665758960209442
-0.11897954101477526
0.07743284292343532
0.33215010077141416
0.013952430598530746
0.009876389923175731
-0.3893946181306767
-0.4040821976831544
-0.14832409471580485
-0.29825832495952403
-0.1329964585513544
-0.07803287512535549
0.07407994322938602
0.013952430598530746
0.013952430598530746
0.192158883238966
0.32645309144615714
0.013952430598530746
0.013952430598530746
-0.18746270665710899
0.32316276597487215
0.013952430598530746
-0.08166492368521133
0.0020562309063436794
-0.35240404468597014
-0.40510557231386407
-0.24709764975671192
-0.057505424479734835
0.12637138137318027
-0.13767955301304918
-0.3926622229729713
-0.40178754704421626
-0.26206552146968876
-0.02432994106446983
-0.2132863137679113
-0.17671534789244311
-0.28992467549601586
-0.12908498349300307
0.09228253471070647
0.2893909623587849
0.34926284160949983
0.14439344990464154
-0.35300705302032354
-0.32684226647928105
-0.2592693236546413
-0.2657575310161203
0.10795331508235512
-0.03263128715345386
0.19290358583545048
-0.05519787848060278
0.17735826453270612
0.17485101971491146
-0.08166492368521133
-0.3546857296594477
-0.2509330271431306
0.048195260295369746
-0.032555386545111836
-0.13767955301304918
-0.2903985756930373
-0.30574187705777095
-0.11354019337911109
-0.23918330862432316
-0.1075782132919198
0.013952430598530746
0.013952430598530746
-0.1844572327133164
-0.10381883138761423
-0.18746270665710899
0.013952430598530746
0.0759533360009428
-0.18746270665710899
0.013952430598530746
-0.02320921379951375
0.28303817626945793
0.06291330231872633
0.1180228787023966
-0.1372794989646609
-0.11239961060009962
0.19754476465508347
-0.13767955301304918
-0.41557349050146997
-0.36787542581893773
-0.20927552137320965
-0.12896226295924082
-0.39066711086667033
-0.4415680095765043
-0.3968108950397529
-0.3579099349689624
-0.11933869345468541
0.00020168307140070992
0.18011579153205212
0.13104737802295222
-0.3546857296594477
-0.3303909419049294
-0.38643419031203935
-0.0787846084720762
0.2889504846970574
0.08063625833036996
0.1968042799116386
0.013952430598530746
0.013952430598530746
0.07822720144341169
0.013952430598530746
-0.08851437187246187
-0.22624689685363325
-0.16019045161836967
-0.10737769150135618
-0.27042530523812053
-0.37787892578502347
-0.3037930573806083
0.2819803839261315
0.192158883238966
-0.18459894036210708
-0.0787846084720762
0.013952430598530746
-0.010380125163291407
0.013952430598530746
0.13262773124228125
-0.3013892963227103
-0.2639199410667267
-0.11513263474930194
-0.2971626339053209
0.2282535972626529
-0.0787846084720762
0.22612539018188468
-0.12974367546239884
-0.37803966288476915
-0.424929096230471
-0.2019757198861754
-0.03963407780471255
-0.19570892406404825
0.05220619883288183
-0.23448400695399646
-0.26196035614931773
-0.2801237205254881
0.013952430598530746
0.22828059996277947
-0.12974367546239884
-0.2347538134935521
-0.09901819360084455
-0.2971626339053209
0.17735826453270612
0.1765249086561944
-0.08091319033849065
-0.08851437187246187
-0.17912769447515536
0.10704173501591757
-0.10873620955226461
-0.18722050847770016
0.10533243204599073
0.013952430598530746
0.06943054612234897
0.2591427819578215
-0.0675587354152355
0.19404675291229265
0.013952430598530746
-0.0800791448378935
0.072999013082869
0.11260082072053472
0.18011579153205212
0.17732786893532207
-0.08091319033849065
-0.13197064794238844
-0.40999975074387046
-0.4746604425776081
-0.3137397743656056
-0.05883190357377
0.28454156505577255
0.06781988579597538
-0.06687502719830345
0.19094901911523213
-0.12991736436083492
0.07067453589738017
0.2739247616653484
-0.1898497958377089
0.05761359635446157
-0.18746270665710899
0.3534496997545557
0.24143131585872113
-0.0787846084720762
-0.124740557808625
-0.13767955301304918
-0.2737058579988865
-0.11010148284909235
0.2590863261386357
0.07822720144341169
0.013952430598530746
0.08100130988395535
0.10202401814759607
0.2028949770582803
-0.3546857296594477
-0.3285319872753486
-0.36879509924595993
-0.148456606539712
0.07971984357508098
0.0898970020791448
-0.12132363938892426
-0.28091627281491954
-0.24709764975671192
-0.034906525319985955
-0.12638057221603016
-0.282769407966635
-0.3065968403504299
-0.3029840755845088
0.2984227769112979
0.2969157501899326
0.08179566840393171
0.11457901536174013
0.10210079684055647
-0.010380125163291407
0.06092904381307204
-0.08851437187246187
-0.2295835763358617
-0.1326585806340401
-0.00742369201642794
0.10306488396604309
0.1054097824083518
-0.10688987843577351
-0.19299140306649476
-0.10858900942436156
-0.0838790370633363
-0.07961791739014645
0.17655530425357846
0.09811612780992403
-0.12638057221603016
-0.2445201713349687
-0.13276211518826364
-0.09534784217100886
0.0742430028579002
0.09128339377719051
-0.1898497958377089
-0.08127105055267489
-0.008227695998407301
0.2563197559017089
-0.19477407315605602
-0.08572636495931041
0.0665758960209442
-0.052832410724671305
-0.18472814270971186
0.013952430598530746
-0.18746270665710899
0.05747945286147327
-0.07069971417405535
0.07674769452091917
-0.07803287512535549
0.17457034193597606
-0.07803287512535549
0.17735826453270612
0.09437254837047959
-0.07803287512535549
0.17903215347398904
0.10764512541163963
0.0927516521805496
-0.39839821228495276
-0.2162462683783388
0.1002701135896902
0.013952430598530746
-0.19733461599671273
0.05141904457782089
-0.035971906513354523
-0.21372458159584373
-0.01147118643713425
0.04464189746985237
0.7293879056200571
1.2804942805636792
2.3813972774631336
