2.63437361008604
1.5282406800849326
0.7718281227472853
0.30213772990008125
0.10091621934272865
0.10306488396604309
0.17440658591335853
-0.1898497958377089
0.2889504846970574
0.16992695385368722
-0.18746270665710899
-0.18746270665710899
0.17655530425357846
0.08366301347878016
0.29743697125929985
0.25981008875572675
-0.18746270665710899
0.2981953382784366
-0.1775950984711638
-0.0787846084720762
-0.18746270665710899
0.21941887074470173
-0.11416395567556822
-0.010380125163291407
0.19404675291229265
0.013952430598530746
-0.18746270665710899
0.06627610818253597
-0.0819524226340774
0.06668573875878704
-0.13767955301304918
-0.22358228181934037
-0.05297936804246905
0.20769535482490833
-0.049928959023482385
0.013952430598530746
-0.1880869915881821
0.2897311851140795
0.013952430598530746
-0.13767955301304918
-0.28152367064994605
-0.24709764975671192
-0.028958439873327767
0.013952430598530746
-0.2020025932923933
-0.08758490078920918
-0.21327852231048905
-0.12314168345824862
-0.10770432249706945
0.13010627470488123
-0.36598890980823867
-0.26729160220667403
-0.16649043229985488
-0.1312826399132656
-0.4562622627966991
-0.5204257719060336
-0.36835651534632363
-0.37449648114544887
-0.3698097070787045
0.24126982842160455
-0.20453134781903995
-0.18746270665710899
0.06833639976396438
0.26912811622138477
-0.08466288273454714
0.06944671199015394
0.0873835847951059
-0.1160696092704465
-0.05550458727276736
-0.0787846084720762
-0.18746270665710899
-0.18746270665710899
0.21941887074470173
-0.013478264508166617
0.28303817626945793
0.059088102090130414
-0.12638057221603016
-0.27572963952180535
-0.24709764975671192
0.09624621827806915
-0.2127964900116731
0.17735826453270612
0.19290358583545048
-0.0621259851866578
0.07971984357508098
0.09230248523716984
-0.3546857296594477
-0.24237329764493926
-0.13512058792331966
0.26883631979770484
-0.18746270665710899
0.36887546250241576
0.294395704720429
0.06816524568127956
-0.12638057221603016
-0.26745829163482876
-0.2901671238565996
0.013952430598530746
-0.08731868011425867
-0.18170468360240402
-0.18746270665710899
0.34973477518037477
0.26706473723247054
0.2873577306785914
-0.18746270665710899
-0.1883190601191752
0.013952430598530746
0.07409108503313253
-0.07426132484537576
0.17519172567082786
0.17485101971491146
-0.18746270665710899
-0.019715274307357603
0.23091736629604281
-0.0787846084720762
0.34930060244578387
0.31137305687450473
-0.22935971303733718
-0.11443143231364417
-0.18746270665710899
0.2873577306785914
-0.0787846084720762
0.2746441277466986
-0.07318490865314793
-0.17219943970057183
0.2984227769112979
0.29657911796333425
0.08179566840393171
0.17806543717224385
0.0942762946402918
0.2880821148192224
0.19296184351809365
0.3195113952493389
-0.22176958674116576
-0.21607141664835752
-0.13767955301304918
-0.2748399066381837
-0.27168154129855215
-0.1448421829337879
-0.20617314152009597
0.05285996789806899
-0.07729399611224612
-0.21403075313807338
-0.0787846084720762
-0.050619579788162054
-0.12974367546239884
-0.2774427251227986
-0.24709764975671192
-0.3050354986426279
0.349082190811551
0.22474728209250977
-0.1022381737906268
-0.18746270665710899
0.2889504846970574
0.07293167495957077
-0.02772912368686139
0.1363794444300771
-0.29519976143535426
-0.3064936646136385
-0.10192107439486078
0.09671958475990826
-0.03518074774686494
0.013952430598530746
-0.016377987692766983
0.22357803289818043
-0.11541563284006234
-0.0787846084720762
-0.18746270665710899
-0.18746270665710899
-0.010380125163291407
0.07388190261576788
0.2873577306785914
0.2746441277466986
-0.011967497050477297
0.30441054609158047
0.17655530425357846
0.10511317274088519
0.23596130484580727
-0.0787846084720762
0.21400274940288835
-0.05426598213332541
-0.19373063217255737
-0.19828669603993615
0.2510434482320178
-0.3023698662150382
-0.25269135083810457
0.004577581894888866
0.10227527615555589
0.1961795085327276
0.013952430598530746
-0.07192893080572331
-0.42021770075887416
-0.5101415516092017
-0.48243365870660504
-0.39592622223378027
-0.0254920987958332
-0.020813217777247685
-0.07860646541925491
-0.41121918687620584
-0.455254517161295
0.09617838011579577
-0.06386429864008918
0.17931283125292447
0.10025425915417692
0.2401087027823067
-0.010380125163291407
-0.18520377663048684
0.07615137661456094
0.2636512560370791
-0.19968253547356635
-0.1281096932787312
-0.248120833044065
-0.16280350487132275
-0.3589816300574769
-0.3268038081800946
-0.415920384773739
-0.3645970243750345
-0.29322379755608335
0.09069196762756157
-0.010380125163291407
0.17457034193597606
-0.18746270665710899
0.0649946418736616
-0.07529876826331025
-0.08851437187246187
-0.21570340697884
-0.11980070265912307
-0.1248206246290712
-0.07803287512535549
0.17606265433298318
0.17973932611352683
0.10683129185443586
0.09128339377719051
0.2809044757965425
0.13010627470488123
-0.13767955301304918
-0.2402269719646273
0.08652397859601209
0.28989655370411443
0.1743887653917002
0.09358395154604421
-0.3546857296594477
-0.24198596007429488
-0.261689910139479
-0.26641504845460035
0.08303655967384305
0.2636039411832709
0.26786406080963426
-0.13767955301304918
-0.28928232684750854
-0.26642896606713934
-0.2585755102674301
0.15346614812756143
0.20993983006149974
0.030840251770156955
0.7949162502242721
1.636964151198509
2.543726398848873
