2.343790385702934
1.59601913790745
0.7351909015077459
0.037205749925063446
-0.3311253089001287
-0.1984907367499922
0.32488612037293846
0.11875534703013402
0.171587673174713
0.05274983727694618
0.13495422024565182
0.09655161567637714
0.28598554775308554
0.07329672651315616
-0.16879611134608102
0.2104048156670469
-0.08533602403825949
-0.27803164878291337
-0.34045452388583497
0.27674371794959596
0.013952430598530746
0.27982320811829614
0.06795103919985646
-0.07803287512535549
0.07250675943685563
-0.2024982637758473
-0.42654612449497104
-0.44060814460438147
-0.399793463270174
-0.24709764975671192
0.013952430598530746
0.2785660070594549
0.2889504846970574
0.07430681813848304
-0.18746270665710899
-0.17903409759530312
-0.18746270665710899
0.17655530425357846
0.17360362563423087
-0.0787846084720762
-0.19570892406404825
0.1378051884702024
-0.08851437187246187
-0.27519312882721003
-0.33948621455814343
-0.029696562329067762
0.3253660460705393
-0.1551754092033214
0.07674769452091917
-0.18746270665710899
0.17519172567082786
0.17527751457551385
-0.07803287512535549
0.13285398040040225
-0.3018418026099985
-0.27714214171270546
-0.292619819011799
0.2875560286907943
0.26852086324097263
-0.19726023843844165
-0.010380125163291407
-0.13767955301304918
-0.2895239571064706
-0.2933880079460012
-0.028896412812889512
0.10095758129337865
-0.1334664314264459
0.06781988579597538
-0.008250234193422933
0.2696392124924033
0.16992695385368722
-0.18746270665710899
0.21485463348559822
-0.13534772389587815
-0.29808011201415785
-0.07860646541925491
-0.40316807854474135
-0.34212728555882793
-0.24709764975671192
-0.0787846084720762
-0.0480489780752277
0.15912812215433675
-0.16490562960670407
0.07537255134200689
-0.07027506567111677
0.17735826453270612
0.10453384367556576
-0.15676700994516954
0.013952430598530746
-0.19477407315605602
-0.07803287512535549
0.06587960581468154
0.2889504846970574
0.07030948434379479
0.23467037365839322
-0.012722602912224868
0.26824351521119233
0.07467186969206843
-0.18746270665710899
-0.1345460907715175
0.1884721698948215
-0.09504133060949499
0.05628527237831431
0.8948380980965365
1.6486024922693467
2.7674993200863787
