2.7950341055066743
2.011453995193105
1.7384142866307937
0.07849955575438042
0.08888965097829239
0.09355871481327582
-0.0787846084720762
-0.14692291705443367
0.29047854238067666
0.2889504846970574
0.06758598764627109
-0.18746270665710899
0.17903215347398904
0.17931283125292447
0.10511317274088519
-0.2387797737721783
-0.18131785726923
-0.18746270665710899
0.2897311851140795
-0.18762654735767015
-0.19477407315605602
0.17655530425357846
0.07591528997147587
0.2897311851140795
-0.2427354790885821
-0.08195129593558236
0.07537255134200689
-0.06687502719830345
0.17457034193597606
-0.18746270665710899
0.18617350957462755
-0.09563799658754168
-0.18746270665710899
-0.10833161409159603
0.28993629034905544
0.07263396152928364
0.09355871481327582
-0.1898497958377089
0.2930492098881306
0.08179566840393171
0.10683129185443586
0.19152407029645416
-0.06315786020947989
0.07409108503313253
-0.07069971417405535
0.0742430028579002
0.17806543717224385
0.09355871481327582
-0.18746270665710899
0.27931172177807645
0.2883435363305894
-0.18746270665710899
0.1743887653917002
0.09903111728449476
-0.0787846084720762
-0.0787846084720762
0.3212846105429682
0.013952430598530746
-0.12974367546239884
-0.23277010830153017
0.050335727995927594
0.0967412151346742
0.11638670364615489
0.10130643832058009
0.2873577306785914
-0.2031014743705009
-0.32881324191203987
-0.3040229010564129
-0.10607066725738423
-0.006073272801405725
-0.18635233693716127
-0.21497908133315025
0.050504728644059436
0.03157905619309083
-0.19716718031084668
0.05044426467044531
-0.026915067224869683
-0.11764654675756699
-0.0787846084720762
0.013952430598530746
0.17209349271556548
-0.18746270665710899
0.349082190811551
0.23814624586956445
-0.05583592398231379
-0.17385708462877253
0.2106787583267824
-0.010380125163291407
-0.18746270665710899
-0.08572636495931041
0.07743284292343532
0.013952430598530746
0.3092126030800456
0.013952430598530746
-0.18746270665710899
0.013952430598530746
-0.18746270665710899
0.17209349271556548
-0.20194070373108172
-0.07860646541925491
-0.24975419489047007
-0.1076413951783593
-0.08314697334280927
-0.11361280723713386
-0.18746270665710899
0.31962221621142234
0.013952430598530746
-0.02320921379951375
0.2821945973811652
0.0665758960209442
-0.1785625314453825
-0.19904809328787157
0.2531782040444559
0.10842943097091143
-0.15900507144832057
0.12100727831743592
-0.02612625472079631
-0.19468246646255377
0.061440610469859686
-0.08851437187246187
-0.18620706654430016
0.05596666141830895
-0.025481497777511724
-0.13043226822894471
-0.37584654974559506
-0.36593989696427043
-0.04130724122620562
0.09268261894247233
0.08445737199875653
0.2889504846970574
0.06882997742130229
-0.0787846084720762
0.2809044757965425
0.17209349271556548
-0.18746270665710899
-0.16441048043755507
0.013952430598530746
-0.0787846084720762
-0.11581457340632623
-0.3546857296594477
-0.29781447293605046
-0.28726629659673486
-0.028958439873327767
0.17485101971491146
-0.08381887684537682
0.04260947030488529
0.9222146088614878
1.6933949114385687
2.7546426162686073
