2.6779612984319674
1.5673093507388174
0.8548797473011647
0.19933461195167068
0.013952430598530746
-0.1898497958377089
-0.18746270665710899
-0.18746270665710899
0.22615703019651603
-0.0787846084720762
-0.08238907834471978
0.07467186969206843
-0.010380125163291407
-0.4478831877780342
-0.2859615876772122
-0.09298749076044556
0.08738723366931031
0.10561089895099698
-0.22966935469222258
-0.28726629659673486
0.2704290738161709
0.07706779136984993
-0.1811807968870944
-0.0787846084720762
0.27849625180416404
0.06795103919985646
-0.07803287512535549
0.07467626113574426
-0.18746270665710899
0.06709540007804042
0.013952430598530746
0.013952430598530746
0.192158883238966
-0.18780400411357787
-0.18746270665710899
-0.010380125163291407
-0.18746270665710899
-0.010380125163291407
-0.1773499014512922
0.07743284292343532
0.2401087027823067
-0.010380125163291407
0.19028332665289255
-0.035971906513354523
-0.2565182066337244
-0.2966893809265869
-0.0787846084720762
0.27705226910685105
0.0759533360009428
-0.010380125163291407
-0.18746270665710899
-0.18746270665710899
0.17822919319486139
0.1771462923910462
0.10016322277340228
-0.012176047153400212
0.2824048767900177
0.1344027778406157
-0.2500538815419485
-0.20903161248015326
0.045128382945890805
0.013952430598530746
0.29743697125929985
0.3270293062766742
0.013952430598530746
-0.13767955301304918
-0.297310051337603
-0.28726629659673486
0.0665214559319665
-0.03761187463411316
-0.20477074046327812
-0.10280266998960645
0.013952430598530746
0.2809044757965425
0.192158883238966
-0.18724014844684422
-0.2020025932923933
-0.08758490078920918
-0.23696816409236246
-0.12159797923929569
0.09022552133849078
-0.18746270665710899
0.3534496997545557
0.24227489474701383
-0.0787846084720762
0.24778539151316686
-0.20116385201892084
-0.32468950730344287
-0.30597039197650117
0.24096439961273775
-0.10959082320191481
0.2897311851140795
0.013952430598530746
-0.0787846084720762
0.25406539302202075
-0.18746270665710899
-0.07803287512535549
0.192158883238966
0.27243066266237076
-0.18746270665710899
0.2941565603588453
0.08179566840393171
0.17931283125292447
0.17565397999403914
-0.010380125163291407
-0.18746270665710899
0.05747945286147327
-0.11279569893023228
-0.0787846084720762
-0.19518988373020993
0.26786406080963426
-0.3546857296594477
-0.25617400874254614
-0.08302086705706976
0.27990136603041144
0.28424094753787005
0.06816524568127956
-0.12638057221603016
-0.2360731595761055
-0.2231854071794392
-0.39473612121286905
-0.3962045827971704
0.09947919318763654
0.013952430598530746
-0.18746270665710899
0.28993629034905544
0.08143061685034635
0.10561940295178487
-0.035971906513354523
-0.1740734842433011
0.0874338961994148
0.33621148452171856
0.24227489474701383
-0.0787846084720762
0.23905024448281145
-0.07803287512535549
0.07092757969769409
0.1912296968941675
0.004104165005934946
0.28303817626945793
0.07674769452091917
-0.07803287512535549
0.06860310251220525
-0.18780400411357787
-0.1898497958377089
0.1743887653917002
0.10130643832058009
-0.18746270665710899
-0.19570892406404825
0.06035026883068299
0.11075655526985141
-0.2082603754409992
-0.28726629659673486
0.21158498577371992
-0.0787846084720762
-0.18710358475285588
0.013952430598530746
0.29249801077035864
0.072999013082869
0.11081260747334737
0.17440658591335853
-0.010380125163291407
-0.17816192643731543
-0.010380125163291407
-0.0787846084720762
0.013952430598530746
0.013952430598530746
0.35062755875991586
0.31221663576279746
-0.18983258507866005
-0.12974367546239884
-0.2853131753140174
-0.2650312231000605
-0.2536684288944103
0.05725559785246915
-0.026607301098453648
0.17485101971491146
-0.010380125163291407
0.2963171828465326
-0.1852488675260796
-0.08091319033849065
-0.08758490078920918
-0.2702374874419379
-0.27799007022985067
0.09238854803793535
0.2883435363305894
-0.1989543317904169
-0.08851437187246187
-0.28334002280073994
-0.40388344619380084
-0.3021307548355296
0.2664424035251643
0.2873577306785914
0.2897311851140795
0.013952430598530746
-0.19477407315605602
0.28993629034905544
0.07263396152928364
0.08847728500857395
-0.35591576953225357
-0.2223072729791956
0.06395365190445938
0.2695046107790103
0.013952430598530746
-0.18746270665710899
-0.0787846084720762
0.28993629034905544
0.17655530425357846
0.07890819083457717
-0.16414890460239495
0.2734951168380659
0.1716008427949702
-0.07803287512535549
0.17903215347398904
0.17931283125292447
0.17565397999403914
-0.0787846084720762
0.23905024448281145
-0.08091319033849065
-0.1307040032178599
-0.44808658187325856
-0.5592321185723858
-0.48676082746504223
-0.3540790831775005
0.08494093670465049
0.013952430598530746
0.29360536124107334
0.072999013082869
0.19273393442018802
0.284897743772225
0.2889504846970574
0.192158883238966
0.22374400641956899
-0.0649643583632828
-0.012274042613963294
0.3015708661130564
0.07971984357508098
0.10301787287480706
0.27536874436266146
-0.20084182265297412
-0.08533602403825949
-0.22237777018880997
-0.13163074370594663
-0.29491045336949234
0.19296184351809365
0.25903169888531613
-0.18746270665710899
-0.18746270665710899
-0.1078678856178078
0.2897311851140795
0.013952430598530746
-0.18809064050456104
-0.08758490078920918
-0.3015248008650565
-0.3956525922904588
-0.10737769150135618
-0.194828528821096
-0.05804786893525196
-0.1781580862329288
-0.3739813010363068
-0.4640961584450736
-0.4264264257700052
-0.43317838958397914
-0.4061953262669006
-0.2955819613078303
-0.04199008727118069
0.24583931865380554
-0.08246814800989326
0.08179566840393171
0.17931283125292447
0.09736544923358091
-0.1667654109544849
0.08100130988395535
0.19273393442018802
0.23663318336255731
-0.06727429187010911
-0.055708437900411474
-0.22218205993995926
-0.07715761688630021
-0.1084004805096384
0.27468524467149186
0.05105560545003955
-0.24032999623990797
-0.28726629659673486
0.25561688297176677
-0.03761187463411316
-0.21705983168597737
0.04430349071428021
-0.3203901633727428
-0.12974367546239884
-0.40978936502795205
-0.3875435233380612
0.07780692847653717
0.013952430598530746
0.08051420209505734
0.17931283125292447
0.07880409989207189
0.28993629034905544
0.1403831953476645
-0.08851437187246187
-0.17940629670478153
-0.044661846234733786
0.091517304485934
0.07591528997147587
-0.010380125163291407
0.22427887476461206
-0.0787846084720762
-0.045504023030512285
0.013952430598530746
-0.07297553228178505
-0.10612876489444055
-0.19733461599671273
0.053804561993670605
-0.13767955301304918
-0.2783209020299916
-0.24709764975671192
0.30043127691936283
0.23814624586956445
-0.0977711022492091
0.2746441277466986
-0.1104587240804919
-0.18746270665710899
0.29743697125929985
0.3727420028042177
0.294395704720429
0.06795103919985646
-0.07803287512535549
0.17240380307409786
0.28993629034905544
0.17735826453270612
0.07591528997147587
0.2889504846970574
0.07558828444735742
-0.18746270665710899
-0.19666100410727164
0.11670669920972564
-0.28280378215436125
-0.3123375151521621
-0.28726629659673486
-0.010380125163291407
0.3342272150654596
0.7998732965826786
1.478866214228005
2.6348756444083303
