2.1710366809141974
1.2412124321931042
0.6119933781937605
-0.08451246975571301
-0.28074937583534
-0.3800215354111343
0.013952430598530746
-0.17084162358771007
0.013952430598530746
-0.110249347709129
-0.18746270665710899
0.013952430598530746
0.12752826782741916
-0.3546857296594477
-0.3394454831655556
-0.37343977031610787
-0.03461847826982121
-0.10948510289689956
-0.1898497958377089
-0.1448185729881705
0.2889504846970574
0.190945132312971
0.013952430598530746
-0.010380125163291407
0.07997643749319598
-0.1718577794033801
0.021983050366693145
-0.12905683519021255
-0.32673038168133156
-0.3937514959654776
-0.1448421829337879
-0.1563369878254467
0.0035159657966349913
0.07705575954691148
-0.03761187463411316
-0.26011937468196866
-0.28553039677720543
-0.1462007009846963
-0.1807510357156305
-0.07531322635826593
-0.3570421351902229
-0.23304624270058055
0.049002679708910576
-0.027844040949965284
0.350333473766975
0.013952430598530746
0.0759533360009428
-0.0787846084720762
-0.1697265478801114
0.19383277218024894
0.2702657689302983
0.07674769452091917
-0.18746270665710899
0.058723442636504454
-0.06687502719830345
0.1946357324593766
0.2822207500100399
0.19296184351809365
0.3082089985384211
-0.1774997409634904
-0.19477407315605602
-0.08572636495931041
0.072999013082869
0.10429933918368141
0.25025229226002443
-0.19666100410727164
-0.2020025932923933
-0.36342535280509125
-0.26833518924889616
-0.1446908030909901
-0.296665348067177
0.24360552575273
-0.3496887901600882
-0.3371457880720532
-0.2543950578115498
-0.2646654238771626
-0.08798101984709068
0.15276361171345565
-0.2847923196942354
-0.23538249880514997
0.11563712126235348
-0.03150548383251194
-0.18746270665710899
-0.0881316345734091
0.08100130988395535
0.09355871481327582
-0.20084330611298554
-0.06111645455996726
-0.21855609006976745
-0.12099513322119398
-0.006297888695486015
0.17565397999403914
-0.0787846084720762
-0.18746270665710899
-0.18746270665710899
-0.0787846084720762
-0.010380125163291407
0.19404675291229265
0.013952430598530746
-0.19361330251663691
0.013952430598530746
0.06795103919985646
-0.0787846084720762
0.33590163866872913
0.2924445662311228
-0.18746270665710899
0.1743887653917002
0.1765249086561944
-0.07803287512535549
0.17686561461211084
0.17806543717224385
0.17565397999403914
-0.18746270665710899
-0.18746270665710899
-0.19361330251663691
0.013952430598530746
0.072999013082869
0.10534020500212843
0.09355871481327582
-0.010380125163291407
-0.07437215326676386
-0.07595856202320501
0.07971984357508098
0.1007425518387217
0.34936361810529903
0.013952430598530746
-0.03504243543010183
-0.2431156353827854
-0.28726629659673486
-0.08166492368521133
-0.13767955301304918
-0.27460470490371647
-0.28714899048029774
0.0918935511813303
0.013952430598530746
-0.07803287512535549
0.06587960581468154
-0.010380125163291407
-0.0787846084720762
0.013952430598530746
0.19014605883610447
-0.05671263194952839
0.08051420209505734
0.17806543717224385
0.19353689469931568
0.3335940834687272
0.013952430598530746
0.06103779009441327
-0.22774406224812083
-0.2904928156757893
-0.4044208740177861
-0.39587332984262846
-0.04555136738995282
0.2175184025189881
-0.0787846084720762
-0.20302029056299528
0.137869356908865
-0.08851437187246187
-0.27268087651698797
-0.3548628225820839
0.08431087983285888
0.07469849305632568
-0.2636540672260198
-0.46546219259421256
-0.38866232107977466
-0.26029591733859503
0.08674847368982476
0.1765249086561944
-0.07803287512535549
0.07122529312798123
-0.02772912368686139
0.18095776288625884
-0.35724928666259514
-0.2677768938165447
-0.13506554543487204
0.26883631979770484
-0.2020025932923933
-0.36503687763497494
-0.22924447365604275
0.06883379636205567
-0.3288571342659204
-0.2884170901176757
-0.28726629659673486
0.0896103685567369
0.1765249086561944
-0.18746270665710899
0.058723442636504454
-0.11508481951266088
-0.13767955301304918
-0.22293524968896786
0.03064695466800244
-0.1157783947618594
0.17735826453270612
0.1968042799116386
0.013952430598530746
0.26806715198821535
-0.18746270665710899
0.06433442684667354
-0.010380125163291407
-0.010380125163291407
0.17655530425357846
0.19273393442018802
0.22256234106875256
-0.0787846084720762
-0.18746270665710899
0.16992695385368722
-0.0787846084720762
-0.14852878094231423
0.25998268975330624
0.0891494849610001
-0.2051576495767107
-0.2699825137031889
-0.2736144163924417
-0.3079860085609696
-0.28726629659673486
0.2498158241588773
0.07615137661456094
0.3335940834687272
0.013952430598530746
-0.010380125163291407
-0.010380125163291407
0.07092757969769409
0.10144468908227663
-0.01058252925852584
0.33364312502485655
0.28989323306309506
-0.19733461599671273
0.05524360229321271
0.09539130295397215
-0.3312236892032713
-0.4144014404346915
-0.4060692346198865
-0.1093171863686102
-0.26001307503078086
-0.28726629659673486
0.1906300207412763
-0.08447056162779498
0.0665758960209442
-0.00933085209403172
0.28324845567831036
0.1737673816568484
-0.07803287512535549
0.07892987649878043
0.09903111728449476
-0.18746270665710899
-0.18746270665710899
0.18905726263964437
0.24767879317138963
-0.07803287512535549
0.07122529312798123
-0.10309116552019328
-0.18746270665710899
0.0651287853666499
-0.010380125163291407
0.06860310251220525
0.23596130484580727
-0.08166492368521133
0.033512176376228824
-0.2497622326636997
-0.28726629659673486
0.10454237931254477
0.013952430598530746
-0.18458507267861168
-0.18746270665710899
-0.18746270665710899
0.06938240072968609
0.09868226025729329
-0.07300964768088165
0.07329672651315616
-0.11279569893023228
-0.010380125163291407
0.013952430598530746
-0.08166492368521133
-0.3187879969724126
-0.18939780559358002
0.09442753920491027
0.28022771496782445
0.17903215347398904
0.0891878670126359
0.10002497201170574
-0.1898497958377089
-0.17421903419875798
0.18227838020473988
-0.3546857296594477
-0.2118423354756546
0.11426750700626945
-0.027252058041738234
0.2984227769112979
0.3358455120857969
1.3581731785751106
1.8836221802990858
1.9411767755083098
