3.0960503659939462
1.5221462842878501
0.5285566014067707
-0.1673640482321429
0.11137010029235082
-0.026607301098453648
-0.2031014743705009
-0.08851437187246187
-0.2548727029959219
-0.1713511120187766
-0.27784769647875435
-0.24709764975671192
-0.02783263655238584
0.19629569303479763
0.013952430598530746
0.17735826453270612
0.1968042799116386
0.013952430598530746
-0.13767955301304918
-0.2719829779029186
-0.19387471487918398
-0.2769244210145901
0.08431304644577967
-0.13241993843658123
-0.23382176244478312
0.046287552959174805
-0.027844040949965284
0.2889504846970574
0.07030948434379479
0.013952430598530746
0.05593401695347066
-0.24337799391381154
-0.3393096563848937
-0.22045944548950977
0.2734951168380659
0.07694573513453731
0.2880821148192224
0.17457034193597606
-0.07803287512535549
0.17289645299469314
-0.0787846084720762
0.013952430598530746
0.072999013082869
0.17931283125292447
0.17565397999403914
-0.18746270665710899
0.013952430598530746
0.28424517538360994
-0.1862627641328417
-0.19666100410727164
-0.12876770839903198
-0.13767955301304918
-0.28307408435108394
-0.26029591733859503
0.013952430598530746
-0.2031014743705009
-0.08758490078920918
-0.29800088145345294
-0.3500866759892526
0.27990136603041144
0.29594589452825665
0.08051420209505734
0.1809867201942074
0.0969355905199402
0.1008193305316821
0.2889504846970574
0.13004210626621865
-0.13767955301304918
-0.2653849799139032
-0.12465217544647665
0.09268261894247233
0.09772994903991655
0.1788683974513715
0.0965857754955684
-0.12961147658202365
-0.08166492368521133
-0.07860646541925491
-0.37603385798469735
-0.3963725473339069
0.13129361546358032
0.23922290837472374
0.2873577306785914
0.2746441277466986
-0.1001201083609275
0.28993629034905544
0.08063625833036996
0.08730511516839869
-0.3546857296594477
-0.24075489221730584
-0.0932121659629356
0.09931846866380457
0.37120847364722054
0.29355212583213625
0.0665758960209442
-0.11933584455217426
-0.2010186307862758
-0.13767955301304918
-0.2188547813083329
0.07761296649867643
-0.3589816300574769
-0.24914209332607018
0.08174984703250415
0.21868814224592217
-0.03964717909438381
0.26050598553366755
0.10895190775715584
-0.2625055873690655
-0.3677256824301359
0.09583170702412129
0.07591528997147587
-0.010380125163291407
-0.10688987843577351
-0.2300335122389622
0.05868178816804472
-0.027844040949965284
0.17485101971491146
-0.0787846084720762
-0.2031014743705009
-0.07860646541925491
-0.2420258483584793
-0.05579695681374463
-0.00964818826862705
0.2103155228011264
-0.07860646541925491
-0.26337128892145556
-0.24709764975671192
0.20553988666973425
-0.0787846084720762
0.3645745755822664
1.1316800035070445
1.452305709250938
1.064849906999962
