2.7192483059605377
1.734273072077585
1.166419146665216
0.4027031736476725
0.08384729570128996
-0.37939133182978035
-0.21831281905249703
0.0703400911671294
0.18017551492712564
-0.0901543399932205
-0.30254358596079445
-0.36083909986083157
-0.033300105187445285
0.013952430598530746
0.08100130988395535
0.1007425518387217
0.37983129039249447
0.294395704720429
0.07467186969206843
0.2883435363305894
0.2889504846970574
0.07558828444735742
-0.18746270665710899
-0.18746270665710899
0.0656158931555479
0.2897311851140795
-0.17816192643731543
0.013952430598530746
-0.18746270665710899
0.34749286837383464
0.23967952503848075
-0.12974367546239884
-0.24723305338171847
-0.12122335533679905
-0.21254516741250676
-0.1898497958377089
-0.19598580792793666
-0.0787846084720762
0.013952430598530746
0.07615137661456094
-0.14153545762617573
0.2734951168380659
0.07694573513453731
0.013952430598530746
0.17072991413281488
0.2669794585262714
-0.12974367546239884
-0.26659897732963883
-0.1521624272696666
-0.3205410314083933
-0.4466247385245899
-0.3049750346275663
0.2746441277466986
-0.12007457245860706
-0.0787846084720762
0.21153249535638113
-0.0787846084720762
-0.18746270665710899
0.07066386703856047
0.10130643832058009
0.2873577306785914
0.29743697125929985
0.3208659336756811
-0.16381168975239235
0.18905726263964437
0.27536874436266146
-0.18746270665710899
0.06581393376916606
-0.18312391500436528
-0.0787846084720762
-0.0787846084720762
-0.0787846084720762
0.013952430598530746
0.2897311851140795
0.013952430598530746
0.27982320811829614
0.192158883238966
0.27243066266237076
-0.19828669603993615
0.2069771337264601
-0.12974367546239884
-0.28606207428994024
-0.2693105911236813
-0.025481497777511724
0.09903111728449476
-0.18746270665710899
0.3511787578776879
0.28046370100952517
0.2897311851140795
-0.010380125163291407
0.013952430598530746
-0.035971906513354523
-0.21791278951779813
-0.22265223593742958
-0.35586058140674537
-0.28726629659673486
-0.03019517972483941
0.25025229226002443
-0.1898497958377089
-0.18746270665710899
0.07066386703856047
0.1007425518387217
0.23291249576447468
-0.4193370649027466
-0.27399170119284116
-0.10429566429251666
0.19002310981761447
-0.35581536542725845
-0.2945876744889789
-0.24709764975671192
-0.1448421829337879
-0.21209577625628548
0.013095202180502639
-0.4189350098492885
-0.30744258259152013
-0.28726629659673486
-0.07803287512535549
0.13958023506853684
-0.08851437187246187
-0.2792054560315265
-0.40525889658052344
0.24046719999790026
0.192158883238966
-0.18868128610659224
0.013952430598530746
-0.3546857296594477
-0.2918071001908978
-0.29685882329379437
-0.3073392536896967
0.2069546720049705
-0.10579978446194722
-0.18746270665710899
-0.18341027376303828
-0.18746270665710899
0.013952430598530746
-0.12217512959407045
-0.07803287512535549
0.17209349271556548
-0.0787846084720762
-0.09251064329582644
0.06659206188874915
-0.28001971782369633
-0.265857046968662
-0.24709764975671192
0.013952430598530746
-0.18746270665710899
0.06705493345509002
0.23596130484580727
-0.0787846084720762
-0.07803287512535549
0.07092757969769409
0.19659029917959495
0.28366473270735293
0.07067453589738017
0.013952430598530746
-0.08166492368521133
-0.35581536542725845
-0.2061947567518971
0.1289742146443915
-0.06062893026506247
0.013952430598530746
0.2783792254209831
0.19404675291229265
0.013952430598530746
0.253295782270016
-0.18746270665710899
-0.08190167798355849
0.1884721698948215
-0.10066035927151434
-0.0787846084720762
-0.18746270665710899
0.2746441277466986
-0.11171040124498603
-0.18746270665710899
0.26717436840867426
-0.18746270665710899
0.07145822555853683
0.11102222801678044
0.10202401814759607
0.27536874436266146
-0.18746270665710899
0.0656158931555479
0.29071699076607754
-0.16885218079809866
0.07694573513453731
0.287591524443149
0.18927513017394917
-0.16443047014237133
0.2883435363305894
0.2889504846970574
0.07293167495957077
-0.08504516492225025
0.1452067006480166
1.0208916470123335
1.7661900617467376
2.7193695918362057
