3.1388154708762626
1.9132877143224496
0.8629861446331115
-0.03364276483669175
-0.08851437187246187
-0.2715632081275061
-0.30354315010814154
-0.2542355782165475
0.1743887653917002
0.19491641023831197
0.25633376521939455
0.2873577306785914
-0.18746270665710899
-0.18746270665710899
-0.18746270665710899
0.1743887653917002
0.1907211100173265
-0.06844677827455117
-0.08851437187246187
-0.23959970535875616
-0.24709764975671192
-0.02783263655238584
-0.19570892406404825
0.05234034232587014
-0.3546857296594477
-0.17036036927786213
-0.05671098141080803
0.271414879468169
0.07387795130431483
0.09355871481327582
-0.0787846084720762
-0.1898497958377089
-0.18746270665710899
0.06938240072968609
0.17485101971491146
-0.19361330251663691
0.28993629034905544
0.07263396152928364
0.09818652372981657
-0.10688987843577351
-0.18545687730269897
0.04552809101322831
-0.3021307548355296
0.013952430598530746
-0.3546857296594477
-0.2982372557142975
-0.30108073037460686
-0.025481497777511724
0.17931283125292447
0.19571937051743962
0.3465753900119114
0.013952430598530746
-0.010380125163291407
0.013952430598530746
-0.19726023843844165
-0.20084182265297412
-0.3546857296594477
-0.29053356429817945
-0.24709764975671192
-0.02783263655238584
0.10683129185443586
0.11388228702940907
0.10561940295178487
-0.035971906513354523
-0.18144754407458769
-0.12168548372637211
-0.0050272939737146275
-0.13767955301304918
-0.25328140616145217
-0.24709764975671192
-0.0787846084720762
-0.0787846084720762
0.27849625180416404
0.148845440897639
-0.12638057221603016
-0.24281437893788835
-0.088775354792655
0.013952430598530746
0.26806715198821535
-0.18746270665710899
0.06433442684667354
-0.18746270665710899
-0.0787846084720762
-0.18746270665710899
0.17606265433298318
0.1809867201942074
0.17962314161145682
0.10406952375927428
-0.08851437187246187
-0.1956721677603681
-0.029292593898347135
-0.008338065112782303
0.09128339377719051
-0.18746270665710899
0.07017675924966245
0.17931283125292447
0.10511317274088519
0.2636512560370791
-0.18746270665710899
0.2873577306785914
-0.0787846084720762
-0.010380125163291407
-0.18746270665710899
-0.07631281889637564
-0.06637495172295592
-0.19622973582609685
-0.08533602403825949
-0.2694248786327415
-0.29613562815168465
-0.028969844270907208
0.17931283125292447
0.17440658591335853
-0.18746270665710899
0.013952430598530746
0.1737673816568484
-0.07803287512535549
0.17457034193597606
-0.010380125163291407
0.13860814874933008
-0.035971906513354523
-0.16897534041527476
0.10762288666732153
0.013952430598530746
0.040377593469546745
-0.2237734946153612
-0.24709764975671192
-0.31893260055197703
0.08816080234619944
-0.2064202282277845
-0.1312261666982267
-0.2971626339053209
0.17289645299469314
0.29743697125929985
0.25771352168959
-0.18746270665710899
-0.1135866343237196
-0.18746270665710899
-0.18637141923106124
0.1737673816568484
-0.010380125163291407
0.14044736378632708
-0.08851437187246187
-0.2378592701365786
-0.24987607061751846
-0.2825713223715794
-0.14699713841158796
-0.3150453060240064
-0.10688987843577351
-0.15568623377549426
0.01687157659442125
0.09981346552040965
0.18011579153205212
0.10518995143384557
-0.07803287512535549
0.17289645299469314
-0.010380125163291407
-0.010380125163291407
0.07844276870988243
0.17931283125292447
0.09664786940656495
-0.0787846084720762
-0.17816192643731543
0.013952430598530746
0.07971984357508098
0.10429933918368141
0.013952430598530746
-0.18746270665710899
-0.11589656783054593
-0.18746270665710899
0.190945132312971
0.013952430598530746
-0.08166492368521133
-0.3546857296594477
-0.215083136439719
0.11728940361422308
0.1031088098651868
-0.16308235471882046
-0.08851437187246187
-0.22420005798297385
-0.11415533570596181
-0.0035139000331058383
0.013952430598530746
-0.12974367546239884
-0.2646647890658846
-0.17274249600118616
-0.27844536505517486
-0.14311280983195915
-0.2971626339053209
0.06390556001250532
0.19659029917959495
-0.16392921308888467
0.07822720144341169
0.2997996031448048
0.14044736378632708
-0.08533602403825949
-0.2500411697691471
-0.40525889658052344
-0.30297038637808055
0.129239145987091
-0.07860646541925491
-0.2430270591151419
-0.12272976955317569
-0.006928815068483629
-0.25442479122544115
-0.13903267957689594
0.12726949309210628
-0.37067916871823314
-0.4453382544030656
-0.4719600985573409
-0.39054461006623553
-0.010380125163291407
0.2897311851140795
-0.010380125163291407
-0.010380125163291407
-0.18746270665710899
0.06266157023747414
0.0927516521805496
-0.3861012508483656
-0.26292616449473105
-0.11600068070820978
0.091517304485934
-0.010380125163291407
0.0753614095382604
0.24029979598262244
-0.04386008303415395
-0.12974367546239884
-0.30354617102323606
-0.37751812468390694
0.013952430598530746
0.17822919319486139
0.11638670364615489
0.09903111728449476
-0.19726023843844165
-0.18325060542614469
-0.08851437187246187
-0.2713651253432494
-0.2969302869064873
-0.026915067224869683
-0.1252847256505608
0.07067453589738017
-0.17142188814148626
0.27052373142621333
0.16570659118120354
-0.13936949811979932
-0.029895333620061422
0.1670130378626758
0.8819173134134743
1.5254994727294686
2.6159333328165517
