3.371091433417216
2.3444688765644743
1.1754406254770962
0.19380922322258584
0.22944137679599236
-0.3614257596471531
-0.3861738185693918
-0.3823338569227189
0.08754025902081036
0.19491641023831197
0.24474071147109894
-0.08166492368521133
-0.13767955301304918
-0.19680951991409887
0.12609939275827323
-0.0787846084720762
-0.07803287512535549
0.06587960581468154
0.2873577306785914
0.27931172177807645
-0.18746270665710899
0.013952430598530746
0.1937890294879627
-0.07860646541925491
-0.27782676765506786
-0.26029591733859503
0.26883631979770484
0.2873577306785914
0.2746441277466986
-0.12332986464897798
-0.13767955301304918
-0.20013107824519516
0.12855610403106565
0.1042487087381044
-0.21375704645764318
-0.28726629659673486
0.16043019971343614
-0.07860646541925491
-0.25798632937964966
-0.1509847119762787
-0.1941472735448326
-0.4007211680531484
-0.3192624504636548
0.12929643530845925
-0.29987857429970105
-0.0787846084720762
0.27849625180416404
0.07743284292343532
0.013952430598530746
0.2524922406303377
0.2873577306785914
-0.18746270665710899
0.2873577306785914
-0.18746270665710899
0.2930492098881306
0.1743887653917002
0.09355871481327582
-0.010380125163291407
-0.20414769527950896
0.1898386498235586
-0.08851437187246187
-0.2555881313435727
-0.28726629659673486
0.1031088098651868
-0.06268192082329611
0.1948497131914203
0.013952430598530746
0.2889504846970574
0.07430681813848304
-0.08166492368521133
-0.3546857296594477
-0.3221275345115972
-0.38863891163875136
0.10246755674545352
0.013952430598530746
-0.12974367546239884
-0.258079078208336
-0.11352466551728407
0.013952430598530746
0.19296184351809365
0.3431924817444048
0.013952430598530746
0.06795103919985646
-0.18746270665710899
0.2803744072360681
0.07674769452091917
-0.07803287512535549
0.19296184351809365
0.28145021732203157
0.2889504846970574
0.06906549456876361
-0.1760877915591838
0.07537255134200689
-0.08313121263198829
0.062677785171265
-0.13767955301304918
-0.2717129882591176
-0.28726629659673486
0.2482905136016635
0.06943054612234897
0.013952430598530746
0.17289645299469314
-0.18746270665710899
0.29071699076607754
0.013952430598530746
0.0717780533152546
-0.08758490078920918
-0.18545687730269897
0.08509212435121714
0.013952430598530746
-0.08091319033849065
-0.03504243543010183
-0.21628710791134023
0.08934152545766352
0.23968380917942042
-0.07803287512535549
0.1674543904356194
0.9492162968063892
1.5491997169488232
2.6406892380283677
