3.210864117895631
1.9349429034498382
0.9766747226656891
0.3490137185361768
-0.07803287512535549
0.06712359558971273
0.28993629034905544
0.07935479202149559
0.0942762946402918
0.23727619641114903
-0.014254995688296272
0.26984949190125573
0.129239145987091
-0.3546857296594477
-0.2366393578012454
-0.018458356738539575
-0.019701330393418846
-0.07803287512535549
0.18986022291877203
-0.19192214700576735
-0.18746270665710899
0.07066386703856047
0.1907211100173265
-0.07285477665764796
0.1403831953476645
-0.08533602403825949
-0.24544709422436511
-0.2893069920869688
0.013952430598530746
0.08100130988395535
0.19491641023831197
0.36267424286037636
0.2699648459382857
-0.19563454650577713
0.254401254927573
-0.41069929835748936
-0.3108034081635757
-0.27677023655933813
-0.3327678441372348
-0.28726629659673486
0.24585512085262395
0.1743887653917002
0.19273393442018802
-0.17617757822217667
0.2661987581092493
-0.08758490078920918
-0.2959282070690877
-0.35350438024228753
-0.36933894242093174
-0.3556805834351786
-0.3271216197522682
-0.0938969065734176
-0.28281712046738955
-0.032676005976508736
0.09645657379689243
-0.20026022427728155
0.18986022291877203
-0.17147009137568378
0.2244662624919409
-0.12974367546239884
-0.2580569899445623
-0.12844036696098265
-0.08766013193898582
0.17735826453270612
0.0996660070024346
0.11056476633538308
-0.17082657039744384
-0.14190232329125882
-0.2963230023627699
0.27931172177807645
-0.0787846084720762
0.013952430598530746
0.06943054612234897
0.2741501111083187
0.27931172177807645
0.29743697125929985
0.3270293062766742
0.013952430598530746
0.21593262069955638
-0.06813411057172077
-0.19337532266714352
-0.08533602403825949
-0.23507491368639447
-0.12313936723165181
0.10227527615555589
0.18011579153205212
0.07998650239350345
0.13021809973388568
-0.13941577745431621
-0.09737553318410569
-0.018383003517926485
0.18579629496326433
-0.37180880448604386
-0.4855532693475359
-0.5393823498962969
-0.5001769543741305
-0.24709764975671192
-0.3152199738330572
0.013952430598530746
0.072999013082869
0.09142164453888704
-0.013699328469902744
0.06540385228966611
-0.2049804391789304
-0.2527324197254059
0.013952430598530746
0.29743697125929985
0.2715150357461133
-0.18746270665710899
0.19404675291229265
0.013952430598530746
0.2873577306785914
-0.0787846084720762
-0.110249347709129
-0.18746270665710899
-0.07803287512535549
0.1743887653917002
0.10153691035869807
0.013952430598530746
0.17457034193597606
-0.07803287512535549
0.0753614095382604
-0.22673075564303014
-0.029453306646917695
0.19551316003125627
-0.07860646541925491
-0.24749740416545982
-0.10862529299205782
0.09867667305278509
-0.0638172372934086
-0.09810008268170241
0.2889504846970574
0.190945132312971
0.013952430598530746
-0.11650615712357539
0.25114319820872205
-0.29533606382299715
-0.3147737938343698
-0.28726629659673486
-0.13880591867101852
-0.22440282543225457
-0.010171726113826034
0.10097877997694799
0.07890819083457717
0.3335940834687272
0.013952430598530746
0.2873577306785914
-0.18746270665710899
0.19572064185357557
0.013952430598530746
0.06919502897488765
-0.18746270665710899
0.013952430598530746
0.013952430598530746
0.07743284292343532
0.26912811622138477
-0.08466288273454714
0.06944671199015394
-0.3875026913398612
-0.2946707470670634
-0.2959306069450409
-0.28854539044209515
-0.30725312583614117
-0.24709764975671192
-0.07803287512535549
0.06587960581468154
0.2889504846970574
0.18986022291877203
0.3335940834687272
0.013952430598530746
0.2025336569225017
-0.10454810729745309
-0.18746270665710899
-0.07987442956769608
-0.06982394154062681
0.1737673816568484
-0.18746270665710899
0.06420028335368523
-0.03612459236667409
0.013952430598530746
0.2644472217100793
0.2883435363305894
-0.07803287512535549
0.06450446263576928
-0.07480984224121573
-0.10688987843577351
-0.2540084843948652
-0.21170168566128977
-0.33595940471215774
-0.2817670077558232
0.013952430598530746
-0.04438455074605077
0.09824037591019467
-0.16218392882905838
0.10944236610318009
-0.029614601214191783
-0.18746270665710899
0.06390556001250532
0.09982547580447113
-0.010380125163291407
-0.035971906513354523
-0.24419693663785963
-0.28726629659673486
-0.10238164548107787
0.06795103919985646
0.2883435363305894
0.2809044757965425
0.192158883238966
0.2721240885010056
-0.07055321745046567
0.17209349271556548
0.2873577306785914
0.28993629034905544
0.17822919319486139
0.0891878670126359
0.19571937051743962
0.2315439227339378
-0.0787846084720762
-0.0787846084720762
-0.0787846084720762
-0.0787846084720762
0.013952430598530746
0.0759533360009428
-0.010380125163291407
-0.010380125163291407
0.20227854494185452
-0.08851437187246187
-0.2050970917667118
0.058594342602242305
0.24195020526473576
-0.08394787657619782
0.19404675291229265
0.013952430598530746
-0.0785643913689679
0.192158883238966
0.3509285335855229
0.2739419071806768
-0.08466288273454714
0.06944671199015394
-0.12638057221603016
-0.30439635534527204
-0.41068084400086263
-0.3589279695726775
-0.10742297063880041
-0.30003361612794566
0.25384698138778794
-0.19563454650577713
-0.0902333343141754
-0.08851437187246187
-0.2795387968330913
-0.35719970238606275
-0.03093756201499173
0.2873577306785914
-0.19477407315605602
0.2889504846970574
0.06906549456876361
0.2880821148192224
0.07067453589738017
0.27536874436266146
-0.1898497958377089
0.06581393376916606
-0.18424432989287085
-0.07803287512535549
0.06735911273717406
-0.18615310233689533
0.013952430598530746
-0.02042433430832298
0.37019556305815526
0.2945576987131794
0.19404675291229265
0.013952430598530746
-0.18746270665710899
-0.0787846084720762
0.013952430598530746
0.0759533360009428
0.2646060040907833
-0.07860646541925491
-0.2678688456379433
-0.2826798962879392
-0.09364119565273672
0.07674769452091917
-0.18746270665710899
0.06833639976396438
0.3630919000942468
0.3652000553620487
0.24227489474701383
-0.0787846084720762
0.28993629034905544
0.07935479202149559
0.09355871481327582
-0.0787846084720762
0.013952430598530746
-0.18746270665710899
-0.18449298913629117
0.16992695385368722
-0.19563454650577713
0.17437571576216893
-0.3546857296594477
-0.28105492262894055
-0.24709764975671192
-0.02783263655238584
0.29743697125929985
0.22328541104650373
-0.03874452627650417
0.013952430598530746
0.2539483666388398
-0.19828669603993615
-0.08166492368521133
-0.36342535280509125
-0.28040449818516344
-0.11475923559494992
-0.0787846084720762
0.3212846105429682
0.013952430598530746
0.2873577306785914
0.28993629034905544
0.13958023506853684
-0.08851437187246187
-0.1910846449473519
-0.10506206931486763
0.2317185258737328
-0.1912459276419307
0.013952430598530746
-0.07297553228178505
-0.06654501596027025
-0.07364862851637871
0.08179566840393171
0.11457901536174013
0.09854400949559677
-0.19570892406404825
0.05910926914475903
-0.12638057221603016
-0.3121118092803139
-0.43432614327795754
-0.10873620955226461
-0.2562594866585743
-0.24709764975671192
0.10091996725202486
0.350333473766975
0.013952430598530746
0.07971984357508098
0.10202401814759607
0.2401087027823067
-0.010380125163291407
0.27849625180416404
0.07743284292343532
-0.18517711927271208
-0.010380125163291407
-0.1125592812159553
-0.18746270665710899
0.013952430598530746
-0.07803287512535549
0.1884721698948215
-0.051918952900246215
-0.10612876489444055
-0.18746270665710899
-0.19374609513051727
-0.0787846084720762
-0.010380125163291407
-0.08181968355933882
-0.035971906513354523
-0.18918819138073414
0.04773859362650721
-0.12958510668968512
-0.3957807348700691
-0.48441705263642754
-0.26206552146968876
-0.06557068047167872
0.17931283125292447
0.1973932594587226
0.2702657689302983
0.06919502897488765
-0.18746270665710899
0.2664424035251643
0.2883435363305894
-0.07803287512535549
0.07388190261576788
0.29743697125929985
0.25690998004991167
0.2873577306785914
-0.19666100410727164
0.1918581685053056
-0.035971906513354523
-0.23565111943782807
-0.2680128279887702
0.1402638501606571
-0.13767955301304918
-0.27053296640943414
-0.24709764975671192
-0.030392009320685726
-0.2589227163417194
-0.4067075844456975
-0.3901817107606913
-0.15730793052576206
-0.08351837720412172
-0.08344260436589834
0.07971984357508098
0.1968042799116386
0.013952430598530746
0.18952764907347
-0.3546857296594477
-0.29673317168097624
-0.28726629659673486
0.2482905136016635
0.17209349271556548
-0.08166492368521133
0.07426095389328646
-0.15125136832309843
0.12617253971288253
0.9586502944740238
1.8153136263276486
2.9024816671135216
