2.3856507810437444
1.8277092785678364
1.190706750100351
0.3436890495575385
-0.08533602403825949
-0.2500411697691471
-0.40525889658052344
0.20216166416635656
-0.0787846084720762
-0.17486747480616885
0.26173906070798514
-0.18746270665710899
0.05909310327695408
0.013952430598530746
-0.07528546578861134
-0.07595856202320501
0.07467186969206843
0.29071699076607754
0.013952430598530746
0.07822720144341169
0.013952430598530746
0.07971984357508098
0.09457780627325517
-0.3546857296594477
-0.2001194729353541
0.10679423228119811
0.013952430598530746
0.19383277218024894
0.30857900977009645
0.17903215347398904
0.11846252847500562
0.1123036943256548
0.19203265717329515
-0.038772441333561114
-0.17554830417608636
0.07467186969206843
-0.0787846084720762
0.347204035379647
0.26966771291277697
-0.07055321745046567
0.17209349271556548
-0.18746270665710899
-0.07803287512535549
0.1378051884702024
-0.035971906513354523
-0.1268716144617345
0.07617152645060382
0.33799064769330706
0.28046370100952517
0.29071699076607754
-0.17861033021146153
0.18905726263964437
0.21263367109911033
-0.3546857296594477
-0.25477020215408436
0.03255345715655872
-0.2786883631427351
-0.28866740614450154
-0.0908919753440225
-0.008522384947685126
0.2741501111083187
0.2816851762135646
0.013952430598530746
-0.18650796871573186
-0.18746270665710899
-0.18746270665710899
-0.18746270665710899
-0.0834164314524841
0.07674769452091917
-0.18746270665710899
0.06938240072968609
0.17360362563423087
-0.18746270665710899
0.2883435363305894
0.28993629034905544
0.07263396152928364
0.10153691035869807
0.013952430598530746
0.06919502897488765
-0.18746270665710899
-0.1898497958377089
-0.1135866343237196
-0.18746270665710899
0.27893042453875505
0.07467186969206843
0.29743697125929985
0.2489423381530169
-0.010380125163291407
0.07615576805823678
0.013952430598530746
-0.035971906513354523
-0.2584074708498513
-0.40657650905142584
-0.1776049011741634
-0.4066343589050671
-0.41924796394587355
-0.22278489197592516
0.10061496484241246
0.013952430598530746
0.2746441277466986
-0.046779651791471186
0.013952430598530746
0.06795103919985646
-0.18746270665710899
0.2686183511059873
-0.18746270665710899
0.06641025167552428
-0.20084330611298554
-0.08851437187246187
-0.20899194765551865
0.023151057716890487
0.013952430598530746
0.2889504846970574
0.12726949309210628
-0.13767955301304918
-0.42550074995924647
-0.5050304572679072
-0.4180241376296954
-0.35810499206487834
0.0874338961994148
0.19331601633963508
-0.11203214964014643
-0.18746270665710899
-0.19477407315605602
-0.0834164314524841
0.06943054612234897
0.013952430598530746
-0.06111645455996726
-0.20070811814861206
0.07190148667574169
-0.02612625472079631
-0.07803287512535549
0.06712359558971273
-0.2031014743705009
-0.42554141463580974
-0.266311878458599
0.01529464361932101
0.32626328077313826
0.29355212583213625
0.07409108503313253
-0.08966131248678959
0.12833122810654682
-0.35724928666259514
-0.3034566769838456
-0.28726629659673486
0.1672023381420156
-0.15421990726777224
0.2543115115002885
0.2873577306785914
-0.18746270665710899
0.2798838168599947
0.1884721698948215
-0.001219497492593155
0.25721162020610366
-0.2020025932923933
0.10124192993595603
-0.13632674205605844
-0.048078297273824455
-0.07803287512535549
0.14044736378632708
-0.08851437187246187
-0.25289094526632155
-0.40525889658052344
-0.031320983045781334
0.1007425518387217
0.26155468897094236
-0.18746270665710899
-0.08572636495931041
0.0759533360009428
-0.0787846084720762
-0.0800791448378935
0.0754662282120448
-0.18746270665710899
0.06433442684667354
-0.0787846084720762
-0.10453059900321719
0.2897311851140795
0.013952430598530746
-0.12974367546239884
-0.18533573852204951
0.06845710957799564
0.26008740997721924
0.1946357324593766
-0.17863621201664817
0.1497125696154292
-0.12638057221603016
-0.2939902373960739
-0.38447606649986626
0.06747076522593964
-0.03761187463411316
-0.19315770118700853
-0.1388266262972305
-0.4222571999558724
-0.29768459817220017
-0.4030327165364491
0.013952430598530746
0.072999013082869
0.10306488396604309
0.19571937051743962
0.37607320663743093
0.22887593096995912
-0.0787846084720762
-0.18746270665710899
0.06938240072968609
0.17485101971491146
0.3153185821331012
1.052106307499345
1.5899250987028184
2.547046484848019
