2.8543661565281
1.3460122490868198
0.5012953033252259
-0.05574832860919849
-0.044950968774070954
-0.29491045336949234
0.14776053150343998
0.11030727789147185
-0.25352410627522737
-0.37117919736407123
-0.33447238008043223
0.13141590387631338
0.013952430598530746
0.1316314271896958
-0.2978618713950399
-0.2697617213686802
-0.003609514422364313
-0.07194113134794011
0.07537255134200689
-0.07183085768297075
0.07971984357508098
0.13397543665920586
-0.12458933194910805
-0.263639089585773
-0.28726629659673486
-0.010380125163291407
-0.35581536542725845
-0.2544048356587606
0.03072537095977349
-0.0787846084720762
-0.0556301994351583
0.013952430598530746
-0.07803287512535549
0.07092757969769409
0.11160696599332373
0.1153733738817165
0.10455597081835054
0.19203265717329515
-0.001467336338757257
0.08170000683399882
-0.22002374579205453
-0.24422410970273753
-0.027844040949965284
0.2889504846970574
0.13004210626621865
-0.35581536542725845
-0.3452145985125966
-0.400494574991932
-0.3152730404808722
0.0036555887456521884
0.09645657379689243
0.2815681656412162
0.06781988579597538
-0.05826509773663213
0.21017906912112574
-0.10454810729745309
-0.18746270665710899
0.06627610818253597
-0.07216394526337472
-0.035971906513354523
-0.2235701844509382
-0.2267219795298896
0.1825598428896172
-0.1262054654644301
0.08439912435829765
0.09354370886985645
-0.17718698791347884
-0.13026891822435605
-0.004806801843178577
0.10306488396604309
0.18011579153205212
0.09964077026966627
0.013952430598530746
0.07743284292343532
0.2129366842960521
-0.07860646541925491
-0.26335925227725066
-0.24709764975671192
-0.1312826399132656
-0.41654210934942126
-0.4065857335787002
-0.35092796022814055
-0.28903590072782864
0.08921028432497101
-0.18746270665710899
0.05885758612949275
0.2984227769112979
0.28424094753787005
0.07743284292343532
0.013952430598530746
-0.1887436110305275
-0.08091319033849065
-0.03504243543010183
-0.286973999259393
-0.40795562518581024
-0.3593303967039082
-0.0995481679320646
0.30271678289607284
0.013952430598530746
0.072999013082869
0.17485101971491146
0.27931172177807645
-0.18746270665710899
-0.0787846084720762
0.27849625180416404
0.07743284292343532
0.27536874436266146
-0.20084330611298554
-0.08533602403825949
-0.2227924303325279
-0.11286142578786697
-0.2037409719892917
0.07743284292343532
0.3253660460705393
-0.1532113089387591
0.06943054612234897
0.2997996031448048
0.0717780533152546
-0.08533602403825949
-0.24135857109392492
-0.26637356271061036
-0.3370243973319886
-0.28726629659673486
-0.06437486364290036
0.013952430598530746
0.17655530425357846
0.07713185229209868
-0.1799424202982679
-0.3730039037376962
-0.40043846112565334
0.048615356370221324
-0.0605034778314292
0.10016322277340228
-0.002974571971649425
0.22660163246965387
-0.05255783845443565
-0.1838069173670412
0.07329672651315616
-0.06472724512686229
-0.061358042999281714
-0.2021739970353441
-0.12974367546239884
-0.27516315629255617
-0.300019972988874
-0.30814099992743565
-0.031458377696550584
0.22357803289818043
-0.1295582193435203
-0.13767955301304918
-0.439473902233333
-0.40116916360793525
0.04652443424671595
0.271414879468169
0.07263396152928364
0.0941722036977865
-0.20327679904379117
-0.35704540530006423
-0.22727829988258333
0.11771135559380934
0.013952430598530746
0.013952430598530746
0.28142918480835954
0.1737673816568484
0.2889504846970574
0.13004210626621865
-0.13767955301304918
-0.25127321822480203
-0.18514244500269628
-0.3704720172458609
-0.4334775334661458
-0.3957059601899975
-0.19624189787562357
-0.010380125163291407
0.07892987649878043
0.09358395154604421
-0.07860646541925491
-0.25107964579383174
-0.29188352425092606
-0.029439783786284455
0.3019967077325914
0.08100130988395535
0.1968042799116386
0.013952430598530746
0.31534084378539246
-0.16437607331746634
0.07743284292343532
0.209576784603779
-0.07860646541925491
-0.37413930816187596
-0.37744828837716404
0.1191811956274805
-0.30297038637808055
0.06266157023747414
0.1809867201942074
0.10504208621149846
-0.08851437187246187
-0.13232256514236376
0.013000825166212492
0.07884328009686671
-0.03761187463411316
-0.18044514096621037
-0.1319248950001241
-0.2963230023627699
0.06660829228914242
-0.17665174093590377
0.17289645299469314
-0.010380125163291407
-0.19828669603993615
-0.08829179317386492
-0.08851437187246187
-0.19446220269767697
0.029501924630735102
-0.05983894918320681
-0.209387724152812
0.2883435363305894
-0.18746270665710899
0.192158883238966
0.31549377330744177
0.11704715629769051
-0.1842792377331439
-0.26020885875414973
-0.24623010490664946
0.08620929590046672
0.24725709782294394
-0.18746270665710899
-0.18746270665710899
0.190945132312971
0.013952430598530746
0.20716592784746107
-0.08758490078920918
-0.2517115294160309
-0.287430658294199
-0.0787846084720762
-0.0853320076159647
-0.0117387810614211
0.28019849629093385
0.07743284292343532
0.3335940834687272
0.013952430598530746
-0.0787846084720762
-0.18746270665710899
0.07066386703856047
0.10223904760225301
-0.0819524226340774
0.0668256774268429
-0.03504243543010183
-0.17538404234617397
-0.05937471947824476
-0.011081757715985009
-0.05808479341732223
-0.12974367546239884
-0.30188395705671217
-0.34922108444758765
0.3152341451887033
0.202120535809619
-0.08533602403825949
-0.27394737934131486
-0.29376724727732406
-0.08892121954068952
-0.08121142480127624
-0.012990458225915215
0.21501757741984748
-0.12086751465473315
-0.20084330611298554
-0.08533602403825949
-0.25977977835397864
-0.24709764975671192
-0.10007171197425153
0.1716008427949702
-0.18746270665710899
0.061578092737909235
0.2880821148192224
0.06944671199015394
-0.12638057221603016
-0.2095623804450855
-0.12455748669870728
-0.2423892147981095
-0.1461251748990842
-0.4061064981087882
-0.39120632867149346
-0.31284385513370305
0.0885112859314828
0.09451079913217614
-0.0812926389823432
0.14044736378632708
-0.03504243543010183
-0.18383079752285547
0.03244102267390931
-0.3570421351902229
-0.3286344091849206
-0.4112118278922124
-0.39542321139749886
-0.10378380115873798
-0.025348067055217686
0.2691061725585542
0.2646060040907833
-0.07860646541925491
-0.26729785457067057
-0.28726629659673486
-0.10007171197425153
0.07674769452091917
-0.010380125163291407
0.17457034193597606
-0.18746270665710899
0.06390556001250532
0.10153691035869807
0.28598554775308554
0.07537255134200689
-0.07183085768297075
0.07743284292343532
0.013952430598530746
-0.36686478500820413
-0.34127505974943273
-0.2626550937225375
-0.28309958585580663
0.0229456760604849
0.013952430598530746
0.013952430598530746
0.07743284292343532
0.2636512560370791
-0.18746270665710899
0.2897311851140795
0.013952430598530746
-0.06827279068264941
-0.4032831802465165
-0.32432503278405606
-0.2723429253796858
-0.33038294033247845
-0.30108804822326257
-0.3181462858666959
-0.13234397133861855
-0.4205754590090087
-0.3901478459623123
-0.26206552146968876
0.09920302576982046
0.17973932611352683
0.11457901536174013
0.09457780627325517
-0.07860646541925491
-0.2087508844299575
0.030996035655195285
-0.10873620955226461
-0.2555154610508932
-0.2068788396010503
-0.2610522834459863
-0.11304573545433223
0.19498187362856317
-0.06111645455996726
-0.26187040828121655
-0.26943399596070267
-0.010380125163291407
0.07467626113574426
-0.1917862177553798
0.07145822555853683
0.10683129185443586
0.18011579153205212
0.07616130216490753
0.09335779751621956
-0.19928205935276835
-0.14575534815185084
-0.1312826399132656
-0.36514527384187234
-0.3838256452088322
0.036948022296477756
-0.29987857429970105
0.19383277218024894
0.2815681656412162
0.07457819282203054
-0.10086991704529086
-0.18746270665710899
0.2889504846970574
0.192158883238966
0.2694650365494679
-0.12974367546239884
-0.24415484780291355
0.07626458224097099
0.013952430598530746
-0.18746270665710899
0.05761359635446157
-0.18746270665710899
0.17289645299469314
-0.010380125163291407
-0.0800791448378935
0.1716008427949702
0.2889504846970574
0.06882997742130229
0.2746441277466986
-0.012745037781232189
0.25776373859902196
-0.18746270665710899
-0.1055579521109815
0.2883435363305894
-0.18746270665710899
0.05761359635446157
-0.0787846084720762
-0.010380125163291407
0.27849625180416404
0.0759533360009428
-0.010380125163291407
-0.07803287512535549
0.07407994322938602
0.27536874436266146
-0.19733461599671273
0.0536704185006823
-0.16256535157524202
-0.2577843558747106
0.03801959608012286
0.06838027333649255
-0.08697599215901812
-0.13781668962808324
0.039389612235016844
-0.016473137977854532
0.2785839900282261
-0.18746270665710899
0.06581393376916606
0.013952430598530746
-0.07860646541925491
-0.30169551071184064
-0.39599677372034997
-0.1360875326015566
-0.18746270665710899
0.05747945286147327
-0.06770523213882518
0.19153411186005498
0.2973857647858158
0.08100130988395535
0.130180249305162
-0.3546857296594477
-0.22869666722172685
-0.05448291996892297
-0.010380125163291407
-0.18746270665710899
0.2889504846970574
0.1716008427949702
-0.18746270665710899
0.06627610818253597
-0.0819524226340774
0.06944671199015394
-0.12638057221603016
-0.21235707922866673
-0.13830387900492105
-0.010380125163291407
-0.0787846084720762
0.24066642924496612
-0.19666100410727164
-0.2020025932923933
-0.035971906513354523
-0.2583891786169949
-0.40525889658052344
0.22296731016577812
-0.2039723706062187
-0.08829179317386492
-0.08851437187246187
-0.15819716567908276
0.05068495347726068
0.27007894673684585
-0.1812844545974425
0.07743284292343532
0.215824403080626
-0.07860646541925491
-0.2547924800213865
-0.2640797984991674
0.21910757057668903
-0.07803287512535549
0.17606265433298318
0.17806543717224385
0.1973932594587226
-0.16815402028271031
0.08100130988395535
0.0977496509756204
-0.19563454650577713
-0.18880593349508004
0.07362010543033463
-0.151413314114003
-0.051692456827712896
-0.013487217664646807
-0.10364433536305441
-0.1787635991838856
0.10610201441762251
-0.02612625472079631
0.10429933918368141
0.3065300887061548
-0.2280204157647494
-0.052491730885850914
-0.12974367546239884
-0.2714463642161399
-0.280671766027033
0.24593014330458401
0.07822720144341169
0.013952430598530746
0.07305951962412897
-0.08758490078920918
-0.19765782811501495
0.05936402496549121
0.01928875226024411
-0.2619448663314667
-0.35932604152889447
-0.033300105187445285
0.17360362563423087
-0.1898497958377089
0.2889504846970574
0.1743887653917002
0.19659029917959495
0.28366473270735293
0.0759533360009428
0.29743697125929985
0.2996290773507107
0.17822919319486139
0.13579301273554775
-0.035971906513354523
-0.17032250857332587
-0.016420863969506976
-0.10884171228429151
-0.19477407315605602
0.17655530425357846
0.0707147651527566
-0.3546857296594477
-0.2828730823231733
-0.2762147401643339
0.09109676489049214
0.09655161567637714
0.21764902635032243
-0.10688987843577351
-0.27753226023935024
-0.3150668997821358
-0.36206352186044655
-0.3616833890289059
-0.32074735909651275
0.04971754281554332
0.10414229508077888
-0.2273130076361549
-0.13767955301304918
-0.2928727095014876
-0.2597156332582219
-0.24364430499730838
0.05245461789806421
0.3078116342807798
0.013952430598530746
-0.08533602403825949
-0.27162131450131255
-0.3033821181071066
-0.028969844270907208
0.28663813212190936
0.19296184351809365
0.3633147803101592
0.013952430598530746
0.0665758960209442
-0.07300964768088165
0.07467186969206843
-0.0787846084720762
0.29743697125929985
0.3197585832049665
-0.16391198355396233
0.07971984357508098
0.09128339377719051
-0.18746270665710899
-0.07803287512535549
0.1853705492954999
-0.10294391145883054
-0.0787846084720762
0.2889504846970574
0.18905726263964437
0.2636512560370791
-0.18746270665710899
0.013952430598530746
-0.20078141655167397
-0.03504243543010183
-0.2508767445503683
-0.28726629659673486
-0.3191852076273292
-0.039723531365910364
-0.4370723185522797
-0.6148414281762569
-0.5163298141838287
-0.08558293019484235
-0.010380125163291407
0.07217156947272528
0.1912296968941675
-0.05146076195922892
-0.0367635732021712
0.013952430598530746
0.17655530425357846
0.09964077026966627
0.2997996031448048
0.08051420209505734
0.09967761058212402
-0.08851437187246187
-0.27759074830545466
-0.3589360014545429
0.24089460610684513
0.26786406080963426
-0.13767955301304918
-0.30692755677096584
-0.4831761663923818
-0.6221957278938317
-0.6541692481393766
-0.5362438194260597
-0.1194648584587888
-0.03963407780471255
-0.18746270665710899
0.1946357324593766
0.2953822210329353
0.0742430028579002
0.09655161567637714
0.013952430598530746
-0.10688987843577351
-0.20364864589332324
0.0531001591130497
-0.026915067224869683
-0.07931490002566409
0.06781988579597538
-0.1806022431939087
-0.12650169252149143
0.07822720144341169
0.28454156505577255
0.07537255134200689
-0.06800617070721884
0.19296184351809365
0.25916161503586765
-0.010380125163291407
0.07260043630689351
-0.18746270665710899
-0.23997417746301047
-0.10640275010090605
0.2873577306785914
-0.18746270665710899
-0.0787846084720762
-0.018662282481115296
0.2696392124924033
0.0759533360009428
-0.20805897086119834
-0.3460198886606281
-0.38702641825436573
-0.42852156528558866
-0.2148593692982629
-0.05374483483593502
0.07457711390222886
-0.16686540274175116
0.13791355055767665
-0.0787846084720762
0.3212846105429682
0.013952430598530746
-0.1818866235682432
0.07615137661456094
-0.14081476544494792
0.23566529427886795
-0.19828669603993615
-0.19968253547356635
-0.3546857296594477
-0.30313332844689495
-0.26029591733859503
0.0832712958151381
0.2756299333986966
-0.08154019837375051
0.16992695385368722
-0.0787846084720762
-0.19733461599671273
0.0536704185006823
-0.2091407807490883
-0.2534684197416298
0.04891081065220308
-0.025481497777511724
-0.0787846084720762
0.2746441277466986
-0.10814879057366562
-0.18746270665710899
0.17655530425357846
0.19491641023831197
0.2040470872075221
-0.13767955301304918
-0.3047651465826931
-0.4062850124660357
-0.25997828898391134
0.013952430598530746
0.23195810703084632
-0.12974367546239884
-0.24653346463172743
0.04963557228505341
-0.026607301098453648
0.1809867201942074
0.17794925267017386
0.10281837666757244
0.2880821148192224
0.07615137661456094
-0.16864442249190376
0.21927773979851387
-0.0787846084720762
-0.08238907834471978
0.08100130988395535
0.17527751457551385
-0.07803287512535549
0.17289645299469314
-0.18746270665710899
0.29071699076607754
0.013952430598530746
0.06943054612234897
0.013952430598530746
-0.0787846084720762
0.013952430598530746
0.06943054612234897
-0.1759755386586501
0.07822720144341169
0.2746831510421678
0.0754662282120448
-0.18746270665710899
0.06705493345509002
0.16317797169382411
-0.2981890832757363
-0.28317657663637985
-0.11022846094770004
0.013952430598530746
0.013952430598530746
0.013952430598530746
0.192158883238966
-0.14272959825890547
0.2734951168380659
0.07743284292343532
0.013952430598530746
0.2025336569225017
-0.1022381737906268
-0.18746270665710899
0.07017675924966245
0.17973932611352683
0.18011579153205212
0.1506536729335002
-0.12638057221603016
-0.25145798637230327
-0.24709764975671192
-0.03321186566410148
0.013952430598530746
-0.051871256952656174
-0.12974367546239884
-0.30534622104088877
-0.3542950625407108
0.09829351765926755
0.19491641023831197
0.270951362250792
-0.19477407315605602
0.06266157023747414
0.09355871481327582
-0.1898497958377089
0.06833639976396438
0.3809386408632091
0.29355212583213625
0.18704443823678285
-0.06671947088080031
0.07467186969206843
-0.010380125163291407
-0.18746270665710899
-0.017405340800531296
0.2799796873094371
-0.18746270665710899
0.06266157023747414
0.0977496509756204
-0.1912459276419307
0.013952430598530746
-0.18746270665710899
-0.050092986809597013
0.013952430598530746
0.17209349271556548
-0.18746270665710899
-0.02709787679190396
0.20317621980825631
-0.38812035597394023
-0.3277994986891223
-0.3503094276128295
-0.0787846084720762
0.26456424809326035
0.29743697125929985
0.32493273921053745
0.013952430598530746
-0.2594909152316436
-0.22329918557107348
0.12282141174431357
-0.027252058041738234
0.013952430598530746
0.07743284292343532
0.23596130484580727
-0.08166492368521133
0.03885482037561891
-0.15561683214951477
-0.05853723678692001
0.013952430598530746
-0.08572517270312892
0.19404675291229265
0.013952430598530746
-0.12974367546239884
-0.27909696471248846
-0.2798875610917829
-0.023916594860687247
0.3029665633942674
0.17655530425357846
0.09855130158147044
0.11595096700370684
-0.3609903527838983
-0.47981294053665097
-0.41928270854917904
-0.5389605806697928
-0.4076801235533384
-0.20376384724142638
0.271209774233193
-0.010380125163291407
0.2938843816170047
0.17822919319486139
0.1771462923910462
0.08347991493980274
-0.3546857296594477
-0.2518459116110808
0.04301677807294132
-0.30503370411949093
-0.08091319033849065
-0.08851437187246187
-0.2071033363367712
0.08114160111919741
-0.09185455774176209
-0.08344260436589834
0.18905726263964437
0.2388558132853094
-0.003801843342051366
0.25860731748731464
-0.19477407315605602
0.2930492098881306
0.0655816876518117
-0.08533602403825949
-0.1911025883362453
-0.13835404195558793
-0.2975049796097279
0.1334948599600715
-0.20184042832577664
-0.21511062402059136
-0.11783329806796691
-0.31133267930508657
-0.09914200499990593
-0.08851437187246187
-0.2805935971876686
-0.38510380326151206
-0.3037930573806083
0.013952430598530746
0.190945132312971
0.013952430598530746
-0.0787846084720762
-0.06153716439398971
-0.15860268831392693
0.2858332872635301
0.1743887653917002
0.19629569303479763
0.013952430598530746
0.07743284292343532
0.25025229226002443
-0.18746270665710899
-0.18746270665710899
0.06938240072968609
0.10210079684055647
0.2889504846970574
0.0778621498898263
-0.17526313160767842
0.0742430028579002
0.10381223139478342
0.21978538790292781
-0.08851437187246187
-0.2279339259833889
0.05581528586278548
-0.025481497777511724
0.013952430598530746
0.04750417910656084
-0.2526682997153297
-0.3992681665103421
0.07766670968441691
-0.08922486890996781
-0.23712769620342558
-0.19168869371015493
-0.2744961059273693
-0.13223437130543952
-0.2940708218269414
0.19153411186005498
0.3004357241731923
0.1403831953476645
-0.03504243543010183
-0.24017978991051742
-0.2650869587513633
-0.2870325364121609
-0.24709764975671192
-0.3021307548355296
0.17822919319486139
0.1149057411300459
0.11457901536174013
0.10202401814759607
0.3653628419711146
0.36357833525402095
0.013952430598530746
0.06923431939553305
-0.03504243543010183
-0.21415110225544648
0.025008448133551842
-0.0787846084720762
-0.0787846084720762
-0.0856443705350907
-0.08851437187246187
-0.176993784232454
0.15103702507832004
0.09931342654309733
-0.2774502748261211
-0.2880507184597495
-0.25150449077077225
-0.028969844270907208
0.1968042799116386
0.013952430598530746
0.27982320811829614
0.06943054612234897
0.2636512560370791
-0.1898497958377089
0.2889504846970574
0.1716008427949702
-0.18746270665710899
0.058723442636504454
-0.05861705238668531
-0.4118548592800533
-0.278268504352936
0.010623606610924916
0.23739840260750003
-0.18746270665710899
0.05747945286147327
-0.10309116552019328
-0.1898497958377089
0.0651287853666499
0.28993629034905544
0.08143061685034635
0.1123036943256548
0.17565397999403914
-0.19477407315605602
-0.1735333577651361
0.06795103919985646
-0.18746270665710899
0.013952430598530746
0.32051499979096343
0.013952430598530746
-0.08689604769958482
-0.08758490078920918
-0.279398144643984
-0.4045984971786895
0.25561688297176677
-0.0901543399932205
-0.20381374521447806
0.050625460301134136
-0.2223939887921396
0.08051420209505734
0.17931283125292447
0.07890819083457717
0.013952430598530746
-0.01406805418594069
0.3055178965622951
0.17606265433298318
0.17806543717224385
0.0942762946402918
0.013952430598530746
-0.20327679904379117
-0.35581536542725845
-0.3300572736980748
-0.37396455122189715
-0.03442590850838721
-0.0787846084720762
0.34930060244578387
0.3237850996821785
0.013952430598530746
-0.18746270665710899
0.1853705492954999
-0.026272804895272336
0.013952430598530746
-0.08238907834471978
0.0759533360009428
-0.18746270665710899
0.2930492098881306
0.07305951962412897
-0.08533602403825949
-0.18690532317608752
0.08509212435121714
0.013952430598530746
-0.13767955301304918
-0.46036516486050205
-0.48101703071861446
-0.3268318849380748
-0.07803287512535549
0.1884721698948215
-0.05377069546605522
-0.06982394154062681
0.19383277218024894
0.3071350270727834
0.08179566840393171
0.11102222801678044
0.09128339377719051
-0.18746270665710899
0.18986022291877203
0.3065300887061548
-0.21854039051577323
-0.048810818884312955
0.013952430598530746
0.072999013082869
0.09982547580447113
-0.1898497958377089
0.17240380307409786
-0.18746270665710899
0.06548174966255961
-0.11048576542340598
-0.07803287512535549
0.1743887653917002
0.18904722107604355
-0.058364181160197724
-0.0367635732021712
0.013952430598530746
0.2910540280730456
0.07971984357508098
0.10130643832058009
-0.18746270665710899
-0.09584792991041706
0.06944671199015394
-0.12638057221603016
-0.24860034541351594
-0.2677152054468985
-0.3565163756545551
-0.29233096733187636
-0.02840716616243026
0.35077682410573696
0.013952430598530746
-0.08533602403825949
-0.2089104881798306
-0.14590943530996714
-0.2975049796097279
0.1334306915214089
-0.29510828606604567
-0.29899263638879164
-0.26882630065638524
-0.32987815238389345
-0.4626766723744927
-0.38934504521827373
-0.3797807903908393
0.24067577495351616
-0.18746270665710899
0.17655530425357846
0.19462180409351465
0.013952430598530746
0.29360536124107334
0.08100130988395535
0.19462180409351465
0.013952430598530746
-0.04319408952368598
0.013952430598530746
-0.2020025932923933
-0.03504243543010183
-0.11168082389944166
0.7724075369158784
1.7531263551180953
2.562202358570888
