2.658438413337711
1.6798651462839964
0.7409464675271796
-0.1360665084188601
-0.2886261857252472
-0.1326811449798944
-0.4302767704075747
-0.4464223522242557
-0.33039913587563746
-0.07973283107722423
-0.2507945958379257
-0.11551655453260933
0.00020168307140070992
0.15058950449483763
-0.12638057221603016
-0.3167358518862143
-0.5011345465622212
-0.35243694601282116
-0.11235213922323245
0.013952430598530746
0.2883435363305894
-0.07803287512535549
0.07092757969769409
0.09529538610027113
0.0950680468760327
-0.20550345735269906
-0.24709764975671192
-0.06610498431781581
0.013952430598530746
-0.07860646541925491
-0.20689668883385856
0.08233839891551037
-0.30297038637808055
-0.18746270665710899
-0.14278214988103952
0.34061357797583247
0.2312046331474615
-0.12974367546239884
-0.2428281700227046
0.05619324693006088
-0.19490789749741194
0.0785083027071248
-0.24323299198487291
-0.3591667325595919
0.013952430598530746
0.29743697125929985
0.21872117378740022
-0.0787846084720762
-0.18746270665710899
-0.18746270665710899
-0.14900874270989298
0.28303817626945793
0.1737673816568484
-0.07803287512535549
0.17289645299469314
-0.19477407315605602
0.2803744072360681
0.06291330231872633
0.12535207696349435
-0.14536144770586493
-0.13170211186064562
-0.10705994835802077
-0.1898497958377089
0.06833639976396438
0.3594060105903937
0.2726770192870786
0.06260542744433499
-0.25846226614299234
-0.39657510365271714
-0.030392009320685726
-0.06840985290829553
-0.12974367546239884
-0.3321278387707082
-0.3592001760743535
0.12574566417220814
0.013952430598530746
-0.010380125163291407
0.07260043630689351
0.2984227769112979
0.28424094753787005
0.07743284292343532
0.013952430598530746
0.18148417099355885
-0.3681156117150857
-0.45589048247568015
-0.4436839433794599
-0.21056357056682587
-0.0787846084720762
0.26456424809326035
0.29743697125929985
0.3458333613721168
0.013952430598530746
0.1743887653917002
0.09075260604465928
-0.07860646541925491
-0.3733547897762171
-0.38181197283174867
0.10211994431217958
-0.0574706169058045
-0.20084182265297412
-0.36768113104951944
-0.31838336911439363
-0.28726629659673486
-0.3021307548355296
0.0656158931555479
-0.18746270665710899
0.2803744072360681
0.19261902125425398
0.013952430598530746
0.17735826453270612
0.08317590568988212
-0.18746270665710899
0.06784929197506638
0.2084127326703908
-0.035971906513354523
-0.1914699095849354
0.7295695403263074
1.459921882225244
2.4975729348309916
