2.8280272283237706
1.5168617361862753
0.7290923386031859
-0.1882453564945238
-0.2781350668477252
-0.3043966245777864
0.29071699076607754
-0.17931400171585454
0.06795103919985646
-0.18746270665710899
-0.0465313761382766
0.013952430598530746
-0.010380125163291407
0.06587960581468154
0.254401254927573
-0.2877919597986084
-0.29034790550659684
-0.15019917755443823
-0.1448421829337879
-0.16687673402144854
0.05780917896283429
-0.24502057205050506
0.08179566840393171
0.17931283125292447
0.19760724019076625
0.013952430598530746
0.07618488582174175
-0.2437351516166265
-0.41841472069413227
-0.09278035447243445
0.08179566840393171
0.1123036943256548
0.09916936804619131
-0.008250234193422933
0.25570720878149955
0.2873577306785914
-0.18746270665710899
-0.0787846084720762
0.2646060040907833
-0.13767955301304918
-0.28321059078071514
-0.24709764975671192
-0.3067725948419679
-0.2810509822292012
0.07721498889642378
0.013952430598530746
0.2897311851140795
-0.17624908864181862
0.2722379157792247
0.2889504846970574
0.06758598764627109
-0.07803287512535549
0.0753614095382604
0.013952430598530746
-0.010380125163291407
0.2873577306785914
-0.18746270665710899
0.013952430598530746
-0.07803287512535549
0.06737527860497901
0.06561448481804201
-0.27347096977069507
-0.40441041612694223
-0.35572827441417926
-0.10034366365407317
-0.0046397033540477636
0.29882974748312885
0.08100130988395535
0.17485101971491146
-0.20084330611298554
-0.3546857296594477
-0.2790162985946284
-0.12361194038596009
-0.09157350394666158
0.07743284292343532
0.3616479173969338
0.30183607083164765
0.2889504846970574
0.06758598764627109
-0.19726023843844165
0.2582303638058079
-0.13767955301304918
-0.27702217712768723
-0.13915904042911564
-0.2608567822863181
-0.11592915934841758
-0.0046397033540477636
0.013952430598530746
0.2746441277466986
-0.17901874968575288
-0.19477407315605602
0.2889504846970574
0.06758598764627109
-0.18746270665710899
0.2816851762135646
0.013952430598530746
-0.010380125163291407
0.06716288601035812
-0.06960855385169852
-0.36616517241812013
-0.4689703718898114
-0.40388344619380084
-0.19556483305351996
-0.13566020359671588
0.19383277218024894
-0.18050687002722438
0.17903215347398904
0.1809867201942074
0.1805422863926545
0.11457901536174013
0.17565397999403914
-0.2020025932923933
-0.13767955301304918
-0.2701427679569937
-0.11279212159268823
0.013952430598530746
0.07743284292343532
-0.14159132287796605
0.3583102826005604
0.21203461564537418
-0.08533602403825949
-0.21773898175470904
-0.19164989461062198
-0.13880591867101852
-0.2697862985116188
-0.1412500776775105
-0.23565969126297048
0.13097313995761495
-0.029614601214191783
0.013952430598530746
0.2680515693779627
-0.17901874968575288
-0.19477407315605602
0.2889504846970574
0.06758598764627109
-0.18746270665710899
0.18927513017394917
-0.09880861670570534
-0.010380125163291407
0.07615576805823678
0.2277032873179487
-0.035971906513354523
-0.20540331672005518
-0.13646804367496645
-0.17118796214586512
-0.2668660830195335
-0.26029591733859503
-0.24548188481574928
0.17655530425357846
0.08537444803300709
0.350333473766975
0.013952430598530746
0.0759533360009428
-0.20084330611298554
-0.13767955301304918
-0.2701427679569937
-0.1292415574645236
-0.006872205696199404
-0.0901543399932205
-0.22124950484838235
0.08019242421137095
0.013952430598530746
-0.18746270665710899
-0.13788844512518525
0.06286053853019112
-0.13767955301304918
-0.2474980504806249
0.048195260295369746
-0.030403413718265177
-0.07818375651674868
0.07822720144341169
0.013952430598530746
0.18617350957462755
-0.17697459265322416
-0.19477407315605602
0.2889504846970574
0.06758598764627109
-0.18746270665710899
-0.0787846084720762
0.34930060244578387
0.39062447149516033
0.31848140170332956
0.17822919319486139
0.14052133838660785
-0.035971906513354523
-0.19315770118700853
-0.14034165166944346
-0.4099586616996354
-0.20116496881140244
0.08369462906046875
-0.24385746161588862
0.08179566840393171
0.17931283125292447
0.19760724019076625
0.013952430598530746
-0.07860646541925491
-0.2834580609154445
-0.28726629659673486
-0.3024731005399366
-0.09435541363380391
-0.07595856202320501
0.06795103919985646
-0.18746270665710899
0.294655186578194
0.17655530425357846
0.07591528997147587
-0.19726023843844165
0.2582303638058079
-0.35581536542725845
-0.2837260523589747
-0.15116067976087955
-0.26409199277078077
-0.12749704846055132
0.271209774233193
0.013952430598530746
0.2746441277466986
-0.13714359905131732
-0.2055980625388832
0.2694568148281003
-0.08851437187246187
-0.2329303042206026
-0.11743179454335852
0.013952430598530746
-0.010380125163291407
0.2889504846970574
0.192158883238966
0.20677797052131996
-0.07860646541925491
-0.2709093622525658
-0.2981170560459427
-0.0787846084720762
-0.25167879193544784
-0.07812660895983047
0.19383277218024894
-0.19203490688097535
-0.08851437187246187
-0.2051241726146757
-0.11713634413209834
0.013952430598530746
0.013952430598530746
-0.07860646541925491
-0.3042257492557962
-0.397977747907654
-0.36934146857907363
-0.11435838825853673
0.013952430598530746
0.07743284292343532
0.38113237660768623
0.2826027176334377
0.12720532465344372
-0.3681156117150857
-0.4542113846761987
-0.5162583732780595
-0.4678531452876541
-0.3692524991878687
-0.07793349351638029
-0.30834482390441037
0.17519172567082786
0.09355871481327582
0.29743697125929985
0.1829901932959233
-0.13767955301304918
-0.24875425069100562
-0.0822578101758907
0.26982212544970297
-0.18746270665710899
0.190945132312971
0.013952430598530746
-0.010380125163291407
0.06084186893355142
0.06535737943450791
-0.41154358578632966
-0.47314538194502126
-0.28903590072782864
-0.0628546166063033
0.09369696557497237
-0.06241731162003598
-0.18006444356277831
-0.010380125163291407
0.17655530425357846
0.09736544923358091
0.28968809150928587
0.17289645299469314
-0.0787846084720762
-0.0787846084720762
-0.08238907834471978
0.07457819282203054
-0.06590603512477317
-0.10381883138761423
-0.18746270665710899
0.2805364012288185
0.192158883238966
0.28145021732203157
0.2889504846970574
0.06758598764627109
-0.0787846084720762
0.26148842052465887
-0.35581536542725845
-0.21894338105322803
0.21483604311098223
1.2072296112738328
1.8855374079005687
2.755393894327073
