2.458485319612815
1.5429087989898667
0.8829345723717491
0.3298322107223074
-0.07803287512535549
0.07764841018990606
0.17485101971491146
-0.19666100410727164
-0.19126093150059847
-0.3546857296594477
-0.19349349063052848
0.07222919765459979
0.27820377819126185
0.0742430028579002
0.1968042799116386
0.013952430598530746
-0.18560763111359826
-0.0787846084720762
0.21712387599019362
-0.010380125163291407
-0.18746270665710899
-0.08572636495931041
0.0759533360009428
-0.18746270665710899
-0.08697804212380453
0.07467186969206843
-0.18746270665710899
-0.18746270665710899
0.2930492098881306
0.08100130988395535
0.09075260604465928
-0.07860646541925491
-0.2844187298964801
-0.28726629659673486
-0.3704720172458609
-0.43005794035765876
-0.35816803957387067
-0.11158646253049913
-0.31665830990852095
-0.13767955301304918
-0.290293579444709
-0.28726629659673486
0.09481264883071117
-0.18330535480111454
-0.18746270665710899
0.30831981950050447
0.013952430598530746
-0.18746270665710899
-0.1055579521109815
0.29071699076607754
0.013952430598530746
0.1853705492954999
-0.04368437832282081
0.013952430598530746
-0.12974367546239884
-0.2855486430627518
-0.28526648775635827
-0.1745488498996745
-0.33974214273763415
-0.301734653475167
-0.041371448700113056
0.24900041582195054
0.2756299333986966
-0.0779785877024301
0.0754662282120448
0.2889504846970574
0.07558828444735742
-0.0787846084720762
0.28291821906947795
-0.18189161566866527
-0.18746270665710899
0.2930492098881306
0.1743887653917002
0.1007425518387217
-0.16045701395793566
0.2861699194901284
0.08100130988395535
0.10381223139478342
0.28598554775308554
0.07457819282203054
-0.17965263641136953
-0.18746270665710899
0.06420028335368523
-0.10218848139586856
-0.18746270665710899
0.06266157023747414
0.11081260747334737
0.10153691035869807
0.013952430598530746
0.19296184351809365
0.25923387392520975
-0.18746270665710899
0.2803744072360681
0.0759533360009428
-0.0787846084720762
-0.05982902071509995
-0.1867130685547937
0.07971984357508098
0.10202401814759607
0.3630919000942468
0.26364726456913634
-0.07803287512535549
0.06735911273717406
0.013952430598530746
0.17686561461211084
0.17931283125292447
0.19571937051743962
0.341070119571918
0.2699648459382857
-0.18746270665710899
-0.0787846084720762
-0.18746270665710899
0.06548174966255961
-0.17360302360289656
-0.17711688941883597
-0.2031014743705009
-0.13767955301304918
-0.2871496770309948
-0.30566357718980736
0.2789155603784134
0.26676839406351643
0.2746441277466986
-0.10243004186775378
0.29743697125929985
0.28721893210587085
-0.18030711101665567
-0.18746270665710899
-0.07803287512535549
0.07260043630689351
-0.18746270665710899
-0.19570892406404825
0.05906880252180863
0.066662543905906
-0.3361650304136342
-0.44598999977373166
-0.3920403526226723
-0.3015408768447798
0.06033410296287805
0.37983129039249447
0.31479821888087545
0.07971984357508098
0.1765249086561944
-0.20084330611298554
-0.08851437187246187
-0.16591083793223757
0.1315544625952567
-0.12786481262843435
-0.18746270665710899
0.06266157023747414
0.10640363713556276
-0.06111645455996726
-0.19616571999404717
-0.24945999482169726
-0.23229395283314097
-0.10116180042195522
0.22093347937223282
-0.07803287512535549
0.1884721698948215
-0.03591414794692432
-0.1918923962095625
-0.12515944827557157
0.06238017904167581
0.520433212217587
1.1328298830846844
2.1751558168692844
