2.624336934834913
1.6863987051601317
0.8948045421471973
0.32920087596969694
0.31641027080239686
0.17209349271556548
-0.0787846084720762
0.2963171828465326
-0.18272423174058694
-0.07803287512535549
0.1737673816568484
0.2889504846970574
0.1946357324593766
0.2968615214445141
0.07743284292343532
0.24298733640681258
-0.11082231849723316
0.27468524467149186
0.06937834609415072
-0.2262232627750224
-0.24709764975671192
0.2789155603784134
0.35731624005635765
0.3652000553620487
0.30183607083164765
0.2661987581092493
-0.08533602403825949
-0.2854396090563132
-0.40525889658052344
-0.031320983045781334
0.2873577306785914
-0.1898497958377089
0.17655530425357846
0.17485101971491146
-0.19563454650577713
0.2558679915527164
0.09741594857331773
-0.25046942310044495
-0.40858031261529854
-0.31355804740400267
0.01236736425730819
0.09565978750605432
-0.18746270665710899
0.2889504846970574
0.17209349271556548
0.27794330139034285
0.09037911305557798
-0.15978903685784066
0.1269658186264955
-0.02848879789324986
0.2873577306785914
-0.0787846084720762
0.2801022284942275
0.19383277218024894
-0.17918166724218157
0.08100130988395535
0.09655161567637714
0.22256234106875256
-0.0787846084720762
-0.18746270665710899
-0.1858051822285105
0.08100130988395535
0.09982547580447113
-0.18746270665710899
0.058723442636504454
-0.11279569893023228
-0.0787846084720762
0.21153249535638113
-0.0787846084720762
-0.18746270665710899
0.29743697125929985
0.35504529817948993
0.39062447149516033
0.31848140170332956
0.17822919319486139
0.1771462923910462
0.17565397999403914
-0.19666100410727164
-0.15303309718621208
0.0570293345637942
-0.1887134203257255
0.04891081065220308
-0.025481497777511724
-0.07803287512535549
0.07407994322938602
0.22387723263409437
-0.10454810729745309
-0.18746270665710899
-0.18746270665710899
0.28993629034905544
0.17655530425357846
0.07591528997147587
-0.18746270665710899
0.2803744072360681
0.07615137661456094
0.24298733640681258
-0.12846684908808642
-0.08166492368521133
-0.12974367546239884
-0.38123963548080186
-0.38797162877968705
-0.03903444002953299
-0.22523590046627665
0.0742430028579002
0.17485101971491146
0.2893909623587849
0.25981008875572675
-0.18746270665710899
0.013952430598530746
-0.07803287512535549
0.19383277218024894
-0.1790372354178593
0.07674769452091917
-0.07803287512535549
0.06609381229610463
0.07307453780201087
-0.1667007002876992
0.044458363034476076
-0.3021307548355296
0.2803744072360681
0.07615137661456094
0.24767879317138963
-0.07803287512535549
0.0753614095382604
0.37983129039249447
0.2809967409433743
0.06795103919985646
-0.19666100410727164
0.19124362144208604
-0.07860646541925491
-0.2451722047806816
-0.11682518621428345
0.09852168237296643
0.17440658591335853
-0.0787846084720762
-0.07803287512535549
0.17655530425357846
0.1479628429810459
0.11520151183454048
-0.19677919693339582
-0.13909021992244994
0.27219557988519105
-0.19650204743485167
0.07743284292343532
-0.18667251992093722
-0.07803287512535549
0.07388190261576788
-0.18746270665710899
0.013952430598530746
-0.18746270665710899
0.19383277218024894
0.2969881977229988
0.17735826453270612
0.08445737199875653
-0.07803287512535549
0.1946357324593766
0.22482518485982328
-0.08851437187246187
-0.22130911345250615
-0.26555161675647815
-0.33043759497560116
-0.39895256653556416
-0.31782867150751065
0.11391522570098761
-0.02848879789324986
-0.0901543399932205
-0.15259024605778584
-0.011475715198968554
-0.0059326051641205016
0.09655161567637714
-0.14262937039919701
0.03079704235001899
-0.24744579817946508
-0.3423375255456154
-0.36920414965905224
-0.3784379630570075
0.10323278697022596
0.26973272899644923
0.2984227769112979
0.20541847421313872
-0.08851437187246187
-0.21599680931316198
-0.13250208954483916
-0.2963230023627699
-0.18746270665710899
-0.18746270665710899
0.17655530425357846
0.193702659312317
0.013952430598530746
-0.17081628106266103
0.0759533360009428
-0.0787846084720762
-0.07803287512535549
0.19383277218024894
0.29476495437837724
0.07457819282203054
-0.1093069754254951
-0.0787846084720762
-0.07803287512535549
0.07092757969769409
0.09128339377719051
-0.0787846084720762
0.2816851762135646
0.013952430598530746
0.27468524467149186
0.0731251702784804
-0.24486573872889736
-0.28726629659673486
-0.300718205842252
-0.0787846084720762
0.3389813151676961
0.013952430598530746
0.07674769452091917
-0.18746270665710899
0.07066386703856047
0.19273393442018802
0.2636512560370791
-0.19828669603993615
0.1827061393915538
-0.42244138254008395
-0.24815850606964124
-0.0644467164456105
0.27219557988519105
0.013952430598530746
0.07743284292343532
0.15441432087180434
-0.2891148453917417
-0.31262738179308874
-0.24709764975671192
-0.04286592475424327
0.1932234124186178
-0.03504243543010183
-0.2560703788258889
-0.24709764975671192
0.08091982778399473
-0.24444435373821094
-0.28726629659673486
-0.02783263655238584
0.2883435363305894
-0.18746270665710899
0.0656158931555479
-0.010380125163291407
0.2650972880271094
0.16992695385368722
-0.18746270665710899
0.013952430598530746
-0.1125592812159553
-0.19828669603993615
0.2100046574583678
-0.12974367546239884
-0.31614127105174683
-0.40206219563223283
-0.010380125163291407
0.0635500783763831
0.09375297295066805
-0.14476710977320606
0.1405814491396611
-0.11775570318417192
-0.07803287512535549
0.13958023506853684
-0.08851437187246187
-0.3024800023610469
-0.3554899266530306
-0.03206336533593365
0.1809867201942074
0.1413242986657355
-0.08851437187246187
-0.14005031074997004
0.023670362044103575
0.10097877997694799
0.19571937051743962
0.341070119571918
0.29036736009873215
-0.18746270665710899
0.17209349271556548
0.2873577306785914
0.2873577306785914
-0.0787846084720762
0.25406539302202075
-0.18746270665710899
-0.07803287512535549
0.07892987649878043
0.09916936804619131
-0.11624551363846235
-0.2031014743705009
-0.08533602403825949
-0.17685907288253
0.13091999550106193
0.09790652959121254
-0.07803287512535549
0.17903215347398904
0.17806543717224385
0.09355871481327582
-0.19828669603993615
-0.08166492368521133
-0.3380670966222574
-0.3071033186402587
-0.14866579813991634
-0.1448421829337879
-0.1891965217350227
0.087933007586248
0.013952430598530746
-0.07803287512535549
0.192158883238966
-0.14272959825890547
0.26284641117869983
-0.18746270665710899
0.17655530425357846
0.10511317274088519
0.3253660460705393
-0.15494991030971247
0.07743284292343532
-0.14153545762617573
0.2595631131271622
0.2873577306785914
0.29743697125929985
0.2858469242279335
0.19404675291229265
0.013952430598530746
0.22770239814488094
-0.0787846084720762
-0.0787846084720762
-0.011222859126572194
0.2915858928513913
0.2889504846970574
0.16992695385368722
0.2873577306785914
-0.18746270665710899
0.192158883238966
0.30148566374972147
-0.1752886305223325
-0.0787846084720762
0.19276332042879146
-0.07860646541925491
-0.2529428044306453
-0.11941994814078317
0.013952430598530746
0.2893909623587849
0.23212013756445493
-0.0787846084720762
0.26670326471717287
0.1737673816568484
-0.18746270665710899
0.0678897585980168
-0.17660720914322567
0.08179566840393171
0.1153733738817165
0.10683129185443586
0.10130643832058009
-0.1898497958377089
0.28993629034905544
0.08143061685034635
0.10683129185443586
0.18178968047333505
0.11766816995502925
0.10509369770365778
-0.16815402028271031
0.07674769452091917
0.28993629034905544
0.07935479202149559
0.1007425518387217
-0.17481176042394264
-0.0787846084720762
-0.18402571706704293
0.0754662282120448
-0.18746270665710899
0.0651287853666499
-0.18746270665710899
0.06833639976396438
0.3314975164025904
0.013952430598530746
-0.12217512959407045
-0.0787846084720762
0.013952430598530746
-0.074165732666944
-0.20229961572251337
-0.13767955301304918
-0.2808926564102174
-0.24709764975671192
-0.23494334966364533
0.07743284292343532
0.013952430598530746
-0.16753998770587933
0.18905726263964437
0.3809386408632091
0.294395704720429
0.18905726263964437
0.22256234106875256
-0.0787846084720762
-0.18746270665710899
-0.18746270665710899
0.1737673816568484
0.28993629034905544
0.17903215347398904
0.0969355905199402
0.09655161567637714
-0.17319282897233834
0.27931172177807645
-0.0787846084720762
-0.18043258035779286
0.0754662282120448
-0.07803287512535549
0.07217156947272528
0.1765249086561944
-0.07803287512535549
0.07217156947272528
0.10130643832058009
-0.0787846084720762
-0.07803287512535549
0.13958023506853684
-0.08851437187246187
-0.19244337362379937
-0.13875584365423058
0.26982212544970297
-0.19809601324464815
0.055244244806416806
-0.07192893080572331
-0.41598624212272933
-0.47040315434317803
-0.28903590072782864
0.1730521149176239
-0.023963172873003015
0.32443083772705106
0.013952430598530746
-0.07803287512535549
0.1743887653917002
0.3349019766041677
1.2852197668647194
1.8585822492291595
2.5213264489485048
