2.3623630388879238
1.7222243229289271
1.2233321105933295
0.3487608808862604
-0.15761253924304672
0.07067453589738017
0.013952430598530746
0.21593262069955638
-0.11416395567556822
-0.0787846084720762
-0.10222066549639088
0.2897311851140795
-0.1843322412417916
0.19383277218024894
-0.17753084343780742
0.1948497131914203
0.013952430598530746
0.29360536124107334
0.0655816876518117
-0.03504243543010183
-0.1740734842433011
0.04839459331848756
-0.30297038637808055
0.0678897585980168
-0.17548863050128735
0.07467186969206843
0.2897311851140795
0.013952430598530746
0.27982320811829614
0.0754662282120448
-0.07803287512535549
0.06712359558971273
-0.18746270665710899
-0.19809601324464815
0.061440610469859686
-0.035971906513354523
-0.1740734842433011
0.09078183744734718
0.175247039292808
-0.068621517665624
-0.4113410866336407
-0.3994334020508564
0.07270028385789187
0.013952430598530746
0.0754662282120448
-0.07803287512535549
0.19652360213270323
0.013952430598530746
0.0742430028579002
0.11160696599332373
0.11329754905286578
0.1954247643726423
0.013952430598530746
-0.0787846084720762
-0.18514429570898128
0.1737673816568484
-0.08091319033849065
-0.13197064794238844
-0.4301015622863468
-0.5292359834735936
-0.4683649721898985
-0.39541659950804386
-0.28726629659673486
0.33215139455670295
1.0736377319491222
1.667149603496594
2.630004365080788
