2.8797020675049647
1.5494904339146172
0.7679880891243441
0.1770319946434642
-0.08851437187246187
-0.24550633673480773
-0.28726629659673486
-0.3021307548355296
-0.21386848834991748
0.1737673816568484
0.2661987581092493
-0.035971906513354523
-0.2535974182733048
-0.17695712443531433
-0.30569350586582406
-0.41362312884309504
0.08583896557927187
0.19440782336147097
-0.16392921308888467
0.07067453589738017
0.36099533302811
0.23814624586956445
-0.03749284911201005
0.013952430598530746
0.0754662282120448
0.2889504846970574
0.06882997742130229
-0.18746270665710899
0.2893909623587849
0.3020618785802386
-0.18092876850552886
-0.08091319033849065
-0.03504243543010183
-0.20197568198172067
0.026142662619063516
-0.13099633005746658
-0.37828515384012557
-0.41452530946616134
-0.32620509461308006
-0.06907330269435132
0.013952430598530746
0.07467186969206843
-0.18746270665710899
0.2803744072360681
0.07694573513453731
0.2880821148192224
0.07743284292343532
0.3201951196916725
0.013952430598530746
-0.2020025932923933
-0.3546857296594477
-0.3288732179730981
-0.37719472765840656
-0.03442590850838721
0.17931283125292447
0.19760724019076625
0.013952430598530746
-0.1125592812159553
-0.18746270665710899
0.18704443823678285
-0.06315786020947989
0.0754662282120448
-0.18746270665710899
0.06390556001250532
0.17806543717224385
0.19760724019076625
0.013952430598530746
0.28993629034905544
0.07935479202149559
0.09655161567637714
0.013952430598530746
0.2591663278887383
-0.13767955301304918
-0.4858377449359107
-0.6044795005655039
-0.6075603650675555
-0.5054014371991188
-0.35743220698541156
0.08460884929788634
0.013952430598530746
-0.07803287512535549
0.17822919319486139
0.10764512541163963
0.19353689469931568
0.22387723263409437
-0.10454810729745309
-0.18746270665710899
0.2069546720049705
-0.1022381737906268
-0.18746270665710899
0.06938240072968609
0.14978654421570997
-0.12638057221603016
-0.21433049985245256
-0.13877163015753735
-0.2940708218269414
0.19296184351809365
0.34429983221511956
0.013952430598530746
0.17655530425357846
0.09437254837047959
-0.18746270665710899
0.18927513017394917
-0.022137510142147133
0.013952430598530746
-0.03296206535906415
0.1902609754001185
-0.35724928666259514
-0.24667926356741934
0.08778908556438707
0.28091275416230965
0.1320510201212746
-0.3358811675219224
-0.3616265435262535
-0.39086631775625413
-0.33883599082567106
-0.007116922674547598
-0.0009241202495412147
0.18178968047333505
0.18011579153205212
0.17732786893532207
-0.07803287512535549
0.07764841018990606
0.1008193305316821
0.2889504846970574
0.07638264296733378
-0.07803287512535549
0.17903215347398904
0.0989415649468172
-0.08851437187246187
-0.31034368123950695
-0.4036406977962141
0.26982212544970297
-0.07803287512535549
0.05553716178246299
-0.3546857296594477
-0.25150544676791653
0.07722345528798152
0.013952430598530746
0.08051420209505734
0.1809867201942074
0.08902905293614281
-0.035971906513354523
-0.1831727364062491
-0.11744848314316642
-0.0050272939737146275
-0.18746270665710899
0.058723442636504454
-0.11577468348847725
-0.13767955301304918
-0.2666044184471919
-0.24709764975671192
-0.24401136576526944
0.17655530425357846
0.09664786940656495
-0.18746270665710899
0.06433442684667354
-0.19828669603993615
-0.08091319033849065
-0.08851437187246187
-0.26857963043760696
-0.28193041756330095
-0.30214444404195784
0.013952430598530746
0.06518359068287753
-0.2044839117337847
-0.11362127944082917
-0.2963230023627699
0.2685814201490769
0.17209349271556548
-0.18746270665710899
-0.08190167798355849
0.19404675291229265
0.013952430598530746
0.09623386272837109
-0.16768972444364194
0.05422291501096898
0.35413405223300537
0.6988777054847713
1.4377862780007942
2.5563131109604034
