2.6552207115160207
1.6172987711040536
0.8499712276148899
0.16273318838731324
-0.14173118091933898
0.26830960438651646
0.055262391623117885
-0.23829151400252513
-0.2999593519540512
-0.3043966245777864
0.06581393376916606
-0.1842424936463036
0.013952430598530746
0.1743887653917002
0.09128339377719051
0.2889504846970574
0.06745483424239002
-0.09640284550387314
0.2893909623587849
0.2583661060584137
-0.20805897086119834
-0.12974367546239884
-0.39851069973041875
-0.3973927297081801
-0.04799950253424847
-0.03072748289068793
0.09982547580447113
-0.07803287512535549
0.17735826453270612
0.18812807629484585
-0.10525384496565683
-0.0787846084720762
-0.010380125163291407
-0.045504023030512285
0.013952430598530746
0.07467186969206843
0.2873577306785914
-0.0787846084720762
-0.18762838360423742
-0.18746270665710899
0.05761359635446157
-0.07803287512535549
0.18927513017394917
0.007446716136615436
0.35222080680304996
0.013952430598530746
-0.1307040032178599
-0.35601568092822206
-0.43298264083355376
-0.31127194302701855
0.1824002450718525
0.06761110186183396
-0.15776145921600554
0.2215051221784473
0.22618193161202377
0.8862508048542864
1.6599388995194762
2.6393092335523103
