2.55138024496952
1.6014307610281948
0.6652150320926866
0.24036436513247597
-0.28419334303847443
0.17655530425357846
0.08898264133087372
-0.1744096123339029
-0.19673354644053215
0.07321181941822967
-0.06905751375930903
0.08100130988395535
0.17485101971491146
-0.20084330611298554
-0.13767955301304918
-0.23926138602136124
0.04746922569066835
0.09090686473534479
-0.18746270665710899
0.06390556001250532
0.1488819877622436
-0.4276924516010892
-0.21102539291486314
0.10627533432736032
0.056121045995329
-0.1886388021080073
0.04772913792070955
-0.025481497777511724
-0.18746270665710899
0.06709540007804042
0.013952430598530746
0.013952430598530746
0.2873577306785914
-0.18746270665710899
0.2883435363305894
-0.07803287512535549
0.06587960581468154
-0.18746270665710899
-0.010380125163291407
0.17655530425357846
0.19290358583545048
-0.0820847738182569
0.0641420048390655
-0.35724928666259514
-0.21617397731707233
0.13369355935597643
-0.09810177761223703
0.192158883238966
0.2432967287737859
-0.0787846084720762
0.2889504846970574
0.0649455440262894
-0.14027045204785435
-0.19558416937502152
0.047119576008900425
0.013952430598530746
0.17735826453270612
0.18980196523612883
-0.06546779371630619
0.17072991413281488
-0.0787846084720762
0.013952430598530746
0.21430343436782626
-0.0787846084720762
-0.19477407315605602
-0.18746270665710899
0.06266157023747414
0.19491641023831197
-0.24036942460196367
-0.08043654246665674
0.192158883238966
0.36718595191676895
0.21341366447626237
-0.06930192649889014
-0.4200751452458034
-0.4299698053084016
0.035507710306794074
-0.30297038637808055
0.3097638021978175
0.013952430598530746
-0.18746270665710899
0.192158883238966
-0.18668342954391146
-0.19477407315605602
-0.10421660341486354
0.059088102090130414
-0.12638057221603016
-0.2372838913510909
0.05007647576471439
-0.0960158478049501
0.07743284292343532
-0.18758756375097
0.26786406080963426
-0.3546857296594477
-0.2656975625711258
-0.010535597158017036
-0.08172171647525986
0.17240380307409786
0.2889504846970574
0.19296184351809365
-0.18119370243779673
-0.18746270665710899
0.2664424035251643
0.2873577306785914
0.2873577306785914
-0.18746270665710899
-0.08572636495931041
0.08100130988395535
0.19462180409351465
0.013952430598530746
-0.18746270665710899
-0.19726023843844165
-0.2031014743705009
-0.3546857296594477
-0.309238005356845
-0.28679986120548945
-0.39414026596748875
-0.5601121737673541
-0.35350460518479415
0.0015113565634425016
0.08982072407556022
0.1954247643726423
0.013952430598530746
-0.0787846084720762
-0.24972617426710828
-0.08043654246665674
0.17655530425357846
0.08537444803300709
0.23596130484580727
-0.0787846084720762
0.2694568148281003
-0.035971906513354523
-0.2062016632391664
-0.10277288684094554
0.24031626384280966
-0.18746270665710899
0.2897311851140795
0.013952430598530746
-0.2020025932923933
-0.07860646541925491
-0.25739981957811353
-0.16355684635198478
-0.21784067652675435
-0.25970737876611516
-0.15086560624413697
-0.10737769150135618
-0.1821893636027448
-0.1316023806247058
-0.11231019378532965
0.27931172177807645
-0.0787846084720762
-0.029762236164531376
0.1866786952409602
-0.35724928666259514
-0.2808486090419764
-0.24709764975671192
-0.11132258052495013
0.13964440350719942
-0.03504243543010183
-0.2214025204627526
-0.2600360373832582
-0.2657673477340819
-0.061115243536630254
0.09373122120209126
-0.016772837535936513
0.25636804131781094
-0.18746270665710899
-0.08697804212380453
0.1853705492954999
-0.09332806308071538
-0.19361330251663691
-0.09584792991041706
0.06291330231872633
-0.12638057221603016
-0.26763204273197017
-0.28726629659673486
0.15469832553311144
-0.0901543399932205
-0.3014603292996511
-0.36322888768462264
-0.03206336533593365
0.10281837666757244
0.013952430598530746
0.08100130988395535
0.0942762946402918
0.013952430598530746
-0.14398594749574906
0.2734951168380659
0.06795103919985646
0.2661987581092493
-0.10688987843577351
-0.2644466615273011
-0.19058676690241874
-0.2944990693567965
-0.28726629659673486
0.2727254331867746
0.2669794585262714
-0.41629656468719994
-0.27267016055812304
0.050910387045105504
-0.03434907338262285
0.15130900926213844
-0.2565012394283317
-0.34389548409570847
-0.35513137419306956
0.09699702148065965
0.2889504846970574
0.13285398040040225
-0.378131791727798
-0.3587757879055771
-0.39159024874587095
-0.33526015725303765
-0.09202156300017186
0.26883631979770484
0.2746441277466986
-0.0617465407653526
-0.14377924698504027
0.197140330679595
-0.1022381737906268
-0.18746270665710899
0.2768338574726182
0.19014605883610447
-0.05671263194952839
0.0742430028579002
0.17806543717224385
0.1898501813551712
-0.09563799658754168
-0.18746270665710899
0.2873577306785914
0.2746441277466986
-0.041093532388222574
0.013952430598530746
-0.08238907834471978
0.1853705492954999
-0.0006578546205408557
0.3711654187198312
0.2929517220231159
0.06434004545268364
-0.12638057221603016
-0.21037060961559717
0.0911434037165447
-0.30297038637808055
0.07066386703856047
0.19273393442018802
0.284897743772225
0.28993629034905544
0.13754641373488954
-0.13388235105206228
-0.3488033144047713
-0.3951451107913634
0.14743801836042666
0.2339958536518746
0.16992695385368722
-0.18746270665710899
-0.1078678856178078
0.2889504846970574
0.19404675291229265
0.013952430598530746
-0.18746270665710899
-0.12551241620866105
-0.0787846084720762
-0.0787846084720762
-0.07971798381857251
0.17655530425357846
0.09678612016826145
-0.00933085209403172
0.25721162020610366
-0.18746270665710899
0.2889504846970574
0.07706779136984993
0.013952430598530746
-0.19570892406404825
0.05381685915925542
0.09340972940337965
-0.21865956316267862
-0.24709764975671192
0.2704290738161709
0.07430681813848304
-0.18746270665710899
-0.19828669603993615
0.24994302934528873
0.10574666035573113
-0.2647607365687113
-0.3726029394007944
0.26883631979770484
0.2746441277466986
-0.04340346589504888
0.013952430598530746
-0.012535661409869281
0.35332815727376465
0.013952430598530746
0.1853705492954999
-0.09563799658754168
-0.18746270665710899
-0.0787846084720762
0.12513217690629663
-0.22382400435525682
-0.17838309955961187
0.8535625783514892
1.5854083938459433
2.577556401889994
-0.15861944153782037
