2.861834899160873
1.5085248478292053
0.9065277676335267
0.4039807323333928
0.3297881105816016
0.013952430598530746
-0.13231211406478352
-0.010380125163291407
-0.12974367546239884
-0.19629318262847875
-0.03780503663394933
0.013952430598530746
-0.10792454452484802
0.19572064185357557
0.013952430598530746
0.06781988579597538
-0.03612459236667409
0.013952430598530746
-0.07437215326676386
-0.043921905576929994
0.013952430598530746
-0.08533602403825949
-0.23959970535875616
-0.24709764975671192
0.013952430598530746
0.19404675291229265
0.013952430598530746
-0.14944996869191754
0.3258265350082621
0.013952430598530746
0.013952430598530746
-0.010380125163291407
0.013952430598530746
0.013952430598530746
0.19404675291229265
0.013952430598530746
0.013952430598530746
0.19572064185357557
0.013952430598530746
0.17735826453270612
0.1968042799116386
0.013952430598530746
-0.18108951871082632
-0.04427653971209427
0.013952430598530746
-0.12974367546239884
-0.2664520208822866
-0.24709764975671192
0.013952430598530746
-0.0576168719334523
0.013952430598530746
0.013952430598530746
-0.08238907834471978
0.07743284292343532
0.013952430598530746
0.013952430598530746
0.06291330231872633
-0.12638057221603016
-0.25184566204431313
-0.24709764975671192
0.013952430598530746
0.07615137661456094
0.013952430598530746
0.013952430598530746
0.2897311851140795
0.013952430598530746
0.013952430598530746
0.07822720144341169
0.013952430598530746
0.0742430028579002
0.17485101971491146
0.2816851762135646
0.013952430598530746
-0.016377987692766983
0.32498295611996936
0.013952430598530746
-0.036419811008607035
0.3043787498955407
1.0677246375015539
1.5735311846438296
2.4644225401682904
