2.403287118397392
1.5581084598887047
0.9491470024343909
0.2379645999592508
-0.11329330915347936
0.2069546720049705
-0.10579978446194722
-0.18746270665710899
0.013952430598530746
-0.18746270665710899
0.2803744072360681
0.07743284292343532
0.013952430598530746
0.22770239814488094
-0.0787846084720762
-0.010380125163291407
0.07615576805823678
0.2880821148192224
0.17240380307409786
-0.07803287512535549
0.06574845241080048
-0.07061102914213148
0.08179566840393171
0.1030756690320633
-0.035971906513354523
-0.21732871486295458
-0.12191514651474894
-0.01558424073213234
-0.03761187463411316
-0.19792566749820892
-0.08048523584903478
-0.03201691141283213
0.30301484881036944
0.08051420209505734
0.11457901536174013
0.09854400949559677
-0.2020025932923933
-0.035971906513354523
-0.17910590537416446
0.07326537490441981
0.2722850103980668
0.14964840117676664
-0.12638057221603016
-0.24049166450548198
-0.12347994807229583
0.10891112587688809
0.013952430598530746
0.3646383738807906
0.2065761253500252
-0.08533602403825949
-0.23769927970664512
-0.15693209949616452
0.07176162719244195
-0.24983075029200194
-0.28726629659673486
-0.10737769150135618
-0.1975972072239581
0.04242602725136813
-0.3021307548355296
0.013952430598530746
-0.18746270665710899
-0.19570892406404825
0.05782780283588465
-0.425395244719398
-0.2531718359972848
-0.1559917186520189
-0.2093784811201862
-0.26390486639737804
-0.24709764975671192
-0.03019517972483941
0.19462180409351465
0.013952430598530746
-0.12217512959407045
-0.07803287512535549
0.07388190261576788
0.2984227769112979
0.28424094753787005
0.06795103919985646
0.2873577306785914
0.2591663278887383
-0.07860646541925491
-0.4578095088627789
-0.6156002769002938
-0.586956569316838
0.08677254126245446
-0.1448421829337879
-0.20398223984522004
0.15239329920727332
-0.08166492368521133
0.04907994727753714
-0.20386193276174908
-0.1151545636334678
-0.0009241202495412147
0.19760724019076625
0.013952430598530746
0.2639505771069798
0.10040008202713287
-0.24315507701840366
-0.28726629659673486
-0.031320983045781334
-0.0787846084720762
0.2893909623587849
0.34375615523972614
0.013952430598530746
0.1737673816568484
0.2694568148281003
-0.035971906513354523
-0.2692637955900077
-0.38535667411309055
-0.2439585380107544
0.19261902125425398
0.013952430598530746
0.17903215347398904
0.0891878670126359
0.18178968047333505
0.18011579153205212
0.09338717062478906
0.058643264079213483
-0.4391848863044301
-0.6348193757868379
-0.59260475769887
-0.5228016010177501
-0.4440247356581865
-0.3979505540394397
0.08921028432497101
0.2889504846970574
0.17289645299469314
-0.19477407315605602
-0.07803287512535549
0.07092757969769409
0.09529538610027113
-0.3982841589323736
-0.23410576650115733
-0.13198989478959816
-0.0787846084720762
0.2889504846970574
0.19014605883610447
-0.06091144504861266
-0.08851437187246187
-0.2300335122389622
0.05581528586278548
-0.027844040949965284
0.013952430598530746
-0.07803287512535549
0.07467626113574426
-0.18746270665710899
0.06581393376916606
-0.17928594103711298
-0.02655567797078501
-0.34537937718447387
-0.3854408662203837
-0.24709764975671192
-0.1801795700142213
0.2883435363305894
-0.07803287512535549
0.0570166687049555
0.14965790751399696
-0.12847605989907832
0.07199092102844692
-0.13400403353842683
0.07743284292343532
0.013952430598530746
-0.18746270665710899
-0.19666100410727164
0.013952430598530746
-0.3546857296594477
-0.27175545207367746
-0.11252891630846286
0.013952430598530746
-0.18746270665710899
-0.07803287512535549
0.07615576805823678
0.3009069536155195
0.08100130988395535
0.17527751457551385
-0.07803287512535549
0.07217156947272528
0.11160696599332373
0.1153733738817165
0.18011579153205212
0.19450561959144466
0.013952430598530746
0.29152815510868263
0.06795285308665867
-0.03504243543010183
-0.29396452506004117
-0.3363629938815034
0.10363287120199187
0.29846749813457757
0.17457034193597606
-0.07803287512535549
0.06461430537361211
-0.36342535280509125
-0.24357751224152896
-0.1301795173927122
-0.002415207101848651
0.11102222801678044
0.09502697321663492
-0.12638057221603016
-0.28193205152444534
-0.27929395096216236
-0.30955354892071324
0.17655530425357846
0.19290358583545048
-0.049893462938546296
0.17457034193597606
-0.010380125163291407
-0.08851437187246187
-0.27619717328136434
-0.28726629659673486
0.08343286739345654
0.06339621498163325
-0.26357189378255336
-0.35479930005593874
0.08507844838566411
-0.0787846084720762
0.25406539302202075
-0.18746270665710899
0.013952430598530746
0.35062755875991586
0.28046370100952517
0.26786406080963426
-0.13767955301304918
-0.26388166866714835
-0.11619706269540721
0.013952430598530746
-0.0787846084720762
-0.0787846084720762
-0.07803287512535549
0.190945132312971
0.013952430598530746
0.013952430598530746
0.29071699076607754
-0.010380125163291407
0.0748743017493624
0.28968809150928587
0.13004210626621865
-0.07860646541925491
-0.2617233034519128
-0.4062850124660357
-0.30297038637808055
0.06433442684667354
0.2897311851140795
-0.17544539849106427
0.2873577306785914
-0.08166492368521133
-0.12974367546239884
-0.259736373908769
-0.12146474955842007
0.09397911512108025
0.19928112913204923
0.013952430598530746
0.06562151176155802
0.09813915136901918
-0.16053901626156084
0.10921761139145149
-0.30297038637808055
-0.0787846084720762
-0.18746270665710899
0.36887546250241576
0.294395704720429
0.07674769452091917
0.2889504846970574
0.07430681813848304
0.2746441277466986
-0.10243004186775378
0.2889504846970574
0.07706779136984993
-0.16497420414486824
0.3330103245399219
0.013952430598530746
0.17822919319486139
0.14052133838660785
-0.035971906513354523
-0.21334107485509385
0.05626283144343139
-0.027844040949965284
0.19491641023831197
0.2841481509879531
-0.19477407315605602
0.06938240072968609
0.09655161567637714
-0.16515929917183267
0.18927513017394917
-0.0868828348207639
-0.19477407315605602
0.07145822555853683
0.10455597081835054
0.10301787287480706
-0.1759093569185895
-0.07803287512535549
0.060789105145016196
-0.13767955301304918
-0.2106113176268883
0.0611217845371394
0.2685824666418665
0.07409108503313253
-0.07300964768088165
0.06919502897488765
-0.010380125163291407
0.013952430598530746
0.013952430598530746
-0.18746270665710899
0.013952430598530746
-0.18746270665710899
0.06433442684667354
-0.18746270665710899
0.2425445846768701
-0.18746270665710899
-0.18746270665710899
0.013952430598530746
-0.004162395953260768
0.6450603008032871
1.0092818473942518
2.6647321983591508
