2.5044151731098103
1.7076324557846754
0.9252228524386665
0.34060056692934965
0.08237963991620399
0.0742430028579002
0.19273393442018802
0.27536874436266146
-0.19733461599671273
0.056525068602087086
0.061731263772400506
-0.3145340123400047
-0.38714661210194734
-0.058396775432890465
-0.05001873771138032
-0.03761187463411316
-0.27189981803848345
-0.40525889658052344
0.228910985458087
-0.18746270665710899
0.06938240072968609
0.1765249086561944
-0.19733461599671273
0.055284068916163116
-0.12638057221603016
-0.24287863278059837
-0.0995481679320646
0.3020205031461652
0.013952430598530746
0.13958023506853684
-0.08758490078920918
-0.1910846449473519
-0.12171138763069977
-0.21789479371813628
-0.07803287512535549
0.129239145987091
-0.13767955301304918
-0.25062393118285475
-0.05824798806990263
0.09852168237296643
0.09029801603149998
0.08416203638028946
-0.14275283373039102
0.10685562147090862
-0.3021307548355296
0.32316276597487215
0.013952430598530746
0.29743697125929985
0.27030894382696635
0.29743697125929985
0.27030894382696635
0.2873577306785914
-0.0787846084720762
0.29743697125929985
0.34375615523972614
0.013952430598530746
0.17655530425357846
0.19659029917959495
0.2718717456203617
0.17289645299469314
-0.2020025932923933
0.07523368945720577
-0.27145014347821944
-0.5091923814743586
-0.4438203579263116
-0.40623570291482713
-0.19606192490779775
0.2996496392388155
0.013952430598530746
0.07822720144341169
0.013952430598530746
0.07971984357508098
0.18904722107604355
0.0056984255018414365
0.3050466671199679
0.17822919319486139
0.17931283125292447
0.08366301347878016
-0.0787846084720762
0.013952430598530746
0.013952430598530746
-0.07803287512535549
0.06587960581468154
0.2889504846970574
0.07387795130431483
0.1809867201942074
0.0964484827310422
0.10683129185443586
0.17440658591335853
-0.010380125163291407
-0.0787846084720762
0.20650848221770485
-0.08851437187246187
-0.21491694220588897
-0.06398183552034836
-0.10737769150135618
-0.1196475888470992
-0.06898330643372183
-0.3150453060240064
-0.35581536542725845
-0.2790162985946284
-0.1319833401605766
0.271414879468169
0.08063625833036996
0.09655161567637714
0.013952430598530746
0.17240380307409786
-0.010380125163291407
0.07217156947272528
0.10046184476590192
-0.10688987843577351
-0.19239251987758493
-0.13226737747959735
-0.001289403780906727
0.09812773138961343
-0.035971906513354523
-0.22471691075288958
-0.1818799176072161
-0.13880591867101852
-0.2093267599942007
0.1345550307285085
0.3069455834050736
0.26364726456913634
-0.07803287512535549
0.07388190261576788
-0.18746270665710899
0.29743697125929985
0.25981008875572675
-0.18746270665710899
0.2981953382784366
-0.17645909887776387
0.2883435363305894
-0.18746270665710899
0.06433442684667354
0.2897311851140795
-0.010380125163291407
-0.18746270665710899
-0.0787846084720762
0.26456424809326035
0.2897311851140795
-0.010380125163291407
0.17882553009295485
-0.3546857296594477
-0.2255180663507616
0.10474634327912685
-0.029614601214191783
0.2880821148192224
0.17289645299469314
0.2984227769112979
0.28424094753787005
0.0759533360009428
0.2883435363305894
-0.08091319033849065
-0.08851437187246187
-0.2168903124880244
-0.13689054057066627
-0.2963230023627699
0.2809044757965425
0.19404675291229265
0.013952430598530746
0.20155604138202285
-0.40802577655726574
-0.2768922843268031
-0.08857243152590044
-0.1795932717941734
0.2607692050463091
-0.18746270665710899
0.17209349271556548
0.2873577306785914
0.2883435363305894
-0.19477407315605602
0.1743887653917002
0.09128339377719051
-0.010380125163291407
0.07260043630689351
-0.19666100410727164
0.013952430598530746
0.06512246172158526
-0.21437731726219922
-0.28726629659673486
0.2904052232887404
0.013952430598530746
0.07971984357508098
0.17485101971491146
-0.0787846084720762
0.26456424809326035
0.2873577306785914
-0.08166492368521133
0.2061282913969765
0.5548722034473823
1.406474810424527
2.4726913295659894
