2.535436889427038
1.7270225434625093
0.9051123146449248
0.3169678019364781
0.013952430598530746
0.1946357324593766
0.238998736917186
-0.08851437187246187
-0.31449599550801527
-0.42155812318013086
-0.3560302167672538
-0.03828973796995231
-0.1448421829337879
-0.27156459927142507
-0.2641565682114062
-0.29324590725071803
-0.28726629659673486
-0.07803287512535549
0.06588141970148374
-0.035971906513354523
-0.2165910049359895
0.045400445644233116
-0.1448421829337879
-0.17893614139896802
0.09762692293896753
-0.08091319033849065
-0.03761187463411316
-0.22670237844634503
-0.11586598181223645
0.09852168237296643
0.18178968047333505
0.18011579153205212
0.0972613582910756
-0.20084182265297412
-0.35591576953225357
-0.23115455671107313
-0.06896266750419676
0.26883631979770484
-0.18746270665710899
0.2981953382784366
-0.16378127598003592
0.2734951168380659
0.19383277218024894
-0.17674905926145665
0.17519172567082786
0.09358395154604421
-0.3546857296594477
-0.19067462677649374
-0.080294005817424
0.24096439961273775
-0.12605650999094073
-0.07803287512535549
0.0748743017493624
0.013952430598530746
-0.035971906513354523
-0.2263082608928648
-0.1126139883207014
0.013952430598530746
-0.4057017630327623
-0.2770197903259079
-0.10329783056564082
-0.010035778888293913
-0.18746270665710899
-0.17492196709336144
0.1743887653917002
0.17527751457551385
-0.19570892406404825
0.05906880252180863
0.09662805379336158
-0.24076972476227265
-0.37250406660258734
0.013952430598530746
0.06943054612234897
0.2997996031448048
0.0742430028579002
0.10306488396604309
0.17440658591335853
-0.0787846084720762
-0.0787846084720762
0.2873577306785914
-0.18746270665710899
-0.18746270665710899
0.192158883238966
-0.22972407822278537
-0.0748476833794739
-0.06654501596027025
-0.07213387504745311
0.17655530425357846
0.19659029917959495
0.30857900977009645
0.17686561461211084
0.11457901536174013
0.1008193305316821
-0.18746270665710899
0.19153411186005498
-0.17665174093590377
0.08100130988395535
0.10210079684055647
-0.20194218719109316
-0.08851437187246187
-0.22232149708189863
-0.2513760322049889
-0.2668284018394819
-0.24709764975671192
-0.3021307548355296
0.06433442684667354
-0.08166492368521133
-0.3546857296594477
-0.2713014267186889
-0.11352466551728407
0.013952430598530746
0.17903215347398904
0.09031051924501719
-0.035971906513354523
-0.24660972578423176
-0.40525889658052344
-0.10737769150135618
-0.19327748771525868
-0.07058991591974875
0.271414879468169
0.07387795130431483
0.09128339377719051
0.2809044757965425
0.07510117665845942
-0.18746270665710899
0.05885758612949275
-0.0787846084720762
-0.1898497958377089
0.013952430598530746
0.29743697125929985
0.22328541104650373
-0.04086903500843235
0.013952430598530746
0.06795103919985646
-0.18746270665710899
-0.07803287512535549
0.19383277218024894
0.30857900977009645
0.0742430028579002
0.09657685240914553
-0.12638057221603016
-0.2144519590828403
0.0470009038697045
-0.026915067224869683
-0.1942161253567166
-0.018909949440063335
1.0084557318040244
1.8966283104005919
2.8844225870187525
