2.4546686688409576
1.7039859083792481
0.8597908623667868
-0.14187533123089044
-0.27255470273743015
0.36421971733688663
0.21421151452558632
-0.06698154954486535
-0.41861627060210777
-0.43446939725685824
-0.24709764975671192
-0.06042974401371926
-0.06089484847621024
-0.1879476408493287
-0.19477407315605602
0.07066386703856047
0.0942762946402918
-0.16699090984809387
0.06919502897488765
-0.010380125163291407
0.21162400166825182
-0.11416395567556822
-0.0787846084720762
-0.011222859126572194
0.30441054609158047
0.17655530425357846
0.09437254837047959
-0.010380125163291407
0.013952430598530746
-0.08851437187246187
-0.2844375582712194
-0.2640679302757554
-0.5297320311781489
-0.41860828027124064
0.037787501730355645
0.09948639780466692
-0.07496743485705082
0.06781988579597538
-0.10317985055211716
-0.1898497958377089
-0.10911956278230192
0.2889504846970574
0.1737673816568484
-0.20194218719109316
-0.08851437187246187
-0.2678832162895318
-0.27273867495192006
-0.025481497777511724
0.013952430598530746
0.26642424434124146
0.06795103919985646
-0.18746270665710899
-0.0787846084720762
-0.18746270665710899
0.06420028335368523
-0.001977440748120213
0.25643713405466473
-0.010380125163291407
0.07092757969769409
0.10534020500212843
0.09128339377719051
-0.1898497958377089
0.07145822555853683
0.17931283125292447
0.10590753126086155
0.013952430598530746
0.19652360213270323
0.013952430598530746
0.08051420209505734
0.14052133838660785
-0.08851437187246187
-0.1945084471970305
-0.1402511630942379
-0.07803287512535549
0.07764841018990606
0.10130643832058009
-0.0787846084720762
0.2694568148281003
-0.08851437187246187
-0.241538951059223
-0.12446832085033754
-0.011161582209235837
-0.13767955301304918
-0.3041231209335892
-0.43647390512468265
-0.37970313141775447
-0.3979505540394397
0.033063159869909264
-0.2019214770302959
-0.1372319215269081
-0.010380125163291407
-0.18746270665710899
0.17655530425357846
0.19462180409351465
0.013952430598530746
-0.17669044750987145
0.013952430598530746
-0.08533602403825949
-0.20047984538413702
-0.07003508209040539
-0.0770147920173133
-0.31528848668062126
-0.29315320137560724
0.05235197200664024
-0.027844040949965284
0.3630919000942468
0.33718406345923313
0.013952430598530746
0.08370583161966819
-0.15978931446739128
0.0064858588920681005
0.10644931524174185
0.013952430598530746
0.013952430598530746
0.06500964168892703
-0.19196100704456762
0.029808845206156915
-0.0787846084720762
-0.0787846084720762
0.2330681709441036
-0.12974367546239884
-0.17952586130490708
0.06886059072075307
0.2607492952093926
0.17686561461211084
0.1153733738817165
0.18011579153205212
0.19203265717329515
-0.09344978050749791
-0.18746270665710899
0.05761359635446157
-0.19477407315605602
-0.010380125163291407
0.06735911273717406
0.013952430598530746
-0.0785643913689679
0.1884721698948215
-0.1727668486769917
-0.10612876489444055
-0.18746270665710899
0.19014605883610447
-0.05671263194952839
0.08179566840393171
0.11102222801678044
0.09128339377719051
-0.18746270665710899
0.06033709305198527
0.013952430598530746
-0.010380125163291407
-0.0800791448378935
0.072999013082869
0.1809867201942074
0.18011579153205212
0.19203265717329515
-0.18249984612467707
0.11824788004485962
-0.14447429133557213
-0.0018924410931853478
-0.01706213313186812
0.34936361810529903
0.013952430598530746
0.17655530425357846
0.07890819083457717
0.013952430598530746
-0.19283957805284524
-0.12974367546239884
-0.23464673859863125
-0.009615301767537946
-0.0810842478238129
0.17735826453270612
0.09451079913217614
-0.08457706650192233
0.1403831953476645
-0.08533602403825949
-0.25837739163564777
-0.24709764975671192
0.0896103685567369
0.10590753126086155
-0.16734585934606475
0.19094901911523213
-0.057049621046411786
0.1948497131914203
0.013952430598530746
0.013952430598530746
-0.12974367546239884
-0.44010398287764096
-0.4657392442401257
-0.3133928245351559
-0.30523625612033733
0.29160522719081755
0.08051420209505734
0.10744478073894655
0.18011579153205212
0.08665591434188145
-0.1870723035409485
-0.08166492368521133
-0.07860646541925491
-0.43414904981632363
-0.41231280038013096
-0.40525889658052344
-0.251577402025557
0.17822919319486139
0.11638670364615489
0.19203265717329515
-0.03104538629859187
0.013952430598530746
-0.03504243543010183
-0.14674191722103436
0.018681725318681546
0.10644931524174185
0.22944735566780097
-0.0787846084720762
-0.0800791448378935
0.07822720144341169
0.013952430598530746
0.19094901911523213
-0.05671263194952839
0.06919502897488765
-0.07803287512535549
0.17735826453270612
0.07890819083457717
0.22637609510246037
-0.06111645455996726
-0.25239900509428537
-0.24709764975671192
-0.03019517972483941
0.17931283125292447
0.09451079913217614
-0.054080407983244004
-0.18987821492037887
-0.19697860674607628
0.17822919319486139
0.1809867201942074
0.0891878670126359
0.19203265717329515
-0.14568232742880904
0.23091736629604281
-0.0787846084720762
0.013952430598530746
0.0759533360009428
-0.010380125163291407
-0.13557292614581357
0.23242842929247878
-0.07055321745046567
0.17655530425357846
0.17485101971491146
-0.0787846084720762
-0.0787846084720762
-0.07803287512535549
0.1737673816568484
-0.18746270665710899
0.06033709305198527
-0.24503561093099843
-0.1651426009272296
0.013952430598530746
0.04256385503502205
-0.22393436696026975
-0.2961757346222025
0.013952430598530746
0.18704443823678285
-0.06546779371630619
0.0759533360009428
-0.0787846084720762
-0.17169064814467375
0.19404675291229265
0.013952430598530746
-0.04319408952368598
0.013952430598530746
-0.10226511857953012
0.19572064185357557
0.013952430598530746
0.06659206188874915
-0.2783125421894479
-0.30181212821886094
-0.14592324908906434
-0.36503047929841065
-0.3602701031908589
-0.004762003327936561
0.091517304485934
0.18178968047333505
0.18011579153205212
0.1022585226394804
-0.05058779188116316
-0.22677520118917727
-0.09908488003572584
0.1323689565069684
-0.34647844087677604
-0.4196581925041519
-0.45027589564677517
0.022951354335655743
-0.0787846084720762
-0.09281656117230519
-0.08851437187246187
-0.25301172389571
-0.3916941975733175
-0.3924996949001736
0.2536494772108794
1.754979846271943
