2.797195983736773
1.4939454108580694
0.7744923760514244
0.14524960227671224
-0.12638057221603016
-0.2759495925727186
-0.4017151040655467
0.09790652959121254
0.08665591434188145
-0.13534326449125586
0.26009615306101125
0.07674769452091917
-0.20084330611298554
-0.08851437187246187
-0.23852825615596143
-0.1328056781963946
-0.001289403780906727
-0.10688987843577351
-0.2524953819884964
-0.2131905326417433
-0.5797006382559747
-0.6109814866911065
-0.44173444179751603
0.1400219743021513
0.013952430598530746
0.19383277218024894
0.3096863602408111
0.0742430028579002
0.13579301273554775
-0.10688987843577351
-0.1980868555755807
0.01967213747720103
-0.3033440022549759
-0.3164986071715883
-0.4177669652955509
-0.13241993843658123
-0.2629268283818593
-0.13429241047141072
-0.2992259516467312
0.17903215347398904
0.09772994903991655
0.10744478073894655
0.09142164453888704
-0.006998557028928817
0.28303817626945793
0.19404675291229265
0.013952430598530746
0.27982320811829614
0.06943054612234897
-0.17806125235367598
0.06919502897488765
-0.18746270665710899
-0.0787846084720762
-0.19570892406404825
0.1320510201212746
-0.278184039530346
-0.29030871052873525
-0.3979505540394397
0.271209774233193
-0.21234022987091425
-0.07803287512535549
0.07092757969769409
0.10306488396604309
0.1805422863926545
0.10195293161820934
-0.08851437187246187
-0.1882910572322505
0.036789669888231714
-0.3024731005399366
0.05747945286147327
-0.01284773538040001
0.2326287961107974
-0.12974367546239884
-0.2869587330527704
-0.27332646862690496
-0.3312501684838454
-0.30916665140430016
-0.030403413718265177
-0.14599759332775306
0.32628352344493833
-0.17630871028366468
0.1884721698948215
-0.023989252707956127
0.013952430598530746
0.3491835760626028
0.33861090755758533
-0.16648460540635096
0.072999013082869
0.09655161567637714
-0.16699090984809387
0.08100130988395535
0.10210079684055647
-0.18746270665710899
0.06627610818253597
-0.15237343356521832
-0.08851437187246187
-0.16526247351106657
-0.02436266988338306
-0.1448421829337879
-0.2515408014480225
-0.2934344050066293
-0.3286322378980431
-0.28199047430563035
-0.33441704424859886
-0.28627165784142017
-0.1448421829337879
-0.22812853558670454
-0.11554868668569247
0.013952430598530746
-0.0901543399932205
-0.17528825265050876
0.09092485250104514
-0.3021307548355296
0.1737673816568484
-0.07803287512535549
0.06860310251220525
-0.18849177291977118
-0.06111645455996726
-0.22739440644129072
-0.24709764975671192
0.013952430598530746
0.06943054612234897
0.013952430598530746
0.07305951962412897
-0.08758490078920918
-0.1867402238549327
0.04552809101322831
-0.300718205842252
-0.03324013905648407
0.28303817626945793
0.0759533360009428
0.2746441277466986
-0.18664713167371605
-0.18370773317157546
0.0665758960209442
-0.03263586886193689
0.013952430598530746
0.28993629034905544
0.13958023506853684
-0.08851437187246187
-0.1910846449473519
-0.12188816471593018
-0.2044565338549785
-0.1898497958377089
0.32316276597487215
0.013952430598530746
0.27982320811829614
0.06795103919985646
0.2883435363305894
-0.07803287512535549
0.0797242350187568
0.09967761058212402
-0.08851437187246187
-0.18684261135886193
0.04775895799587488
-0.19444182435685625
0.23908137129501508
-0.08080779514014015
0.07305951962412897
-0.03504243543010183
-0.17424456413165598
-0.12661005040205234
0.09397911512108025
0.09811612780992403
-0.12638057221603016
-0.29148637309764114
-0.28726629659673486
-0.03019517972483941
0.11388228702940907
0.11457901536174013
0.0977496509756204
-0.0787846084720762
-0.07803287512535549
0.17655530425357846
0.10518995143384557
-0.18746270665710899
0.17289645299469314
0.2883435363305894
-0.18746270665710899
0.07066386703856047
0.10130643832058009
-0.2102447156421006
-0.42318532755548816
-0.44205904140191343
-0.3784996844359602
-0.06428775055586848
0.09672429779107296
-0.15102322852924657
0.28324845567831036
0.148845440897639
-0.12638057221603016
-0.24328704432964784
-0.1280200447490046
-0.0046397033540477636
0.013952430598530746
-0.0787846084720762
-0.19563454650577713
0.013952430598530746
-0.4115445523867142
-0.2985194753756853
-0.29135922327071795
-0.025481497777511724
0.1968042799116386
0.013952430598530746
-0.08238907834471978
0.06795103919985646
-0.0787846084720762
0.23872209580930423
-0.136119314970463
0.07305951962412897
-0.03504243543010183
-0.13399798585354092
-0.05971026778352918
-0.0787846084720762
0.013952430598530746
-0.07803287512535549
0.07388190261576788
0.2897311851140795
0.013952430598530746
-0.19733461599671273
0.14695757122431233
0.10566866339603592
-0.1387233978177626
0.03648915463833668
-0.24055676798861367
-0.03761187463411316
-0.20025135548840475
-0.08268303979909614
-0.0035139000331058383
0.2880821148192224
0.07822720144341169
-0.1903436041566384
-0.08851437187246187
-0.23736494037368805
-0.15053296188893914
0.2704290738161709
0.06745483424239002
-0.13549511122367808
0.0742430028579002
0.11388228702940907
0.10455597081835054
0.09982547580447113
-0.08091319033849065
-0.08851437187246187
-0.20381374521447806
0.050625460301134136
-0.2291071435503271
0.13745436583093942
-0.03504243543010183
-0.11972452997074895
0.037632408600592276
-0.0433034773321294
-0.12974367546239884
-0.26073612113987465
-0.11844923934742148
0.07909107263483468
-0.41401173767816574
-0.2475242102515619
0.023138901539936696
-0.2977975341233805
-0.34246810688660534
-0.28726629659673486
-0.0292662059997438
-0.023991430491979666
0.28324845567831036
0.17209349271556548
-0.0787846084720762
0.19710726178829283
-0.07860646541925491
-0.25608904971027097
-0.15095506799627906
-0.31794178235356174
-0.10688987843577351
-0.26497102122476207
-0.2820329631049239
0.06972246709422251
0.05554165471205647
-0.15992479275683227
-0.09069002159339061
-0.1525966432622619
0.28324845567831036
0.19572064185357557
0.013952430598530746
0.1383493740140172
-0.13104117685913574
-0.38239113339828
-0.3903306396095999
0.041186649379193245
0.10583887549115266
-0.2066603115393016
0.06919502897488765
-0.20826617799738273
-0.1461251748990842
-0.42693660343471207
-0.34804457578081893
-0.6306671264540454
-0.5084702095089755
0.08345328495776604
0.08921028432497101
0.08665591434188145
0.23727619641114903
-0.009212048801345461
0.28303817626945793
0.07743284292343532
0.3335940834687272
0.013952430598530746
0.09718328846478372
0.05422678843204423
0.6846967272907805
1.0794989082789468
2.3794983389289865
