3.650322925363706
1.7979455499012758
0.8981424365737918
0.17940833796284442
0.12566839879480407
0.21075609591490255
-0.3546857296594477
-0.28304510920408954
-0.12965713281734623
-0.24683473028590605
0.08402239637246492
0.013952430598530746
-0.07803287512535549
0.17209349271556548
-0.2031014743705009
-0.4098181372412506
-0.2885597026261636
-0.10701538560339947
-0.0787846084720762
-0.05208252626505469
0.17750221648037265
-0.13767955301304918
-0.274072674122306
-0.14935047907209026
-0.10873620955226461
-0.1793913730178207
0.052713222100925314
-0.025481497777511724
-0.19003276914402614
0.23670262356037855
-0.07437790442621757
0.07971984357508098
0.19491641023831197
0.37607320663743093
0.22887593096995912
-0.0787846084720762
-0.18746270665710899
-0.07803287512535549
0.06716288601035812
-0.08851437187246187
-0.18916900063537642
-0.06571575775399711
0.2704290738161709
0.0778621498898263
0.013952430598530746
0.06300047719824696
-0.13104117685913574
-0.3984348731665468
-0.40899209643544343
-0.21003764844701275
0.20431468287277993
-0.0787846084720762
-0.18746270665710899
0.2559435484539248
-0.2031014743705009
-0.13767955301304918
-0.22440516698405388
0.0007352270871274282
0.09931846866380457
0.013952430598530746
0.21593262069955638
-0.013003318523802153
0.2668668963890504
0.2746441277466986
-0.16955905987801945
0.2889504846970574
0.07578632506097556
0.23727619641114903
-0.11741924786593916
-0.13767955301304918
-0.2176508965571659
0.10215971913050108
-0.1462007009846963
-0.15792405473729754
0.021668081032460703
-0.2103185700145236
-0.18746270665710899
0.2559435484539248
-0.18746270665710899
-0.0787846084720762
-0.07803287512535549
0.19404675291229265
0.013952430598530746
-0.07803287512535549
0.07092757969769409
0.14978654421570997
-0.12638057221603016
-0.2130814804741259
0.04301677807294132
-0.3021307548355296
-0.18746270665710899
0.17655530425357846
0.1765249086561944
-0.18746270665710899
0.17903215347398904
0.11618720743892026
0.18011579153205212
0.09539163983045892
-0.13767955301304918
-0.19111865838957814
0.13042554736670897
-0.02848879789324986
-0.010380125163291407
-0.20217791796568357
-0.035971906513354523
-0.20044447953636457
-0.09530506732738661
-0.2971626339053209
-0.18746270665710899
0.17822919319486139
0.1153928489189439
0.0927516521805496
-0.3913677754812299
-0.23049146122914504
0.10363889884975853
0.0899071455364703
0.2243870194681607
-0.17435174463037775
0.2873577306785914
-0.08166492368521133
-0.13767955301304918
-0.45665622278810447
-0.4274049829646951
-0.29787288824071717
-0.05831661004914641
0.1912296968941675
-0.09315281315137414
0.2756212087544222
0.017233693421470776
-0.4377640141973835
-0.5892598755378126
-0.6507774294627628
-0.4995839503029869
-0.5737937732415721
-0.6169797135313654
-0.5959172860098941
-0.4886458257567906
-0.4146392370409005
-0.07782239995963386
-0.2963230023627699
-0.11334339145438044
0.2873577306785914
-0.0787846084720762
-0.010380125163291407
0.19383277218024894
0.2968615214445141
0.19652360213270323
0.013952430598530746
-0.08851437187246187
-0.2259762339634513
0.0874338961994148
0.25593181547449634
-0.2024266731920533
-0.18746270665710899
0.2664424035251643
0.2897311851140795
-0.19148763876773459
-0.18746270665710899
-0.055897443235738635
0.013952430598530746
-0.03504243543010183
-0.1957942520422651
-0.11110109469644174
-0.216843488292131
0.013952430598530746
-0.07099945972247061
-0.4245540161204214
-0.4366497545420349
0.01465745975977392
-0.13880591867101852
-0.21258952892941618
0.13282029158257017
-0.1781580862329288
-0.41349772545449714
-0.4288754929610778
0.05236734679517887
0.2704290738161709
0.07430681813848304
0.27794330139034285
0.1167117543881619
-0.20711981136634386
-0.13862250881063023
-0.08166492368521133
-0.35581536542725845
-0.3399402469232177
-0.4118382835810496
-0.4232842485912559
-0.26924709613435
0.0896711738303536
0.25192321882638524
-0.18746270665710899
0.29743697125929985
0.2996290773507107
0.17655530425357846
0.17485101971491146
0.2746441277466986
-0.14712909857601342
0.25200138930766897
-0.07803287512535549
0.16992695385368722
0.2873577306785914
-0.0787846084720762
-0.18746270665710899
0.2897311851140795
-0.18454386845116955
-0.18746270665710899
0.2664424035251643
0.29743697125929985
0.24590229068723216
-0.07803287512535549
0.192158883238966
0.37607320663743093
0.22887593096995912
-0.0787846084720762
-0.18746270665710899
0.17209349271556548
0.2873577306785914
-0.08166492368521133
-0.3546857296594477
-0.30313332844689495
-0.26029591733859503
-0.028958439873327767
0.10281837666757244
-0.17670815750910243
-0.08851437187246187
-0.27879354717001587
-0.3417140450038466
0.2789155603784134
0.2996290773507107
0.17822919319486139
0.17931283125292447
0.10532820219554212
-0.07029529128964745
-0.035971906513354523
-0.23096764608718343
-0.12064957788515067
-0.010035778888293913
-0.1898497958377089
-0.1898497958377089
0.29743697125929985
0.34164633440243514
0.2699648459382857
-0.18746270665710899
0.2450757978512149
-0.010380125163291407
-0.08533602403825949
-0.2168903124880244
-0.12069992725455657
0.10644931524174185
-0.21282140217623835
-0.18746270665710899
0.06433442684667354
0.2897311851140795
0.013952430598530746
-0.07803287512535549
0.0753614095382604
0.013952430598530746
0.06270969428810652
-0.17202894328766882
0.10589949494160728
0.0967412151346742
0.1934886785802733
-0.1823423732528737
-0.08851437187246187
-0.25438500317794827
-0.27833718335459084
-0.10873620955226461
-0.2228383874345646
0.05668663526604738
0.271209774233193
-0.19851376733739926
0.34061357797583247
0.26488655392493093
0.0810992598043988
-0.32639838547743744
-0.38657585225164576
0.11449723452542537
0.26883631979770484
-0.18746270665710899
0.36887546250241576
0.3157680745425514
0.08100130988395535
0.09355871481327582
-0.10223501183268885
0.3108171632064001
0.8106255299172861
1.4867667730076977
2.588675063827888
