2.24984116339879
1.5011986825051868
0.7248026204565238
-0.08375161986033466
-0.24881130497501353
-0.11251913471451662
-0.0787846084720762
0.34008866563841084
0.013952430598530746
0.17655530425357846
0.10532820219554212
-0.07183085768297075
0.07743284292343532
0.013952430598530746
0.28993629034905544
0.07269446807054358
-0.08851437187246187
-0.248702052052172
-0.2838333805179368
-0.026607301098453648
-0.08697599215901812
-0.25078050075497965
-0.30004325154153483
-0.0875245985557107
-0.12421719023505204
-0.20084330611298554
-0.12974367546239884
-0.2726850217190225
-0.26620376406166335
-0.36671917212581767
-0.430995460292511
-0.03206336533593365
0.10429933918368141
0.013952430598530746
-0.2031014743705009
-0.3546857296594477
-0.2807059774856807
-0.11178889035898239
-0.08314697334280927
-0.08246310196577035
-0.05741658157930123
-0.19625824760334162
-0.18746270665710899
-0.11589656783054593
-0.18746270665710899
0.06420028335368523
-0.03978505149428702
-0.12974367546239884
-0.23277010830153017
0.04746922569066835
0.09508090382153078
0.013952430598530746
0.35062755875991586
0.3652000553620487
0.3237850996821785
0.013952430598530746
-0.18746270665710899
-0.18746270665710899
-0.11589656783054593
-0.18746270665710899
-0.18746270665710899
0.3097638021978175
0.013952430598530746
-0.2020025932923933
-0.12974367546239884
-0.2565354999663196
-0.14227462445131378
-0.2975049796097279
-0.18746270665710899
-0.08572636495931041
0.1853705492954999
-0.0035030496799093517
0.349855253860163
0.013952430598530746
0.13307686281914236
-0.08758490078920918
-0.2721348769786038
-0.3586915443156504
-0.04265431398308419
0.3258265350082621
0.013952430598530746
0.3372285949828612
0.2913372157604081
-0.18746270665710899
0.06266157023747414
0.10429933918368141
-0.17815941975316843
-0.19477407315605602
-0.010380125163291407
0.07092757969769409
0.1478986745423833
0.11843850968299201
-0.1807377205571644
0.03274677421179199
-0.1764883447669285
-0.3877897974586929
-0.39917753855696625
-0.21198529931855792
-0.26484981721047907
-0.2751494705469992
-0.29073226917398537
-0.025481497777511724
-0.19570892406404825
0.14492007552570654
-0.12638057221603016
-0.2294052799071239
-0.1720646051972469
-0.26729081304287333
-0.36696272141628705
-0.3572556992291864
-0.012162386176530366
-0.04075798116149742
0.10002497201170574
-0.19666100410727164
0.27794330139034285
0.09063861640569808
-0.13282091612315208
0.015391863505322472
0.091517304485934
0.14870163482151097
-0.3810620789745056
-0.28148294037203947
-0.2682130470308966
0.2903935856283546
0.013952430598530746
0.07615137661456094
0.2636512560370791
-0.19361330251663691
0.013952430598530746
0.06005865221732155
-0.19642688902091088
-0.28276896604131546
-0.39657510365271714
0.0899071455364703
0.2492845081241215
-0.06727429187010911
-0.11574461327255565
-0.010380125163291407
0.2702375152451224
-0.4296174721130688
-0.3513340172837618
-0.3695719679430017
-0.03461847826982121
-0.07899163901713177
0.08100130988395535
0.14317034889132324
0.16172144507091676
-0.16266020573877182
-0.16728467655154006
-0.17256971458659046
-0.25757309903766223
-0.10558033826103642
-0.0049474694804638
-0.0749964300127171
0.07694573513453731
0.29946297091820645
0.08051420209505734
0.17931283125292447
0.13477839693833352
-0.1823057193154811
-0.255397327205463
0.05659332233426301
0.057919799381403105
-0.2569578264540655
-0.31854439901810916
-0.029696562329067762
0.25025229226002443
-0.18746270665710899
-0.18746270665710899
0.06938240072968609
0.1007425518387217
0.37983129039249447
0.294395704720429
0.07615137661456094
0.27205354404218185
0.2756299333986966
-0.08028852120925639
0.1743887653917002
0.09996372656616767
-0.06687502719830345
0.19094901911523213
-0.05519787848060278
0.19296184351809365
0.23769039745110132
-0.10905507665231814
-0.3546857296594477
-0.32240446714180443
-0.3548927660923654
0.25304343908052107
0.06943054612234897
0.013952430598530746
0.013952430598530746
-0.18746270665710899
0.05761359635446157
-0.19666100410727164
0.25880703050566334
0.055420921356424346
-0.41217950280655336
-0.5450180233509776
-0.4754921870421842
-0.49501862799506063
-0.4024120375399234
-0.3930417035255233
-0.12340263280861336
0.07527994708937735
0.8366412308877104
1.6533384588739937
2.6421633849249537
