3.8032205955586518
2.397951323734111
2.2903306326892863
0.22901617396571608
-0.14077910087611556
0.12746409938875658
-0.13767955301304918
-0.24260558879344118
0.04301677807294132
-0.3021307548355296
0.2803744072360681
0.17209349271556548
0.2873577306785914
-0.18746270665710899
0.3511787578776879
0.31221663576279746
-0.1754870921127389
0.29743697125929985
0.23626753550095436
-0.010380125163291407
-0.1902544668715447
-0.035971906513354523
-0.21811603854846562
-0.13762360132182783
-0.0787846084720762
0.2694568148281003
-0.08851437187246187
-0.2982673666551672
-0.34805319269629587
0.24352827712712732
0.16992695385368722
0.2746441277466986
-0.14534812005367537
-0.18746270665710899
-0.0787846084720762
0.26456424809326035
0.2897311851140795
-0.010380125163291407
0.3212846105429682
0.013952430598530746
0.013952430598530746
-0.18746270665710899
0.3511787578776879
0.33861090755758533
-0.16536419051784543
0.0759533360009428
0.2702375152451224
-0.12974367546239884
-0.3143976689052154
-0.36835213474052025
0.271209774233193
-0.20883457631175162
0.013952430598530746
-0.07803287512535549
0.1378051884702024
-0.08851437187246187
-0.18740328104005324
0.08295979751493751
0.013952430598530746
-0.11034738941842478
0.0576085951676379
-0.13767955301304918
-0.2691082209305464
-0.15272281795451015
0.03094776325438359
-0.24953968838206264
-0.28321906841708694
0.08295559453583518
-0.0639521672258936
-0.07595856202320501
0.18905726263964437
0.26308034399912283
-0.07437790442621757
0.16992695385368722
-0.18746270665710899
-0.0787846084720762
0.013952430598530746
0.3143709881237165
-0.1719809342218548
0.1378051884702024
-0.03504243543010183
-0.19441078652444704
-0.05619089883590268
0.013952430598530746
-0.1120146413459105
0.2897311851140795
-0.010380125163291407
0.2873577306785914
-0.18746270665710899
0.2664424035251643
0.29743697125929985
0.27030894382696635
0.2897311851140795
-0.18970224805699373
0.013952430598530746
-0.13767955301304918
-0.2765242466356566
-0.13401447760749843
-0.0787846084720762
0.2883435363305894
-0.07803287512535549
0.0658957716824865
-0.13767955301304918
-0.15716754384705045
0.1252983550391884
0.013952430598530746
0.2889504846970574
0.1884721698948215
-0.09880861670570534
-0.07803287512535549
0.1737673816568484
-0.010380125163291407
0.17735826453270612
0.07699360153040213
-0.07860646541925491
-0.16627280988759188
0.0981250128238497
-0.24385746161588862
0.07694573513453731
-0.1790372354178593
0.07467186969206843
-0.010380125163291407
0.013952430598530746
0.013952430598530746
0.013952430598530746
-0.3139727219500475
-0.43123234073301586
-0.4341021520800324
0.04088704051863263
-0.04820862745776113
-0.07803287512535549
0.13285398040040225
-0.14937028927457055
-0.303029076916112
-0.28726629659673486
-0.1462007009846963
-0.27912296113204266
-0.2938909745193154
-0.027844040949965284
-0.16874554372049502
0.23670262356037855
-0.0713834223909874
0.0759533360009428
0.2897311851140795
-0.17604116879738851
0.013952430598530746
-0.08181968355933882
-0.03504243543010183
-0.21898189741399265
0.0550418430256775
-0.13241993843658123
-0.3217659931834808
-0.3577036185281758
-0.33558660568967136
0.050335727995927594
0.08157471540476431
0.1912296968941675
-0.04960901939341993
-0.06593482095298411
0.19075972743526876
-0.1270947668846056
-0.40949462785872603
-0.4394413507518862
-0.40525889658052344
0.27219557988519105
-0.010380125163291407
0.17822919319486139
0.1149057411300459
0.18011579153205212
0.17732786893532207
0.2889504846970574
0.19296184351809365
0.2775056332396201
-0.07055321745046567
0.17655530425357846
0.091566439601863
-0.13767955301304918
-0.24136483687823837
0.04720997345945513
-0.13707074369460873
-0.13767955301304918
-0.2666044184471919
-0.24709764975671192
-0.30297038637808055
0.06709540007804042
0.013952430598530746
0.3694316138553585
0.294395704720429
0.14695757122431233
0.14143575221529892
-0.1908756746943859
-0.16250333603574788
-0.15100468481154278
-0.23551924233024038
-0.1053519400563211
0.26312524103567647
-0.21329579871480372
-0.030985699422989108
0.2099461105072133
-0.03504243543010183
-0.2710638456076604
-0.3830899949885322
0.088700860446184
0.10163316408888586
-0.07803287512535549
0.07201965164795761
-0.08532553518558043
0.1403831953476645
-0.03504243543010183
-0.20940449492401852
-0.03218467846053708
-0.15100468481154278
-0.19788077199835485
-0.1379629053280887
-0.296665348067177
-0.18746270665710899
-0.12551241620866105
-0.0787846084720762
-0.18746270665710899
0.2450757978512149
-0.010380125163291407
-0.1307040032178599
-0.4307129430053922
-0.440226428635262
-0.3181517817546443
-0.05515428570486071
-0.2285782724938739
-0.12974367546239884
-0.31396146518121243
-0.35949796240387416
-0.34202178337337935
-0.12729093676120426
0.10721454546651431
-0.2124867635869919
-0.29158772778587416
-0.31856164943193493
-0.28118482938135164
-0.1250255181479835
-0.0009241202495412147
0.11102222801678044
0.10281837666757244
0.013952430598530746
0.0742430028579002
0.19491641023831197
0.36267424286037636
0.2699648459382857
-0.2031014743705009
-0.07860646541925491
-0.3245559351024147
-0.4098645841548178
-0.34471734842526
0.056083029661955316
0.2448535130018075
-0.1288102919657945
-0.010380125163291407
0.07388190261576788
-0.18746270665710899
0.013952430598530746
-0.2031014743705009
-0.08758490078920918
-0.2856491307903607
-0.36681097621437
-0.32089169527840233
0.013831819621506947
-0.38447081926171606
-0.4127499036012789
-0.26206552146968876
-0.05917699873739404
-0.010380125163291407
-0.0800791448378935
0.08179566840393171
0.14052133838660785
-0.035971906513354523
-0.17888204043935027
-0.10722525233165005
0.2820280552241161
0.013952430598530746
-0.19630815839521826
0.148845440897639
-0.12638057221603016
-0.2692100699969664
-0.1336993040533401
-0.28076408674782666
-0.24709764975671192
0.08675318672098947
0.17931283125292447
0.07591528997147587
-0.010380125163291407
0.19898143467473314
-0.08851437187246187
-0.28475682187659684
-0.40525889658052344
-0.010380125163291407
0.06735911273717406
0.013952430598530746
0.27982320811829614
0.06434004545268364
-0.12638057221603016
-0.2884728027606147
-0.26029591733859503
0.25402412895330073
-0.35581536542725845
-0.2597031043852001
0.05106176260062899
-0.026607301098453648
0.0977496509756204
-0.19828669603993615
-0.18543716560037676
-0.035971906513354523
-0.2599006637934081
-0.2871491283671494
-0.10737769150135618
-0.253693546121478
-0.13765879328072692
-0.3167313849222092
-0.3827636704374251
-0.03093756201499173
-0.21529703904266337
-0.18746270665710899
-0.18746270665710899
0.07066386703856047
0.1765249086561944
-0.2103915166769848
-0.13388235105206228
-0.3991337023576785
-0.41029398361300046
-0.33065723775570455
0.29865685646200646
0.2988176719857428
-0.18129920451619308
-0.18746270665710899
-0.15401208607040737
0.31628347557687003
0.013952430598530746
-0.1818866235682432
0.07615137661456094
-0.14502238178556348
0.22835409027308728
-0.12974367546239884
-0.2377191453596797
-0.12375014577571637
-0.006153097294656552
-0.20211602840437198
-0.35581536542725845
-0.3011451456336511
-0.26029591733859503
-0.010380125163291407
-0.010380125163291407
0.013952430598530746
-0.07803287512535549
0.17209349271556548
0.2897311851140795
0.013952430598530746
-0.17931400171585454
0.06943054612234897
0.013952430598530746
-0.06111645455996726
-0.2018305643227701
0.08020293657307492
0.05980812314340517
-0.25731504098063995
-0.3979505540394397
-0.02783263655238584
-0.19477407315605602
0.2803744072360681
0.06291330231872633
0.11010042022516126
-0.15670436934652116
0.05428268119876166
-0.13770328631805745
-0.13767955301304918
-0.44336712270389206
-0.45254283324355354
-0.4010416294803032
-0.3049750346275663
-0.18746270665710899
-0.08315335514805261
0.17209349271556548
-0.010380125163291407
-0.18746270665710899
-0.18746270665710899
-0.010380125163291407
0.2873577306785914
-0.18746270665710899
-0.18746270665710899
0.192158883238966
0.2801846204454146
-0.08264636878978525
0.061433795396233816
-0.13767955301304918
-0.2703877203328087
-0.2828562556098093
0.20989716181167872
0.10188224689122137
-0.17434203110284707
-0.10932352763079337
0.013952430598530746
-0.20084182265297412
-0.03504243543010183
-0.27518170511541384
-0.3830095982095893
-0.14874281936486766
0.0717780533152546
-0.03504243543010183
-0.17078819984804075
0.0874338961994148
0.30834911386517616
0.013952430598530746
-0.12974367546239884
-0.26516867433005287
-0.24709764975671192
-0.21327740146159976
0.3090127525051623
-0.16634017358202868
0.07467186969206843
-0.18746270665710899
-0.11589656783054593
-0.18746270665710899
-0.12551241620866105
-0.07803287512535549
0.19383277218024894
0.23661399801617594
-0.08851437187246187
-0.2818359694074911
-0.28726629659673486
0.04185106351012934
-0.26329559367523186
-0.37838549389880505
0.2704290738161709
0.17209349271556548
0.29743697125929985
0.3727420028042177
0.294395704720429
0.06286053853019112
-0.07860646541925491
-0.24278655382850606
-0.13988242630311348
-0.29491045336949234
0.06833639976396438
0.2028047976240801
-0.13767955301304918
-0.2503708733676389
-0.037450972543600844
-0.010035778888293913
-0.18746270665710899
0.06390556001250532
0.1809867201942074
0.0852038527075469
-0.08851437187246187
-0.21927649840324673
-0.1082512541787351
0.24591397456517183
0.2680515693779627
-0.18804629751631224
-0.08166492368521133
-0.3338329337696416
-0.3175725431124627
-0.2874438197112737
0.24486097529773967
0.0759533360009428
-0.010380125163291407
0.29117105445622654
0.1743887653917002
0.09358395154604421
-0.13767955301304918
-0.2559266075714606
-0.24709764975671192
0.24799076987905533
0.2889504846970574
0.06758598764627109
-0.0787846084720762
-0.06509877506531012
-0.2007227026090515
-0.18746270665710899
-0.18746270665710899
-0.18746270665710899
0.2664424035251643
0.29743697125929985
0.17851167346469476
-0.36342535280509125
-0.27758610954839336
-0.11627983059825776
0.013952430598530746
-0.1898497958377089
0.06833639976396438
0.2764760948333761
-0.18746270665710899
0.1743887653917002
0.19290358583545048
-0.05671263194952839
0.08179566840393171
0.17931283125292447
0.09437254837047959
-0.07803287512535549
0.17735826453270612
0.08537444803300709
0.013952430598530746
-0.0787846084720762
-0.1125592812159553
-0.18746270665710899
0.16992695385368722
0.2873577306785914
-0.18746270665710899
-0.0787846084720762
-0.010380125163291407
-0.1900455043281687
-0.07803287512535549
0.06587960581468154
-0.18746270665710899
-0.11589656783054593
-0.18746270665710899
0.013952430598530746
0.013952430598530746
0.22177752875506193
-0.12974367546239884
-0.31619771892286813
-0.3614558268061821
0.10246755674545352
-0.21838035257034602
-0.18746270665710899
0.013952430598530746
0.192158883238966
0.30148566374972147
-0.1756722024340436
0.013952430598530746
-0.010380125163291407
0.14695757122431233
0.13788241339540233
-0.22681213806816672
-0.28726629659673486
0.2603414352382298
-0.19320065562341168
0.17655530425357846
0.10610702746809617
0.34936361810529903
0.013952430598530746
0.1378051884702024
-0.03504243543010183
-0.2518858411154504
-0.27981312001212044
-0.29083003216989134
0.058594342602242305
0.24446593799082714
-0.11612992216841399
0.08051420209505734
0.10406952375927428
-0.035971906513354523
-0.22719904294765197
-0.16380382304310637
-0.3570421351902229
-0.23238318551546
0.04780832328324534
-0.027844040949965284
0.226709739005252
-0.010380125163291407
-0.2020025932923933
-0.08851437187246187
-0.24935074218109674
-0.23214755303728885
-0.38780729352583193
-0.3927082055666771
0.09933740688772177
-0.05186097306849563
-0.15161538112107545
0.26995456707461607
0.1853705492954999
-0.09563799658754168
-0.18746270665710899
0.1884721698948215
-0.09104451089339918
-0.18746270665710899
0.34973477518037477
0.3652000553620487
0.33861090755758533
-0.16536419051784543
0.07743284292343532
-0.18780400411357787
-0.18746270665710899
0.07145822555853683
0.11457901536174013
0.10210079684055647
0.2889504846970574
0.13010627470488123
-0.13767955301304918
-0.23395379236229316
-0.10009661771923861
0.24838556921824395
-0.18746270665710899
0.192158883238966
0.26973272899644923
0.29743697125929985
0.19875722526938897
-0.07860646541925491
-0.30490389044136207
-0.41326122151713796
-0.36673773657971787
-0.4062850124660357
0.2431964838778579
0.07615137661456094
0.013952430598530746
0.18878548430600756
-0.3546857296594477
-0.3355394858158437
-0.5119015862762645
-0.3816948365935039
-0.4017151040655467
0.10284579890217099
-0.21655079352067982
-0.010380125163291407
0.17655530425357846
0.1765249086561944
0.2694568148281003
-0.08851437187246187
-0.20150742518372905
0.09430636989648317
-0.13241993843658123
-0.26151130453035387
-0.218879832089065
-0.3581543963605837
-0.24709764975671192
-0.16389645342782633
0.2810870377801518
-0.18746270665710899
0.19404675291229265
0.013952430598530746
-0.07860646541925491
-0.28957297477270516
-0.27081596576785033
-0.3053126867854056
-0.30393376547689926
-0.30906022572670006
0.27893042453875505
0.07743284292343532
0.22615307360523024
-0.10780339948782405
-0.3546857296594477
-0.30590058242086926
-0.4062850124660357
0.013952430598530746
0.013952430598530746
-0.010380125163291407
0.013952430598530746
-0.08851437187246187
-0.23959970535875616
-0.24709764975671192
-0.010380125163291407
0.05011711854574271
-0.18925588957049888
0.028617013754074865
-0.010380125163291407
-0.20650825849063548
0.072999013082869
0.1130879285094327
0.19571937051743962
0.33317642623485666
0.013952430598530746
-0.19570892406404825
0.148845440897639
-0.12638057221603016
-0.1543328157123787
0.07330443143663104
0.27820377819126185
0.0742430028579002
0.19659029917959495
-0.16786527693010658
0.17903215347398904
0.1809867201942074
0.0964484827310422
0.18178968047333505
0.18011579153205212
0.08665591434188145
-0.18656882742325032
-0.07860646541925491
-0.29388156342437083
-0.3579703669805842
-0.03093756201499173
0.1809867201942074
0.18178968047333505
0.11638670364615489
0.08971868696618053
-0.4863986500173983
-0.3732405134584804
-0.5359301469182225
-0.4747977670718063
-0.49440563019720274
-0.3919572333700944
-0.2969627433356537
0.0940901160288893
0.34970340318761706
0.4249547404821171
1.4119237263243394
1.9859038413738026
2.5312852130780974
