2.537134509920408
2.6469276450499444
1.6622134941182134
-0.010882729218979995
-0.2740177015082184
-0.36516272356407475
0.07990469010060365
-0.010380125163291407
-0.023985944979643396
0.3313721831479888
0.26852086324097263
-0.18746270665710899
-0.010380125163291407
0.27849625180416404
0.07467186969206843
-0.0787846084720762
-0.18746270665710899
0.06709540007804042
-0.13726616052837604
0.2861699194901284
0.08100130988395535
0.09854400949559677
-0.08091319033849065
-0.08851437187246187
-0.16201221549708703
-0.0663622331986814
-0.2963230023627699
0.2981953382784366
-0.17983409200160763
0.013952430598530746
0.072999013082869
0.0942762946402918
0.013952430598530746
0.14598548490510557
0.07328076652552144
-0.16906338765039833
0.05752461462349007
0.2789155603784134
0.3458333613721168
0.013952430598530746
0.19572064185357557
0.013952430598530746
0.17072991413281488
-0.19666100410727164
0.175130418519329
-0.3546857296594477
-0.20593521107104998
0.13000901324179837
-0.06293886377188877
0.013952430598530746
0.07694573513453731
0.013952430598530746
0.0754662282120448
-0.18746270665710899
0.06709540007804042
0.013952430598530746
-0.07528546578861134
-0.10612876489444055
-0.18746270665710899
-0.12551241620866105
-0.0787846084720762
-0.19888785593668956
-0.12974367546239884
-0.20751751639913227
0.06893901123611915
0.2109472916047855
-0.35581536542725845
-0.22347523952199108
-0.015616582455470858
-0.010380125163291407
0.28993629034905544
0.17822919319486139
0.11053393533223564
0.19760724019076625
0.013952430598530746
-0.4036876431240954
-0.2610126898125767
0.08683021251737653
0.25327948413860113
-0.0792287522535523
0.0754662282120448
-0.010380125163291407
0.17519172567082786
0.19273393442018802
0.24767879317138963
-0.08091319033849065
-0.08533602403825949
-0.19091500835931832
0.12021941974228045
-0.0787846084720762
-0.18746270665710899
0.05909310327695408
0.013952430598530746
-0.35591576953225357
-0.2713014267186889
-0.10155975664790065
0.28173147571730556
-0.18873629560750793
0.17822919319486139
0.13874629178827344
-0.035971906513354523
-0.22029269728111203
-0.24709764975671192
-0.08166492368521133
-0.3372167691981285
-0.2935907500424936
-0.09060102582331261
0.1076146296982802
0.37607320663743093
0.33861090755758533
-0.16494677259961057
0.07971984357508098
0.0977496509756204
-0.18746270665710899
-0.11589656783054593
-0.18746270665710899
0.32171878327755915
0.013952430598530746
0.2897311851140795
-0.25055531480441307
-0.12855425004662435
-0.13767955301304918
-0.3105505512873217
-0.3779274322783507
-0.03206336533593365
-0.18746270665710899
-0.19733461599671273
0.1344027778406157
-0.29964157275754394
-0.23023138400918267
-0.07108303442184073
-0.2940708218269414
0.013952430598530746
0.3372285949828612
0.2913372157604081
-0.18746270665710899
0.07066386703856047
0.17360362563423087
-0.19828669603993615
0.1817407522658725
-0.07860646541925491
-0.2575592223182074
-0.2780548346759241
-0.10505547756065825
0.06816524568127956
-0.12638057221603016
-0.21331466088083598
-0.13703734480780366
-0.2971626339053209
-0.21447744375968958
0.013952430598530746
-0.1958480186086724
-0.13104117685913574
-0.426279010326979
-0.4175793230373588
-0.24709764975671192
0.08844505410019857
0.1478986745423833
0.09874654829940246
-0.21436399285668287
-0.26924385701047315
0.2583101772267802
0.08179566840393171
0.11309805284563117
0.11102222801678044
0.17732786893532207
-0.18746270665710899
0.19296184351809365
-0.18930860069193375
-0.17556428593024687
0.19383277218024894
0.29648957150365
0.08100130988395535
0.19491641023831197
0.2368585391772785
-0.10454810729745309
-0.18746270665710899
0.013952430598530746
0.013952430598530746
-0.18746270665710899
0.07066386703856047
0.17485101971491146
-0.18746270665710899
0.013952430598530746
0.2889504846970574
0.13211518855993717
-0.2371398427548888
-0.2203044808342336
0.04891081065220308
-0.026607301098453648
-0.18746270665710899
0.19296184351809365
0.25923387392520975
-0.2031014743705009
-0.12974367546239884
-0.2860105886204021
-0.28726629659673486
-0.08166492368521133
0.04663974264976241
-0.2077573553504209
-0.1187771872424982
0.0973563679164281
-0.19361330251663691
0.07066386703856047
0.09355871481327582
0.2746441277466986
-0.10814879057366562
-0.19666100410727164
0.192894617128932
-0.035971906513354523
-0.23872852454584237
-0.29699207976765024
-0.12076119146176843
-0.18746270665710899
0.07066386703856047
0.09868226025729329
-0.0793065256562364
0.13004210626621865
-0.13767955301304918
-0.2726645305932839
-0.2909937000182937
-0.026607301098453648
-0.010380125163291407
0.07330111795683197
-0.07027506567111677
0.17735826453270612
0.10097705633060602
-0.10615883511036214
-0.3546857296594477
-0.2531214891065268
0.027175428792540136
-0.0787846084720762
0.2889504846970574
0.07935479202149559
0.1765249086561944
-0.18746270665710899
0.06833639976396438
0.2401087027823067
-0.010380125163291407
0.267847546144798
-0.18746270665710899
0.16992695385368722
-0.18746270665710899
-0.0787846084720762
0.2984227769112979
0.28424094753787005
0.07743284292343532
0.013952430598530746
-0.12974367546239884
-0.2846435478380131
-0.28726629659673486
-0.1312826399132656
-0.4148984925875155
-0.4024116540516681
-0.24709764975671192
-0.24592699396073087
0.1320510201212746
-0.2455453095902818
-0.3302936840522863
-0.36818653760315584
-0.03206336533593365
0.1765249086561944
-0.18746270665710899
0.06641025167552428
0.28993629034905544
0.17735826453270612
0.09437254837047959
-0.18746270665710899
0.25304343974810967
0.2873577306785914
-0.18746270665710899
0.20601990696764702
-0.10454810729745309
-0.18746270665710899
0.0649946418736616
-0.07300964768088165
0.07615137661456094
-0.1450136591251421
0.26284641117869983
-0.18746270665710899
0.17655530425357846
0.17485101971491146
-0.18746270665710899
0.3097638021978175
0.013952430598530746
-0.2020025932923933
0.06473065077259367
-0.23851930432665186
-0.30582355096421837
-0.30699690798528967
-0.18746270665710899
0.19404675291229265
0.013952430598530746
0.27982320811829614
0.17209349271556548
-0.0787846084720762
-0.07803287512535549
0.05553716178246299
-0.13767955301304918
-0.2055287938269662
0.06818118758286695
0.27331390495528224
0.17519172567082786
0.1007425518387217
-0.17583240940921863
0.013952430598530746
0.03210817343177939
-0.2415873817303784
-0.2795458774421342
-0.02804087054581161
-0.12007715209877842
-0.35231749841724225
-0.2884019823948417
-0.24709764975671192
-0.0787846084720762
-0.18746270665710899
0.3511787578776879
0.392701677627551
0.294395704720429
0.17209349271556548
0.2746441277466986
-0.04340346589504888
0.013952430598530746
-0.18746270665710899
0.29743697125929985
0.19160667481137925
-0.3546857296594477
-0.24667926356741934
0.04720997345945513
-0.1480836668494132
-0.08166492368521133
0.04677821020610122
-0.21444526098904076
-0.2640341770406558
-0.26198305000267513
0.07423864198675718
-0.07973283107722423
-0.2525927751380878
-0.24709764975671192
-0.0787846084720762
0.17957930247910184
-0.13767955301304918
-0.2666044184471919
-0.24709764975671192
-0.07803287512535549
0.07892987649878043
0.10202401814759607
0.32439619040886336
-0.15788825631024817
0.192158883238966
0.32645309144615714
0.013952430598530746
0.013952430598530746
-0.12974367546239884
-0.23624318121299667
0.05432820162510251
-0.13241993843658123
-0.22148959725056716
0.06727537691049262
0.11361803397878663
-0.16140405622945195
-0.1027126586753683
0.23032350288044984
-0.07803287512535549
0.06970661993007966
-0.035971906513354523
-0.17677878686183443
-0.09998725612318422
-0.0315913637112969
0.25721162020610366
-0.19477407315605602
-0.07803287512535549
0.07092757969769409
0.09147018587167523
-0.12638057221603016
-0.2461071306199739
-0.08493450732786469
0.19760080842071567
-0.015598356244500025
0.23007378740775006
-0.0787846084720762
-0.1206865930032743
0.2646060040907833
-0.35724928666259514
-0.2886778497132827
-0.24709764975671192
0.013952430598530746
0.192158883238966
-0.18780400411357787
-0.19733461599671273
0.05238895219180792
-0.23034141729661914
-0.2811871627786908
-0.24709764975671192
0.0451660340618626
-0.18317522638133496
0.0728881265894626
0.925706365942102
1.7465361020788595
2.8778800843363204
