2.2142393442208173
0.5663689105739226
-0.23988435636248298
-0.4012377371933462
-0.08933229307096312
0.07430333518963401
-0.07860646541925491
-0.3084795826020432
-0.36608365894810574
-0.033300105187445285
-0.18746270665710899
0.06833639976396438
0.2636512560370791
-0.20084182265297412
-0.07860646541925491
-0.17066411113518246
0.03953296055620373
-0.08269345647831457
-0.03761187463411316
-0.26933484939290175
-0.28726629659673486
-0.31893260055197703
-0.03761187463411316
-0.2963099760941816
-0.3598936014169219
-0.03206336533593365
0.1123036943256548
0.15058950449483763
-0.12638057221603016
-0.2425111763053584
-0.14286589723224283
0.2704290738161709
0.18617350957462755
-0.10525384496565683
-0.0787846084720762
-0.16135496456856674
0.013952430598530746
-0.18746270665710899
-0.18746270665710899
0.013952430598530746
0.1737673816568484
-0.18746270665710899
0.17519172567082786
0.10281837666757244
0.2997996031448048
0.08100130988395535
0.09128339377719051
-0.07803287512535549
0.17735826453270612
0.1968042799116386
0.013952430598530746
-0.3546857296594477
-0.26860420092431264
-0.038747756234986455
0.09268261894247233
-0.18746270665710899
0.3511787578776879
0.362608479592345
0.013952430598530746
0.17822919319486139
0.0891878670126359
0.09903111728449476
-0.1898497958377089
0.013952430598530746
-0.18836123377292954
0.013952430598530746
-0.3546857296594477
-0.2881621704588055
-0.25986689953991393
-0.2903864761319135
-0.09757766965025536
0.10448447984054844
-0.09256093766850522
0.06923431939553305
-0.03504243543010183
-0.2733327813767691
-0.28726629659673486
-0.10737769150135618
-0.26760032982575493
-0.2902349375245818
0.09355386249447369
0.0969355905199402
0.1954247643726423
0.013952430598530746
-0.2020025932923933
-0.03504243543010183
-0.18565423054112729
0.11510248212778854
0.0896103685567369
-0.18746270665710899
0.2803744072360681
0.07743284292343532
0.2636512560370791
-0.18746270665710899
0.2889504846970574
0.07430681813848304
-0.08166492368521133
-0.13767955301304918
-0.2774268185230268
-0.18811738916576712
-0.2685641190518148
-0.02600175730154334
0.0929431268249754
0.19370654611457813
-0.06412960021253461
-0.035971906513354523
-0.26933484939290175
-0.28726629659673486
0.09920302576982046
-0.18746270665710899
0.06705493345509002
0.27536874436266146
-0.18746270665710899
0.05909310327695408
-0.18033043954874323
0.26830960438651646
0.07137532365491671
-0.24373350398018964
-0.28726629659673486
0.271414879468169
0.08063625833036996
0.09128339377719051
0.28993629034905544
0.07387795130431483
0.17931283125292447
0.1038317064320108
0.26155468897094236
-0.18746270665710899
-0.11589656783054593
-0.18746270665710899
-0.0787846084720762
-0.18621608036481405
-0.19828669603993615
-0.0889816571496813
-0.08851437187246187
-0.22931966003955181
0.052847040936214576
-0.030860726889227363
0.19290358583545048
-0.052887944973776475
0.17903215347398904
0.1809867201942074
0.18178968047333505
0.17794925267017386
0.1973932594587226
0.2968615214445141
0.07615137661456094
0.013952430598530746
0.2777266410521593
0.1853705492954999
-0.028222048101785267
0.029065589823507418
-0.395261814104572
-0.47856510726740176
-0.3782029380180388
0.2119888830674618
0.6959655879133747
1.2906649742289797
2.4947947999076443
