2.97513234770842
1.8755459231701823
0.945467389418438
-0.00034259701262795455
0.013952430598530746
-0.2020025932923933
-0.40554225113189046
-0.3355553978888884
-0.37634210443274674
-0.03206336533593365
0.17931283125292447
0.19353689469931568
0.3335940834687272
0.013952430598530746
0.07359455403863416
-0.22484736313358625
-0.2628820117916186
-0.29684404385415414
-0.24709764975671192
0.013952430598530746
0.07674769452091917
-0.07803287512535549
0.06860310251220525
-0.17968092826843385
0.07537255134200689
-0.07598863223912664
-0.08851437187246187
-0.24770629092689977
-0.2789512453790288
0.013952430598530746
-0.12004332355864866
-0.18746270665710899
-0.18746270665710899
0.28993629034905544
0.13754641373488954
-0.07192893080572331
-0.3653083775644188
-0.5068030337851013
-0.35593656946205626
-0.418778377398692
-0.4062850124660357
0.271209774233193
0.013952430598530746
-0.07860646541925491
-0.4272704041658619
-0.40177405051965115
0.03930109520616487
-0.30503370411949093
0.07066386703856047
0.09358395154604421
-0.07860646541925491
-0.23869676669585235
-0.24709764975671192
0.09428411753069264
-0.010380125163291407
-0.18746270665710899
0.16992695385368722
-0.18746270665710899
-0.010380125163291407
0.19628489510726965
-0.08851437187246187
-0.23149553739294107
0.05117237008303736
-0.02804087054581161
-0.09428032905013473
0.06796720506766142
-0.07860646541925491
-0.41234261172581654
-0.44567290138214877
-0.37668873536516867
-0.2319905219425648
0.2490642580559226
-0.18746270665710899
-0.010380125163291407
-0.07803287512535549
0.06735911273717406
0.2645243266964359
-0.07437790442621757
0.1743887653917002
0.1912296968941675
-0.04316135539935856
-0.17693691350431173
0.06943054612234897
0.013952430598530746
-0.10688987843577351
-0.24110030523138481
-0.10425769742881842
-0.20740475025570604
0.09150548894199359
-0.20472264086518238
-0.10776389666367062
-0.010035778888293913
0.29743697125929985
0.27030894382696635
0.2897311851140795
-0.14495447531251143
0.23670262356037855
-0.13302522575369335
0.08100130988395535
0.19659029917959495
-0.16898385557204493
0.17457034193597606
-0.12515944827557157
0.019209625667961926
0.603177264894906
1.4112972780927353
2.7089921019795455
