3.168159007554674
1.7907123187195904
0.9029451104247463
0.24281219260563108
0.12053842765731394
-0.06590603512477317
-0.058668258743795325
-0.19273703319261895
0.2873577306785914
-0.18746270665710899
0.2847963745013819
-0.18030711101665567
-0.18746270665710899
-0.19726023843844165
0.18398815143142236
-0.08851437187246187
-0.27440741144338227
-0.2676290121607307
-0.5170824346195545
-0.4122913586190851
-0.19515879463267027
0.271209774233193
0.013952430598530746
0.12870009242564684
-0.29521857772546756
-0.3094759854678351
-0.28726629659673486
0.21023552628398007
-0.0787846084720762
0.013952430598530746
0.08179566840393171
0.11457901536174013
0.19760724019076625
0.013952430598530746
-0.12974367546239884
-0.26581741787900426
-0.16288164365801586
-0.10737769150135618
-0.27232226220241723
-0.4049358208969343
0.09699702148065965
0.08366301347878016
-0.18746270665710899
-0.08572636495931041
0.07467186969206843
0.2873577306785914
-0.0787846084720762
-0.07803287512535549
0.07388190261576788
-0.0787846084720762
0.2617381603876392
-0.18168397142338186
0.14702173966297488
0.10921269128943513
-0.13526308295217904
0.08319143199403889
0.22972484346684566
-0.09463003188510136
-0.044752025795477074
-0.12974367546239884
-0.24823280061282407
-0.11582656767174038
-0.2087916168639627
-0.07803287512535549
0.07122529312798123
-0.14675645503809356
0.23091736629604281
-0.0787846084720762
-0.18438705680660472
0.2984227769112979
0.28424094753787005
0.06795103919985646
-0.0787846084720762
-0.13986023257568286
0.34429946747968565
0.24227489474701383
-0.0787846084720762
0.2763996847380273
0.07329672651315616
-0.1042699555181042
-0.18746270665710899
0.06705493345509002
0.3630919000942468
0.33718406345923313
0.013952430598530746
-0.0787846084720762
0.20072431392680012
-0.07860646541925491
-0.2223406042408226
0.06038532855739545
0.07643935144606981
-0.30394039823140917
-0.304880584208019
-0.24875936541456065
0.13779746566881662
-0.30529197305268824
-0.26447634647650786
-0.26930003157264065
-0.07973283107722423
-0.2695481057264902
-0.0391577753877774
0.013952430598530746
-0.07803287512535549
0.17822919319486139
0.11766816995502925
0.10301787287480706
0.23801213571616983
-0.010380125163291407
-0.4322829878800519
-0.32596892992221393
-0.26345256039036197
-0.30279037767559946
-0.09519504099219825
-0.0787846084720762
-0.0322624592412194
-0.009261812059563064
-0.13295287996880958
-0.3576886658145888
-0.3121251660160652
0.023377814199301686
-0.08166492368521133
-0.10202354446555581
-0.2527711491925869
-0.24725216755030568
-0.3701224859313754
-0.4262365943360148
-0.03206336533593365
0.1968042799116386
0.013952430598530746
0.013952430598530746
-0.03504243543010183
-0.269404447779115
-0.3768165610592002
-0.30463268892315926
0.2889504846970574
0.19073115158092732
-0.18954399003154376
-0.011673286198097092
0.013952430598530746
0.07158981823875142
-0.1802654770221247
-0.10075226712569015
0.09931846866380457
-0.014287857032493608
-0.1895148091422586
-0.0787846084720762
-0.124740557808625
-0.13767955301304918
-0.27638498919419896
-0.13622439975191955
0.2704290738161709
0.1946357324593766
-0.17840488261741766
0.06923431939553305
-0.08758490078920918
-0.18909152179232128
0.11990868516781393
-0.07803287512535549
0.07467626113574426
0.28993629034905544
0.17903215347398904
0.1153928489189439
0.10429933918368141
0.1562419940573301
-0.21482583623189772
-0.32656220019968674
-0.41197346000373225
-0.2881950397170604
-0.4062850124660357
-0.25595441027153765
-0.09487418409427015
0.0169852996997066
1.127604208234776
1.6474538160884062
2.5155705702021143
