2.681667404197884
1.997652125474936
1.6851905968138525
0.05449223574298157
0.10907230950030275
0.16992695385368722
-0.18746270665710899
0.2897311851140795
0.013952430598530746
-0.18746270665710899
0.07145822555853683
0.1809867201942074
0.11846252847500562
0.1805422863926545
0.11329754905286578
0.13477839693833352
-0.34342886311576243
-0.34294299156820557
-0.4391729073816128
-0.34909453574413374
-0.09875880058932468
-0.2971626339053209
0.28993629034905544
0.17655530425357846
0.08616880655298345
0.013952430598530746
0.17289645299469314
-0.010380125163291407
-0.19075868906204513
-0.1892785235931669
0.0665758960209442
-0.12961147658202365
-0.08166492368521133
-0.07860646541925491
-0.443483794218505
-0.4881450975713041
-0.3379999227042145
-0.4017403302337641
-0.2896810554089799
-0.0787846084720762
0.25262141032470775
-0.18746270665710899
0.29207935422645465
0.17655530425357846
0.19659029917959495
0.22930218420995224
-0.035971906513354523
-0.2931906840319888
-0.49846776027916745
-0.36070134570821166
-0.12024740351122663
0.09228253471070647
-0.07803287512535549
0.07250675943685563
-0.0695664942523861
-0.35152254475640327
-0.3492525869023249
-0.28726629659673486
-0.02783263655238584
0.0942762946402918
0.013952430598530746
0.25539234933615285
-0.19666100410727164
0.18863111512335473
-0.07860646541925491
-0.26837915582574484
-0.28726629659673486
0.2639124850350911
-0.19002465606820004
0.072999013082869
0.09128339377719051
0.26553583665187136
-0.1104587240804919
-0.18746270665710899
0.22680961456533985
-0.0787846084720762
0.2889504846970574
0.192158883238966
0.2606055977331807
-0.010380125163291407
0.07388190261576788
0.2746441277466986
-0.10814879057366562
-0.18746270665710899
-0.18746270665710899
0.06938240072968609
0.09868226025729329
-0.07069971417405535
0.07537255134200689
-0.06687502719830345
0.1946357324593766
0.26882178623298525
0.0759533360009428
-0.18746270665710899
0.013952430598530746
0.19383277218024894
-0.1759755386586501
0.07067453589738017
0.22387723263409437
-0.10454810729745309
-0.18746270665710899
-0.15629614693664398
0.26173906070798514
-0.2020025932923933
-0.08533602403825949
-0.286549446369782
-0.3796103080429712
-0.03206336533593365
-0.18746270665710899
0.1948497131914203
0.013952430598530746
0.2976441391606646
-0.1436745121425174
0.3141869085107332
0.013952430598530746
-0.08238907834471978
0.0759533360009428
-0.0787846084720762
0.2650972880271094
0.17209349271556548
-0.18746270665710899
-0.18746270665710899
0.29207935422645465
0.07971984357508098
0.1765249086561944
-0.18746270665710899
0.17457034193597606
0.2889504846970574
0.18617350957462755
-0.10761355470789992
-0.20194070373108172
-0.07860646541925491
-0.2980367814476416
-0.3410325618265572
0.10363287120199187
0.2718717456203617
0.17457034193597606
-0.18746270665710899
0.06641025167552428
0.2694568148281003
-0.035971906513354523
-0.2743491300029208
-0.36537732364095504
0.09699702148065965
0.11618720743892026
0.18178968047333505
0.0891878670126359
0.09903111728449476
-0.1898497958377089
-0.08572636495931041
0.07743284292343532
-0.19363803920862893
-0.1839996644874509
0.013952430598530746
-0.0787846084720762
-0.15106951047432332
0.2734951168380659
0.0759533360009428
-0.010380125163291407
-0.20084330611298554
0.08952763000561777
-0.20810655838182335
-0.1418924368400817
-0.1448421829337879
-0.1566808237728845
-0.00457112999466896
-0.013346550027361579
0.11388228702940907
0.1030756690320633
-0.035971906513354523
-0.21623962907952546
0.05187555881410161
-0.04005504928627701
-0.30341283624065357
-0.30625867833537995
-0.3021306603382688
-0.30906022572670006
-0.18746270665710899
0.06833639976396438
0.23205060523079915
-0.1022381737906268
-0.18746270665710899
0.1743887653917002
0.09075260604465928
-0.3546857296594477
-0.267680923508833
-0.1299690706858328
-0.09157350394666158
0.07067453589738017
0.3579620278930806
0.23390950089000762
-0.12974367546239884
-0.34768953864083146
-0.42037541043882215
-0.38787056071623893
-0.3005482026939141
0.09849313180543215
0.24439092745084195
-0.19477407315605602
-0.18746270665710899
0.05761359635446157
0.28993629034905544
0.08063625833036996
0.09655161567637714
0.2050417971083765
-0.35591576953225357
-0.30216015882744196
-0.26029591733859503
-0.02783263655238584
-0.18746270665710899
-0.18746270665710899
0.06627610818253597
-0.08018381047371506
0.1403831953476645
-0.08533602403825949
-0.1847932567076106
0.09030039850467406
0.26106041258532897
0.1737673816568484
-0.18746270665710899
0.06784929197506638
0.287591524443149
0.18927513017394917
-0.05377069546605522
-0.10738044205893464
-0.18746270665710899
-0.1320525618306031
-0.20194218719109316
-0.4029961811467463
-0.30928569048311993
-0.12110912479594284
0.013952430598530746
-0.0787846084720762
-0.1930432323318527
-0.010380125163291407
-0.1900565736323038
-0.18746270665710899
0.2889504846970574
0.17655530425357846
0.17485101971491146
-0.18746270665710899
-0.18746270665710899
0.24762431535646875
-0.07888487378108262
-0.03504243543010183
-0.2743491300029208
-0.3962535435459176
-0.3023805083873307
0.19073115158092732
0.2880821148192224
0.07674769452091917
-0.07803287512535549
0.17289645299469314
-0.18746270665710899
-0.010380125163291407
0.17822919319486139
0.10764512541163963
0.18178968047333505
0.1413242986657355
-0.08851437187246187
-0.274918492139739
-0.28726629659673486
-0.2486137479666877
-0.18746270665710899
-0.11830183744464468
-0.18746270665710899
0.05761359635446157
-0.18746270665710899
-0.019715274307357603
0.2691061725585542
0.29743697125929985
0.29852172687999606
0.17822919319486139
0.0969355905199402
0.19353689469931568
0.30862665577229165
-0.17744678726401464
-0.19107031647936418
0.2897311851140795
-0.19510977512723163
-0.1859054505643579
0.16992695385368722
0.25114319820872205
-0.29103692471420933
-0.26546484489986183
0.04709050647624178
-0.3020865697295352
0.17655530425357846
0.1478986745423833
0.17235327582502769
-0.1394910225126223
-0.02758052556587167
0.06665448032421774
-0.1355223191728209
-0.4043803153805585
-0.4158453467496886
-0.26206552146968876
-0.04837289845035245
0.013952430598530746
0.13010627470488123
-0.3546857296594477
-0.309026087092568
-0.40525889658052344
-0.0787846084720762
-0.19733461599671273
0.14524669306464047
0.08021050006457109
-0.17286820497472605
0.09414609182747136
0.09364733437417282
-0.09017661001482208
0.29743697125929985
0.3536013154821769
0.33971825802829997
-0.16834841186934327
0.16992695385368722
0.2756299333986966
-0.08154019837375051
0.1743887653917002
0.09982547580447113
-0.18746270665710899
0.17735826453270612
0.19659029917959495
0.24857902137844234
-0.06791102062811805
-0.39929554805648537
-0.4809463341307319
-0.49686096253478257
-0.4602394305150091
-0.28726629659673486
0.08741377883525839
-0.18746270665710899
-0.07987442956769608
-0.14525551912269108
-0.2031014743705009
-0.35724928666259514
-0.22925146161937437
0.10949617327374896
0.10091996725202486
0.013952430598530746
0.29071699076607754
-0.1820616168024806
0.06943054612234897
0.2880821148192224
0.07743284292343532
0.23754430571248875
-0.051817846796597726
-0.19878383366748523
-0.189324457669303
0.19383277218024894
0.28366473270735293
0.06919502897488765
0.2873577306785914
-0.1898497958377089
0.29071699076607754
-0.17912222351214077
0.17655530425357846
0.09664786940656495
-0.19468246646255377
0.14776053150343998
0.13228101432077763
-0.12979641816565107
-0.0017025801311523778
-0.008522384947685126
-0.2127916137626305
-0.2329174996386178
-0.025858096077332252
0.21612270523777707
-0.0787846084720762
-0.18746270665710899
0.06033410296287805
0.2880821148192224
0.07615137661456094
0.013952430598530746
0.2976441391606646
-0.14309852190710598
0.2713985497719291
0.0665758960209442
-0.1093069754254951
-0.0787846084720762
0.2661987581092493
-0.035971906513354523
-0.22294541601339332
0.03443104032572571
-0.0787846084720762
-0.11326631851040464
0.2889504846970574
0.07430681813848304
-0.19666100410727164
0.2595797856349939
0.14259711739289035
-0.1470810128294951
0.033046469220897344
0.2526344418495785
0.2873577306785914
-0.08166492368521133
-0.13767955301304918
-0.2666044184471919
-0.24709764975671192
-0.0787846084720762
0.013952430598530746
0.17209349271556548
-0.18746270665710899
-0.0787846084720762
0.013952430598530746
0.2756299333986966
-0.08154019837375051
0.06795103919985646
-0.0787846084720762
-0.1898497958377089
-0.0834164314524841
0.08051420209505734
0.17806543717224385
0.10202401814759607
0.2741501111083187
0.2897311851140795
-0.18314270119205361
0.1884721698948215
-0.05377069546605522
-0.1169962904370498
-0.0787846084720762
0.2873577306785914
-0.19477407315605602
-0.18746270665710899
0.05761359635446157
0.2746441277466986
-0.07443658581764206
-0.14908782212375676
0.2557676375087906
-0.18746270665710899
0.2930492098881306
0.17822919319486139
0.11411138261006952
0.10281837666757244
0.28598554775308554
0.18617350957462755
-0.08760931437480357
0.2873577306785914
-0.0787846084720762
0.013952430598530746
-0.18746270665710899
-0.08572636495931041
0.16992695385368722
-0.18746270665710899
0.2883435363305894
-0.18746270665710899
0.16992695385368722
-0.18746270665710899
0.2664424035251643
0.2873577306785914
-0.0787846084720762
0.347204035379647
0.23814624586956445
-0.11541563284006234
-0.0787846084720762
0.25262141032470775
-0.18746270665710899
-0.16463423331005367
0.3619961721044136
0.29355212583213625
0.07457819282203054
-0.11161690893232137
-0.0787846084720762
-0.18746270665710899
-0.0881316345734091
0.07971984357508098
0.09128339377719051
-0.18746270665710899
0.3511787578776879
0.26706473723247054
0.2883435363305894
-0.18746270665710899
0.18704443823678285
-0.06634507853378485
0.0742430028579002
0.0942762946402918
-0.2305468602370332
-0.024606418912838143
0.22279231074622183
-0.06727429187010911
-0.0957901491748761
0.2883435363305894
-0.07803287512535549
0.1716008427949702
0.2889504846970574
0.07510117665845942
-0.18746270665710899
0.06420028335368523
-0.006998557028928817
0.28303817626945793
0.17209349271556548
-0.0787846084720762
-0.07803287512535549
0.07250675943685563
0.060173134639844444
0.7602025278774053
1.6625334870092816
2.6790197824226847
