2.79695534667773
1.8961687151662816
1.4857368570244776
0.04022138844692475
0.09082622024662543
0.2746441277466986
-0.12007457245860706
-0.0787846084720762
0.34576005268233395
0.23814624586956445
-0.11185402216874193
-0.0787846084720762
0.27495570204071423
0.07537255134200689
-0.08228551021448137
-0.07023139758214283
-0.3846426198986135
-0.42893891664560857
-0.3816593249856842
-0.25400395172647394
-0.18746270665710899
0.29071699076607754
0.013952430598530746
0.072999013082869
0.19491641023831197
0.3394547030844381
-0.16159015875588145
0.17209349271556548
0.2746441277466986
-0.15708431767701472
0.013952430598530746
-0.18474103672719658
0.08100130988395535
0.09868226025729329
-0.07300964768088165
0.06919502897488765
-0.0787846084720762
0.013952430598530746
-0.18746270665710899
-0.18746270665710899
0.013952430598530746
0.17655530425357846
0.14807566605603814
-0.12638057221603016
-0.21080184185900713
0.04746922569066835
0.09364733437417282
-0.08682276263865346
0.2897311851140795
-0.24249542466933566
-0.0815833096681336
-0.3099106123011957
-0.3088257950519099
-0.2647476195583273
-0.30652170245507404
-0.32450976133544684
0.31564443204029513
0.294395704720429
0.192158883238966
0.2841481509879531
-0.18746270665710899
0.06705493345509002
0.3335940834687272
0.013952430598530746
-0.0787846084720762
0.29743697125929985
0.3197585832049665
-0.16381221765073278
0.06562151176155802
0.10988233593704504
-0.16628734133969744
-0.011364309049967398
-0.011161582209235837
-0.07803287512535549
0.17735826453270612
0.12912974119137494
-0.3681156117150857
-0.43152655766905407
-0.4062874954494444
-0.11272879439692414
0.2789155603784134
0.3020618785802386
-0.1775950984711638
-0.0787846084720762
0.013952430598530746
0.013952430598530746
-0.18390108632989996
0.07877274470437759
-0.2416031176124504
-0.28726629659673486
-0.031320983045781334
0.09903111728449476
-0.1898497958377089
-0.08572636495931041
0.07971984357508098
0.10202401814759607
0.013952430598530746
0.253295782270016
-0.18746270665710899
-0.018121756412483224
0.24520835371025998
-0.18746270665710899
-0.18746270665710899
0.349082190811551
0.27504925765139143
-0.0756295815907117
0.1853705492954999
0.049567949255816146
0.7440033867616865
1.3685223363609043
2.625827417630216
