2.984907625473548
1.836229055080926
0.7761398931165385
0.2460319076492463
0.2751352945802637
0.1809867201942074
0.14138846710439806
-0.035971906513354523
-0.22881867892958963
-0.26726390925220517
-0.25993030075922074
0.02452193843140217
-0.032555386545111836
-0.3455410952233521
-0.20021839524570317
-0.2593646375266291
-0.23594921061299037
0.05632423504359835
0.02608117277776718
0.2883435363305894
-0.18746270665710899
0.06705493345509002
0.21772219632236456
-0.07860646541925491
-0.3032182846390688
-0.40087163512248863
-0.3318150307773595
0.08966044494881553
0.013952430598530746
0.08100130988395535
0.19491641023831197
-0.17797038067939713
0.013952430598530746
0.06943054612234897
0.28586759943390105
0.2809044757965425
0.06760215351407604
-0.07860646541925491
-0.2635319707795428
-0.36316120148047587
-0.6035624772696562
-0.5833074346610191
-0.5710640036367225
-0.42071202429507354
0.08174984703250415
0.2149151642521986
-0.07699757268893018
-0.012990458225915215
0.2667995325138793
0.0754662282120448
-0.20302029056299528
0.06272207677873406
-0.08851437187246187
-0.24550633673480773
-0.28726629659673486
0.013952430598530746
-0.0787846084720762
0.29180717548461405
0.17822919319486139
0.17931283125292447
0.0668895649241607
-0.3546857296594477
-0.30119754311591707
-0.28689355396861604
-0.3043966245777864
-0.08707578681942554
0.17822919319486139
0.11411138261006952
0.1760804748546415
-0.18746270665710899
0.1948497131914203
0.013952430598530746
0.013952430598530746
0.17655530425357846
0.08238154716990577
-0.08166492368521133
-0.07860646541925491
-0.3057762760811369
-0.4201454015570787
-0.33619733056988
0.07615466743865457
0.013952430598530746
0.27794330139034285
0.08924593493504833
-0.20027527325150424
-0.10285070351647838
-0.00964818826862705
0.350333473766975
0.013952430598530746
0.06943054612234897
-0.1920403283769424
-0.07860646541925491
-0.23784372099179052
0.04866105714275038
0.10194820843981316
-0.08791726508347018
0.14044736378632708
-0.03504243543010183
-0.18191579391294993
-0.11878105918608199
-0.011161582209235837
-0.07803287512535549
0.07615576805823678
0.013952430598530746
0.07537255134200689
-0.07300964768088165
0.0759533360009428
0.29743697125929985
0.34375615523972614
0.013952430598530746
0.192158883238966
0.3544690833489728
0.33718406345923313
0.013952430598530746
0.253295782270016
-0.18746270665710899
-0.08572636495931041
0.07457819282203054
-0.07049585629663523
0.2272649831888093
-0.18007159007356116
-0.07860646541925491
-0.4249998658632327
-0.451132412006303
-0.514204174125715
-0.24709764975671192
-0.053771216142903124
-0.12164088812738999
-0.2921017439626877
-0.29419146380269207
-0.24709764975671192
0.0967412151346742
0.13579301273554775
-0.08851437187246187
-0.3005569539441547
-0.43784774420412953
-0.3743287653666993
-0.2936975260339337
-0.04390036661782065
-0.0035139000331058383
0.3809386408632091
0.3157680745425514
0.13958023506853684
-0.08533602403825949
-0.18961049483593345
-0.138673375612109
-0.2992259516467312
-0.08091319033849065
-0.08851437187246187
-0.20248706743426914
0.0857014719624748
0.27894012309940075
0.129239145987091
-0.07860646541925491
-0.23474829196614116
-0.16070544546070767
-0.1462007009846963
-0.24552200190473716
-0.26029591733859503
0.09508090382153078
0.013952430598530746
-0.17544539849106427
0.2897311851140795
0.013952430598530746
0.013952430598530746
0.2889504846970574
0.13262773124228125
-0.18104689695338486
-0.20472265045585328
-0.1176885508016285
0.2789155603784134
0.2840910969497435
0.28993629034905544
0.13761058217355213
-0.13388235105206228
-0.39740530977572847
-0.4274194179983338
-0.2339569747431388
-0.08166492368521133
-0.12974367546239884
-0.24872386101555585
0.04946467097992862
0.013952430598530746
0.06795103919985646
-0.010380125163291407
-0.1461251748990842
-0.4430389462130214
-0.4396595218492145
-0.6246130494103735
-0.6048145056105709
-0.4078841392323922
0.09713082788898361
-0.13052518875032598
-0.031014583967360183
-0.11005287285646372
-0.27251543105051407
-0.2942520498779203
0.08525770145999809
0.10764512541163963
0.0977496509756204
-0.0787846084720762
0.013952430598530746
0.16992695385368722
-0.18746270665710899
0.013952430598530746
0.08100130988395535
0.0942762946402918
-0.16589331335344704
0.07743284292343532
0.013952430598530746
0.2873577306785914
-0.0787846084720762
0.013952430598530746
-0.29825912532454235
-0.29842691408885186
-0.29223100568002564
-0.3039050959069102
0.36970242168197054
0.294395704720429
0.06943054612234897
0.2847472987552019
0.1005433585434141
-0.2703919740652701
-0.41868621469576206
-0.3847422076156765
-0.4937624080159116
-0.33990277834815
0.05235069903478918
-0.025481497777511724
0.1765249086561944
0.2889504846970574
0.19296184351809365
-0.18312391500436528
0.013952430598530746
0.07694573513453731
-0.18740507872116083
-0.035971906513354523
-0.17049565728519356
0.0827798318226744
-0.02848879789324986
0.1488819877622436
0.10137257433821142
-0.1720643001599764
-0.13877163015753735
-0.2963230023627699
-0.0787846084720762
0.2889504846970574
0.16992695385368722
-0.18746270665710899
0.2686183511059873
-0.18746270665710899
0.0678897585980168
0.013952430598530746
0.0759533360009428
-0.19477407315605602
0.013952430598530746
0.072999013082869
0.17931283125292447
0.19928112913204923
0.013952430598530746
-0.035971906513354523
-0.303280968971329
-0.4075167125219556
-0.13880591867101852
-0.4559618024675408
-0.46052106179520325
-0.550745231642441
-0.4750990354858897
0.05890408267222685
0.030247224255483127
-0.12447856386315309
-0.4386938237560185
-0.3707041159637503
-0.3437404038713591
-0.17184277706121245
0.26129108889513825
-0.034703183057045645
0.1566634208792334
-0.13915340894345105
0.06272207677873406
-0.13388235105206228
-0.3705789846456495
-0.4214683494763557
0.07587933107326424
-0.07803287512535549
0.07092757969769409
0.19491641023831197
0.3465753900119114
0.013952430598530746
0.2183113684341929
-0.1775734749078742
0.12467915587105946
-0.23483882412074672
-0.39029187635172236
-0.17300772702122916
0.013952430598530746
0.07537255134200689
-0.06883637564774057
0.0742430028579002
0.17527751457551385
0.2630811745431249
-0.08851437187246187
-0.20308570837556797
0.00794603336818714
0.27608614151990507
0.013952430598530746
-0.18746270665710899
0.06705493345509002
0.36099533302811
0.22474728209250977
-0.10454810729745309
-0.18746270665710899
-0.2492508303169495
-0.04903235909366036
0.14108359195894887
0.050761517081353576
0.14881445789650322
-0.12638057221603016
-0.21908914907843652
-0.27568149167816847
-0.2732338924560878
-0.1776178910780329
0.26753572488102917
0.3747100416056849
0.013952430598530746
0.14518252462597792
-0.4054465230159481
-0.33981209320848366
-0.4217215157051106
-0.33494440806993075
0.07854085531640181
0.013952430598530746
-0.2082715257826929
0.2669794585262714
-0.12974367546239884
-0.2857989662370074
-0.30800294421514945
-0.30699690798528967
0.06433442684667354
0.2873577306785914
-0.18746270665710899
0.21485463348559822
-0.0787846084720762
-0.19726023843844165
0.2115024802108598
-0.12974367546239884
-0.4041878279478145
-0.42623727530853145
-0.2273806838872161
-0.1448421829337879
-0.2530740372676067
-0.2907798171534342
0.013952430598530746
-0.03668240355086047
-0.24518919889519813
-0.16379628576840694
-0.28553532800377446
-0.28822045215732733
-0.025481497777511724
0.17360362563423087
-0.0787846084720762
0.3389813151676961
0.013952430598530746
0.072999013082869
0.17485101971491146
-0.1898497958377089
0.24459216256659977
-0.07206797091939128
0.06943054612234897
-0.1892835088159309
-0.06111645455996726
-0.27402469439361926
-0.27701023435336575
-0.26960778243001604
0.025041216980417887
-0.08166492368521133
-0.32801261127162235
-0.2693619184154484
0.07699036939633906
0.013952430598530746
0.3226115668571002
0.013952430598530746
-0.12974367546239884
-0.4087321416923201
-0.4668590047761487
-0.28903590072782864
-0.07631022987837027
0.1270526099650798
-0.29396587000106555
-0.32094313399201113
-0.24709764975671192
0.24096439961273775
-0.12723535379276807
-0.07803287512535549
0.060789105145016196
-0.07860646541925491
-0.13049863103808
0.638627150397237
0.7680894022072698
2.391580276582296
