2.498769110409228
1.5737034741373221
0.7537854362441984
-0.039071772425247855
-0.08851437187246187
-0.20381374521447806
0.05117237008303736
0.10337706485600641
-0.19377842670444104
0.12020544273376689
-0.28995432901551105
-0.33655686200172996
-0.3979505540394397
0.26982212544970297
0.28993629034905544
0.1743887653917002
0.18904722107604355
0.0007305078526317284
0.30344069042990446
0.08100130988395535
0.1912296968941675
-0.1543144869287843
0.013952430598530746
-0.23703076069410967
-0.039467429340384975
0.2558655315655444
0.0929658060692845
-0.16637705636164435
0.08636416822066256
0.25192321882638524
-0.18746270665710899
0.2873577306785914
-0.18746270665710899
-0.0787846084720762
0.013952430598530746
-0.07803287512535549
0.07467626113574426
-0.19733461599671273
0.12531378061515858
-0.07860646541925491
-0.27123381482764464
-0.30347623625676395
-0.03389561077319295
0.227234107429226
-0.0787846084720762
-0.01757913924895449
0.30462082550043285
0.17655530425357846
0.08537444803300709
0.013952430598530746
0.28993629034905544
0.13958023506853684
-0.08851437187246187
-0.20401709660193215
-0.016208114513246618
-0.10873620955226461
-0.28933516841438267
-0.3942611844682374
-0.10737769150135618
-0.22311097206608263
0.02838518329464499
-0.07803287512535549
0.07098808623895406
-0.08851437187246187
-0.1621841093153754
0.09837115345792782
-0.31893260055197703
-0.0901543399932205
-0.21409996498317252
-0.03905300149089301
-0.011161582209235837
-0.010380125163291407
0.07892987649878043
0.0942762946402918
0.29227820226613616
0.055342088935638405
-0.2543530450349594
-0.28726629659673486
0.1031088098651868
-0.07547490738969312
-0.035971906513354523
-0.29302630395581963
-0.3609349170335048
0.08252335928290364
-0.12638057221603016
-0.28841623910207786
-0.26029591733859503
-0.02783263655238584
0.2873577306785914
0.29743697125929985
0.3020618785802386
-0.1808723843765583
-0.0787846084720762
-0.08238907834471978
0.072999013082869
0.19629569303479763
0.013952430598530746
0.17457034193597606
-0.18746270665710899
0.17903215347398904
0.17931283125292447
0.07591528997147587
-0.18746270665710899
0.2893909623587849
0.20498504475770077
-0.46901681495059305
-0.2869255130102848
-0.16153389987970013
-0.3704720172458609
-0.39849572617574686
-0.3962460740402631
0.052435121765829144
0.25655284705469716
-0.07031905088920447
-0.42552231578790634
-0.46080079823560616
-0.3254503089041451
-0.13880591867101852
-0.3113096335364458
-0.37385018579119667
-0.30894998172353516
0.05761359635446157
0.25114319820872205
-0.32848073023830876
-0.28180113937061724
0.04891081065220308
0.10091996725202486
0.013952430598530746
0.07971984357508098
0.09355871481327582
0.2746441277466986
-0.15420885986021574
0.25296673663437713
0.05589920182142238
-0.3317614002218528
-0.39411117965702097
-0.03490791755593661
-0.03963407780471255
0.2889504846970574
0.18784739851591048
-0.08368377747716918
0.14782469994210254
0.06944231293796065
-0.2124585287496713
-0.24709764975671192
0.21387990612851776
-0.08091319033849065
-0.08533602403825949
-0.24957302075537777
-0.305603702337823
-0.3072995738617477
0.06266157023747414
0.09885217344523087
0.09073027493371034
-0.3131598260043126
-0.36378835069876486
-0.36195806334895086
0.07316562608040844
0.12955114744660434
-0.1926305619602511
-0.13959325298042471
-0.07803287512535549
0.07407994322938602
0.23297763500967314
-0.4347781875812194
-0.3924474336283978
-0.36122026194931306
0.12441526244449448
0.0967412151346742
-0.18746270665710899
0.17686561461211084
0.11457901536174013
0.10281837666757244
0.2880821148192224
0.07674769452091917
-0.010380125163291407
0.17457034193597606
-0.18746270665710899
0.06938240072968609
0.19273393442018802
-0.17593033906588093
-0.010380125163291407
-0.18577885874855682
0.061756487423215774
-0.08758490078920918
-0.1782211461439528
0.056407878795403585
0.2321789901123483
-0.010380125163291407
-0.12974367546239884
-0.1734188159085741
0.07155793347579138
0.2770964277205472
0.0742430028579002
0.0942762946402918
0.25025229226002443
-0.1898497958377089
-0.18746270665710899
-0.07803287512535549
0.19383277218024894
-0.1878138742065658
-0.08851437187246187
-0.3242229088323773
-0.4114446583539729
-0.3638603237629212
-0.14927576024400277
0.05424931700275693
-0.26170936580670046
-0.37403002562657145
0.2704290738161709
0.1716008427949702
-0.07803287512535549
0.17735826453270612
0.19659029917959495
0.3096863602408111
0.08100130988395535
0.17485101971491146
-0.08166492368521133
-0.3546857296594477
-0.29585255674227706
-0.26029591733859503
-0.1493603585889373
0.07457819282203054
-0.03978505149428702
-0.12974367546239884
-0.26516867433005287
-0.24709764975671192
-0.02783263655238584
0.0942762946402918
0.013952430598530746
0.07067453589738017
-0.19027124522908487
-0.0787846084720762
-0.11986519608724415
-0.0787846084720762
0.26365330532979636
0.07467186969206843
-0.2031014743705009
-0.13767955301304918
-0.26872819308989665
-0.09308339699406538
-0.0787846084720762
0.2801022284942275
0.19383277218024894
0.2969881977229988
0.1403831953476645
-0.08533602403825949
-0.2576775956363453
-0.2600252592097663
-0.4765137140664866
-0.43524739021169795
-0.24709764975671192
-0.13880591867101852
-0.43623392948416095
-0.3940016215485468
0.03960070406672549
-0.30297038637808055
0.06433442684667354
-0.18746270665710899
-0.010380125163291407
0.07764841018990606
0.17485101971491146
-0.2031014743705009
-0.3546857296594477
-0.2636968706991302
-0.0319113273536475
-0.008522384947685126
0.37725275135935604
0.20687802271844233
-0.06930192649889014
-0.41370482937457376
-0.4491402621740352
-0.40525889658052344
-0.3081273107210074
0.17655530425357846
0.1330562918780082
-0.16648123041538565
-0.2884141648765577
-0.34299484823158155
0.21211368171588407
-0.0787846084720762
-0.07803287512535549
0.21425162122388344
1.0104567636945183
1.7517230638157237
2.627972335909279
