2.9760809943083397
1.8212636960386304
0.8876633465113938
0.1719097834547372
-0.11729854911231329
0.2883435363305894
-0.07803287512535549
0.07388190261576788
-0.0787846084720762
0.013952430598530746
-0.06960855385169852
-0.38757795871155265
-0.4750353290531932
0.11416114580230861
-0.06386429864008918
-0.18746270665710899
0.18986022291877203
-0.17018994353170463
0.2861699194901284
0.17822919319486139
0.1153928489189439
0.08730511516839869
-0.3681156117150857
-0.46105318733512873
-0.4125370115000755
0.04976765515587739
-0.09833724099606528
-0.13984776504302635
0.07467186969206843
-0.18746270665710899
-0.07803287512535549
0.0748743017493624
0.2880821148192224
0.0754662282120448
-0.07803287512535549
0.19296184351809365
0.2368585391772785
-0.10454810729745309
-0.18746270665710899
-0.0465313761382766
0.013952430598530746
0.17822919319486139
0.17931283125292447
0.19571937051743962
0.30148566374972147
-0.17725273078689485
0.013952430598530746
-0.18746270665710899
-0.19299914922838782
-0.18746270665710899
0.06833639976396438
0.3630919000942468
0.392701677627551
0.294395704720429
0.17209349271556548
0.2873577306785914
0.2897311851140795
0.013952430598530746
-0.13767955301304918
-0.32473695789239715
-0.3347273357039798
0.18036774415642395
-0.049928959023482385
0.013952430598530746
0.2746441277466986
-0.12661471808054908
-0.2102447156421006
-0.010491965831338282
-0.3776233749573933
-0.4535019754108421
-0.4069199128519129
-0.3037930573806083
0.06938240072968609
0.1968042799116386
0.013952430598530746
0.26642424434124146
0.06795103919985646
-0.20084182265297412
0.08114962035426773
-0.20912116022006372
-0.1363379339705131
0.26982212544970297
0.28993629034905544
0.17606265433298318
0.11329754905286578
0.17565397999403914
-0.18746270665710899
0.2883435363305894
-0.07803287512535549
0.07260043630689351
-0.18746270665710899
-0.18746270665710899
0.34085947059960015
0.013952430598530746
-0.08533602403825949
-0.1781363670050504
0.10713210665383457
-0.029614601214191783
-0.08166492368521133
-0.35591576953225357
-0.24581286054310353
0.0846163493377634
0.28175633305060244
0.07674769452091917
0.2694568148281003
-0.08851437187246187
-0.21659691015370242
-0.10826345976713603
0.22566947934402684
-0.1898497958377089
-0.19477407315605602
-0.18746270665710899
0.05761359635446157
-0.0787846084720762
-0.1831122690816585
-0.07595856202320501
0.07467186969206843
-0.0787846084720762
0.013952430598530746
-0.07803287512535549
0.07092757969769409
0.17485101971491146
-0.010380125163291407
0.2652786394959713
0.11904003813167936
-0.20786937428206392
-0.15833046611023358
-0.3570421351902229
-0.24203191746449815
-0.10819130592085345
0.19132228633481682
-0.35581536542725845
-0.32687258944680314
-0.32304162303595946
0.21346100705181623
-0.010380125163291407
0.013952430598530746
0.07971984357508098
0.09128339377719051
-0.18746270665710899
0.06784929197506638
0.2880821148192224
0.1497125696154292
-0.12638057221603016
-0.20953295578630912
0.08492258325912783
0.23599058233499126
-0.010380125163291407
0.2650972880271094
0.06795103919985646
-0.18746270665710899
-0.1898497958377089
-0.18746270665710899
0.06938240072968609
0.10002497201170574
0.2897311851140795
-0.19337155739944237
-0.40898688374405323
-0.2700866306123316
-0.10221904597727008
0.2643582325523956
0.14044736378632708
-0.03504243543010183
-0.17186097507570866
0.06247560529218901
-0.026607301098453648
0.10153691035869807
0.23288108956242679
-0.035971906513354523
-0.19202046277173487
-0.09297242309327755
-0.2962788172567755
0.17289645299469314
-0.21134359672020822
-0.3681156117150857
-0.45155670229685546
-0.4331748328924738
-0.08993954131126497
-0.09030083986344767
0.07615137661456094
0.3616479173969338
0.22887593096995912
-0.0787846084720762
-0.18746270665710899
0.19572064185357557
0.013952430598530746
0.07674769452091917
-0.010380125163291407
-0.035971906513354523
-0.2039817051860316
-0.09526866842060108
-0.16768024798734504
0.2574665460610253
0.2746441277466986
-0.07318490865314793
-0.14924571264618414
0.2971758484450097
-0.23733743863483067
-0.04506624062137484
0.013952430598530746
-0.1840070225455822
0.18704443823678285
-0.12621257298013105
0.17240380307409786
-0.07803287512535549
0.18986022291877203
-0.18667251992093722
0.013952430598530746
0.1737673816568484
-0.010380125163291407
0.1946357324593766
0.28366473270735293
0.17072991413281488
0.2897311851140795
-0.010380125163291407
0.2746441277466986
-0.04465514305954301
0.013952430598530746
-0.18997090346251155
-0.18746270665710899
0.2559435484539248
-0.18746270665710899
0.29743697125929985
0.2886629148031839
-0.1787265826638044
-0.18746270665710899
0.17209349271556548
0.2756212087544222
0.05292829681519992
-0.31882878002378445
-0.3803716888313962
0.12434264093572192
0.095449431987231
0.2897311851140795
0.013952430598530746
0.27982320811829614
0.07467186969206843
0.2873577306785914
-0.0787846084720762
-0.17966668173285058
0.1853705492954999
-0.10294391145883054
-0.010380125163291407
0.2889504846970574
0.1884721698948215
-0.15972035691580963
0.013952430598530746
0.1716008427949702
-0.18746270665710899
0.06833639976396438
0.23596130484580727
-0.0787846084720762
0.21162400166825182
-0.09908485329926953
-0.07860646541925491
-0.2786303428558564
-0.26747974013554016
-0.4787279954939414
-0.41171494318443996
0.09409718584243316
-0.3021307548355296
-0.09446208446649786
0.07971984357508098
0.09903111728449476
-0.20457160493738868
0.2661987581092493
-0.08851437187246187
-0.29380343169969925
-0.35446814822223155
-0.3463313407310823
-0.1130524552467005
-0.22236075665381516
-0.22302000632623148
-0.3546857296594477
-0.20638708996321736
0.14325944305931565
0.23290959922590398
0.2873577306785914
-0.18746270665710899
0.2897311851140795
0.013952430598530746
0.2889504846970574
0.17209349271556548
0.26786406080963426
-0.3546857296594477
-0.1931053517889185
0.005971874629014177
-0.0050272939737146275
-0.18746270665710899
-0.18746270665710899
0.013952430598530746
-0.07803287512535549
0.06587960581468154
0.29743697125929985
0.13826721637846218
-0.3058482574904313
-0.35262993446358154
-0.4012276791294081
-0.1448421829337879
-0.20983379959589638
0.08934152545766352
0.284405013542657
0.2889504846970574
0.06758598764627109
0.27468524467149186
0.11388836353921711
-0.2346863248047609
-0.28726629659673486
0.08004079921827295
0.11583448210655481
-0.19447437977005194
-0.1373121600802105
-0.2963230023627699
0.06390556001250532
0.17485101971491146
-0.0787846084720762
0.2661987581092493
-0.08851437187246187
-0.2655743904533159
-0.30153967333645526
-0.09595112915956303
0.08100130988395535
0.1765249086561944
0.2889504846970574
0.0778621498898263
-0.17526313160767842
0.06919502897488765
-0.18746270665710899
0.2981953382784366
-0.18308281113315608
0.013952430598530746
0.09430150746252515
-0.13962521366058853
0.04293548060619465
0.23465721397285802
-0.12974367546239884
-0.39995562500862225
-0.42804045839493243
-0.4606716711055194
-0.4397271071518569
-0.06352318263217017
-0.004806801843178577
0.09716510456088784
0.3335940834687272
0.013952430598530746
0.27982320811829614
0.16992695385368722
-0.0787846084720762
-0.08238907834471978
0.16992695385368722
-0.18746270665710899
-0.0787846084720762
-0.050619579788162054
-0.12974367546239884
-0.1963217189965221
0.8930233852725781
1.7107766527414816
2.293004598742858
