2.2432034547912645
1.61387374769666
0.8439376669759535
0.3274015014522249
0.13495422024565182
0.13379508371847326
-0.20723115073678242
-0.1819165780698625
0.10200368838812673
-0.25116785725163704
-0.07803287512535549
0.07092757969769409
0.17931283125292447
0.19571937051743962
0.3216079623154757
-0.18284148105918738
-0.19766411084170157
-0.08758490078920918
-0.28198835332570016
-0.4044462946188901
-0.010380125163291407
-0.09508259428178072
-0.035971906513354523
-0.21797361511957333
-0.16029763160258237
-0.1680412204628353
-0.30208257278381107
-0.2532404986053091
-0.2822215203164311
-0.40525889658052344
-0.031320983045781334
0.11160696599332373
0.1123036943256548
0.09369696557497237
-0.17729328858742513
-0.21285452793238074
0.2669794585262714
-0.13767955301304918
-0.25066416043826334
-0.28726629659673486
-0.31893260055197703
-0.038161437519795685
-0.19035428953331068
-0.013971730732944625
-0.010018932465763401
0.2608111534729654
-0.07437790442621757
0.07971984357508098
0.19491641023831197
-0.1606103842352532
0.1895116681615008
-0.08758490078920918
-0.22693250683821897
-0.05988678886545116
-0.010380125163291407
0.17735826453270612
0.08537444803300709
0.20975150715469784
-0.3546857296594477
-0.1893967446445139
0.04456668649181781
-0.20666225301951738
-0.08091319033849065
-0.03504243543010183
-0.2290595253821592
-0.40520105866470324
-0.045235528349861005
0.18429756026222208
0.060924570417577206
0.12267549793170276
-0.1898497958377089
0.26972570157670195
-0.18746270665710899
0.17655530425357846
0.09455934046496432
-0.12638057221603016
-0.2421313060366318
0.0225299040401309
-0.0787846084720762
0.2889504846970574
0.06906549456876361
0.3009069536155195
0.17519172567082786
0.19462180409351465
0.013952430598530746
0.2889504846970574
0.07706779136984993
-0.1973929370941901
-0.41015412803869145
-0.2627597325246834
0.028615740782223797
-0.010380125163291407
0.17822919319486139
0.0969355905199402
0.09868226025729329
-0.07388693249836031
0.0742430028579002
0.09655161567637714
-0.1728476601593803
-0.0787846084720762
0.29117105445622654
0.17655530425357846
0.10163316408888586
-0.07803287512535549
0.17457034193597606
0.050917860872676066
0.8815133863993886
1.6139780936885244
2.673913548750478
