2.6676297483253846
1.7488533448240253
0.8987059054746652
0.020719091478056825
0.08760818466941801
0.10281837666757244
-0.16567871675587453
0.17240380307409786
0.2889504846970574
0.17519172567082786
0.19491641023831197
0.3702386179855446
0.29600168141049243
0.192158883238966
0.28145021732203157
0.28993629034905544
0.08014915054147195
0.17806543717224385
0.17440658591335853
-0.0787846084720762
-0.18746270665710899
0.06938240072968609
0.10210079684055647
-0.08091319033849065
-0.035971906513354523
-0.21174499796449175
-0.2518233474616713
-0.24877535706711107
-0.1206701349419592
0.00020168307140070992
0.10202401814759607
0.23467037365839322
-0.01726953423062332
0.2816424789882469
0.0576085951676379
-0.07860646541925491
-0.19380528634692926
0.0681059402813206
0.23610639979319842
-0.18746270665710899
-0.0787846084720762
0.29743697125929985
0.22328541104650373
-0.05933081330652078
-0.20045106806903137
-0.35724928666259514
-0.19828048756682573
0.07194764157677636
0.26008740997721924
0.1948497131914203
0.013952430598530746
0.20364813488552852
-0.07860646541925491
-0.21844660652047984
0.08067318215268146
0.013952430598530746
0.21593262069955638
-0.05195604862649911
-0.26194742256028225
-0.09505198383248857
0.06291330231872633
0.12553167041561453
-0.2856179650592826
-0.37883684135265866
0.07915044003864616
-0.10311215284041746
-0.08194049955553868
0.06943054612234897
0.25148955888129065
-0.010380125163291407
-0.03504243543010183
-0.23789495215553064
-0.27149358138076296
-0.3334349903321019
-0.49957125226854227
-0.381563414337696
-0.28290653031827184
-0.10737769150135618
-0.1945888585312289
0.08269399218505374
0.013952430598530746
0.1743887653917002
0.08749914343056008
-0.25616897933382793
-0.3089996096432302
-0.42397224979941667
-0.315548415241862
-0.30725482046639313
-0.30955354892071324
-0.1849124799965148
0.014480411901014354
0.059835814916599214
0.013952430598530746
-0.35724928666259514
-0.28930886395301136
-0.24709764975671192
0.07383306987410927
-0.35581536542725845
-0.3081037771575071
-0.35045355957191326
-0.37552856079135816
-0.28726629659673486
-0.1448421829337879
-0.2089482651736935
0.052713222100925314
-0.025481497777511724
0.284897743772225
0.28993629034905544
0.17655530425357846
0.0668895649241607
-0.13767955301304918
-0.2791795708092241
-0.24709764975671192
-0.03502506508071855
0.3272533791066143
-0.16663807532394753
0.07674769452091917
-0.010380125163291407
0.19174809259209866
0.013952430598530746
0.29360536124107334
0.072999013082869
0.1968042799116386
0.013952430598530746
-0.18746270665710899
0.013952430598530746
-0.01757913924895449
0.2508940388369543
-0.07803287512535549
0.07467626113574426
0.2661987581092493
-0.035971906513354523
-0.2503236366483233
-0.40525889658052344
-0.02783263655238584
0.19491641023831197
0.30148566374972147
-0.17453620284064372
0.2897311851140795
0.013952430598530746
0.19776853934261993
-0.09428123125594988
-0.08166492368521133
-0.3818757008053391
-0.2603645645175228
-0.0835885163238149
0.013952430598530746
0.09621494206301637
-0.15953538472072668
0.2661987581092493
-0.08758490078920918
-0.2995560775811297
-0.49135955587090585
-0.5197072347941363
-0.3717411901414283
0.11322541896030433
0.10337706485600641
0.013952430598530746
0.2661987581092493
-0.08758490078920918
-0.25011650986207157
-0.2768133076642849
0.013952430598530746
0.14498791832932761
0.0691337620553428
-0.33755784671557265
-0.4047685993554414
0.07715432957281625
0.013952430598530746
-0.07803287512535549
0.0753614095382604
0.013952430598530746
0.013952430598530746
0.06795103919985646
-0.07803287512535549
0.07217156947272528
0.09903111728449476
0.26060381824129597
-0.14783938488602452
-0.3302263296100621
0.04906314368252471
0.08724913017168415
-0.19721509517986824
-0.37808277158730597
-0.24238663209073297
-0.09283978777835745
0.06666341765955873
-0.14077910087611556
0.055284068916163116
-0.12638057221603016
-0.34856506852249614
-0.3516194213785658
0.10355168178507677
-0.25521769748539946
-0.11251094876753116
0.1782116660967403
0.9912585080482438
1.7160537860693583
2.64472999190824
