2.367911266950599
1.6041250556200657
0.8287451783826343
0.4815546533302434
0.31959369979985236
-0.07437790442621757
0.16992695385368722
-0.0787846084720762
-0.1125592812159553
-0.18746270665710899
0.19404675291229265
0.013952430598530746
-0.13767955301304918
-0.2799466006037511
-0.11669539044404566
-0.2992259516467312
-0.09170830249164406
0.07743284292343532
0.013952430598530746
-0.010380125163291407
-0.13295287996880958
-0.3853632106157525
-0.4056307130236794
-0.24709764975671192
0.14461437764387866
-0.068621517665624
-0.429500886037346
-0.46093900022109147
-0.5120290543668513
-0.5237738815606489
-0.24709764975671192
0.1774182446702488
-0.10377249040912088
0.07329672651315616
-0.07417437090486838
-0.014514911095690785
0.15786153772414413
-0.1546841519992783
0.0115776867326406
-0.07194113134794011
0.0754662282120448
-0.07803287512535549
0.06712359558971273
0.2897311851140795
0.013952430598530746
0.3226115668571002
0.013952430598530746
0.2694568148281003
-0.08758490078920918
-0.2314043490297997
-0.17520138205615585
-0.1312826399132656
-0.39227693306985684
-0.4715223294587309
-0.49295468336042325
-0.4495880875441134
-0.2762100776083075
-0.3489671106849069
-0.45137885470797845
-0.10714938707846848
0.07822720144341169
0.27484514503491814
0.17457034193597606
-0.19570892406404825
0.13004210626621865
-0.13767955301304918
-0.31665140050696805
-0.3843418133640757
-0.10737769150135618
-0.21292732840112152
-0.047050217868535575
-0.1781580862329288
-0.3626255969005894
-0.5216206519041907
-0.41838019142557636
-0.39134628590959153
-0.28726629659673486
-0.02783263655238584
0.17973932611352683
0.10683129185443586
0.18011579153205212
0.17565397999403914
-0.18746270665710899
-0.07803287512535549
0.16992695385368722
0.2873577306785914
-0.0787846084720762
0.27849625180416404
0.07822720144341169
0.013952430598530746
0.07674769452091917
-0.07803287512535549
0.17686561461211084
0.1123036943256548
0.10281837666757244
0.2880821148192224
0.06919502897488765
0.29743697125929985
0.2715150357461133
-0.18746270665710899
0.17655530425357846
0.08238154716990577
-0.0787846084720762
0.2889504846970574
0.07706779136984993
0.17301004069805828
-0.18481488226061774
-0.3681156117150857
-0.4360467980985584
-0.3454567317059923
-0.20289572787511037
0.013952430598530746
-0.18419298257313177
0.03793029970613717
-0.13200355542813055
-0.17575180238269605
0.1737673816568484
-0.18746270665710899
0.06390556001250532
0.05843566162735038
-0.19341841034828963
-0.1980869662149067
-0.12974367546239884
-0.24314073049566465
-0.2663197987821405
-0.28055492215086936
-0.12040680801937656
0.07862326379696113
0.2978769491883069
0.2897311851140795
0.013952430598530746
-0.08238907834471978
0.0759533360009428
-0.2031014743705009
-0.12974367546239884
-0.18061552422342264
-0.051968648088094115
-0.0787846084720762
0.29117105445622654
0.072999013082869
0.11388228702940907
0.18011579153205212
0.10590753126086155
0.2997996031448048
0.17735826453270612
0.09664786940656495
-0.010380125163291407
0.2818902814485405
0.17822919319486139
0.11618720743892026
0.11409190757284214
0.10690086926065924
-0.08851437187246187
-0.24643895087900358
-0.2869302930796227
0.06712427129567226
-0.3373172946449214
-0.29187660037738306
0.03801959608012286
-0.12958510668968512
-0.3446924089529883
-0.2894968890848095
-0.19224123210278493
0.006922195767486914
-0.17478727736084346
-0.10413958559637371
0.0978848992164466
-0.15641371405510082
-0.19003477205116132
0.08895242627318066
0.013952430598530746
-0.18746270665710899
0.06938240072968609
0.19440782336147097
0.2997996031448048
0.0742430028579002
0.11081260747334737
0.15058950449483763
-0.12638057221603016
-0.29458531409048366
-0.28726629659673486
-0.13090175782649482
-0.39924533068299634
-0.3789837802475923
-0.32317280302200757
-0.10608061106430279
0.1853705492954999
-0.09332806308071538
-0.18746270665710899
-0.19570892406404825
0.06272207677873406
-0.13388235105206228
-0.3669220006778799
-0.42646691153291805
-0.4053554696047174
-0.10737769150135618
-0.2283214012467085
-0.24709764975671192
0.05043376406797865
-0.37051037135514986
-0.11791274701031963
0.22204519912260998
-0.2762677104503053
-0.28521565327293474
0.06326595466936741
-0.07618346176957665
-0.0982481857390596
0.06291330231872633
0.09049166626331008
-0.23218195059282892
-0.28726629659673486
0.2704290738161709
0.17655530425357846
0.1968042799116386
0.013952430598530746
0.013952430598530746
-0.08758490078920918
-0.2295147987666375
-0.12503190919318485
-0.3570421351902229
-0.3037267982224921
-0.2785469138331411
-0.2854392118385175
0.05809891799711624
0.044378702313514616
-0.16346742970579867
-0.019047212495799357
-0.13032078101014924
-0.3726316322123784
-0.38963211572487205
-0.24709764975671192
0.10091996725202486
0.326473396541254
-0.1581596305548193
0.1743887653917002
0.10281837666757244
0.2746831510421678
0.0759533360009428
-0.18746270665710899
-0.16869490043925864
0.17123522502547023
-0.3546857296594477
-0.30403602657902634
-0.28726629659673486
-0.031320983045781334
-0.18746270665710899
0.06913075828394076
0.2997996031448048
0.17735826453270612
0.10511317274088519
0.013952430598530746
0.013952430598530746
0.06943054612234897
0.013952430598530746
0.013952430598530746
0.25635361980338806
-0.12840393267452466
-0.09194124851044544
-0.06930192649889014
-0.42067111464487533
-0.3961100366099112
-0.45925130442576795
-0.21611215836656555
0.07872442222711946
0.31047517865939084
-0.0776331966165885
-0.08533602403825949
-0.24895348700890169
-0.1314896298603707
-0.2534287581587431
-0.0025633977047158207
0.09811688511003586
-0.18746270665710899
-0.0787846084720762
-0.18746270665710899
0.06833639976396438
0.3630919000942468
0.2988176719857428
-0.18287973286904435
-0.18746270665710899
0.17209349271556548
-0.18746270665710899
-0.18746270665710899
0.192158883238966
0.3723158241179352
0.294395704720429
0.17209349271556548
0.27794330139034285
0.11273955038751853
-0.1972682329115657
-0.11742584808176171
-0.010380125163291407
-0.1907065633736485
-0.18746270665710899
0.05761359635446157
0.2984227769112979
0.21280966581390157
-0.08851437187246187
-0.25538608604641316
-0.28726629659673486
0.25268160041684695
0.17822919319486139
0.17931283125292447
0.07890819083457717
0.013952430598530746
-0.1089714959182015
0.12252424294541803
-0.20038072704084037
-0.07397050622474632
-0.28431087017947687
-0.28021206934460635
-0.26029591733859503
0.15049994850294404
-0.08815151595807118
-0.3891412398287145
-0.428572542553269
-0.4055767473511981
-0.13086451431374907
0.29071699076607754
-0.18342884363497725
0.19404675291229265
0.013952430598530746
0.2889504846970574
0.06906549456876361
0.013952430598530746
0.3694316138553585
0.294395704720429
0.1737673816568484
0.2889504846970574
0.07387795130431483
0.17931283125292447
0.17565397999403914
-0.0787846084720762
-0.18448417174630255
-0.0787846084720762
-0.07803287512535549
0.07339479482686988
-0.19570892406404825
0.06035026883068299
0.04224554771149005
-0.3393371583717928
-0.45646384951128866
-0.38756812907261134
0.08639875352202113
-0.0661271708002349
-0.014583976120789592
0.2261407002257663
-0.03749284911201005
0.013952430598530746
-0.18746270665710899
0.2873577306785914
0.29071699076607754
0.013952430598530746
0.06943054612234897
0.23596130484580727
-0.0787846084720762
0.34947497725651483
0.27504925765139143
-0.09303155623899358
0.14713456273796713
-0.12638057221603016
-0.31715892467684326
-0.33918721574480337
0.10363287120199187
0.2315439227339378
-0.0787846084720762
-0.07803287512535549
0.0797242350187568
0.11409190757284214
0.11409190757284214
0.10683129185443586
0.09655161567637714
0.2997996031448048
0.0742430028579002
0.11388228702940907
0.14230761188559574
-0.035971906513354523
-0.18626640465033578
-0.08806592356202891
-0.008522384947685126
0.2880821148192224
0.07067453589738017
-0.1819538963522566
0.06919502897488765
-0.18746270665710899
0.2803744072360681
0.07467186969206843
-0.0787846084720762
-0.18746270665710899
0.2984227769112979
0.2969157501899326
0.07971984357508098
0.0977496509756204
0.29743697125929985
0.1889330936776646
-0.3546857296594477
-0.2808486090419764
-0.24709764975671192
0.2819597908242764
0.013952430598530746
0.044634351629408646
-0.2708467018086448
-0.5024713630931109
-0.38178270285100213
-0.14695218040434985
-0.32337404478151444
-0.41391554629673505
-0.03206336533593365
0.1968042799116386
0.013952430598530746
-0.18746270665710899
-0.12320248270183475
-0.0787846084720762
0.27705226910685105
0.07467186969206843
0.29071699076607754
0.013952430598530746
-0.08851437187246187
-0.274235257087591
-0.26029591733859503
-0.3152199738330572
0.2669754434590135
0.06795103919985646
-0.18746270665710899
0.26652164230386943
-0.08028852120925639
0.08100130988395535
0.19290358583545048
-0.0608743080221637
0.17072991413281488
0.2873577306785914
-0.0787846084720762
0.23907313446128575
-0.0756295815907117
0.06943054612234897
0.2739247616653484
-0.1912459276419307
0.06433442684667354
-0.0787846084720762
-0.1125592812159553
-0.18746270665710899
0.1737673816568484
-0.07803287512535549
0.17903215347398904
0.17806543717224385
0.10202401814759607
0.23596130484580727
-0.0787846084720762
0.23444790154140446
-0.06824328394363936
0.17822919319486139
0.17931283125292447
0.17732786893532207
-0.07803287512535549
0.17686561461211084
0.26284928530572943
0.8173702104890489
1.6144738050075385
2.727556714018749
