2.775031594928913
1.6817107737112573
1.0058289661882684
-0.08272876204493317
0.09130466113559653
0.28079890009995423
0.07329672651315616
-0.10086991704529086
-0.18746270665710899
-0.18746270665710899
0.192158883238966
0.26491874474251914
-0.12974367546239884
-0.27770805744841837
-0.24335770400055193
-0.025481497777511724
-0.03668240355086047
-0.17585500380830094
-0.09128489594574267
-0.1806942365103226
0.2340491095167133
-0.07803287512535549
0.07250675943685563
-0.014026525378310915
0.23365474847889428
-0.12974367546239884
-0.3031926432090397
-0.3563534946217926
-0.04385546553927171
0.2508940388369543
-0.07803287512535549
0.07764841018990606
0.19491641023831197
0.2721240885010056
-0.07055321745046567
0.1884721698948215
0.007981977689157633
0.32498295611996936
0.013952430598530746
-0.02114074992027491
0.26824351521119233
0.07467186969206843
-0.18746270665710899
0.013952430598530746
0.013952430598530746
-0.2860971105060329
-0.3285350630845386
-0.35248131620250844
0.10363287120199187
0.013952430598530746
-0.18746270665710899
0.17655530425357846
0.17485101971491146
-0.18746270665710899
-0.010380125163291407
0.07388190261576788
-0.010380125163291407
-0.059967222545001336
-0.1867130685547937
0.1743887653917002
0.09788790173731693
-0.10317985055211716
-0.18746270665710899
-0.048841309645102894
0.013952430598530746
-0.19666100410727164
-0.030483623102914165
0.13098703042661422
-0.2103647506816357
-0.2763216328116793
0.013952430598530746
0.17822919319486139
0.17931283125292447
0.1973932594587226
0.28366473270735293
0.06562151176155802
-0.36216648537971563
-0.27479311929490136
-0.2610233824442895
-0.29530693454469703
-0.103436788106202
0.21787826748738098
-0.2020025932923933
-0.3546857296594477
-0.28099696714728556
-0.16177131923566043
-0.3570421351902229
-0.28984346076857903
-0.2812612922567214
-0.025481497777511724
-0.18746270665710899
0.07066386703856047
0.19659029917959495
0.2968615214445141
0.17072991413281488
-0.08166492368521133
0.04388966890366575
-0.22664268235089313
-0.28726629659673486
-0.07320802216986172
-0.14130849324702108
0.12930331442575357
-0.35724928666259514
-0.3016132798863354
-0.28726629659673486
0.215391286377605
-0.18746270665710899
-0.18746270665710899
0.2746441277466986
-0.04782915867688228
-0.12974367546239884
-0.2651032993133679
-0.15434902827296898
-0.19576847695647304
-0.25521618992029493
-0.2775328769560032
0.2503996124101953
-0.21805365611402272
-0.13767955301304918
-0.4568458557298624
-0.47903227644687185
-0.26206552146968876
-0.010380125163291407
0.25406539302202075
-0.18746270665710899
0.34085947059960015
0.013952430598530746
0.06795285308665867
-0.08758490078920918
-0.27429023222980864
-0.2949631618021104
0.23685393206378516
0.1884721698948215
0.005787373639410636
0.2785839900282261
-0.18746270665710899
0.06641025167552428
-0.18746270665710899
0.0651287853666499
-0.07803287512535549
0.07892987649878043
0.09788790173731693
-0.0669961400907602
-0.07595856202320501
0.07457819282203054
-0.06590603512477317
-0.03907350670899748
0.013952430598530746
-0.0787846084720762
0.013952430598530746
-0.18746270665710899
0.05761359635446157
-0.19563454650577713
-0.20217791796568357
-0.035971906513354523
-0.3069188459159926
-0.40470218905513344
-0.3766047439228909
-0.11509434007052917
-0.010380125163291407
-0.05794013294198461
0.013952430598530746
-0.19080351953443322
0.013952430598530746
0.013952430598530746
0.1743887653917002
0.19290358583545048
-0.059022565456354696
0.07743284292343532
0.3499968415403766
0.013952430598530746
0.17606265433298318
0.11102222801678044
0.10301787287480706
-0.1759093569185895
-0.07803287512535549
0.19572064185357557
0.013952430598530746
0.07743284292343532
0.14636448911725025
-0.29789156623104096
-0.34277159959052883
-0.3305810706943454
0.21879475236672274
-0.18746270665710899
-0.18746270665710899
0.1743887653917002
0.09854400949559677
-0.18746270665710899
0.0649946418736616
-0.06918496070512975
0.17289645299469314
-0.18746270665710899
0.21877585769611
-0.06727429187010911
-0.0367635732021712
0.013952430598530746
-0.010380125163291407
0.07388190261576788
-0.18746270665710899
0.013952430598530746
-0.18746270665710899
-0.17553617540474634
-0.19002652612752804
-0.010380125163291407
0.07467626113574426
-0.19570892406404825
0.05621415242040384
-0.19692315694202223
-0.21352314187197557
-0.12872211799254243
0.09397911512108025
0.1788683974513715
0.17440658591335853
-0.0787846084720762
-0.08689604769958482
-0.08851437187246187
-0.2835899414455025
-0.38890995466940675
-0.10078403472404678
-0.05150961662046982
0.013952430598530746
-0.010380125163291407
0.33590163866872913
0.2924445662311228
-0.2031014743705009
-0.03504243543010183
-0.24891482835659492
-0.26029591733859503
-0.0787846084720762
-0.010380125163291407
-0.0787846084720762
-0.01889194153225158
0.30412219928108414
0.1743887653917002
0.17360362563423087
0.27468524467149186
0.12839100246455637
-0.15027916219633217
0.08509906125228758
0.243293289276291
-0.1425032774761671
0.13446694627927827
-0.09929793336159295
-0.2509713446892563
-0.11555779445969318
0.013952430598530746
0.08051420209505734
0.11102222801678044
0.17732786893532207
-0.2031014743705009
-0.035971906513354523
-0.31882571838750917
-0.3985829496470905
-0.3522817307900472
0.034335902874667985
-0.10737769150135618
-0.2815438088045558
-0.1665193309411688
-0.32459354598631457
0.05177731295746233
0.07319233341063913
-0.08697599215901812
-0.2743627878164763
-0.30625068551478735
-0.3570421351902229
-0.29477125548720284
-0.26029591733859503
-0.09938716344584768
0.06795103919985646
-0.010380125163291407
-0.013532792633398495
0.2821945973811652
0.1884721698948215
-0.0024134110018454603
0.13718718423038825
-0.20196692392513194
-0.2418953227421417
-0.10803753509810891
-0.18746270665710899
-0.08572636495931041
0.07971984357508098
0.10202401814759607
0.013952430598530746
-0.29631316972136945
-0.29627366474181394
-0.27832138233501075
0.013952430598530746
-0.18746270665710899
-0.18589851862435885
-0.19477407315605602
0.07066386703856047
0.0942762946402918
0.2614186229289573
-0.07055321745046567
0.17209349271556548
-0.18746270665710899
0.013952430598530746
0.3226115668571002
0.013952430598530746
-0.0787846084720762
-0.18324717109275046
0.19014605883610447
-0.059022565456354696
0.07067453589738017
0.2937837092979239
-0.17210169741816894
-0.18746270665710899
-0.08572636495931041
0.190945132312971
0.013952430598530746
0.013952430598530746
0.07467186969206843
-0.18746270665710899
0.013952430598530746
-0.0787846084720762
0.013952430598530746
0.07822720144341169
0.2880821148192224
0.06796720506766142
-0.13767955301304918
-0.22780839604688513
-0.13936821593271748
-0.31650286884477213
-0.1336106160631471
-0.3756906954925735
-0.35329493374021476
0.0840895274175705
0.263573307694204
-0.2020025932923933
-0.08533602403825949
-0.3168467780942292
-0.37396816147529266
0.014375130096841058
-0.2281291075694425
-0.24709764975671192
0.08715327095275537
0.09854400949559677
-0.18746270665710899
0.06784929197506638
0.2880821148192224
0.0754662282120448
0.2889504846970574
0.08014915054147195
0.17931283125292447
0.07188693499293185
-0.3546857296594477
-0.2643257997377957
-0.08127560306687082
0.3262410205757568
0.31687542501326615
0.1743887653917002
0.17485101971491146
-0.18746270665710899
-0.0787846084720762
0.013952430598530746
0.07971984357508098
0.08347991493980274
-0.3546857296594477
-0.2550670581774687
0.05619324693006088
-0.08758931720109776
-0.11622142209601796
-0.18746270665710899
-0.048841309645102894
0.013952430598530746
0.013952430598530746
-0.0836407555092139
0.1853705492954999
-0.09332806308071538
-0.18746270665710899
0.013952430598530746
0.1743887653917002
0.17485101971491146
-0.0787846084720762
0.013952430598530746
0.0759533360009428
-0.2020025932923933
-0.35068020304036296
-0.30628068506142836
-0.24709764975671192
-0.03321186566410148
0.10016322277340228
-0.004226249136143545
0.24520835371025998
-0.2031014743705009
-0.3546857296594477
-0.3247458025613738
-0.324944747553606
0.29474018868109897
0.013952430598530746
0.19383277218024894
0.2179622974159852
-0.035971906513354523
-0.2941871593483716
-0.40381992975701353
-0.10781394434292027
0.07457819282203054
-0.013354837151311113
0.32443083772705106
0.013952430598530746
0.2025336569225017
-0.1022381737906268
-0.18746270665710899
-0.19733461599671273
0.1378051884702024
-0.08851437187246187
-0.30587262546716903
-0.38317419611914366
-0.2955109571299966
-0.05981228403967347
0.013952430598530746
0.013952430598530746
0.29360536124107334
0.0717780533152546
-0.03504243543010183
-0.1950621085024402
-0.12304489588418521
0.022074054705389746
-0.2866194422531761
-0.3681261205933162
-0.37734492686716137
-0.28075014933146586
0.013952430598530746
-0.13043226822894471
-0.46684922928300376
-0.6251813912411254
-0.5793270780396693
-0.21819994992606478
0.292109921551227
0.013952430598530746
0.07467186969206843
-0.010380125163291407
-0.045504023030512285
0.013952430598530746
0.36688028068733075
0.3157680745425514
0.07971984357508098
0.10223904760225301
-0.07183085768297075
0.07329672651315616
-0.05573011870988465
-0.4499450220545218
-0.2933409978078623
-0.26152302334482497
-0.329067756344058
-0.165871026938135
0.9541134987158185
1.6659639838119547
2.362389845868862
