2.502695168682063
1.4272413432814306
0.5354831512148572
0.08423259281873255
0.057511630293346154
-0.10976708050107392
-0.10275539885078265
0.0657658035539817
0.12531288545990008
-0.08166492368521133
-0.3681156117150857
-0.45362613782517597
-0.4110026833315187
-0.28903590072782864
0.24386832696039826
0.19383277218024894
0.2834625576674594
0.17072991413281488
-0.18746270665710899
0.3097638021978175
0.013952430598530746
-0.18746270665710899
-0.1135866343237196
-0.18746270665710899
0.2889504846970574
0.07372603347954713
-0.07300964768088165
0.17072991413281488
-0.18746270665710899
-0.0787846084720762
-0.04992971581234569
-0.12974367546239884
-0.24723305338171847
-0.12872187066235138
0.09022552133849078
0.09903111728449476
-0.010380125163291407
-0.18746270665710899
-0.010380125163291407
-0.2020025932923933
-0.3546857296594477
-0.29471300938690276
-0.2852623508514458
0.24504431093945125
0.28993629034905544
0.07935479202149559
0.1007425518387217
0.251826191107889
-0.010380125163291407
0.07250675943685563
-0.06359610161794688
-0.10612876489444055
-0.18746270665710899
0.192158883238966
0.2571373068590729
-0.18746270665710899
-0.08697804212380453
0.18905726263964437
0.2739247616653484
-0.18746270665710899
0.06705493345509002
0.3594060105903937
0.23503528468334425
-0.12974367546239884
-0.2817687029491704
-0.2542282864267931
-0.24806945101767852
-0.12059753183424465
-0.0059326051641205016
0.18011579153205212
0.13385925215713584
-0.22040177817743611
-0.20337221102318825
0.14519871653233996
0.24376156411912875
0.0759533360009428
-0.18746270665710899
-0.010380125163291407
0.1743887653917002
0.09355871481327582
-0.0787846084720762
-0.0787846084720762
-0.02042433430832298
0.30412219928108414
0.1743887653917002
0.18904722107604355
-0.0029677881273671553
0.32358725883875833
0.013952430598530746
-0.16228613085900037
0.013952430598530746
-0.18746270665710899
-0.0787846084720762
-0.0787846084720762
0.2889504846970574
0.16992695385368722
-0.010380125163291407
-0.16753998770587933
0.19383277218024894
0.31129233693087455
0.17735826453270612
0.17485101971491146
-0.18746270665710899
0.2873577306785914
0.2746441277466986
-0.11776463895178074
-0.0787846084720762
-0.18746270665710899
0.06266157023747414
0.19491641023831197
0.31330831208372056
0.08871934525638243
-0.16007611903324942
0.10263983518393179
-0.3021307548355296
-0.18746270665710899
0.06581393376916606
-0.2399692484591652
-0.07812660895983047
0.19014605883610447
-0.14567525609148502
-0.1368221688881931
-0.30474446498765295
-0.4261951569707946
-0.3871986016984414
-0.15141276606075038
0.2704290738161709
-0.17145453257088542
-0.11748698891837929
0.0861786370263906
-0.03504243543010183
-0.20733270397107614
-0.11340455777971471
0.013952430598530746
0.013952430598530746
0.2873577306785914
-0.0787846084720762
-0.19563454650577713
-0.08373830916085172
-0.31932786955901166
-0.3161752599227006
-0.10995096520784171
-0.27967185127971345
-0.24709764975671192
0.08674847368982476
0.19491641023831197
0.32645309144615714
0.013952430598530746
0.24452459873344293
-0.010380125163291407
0.07764841018990606
0.09903111728449476
-0.18746270665710899
-0.010380125163291407
-0.045504023030512285
0.013952430598530746
-0.0787846084720762
-0.07803287512535549
0.07388190261576788
-0.010380125163291407
-0.33845423893885995
-0.2934624120190499
0.03336131234697347
-0.0787846084720762
-0.0576168719334523
0.013952430598530746
-0.18746270665710899
-0.1055579521109815
0.2756299333986966
-0.08028852120925639
0.06795103919985646
-0.2031014743705009
-0.13767955301304918
-0.2887296792897748
-0.28726629659673486
-0.0292662059997438
-0.11796980776609929
-0.010380125163291407
0.17655530425357846
0.09736544923358091
-0.16567871675587453
0.17240380307409786
-0.18746270665710899
0.06913075828394076
0.2880821148192224
0.06919502897488765
-0.0787846084720762
0.23872209580930423
-0.07694333264077213
-0.08533602403825949
-0.235620500719066
-0.08890302680978567
0.20812909321310116
-0.07910261054573858
-0.1384180542997806
0.07971984357508098
0.09655161567637714
-0.16515929917183267
0.18617350957462755
-0.012793939287152474
0.10287768009655339
-0.2192481142297386
-0.24709764975671192
-0.24066519366392958
0.07743284292343532
0.3809386408632091
0.2809967409433743
0.16992695385368722
-0.18746270665710899
-0.010380125163291407
-0.0787846084720762
0.34930060244578387
0.3646856857247356
0.013952430598530746
0.1884721698948215
0.0001261815561171183
0.11731106138744873
-0.25653329703330774
-0.3878215524828877
-0.07803287512535549
0.17822919319486139
0.11411138261006952
0.09142164453888704
-0.07426132484537576
0.17072991413281488
0.2873577306785914
-0.19563454650577713
0.12307477274886956
-0.3045217901010606
-0.4216439549863915
-0.4521887210402566
-0.4366050640214035
-0.43558586289722206
-0.28726629659673486
0.013952430598530746
-0.0901543399932205
-0.2525799937163173
-0.29821239523338944
-0.026607301098453648
0.0942762946402918
0.013952430598530746
-0.1912459276419307
0.06709540007804042
0.013952430598530746
-0.1125592812159553
-0.18746270665710899
-0.0787846084720762
0.013952430598530746
0.17655530425357846
0.07605354073317239
-0.02771839573627429
0.049200681543455665
-0.33282957610191183
-0.40843908493847103
-0.35770773390029426
0.23234751861524758
0.06795103919985646
-0.18746270665710899
0.2803744072360681
0.06944671199015394
0.09466990474415074
-0.27554272548913206
-0.4003150808757406
-0.4067285795922439
-0.443358525704883
0.2704290738161709
0.192158883238966
0.37607320663743093
0.24227489474701383
-0.0787846084720762
-0.0787846084720762
-0.12217512959407045
-0.010380125163291407
-0.18746270665710899
0.3377797941006332
0.26912126704999295
-0.10559789341487119
0.0849064184831107
1.010089801447061
1.5874600997434956
2.886166833403927
