2.4112113399375117
1.5123583148240474
0.7754881340624891
-0.07782278337187604
-0.32588903918253814
-0.13312630697007097
-0.08010152474749618
0.07743284292343532
0.2601107062736293
-0.2055980625388832
-0.08829179317386492
-0.08851437187246187
-0.22832001120050147
-0.04719777688511348
0.07909107263483468
0.10007610808989492
-0.09257662435561959
0.09550110753161366
0.2527590793263526
0.17072991413281488
-0.0787846084720762
-0.10453059900321719
0.2889504846970574
0.17209349271556548
0.2746441277466986
-0.12007457245860706
-0.010380125163291407
-0.18746270665710899
0.2669754434590135
0.07674769452091917
-0.18746270665710899
0.05885758612949275
-0.010380125163291407
0.19652360213270323
0.013952430598530746
0.06796720506766142
-0.07860646541925491
-0.2131197681753056
-0.1195744457822452
-0.20585624360601976
0.17289645299469314
-0.0787846084720762
0.2922784049269413
0.17606265433298318
0.17931283125292447
0.17565397999403914
-0.2031014743705009
-0.07860646541925491
-0.28152079891325565
-0.4062850124660357
-0.2508322805930361
-0.17936211488149179
0.22137430686465073
-0.0787846084720762
0.2780056614280907
0.1884721698948215
-0.21193355787009677
-0.3546857296594477
-0.23169655544363532
0.08190445720219607
-0.02612625472079631
0.11309805284563117
0.10455597081835054
0.0977496509756204
-0.0787846084720762
-0.010380125163291407
0.24066642924496612
-0.18746270665710899
-0.18746270665710899
0.17606265433298318
0.17806543717224385
0.09903111728449476
-0.0787846084720762
-0.18746270665710899
0.06581393376916606
-0.1904271793338721
-0.1774028497813848
0.1743887653917002
0.09355871481327582
-0.010380125163291407
-0.1898497958377089
0.2883435363305894
-0.18746270665710899
0.07066386703856047
0.19491641023831197
0.3739766395712941
0.23814624586956445
-0.11867092503043329
-0.13767955301304918
-0.30685054952273594
-0.387869517202487
0.09699702148065965
0.13848751705296056
-0.13388235105206228
-0.3419290952050773
-0.38312047261091836
0.09652058204416894
-0.023588853510719075
-0.23757236260931294
-0.24709764975671192
-0.3021307548355296
-0.13117109273246244
-0.07803287512535549
0.07407994322938602
0.013952430598530746
-0.3546857296594477
-0.3203274844939445
-0.39195395113784687
-0.2496551542569059
-0.010380125163291407
-0.07860646541925491
-0.16924945037358172
0.028947728164137588
-0.1260923251799833
-0.2020025932923933
0.04941813720563621
-0.15279004014572084
-0.013085329614444046
-0.014692845478839556
-0.35581536542725845
-0.22883373954152064
0.08778908556438707
0.2654825992265942
0.07674769452091917
-0.18746270665710899
0.17457034193597606
-0.18746270665710899
0.18986022291877203
0.22256234106875256
-0.0787846084720762
-0.18746270665710899
0.2889504846970574
0.192158883238966
0.25756555026739597
-0.07803287512535549
0.1737673816568484
-0.18746270665710899
0.06938240072968609
0.17485101971491146
-0.18746270665710899
-0.18746270665710899
-0.18746270665710899
0.0651287853666499
-0.18746270665710899
0.07017675924966245
0.17806543717224385
0.10202401814759607
0.013952430598530746
0.2873577306785914
-0.0787846084720762
0.2511652843162056
0.26786406080963426
-0.3546857296594477
-0.3295716800657448
-0.3858030339264859
-0.23866596865746076
0.072999013082869
0.1329921234393456
-0.32422877659306565
-0.2392664814313304
0.09513010828125112
0.09040214239307537
-0.010380125163291407
-0.12217512959407045
-0.07803287512535549
0.07122529312798123
-0.18384778499531587
-0.18746270665710899
0.06433442684667354
-0.18746270665710899
-0.18746270665710899
0.013952430598530746
-0.0787846084720762
-0.016377987692766983
0.25860731748731464
-0.18746270665710899
-0.1511212701922665
0.30288451179981535
0.013952430598530746
-0.20084330611298554
-0.08758490078920918
-0.2680794344063333
-0.27557321153260056
0.02748962092999446
-0.21303139038246435
-0.12094405690713243
0.00020168307140070992
0.0942762946402918
0.2746831510421678
0.062677785171265
-0.35581536542725845
-0.2757802090061175
-0.30087199691912814
0.2704290738161709
0.12451082033603092
-0.13767955301304918
-0.17668575763401279
0.08282123585754367
-0.0797119967932041
-0.20644772683768672
0.25602256336371226
0.2746441277466986
-0.1104587240804919
-0.18746270665710899
0.2984227769112979
0.28424094753787005
0.07743284292343532
0.013952430598530746
-0.19828669603993615
-0.0889816571496813
-0.08851437187246187
-0.23294398326632962
0.049980538630955314
0.06551127336509951
-0.30731138213265086
-0.31604346112416576
-0.39657510365271714
-0.0787846084720762
0.3669973070705118
0.294395704720429
0.07743284292343532
0.013952430598530746
0.2889504846970574
0.17209349271556548
-0.0787846084720762
0.27849625180416404
0.06943054612234897
0.013952430598530746
-0.0787846084720762
0.2873577306785914
-0.18746270665710899
0.013952430598530746
-0.19361330251663691
0.2889504846970574
0.06621084446735882
-0.18480201042977157
-0.0787846084720762
-0.010380125163291407
-0.3546857296594477
-0.24990345619330984
0.04746922569066835
0.08522038794341177
0.06926479704455568
-0.21163867116926396
-0.24709764975671192
0.08598795649621702
0.10455597081835054
0.19571937051743962
0.3444788229457746
0.013952430598530746
-0.1254304217844414
-0.13767955301304918
-0.2850360005448574
-0.28726629659673486
-0.028958439873327767
0.22256234106875256
-0.0787846084720762
-0.18746270665710899
0.26972570157670195
-0.19468246646255377
0.12543027805510928
-0.13767955301304918
-0.4094180553520224
-0.2909403636636447
0.08507252475460567
0.8335479567666608
1.3944047191897802
2.260241776710254
