2.3062151830414392
1.4017250856357888
0.7666421631699329
-0.2875510299260325
-0.33280672293736047
-0.35179492560982234
-0.03093756201499173
-0.2141209691681128
0.013952430598530746
0.2261650653146501
-0.12974367546239884
-0.24827490621426296
-0.0786802714796758
0.32009947313991
0.26966771291277697
-0.06824328394363936
0.17822919319486139
0.09565412421106582
0.09788790173731693
-0.1044315277166113
-0.18746270665710899
-0.11589656783054593
-0.18746270665710899
-0.027323231594234013
0.20878337183991477
-0.1022381737906268
-0.18746270665710899
-0.18746270665710899
0.0649946418736616
-0.06687502719830345
0.17903215347398904
0.17931283125292447
0.19760724019076625
0.013952430598530746
-0.18746270665710899
-0.19666100410727164
0.11925797114681563
-0.29654161875099877
-0.2263847649958215
0.06930495960425988
-0.1387863172608572
-0.3239448079422317
-0.3680538828054494
-0.3829079336779139
-0.4003150808757406
-0.3911587665370476
-0.4022585273695769
0.03313999253520563
-0.1945933862046229
0.04867524919560218
0.09790652959121254
0.11411138261006952
0.1008193305316821
-0.18746270665710899
0.07066386703856047
0.10381223139478342
0.013952430598530746
0.07467186969206843
-0.18746270665710899
-0.18746270665710899
0.06433442684667354
-0.18746270665710899
-0.18746270665710899
0.2897311851140795
0.013952430598530746
-0.19570892406404825
0.13754641373488954
-0.13197064794238844
-0.3874515164045086
-0.3918067547067497
0.021500017911662343
-0.08091319033849065
-0.03668240355086047
-0.2522485646667818
-0.2711559998507653
-0.29134963320477925
0.07686826592300927
0.013952430598530746
0.3372285949828612
0.2924445662311228
-0.19468246646255377
0.14695757122431233
0.1587713376656658
-0.22703023650016604
-0.29216976246566895
-0.025481497777511724
0.0977496509756204
-0.18746270665710899
0.013952430598530746
-0.18746270665710899
0.0656158931555479
-0.19666100410727164
0.12119184781583109
-0.2873529702737573
-0.22263038954181977
0.13236283957112874
-0.11531056552050006
-0.18746270665710899
-0.010380125163291407
0.1716008427949702
0.2889504846970574
0.13004210626621865
-0.3546857296594477
-0.3188198234128792
-0.4763405690796748
-0.5829445976960475
-0.4463280493949413
-0.3229505719012776
-0.3043966245777864
0.013952430598530746
-0.17931400171585454
0.072999013082869
0.1968042799116386
0.013952430598530746
-0.17590375385258045
0.192158883238966
-0.18911345581854505
-0.19666100410727164
-0.03332881816228266
0.056837538679974015
-0.1914611805789285
0.04891081065220308
0.1031088098651868
-0.09760522682624534
-0.18746270665710899
0.0651287853666499
-0.18746270665710899
0.17735826453270612
0.10390848512497118
0.2889504846970574
0.17457034193597606
-0.010380125163291407
0.17903215347398904
0.1149057411300459
0.1365959730146754
-0.08851437187246187
-0.14028448481998718
0.026051147511842235
-0.1251171941224053
-0.010380125163291407
-0.3699474975723757
-0.36138872643340814
-0.3634907024878305
-0.3834304685610399
-0.2904745583080412
-0.13241993843658123
-0.23268031843263703
-0.04836297828672608
-0.008522384947685126
0.013952430598530746
-0.13767955301304918
-0.21932804184814256
-0.07280353955521139
-0.2992259516467312
0.17903215347398904
0.1153928489189439
0.19760724019076625
0.013952430598530746
-0.12974367546239884
-0.2203642683052333
-0.07673701419146091
-0.2974186934169731
-0.19477407315605602
0.013952430598530746
0.072999013082869
0.09585927258212955
-0.35591576953225357
-0.3499983592009752
-0.5429542896865811
-0.5459676944592492
-0.4204604990260309
0.039278942042998304
0.09790652959121254
-0.010380125163291407
0.0748743017493624
0.3009069536155195
0.0742430028579002
0.19491641023831197
-0.17704084111123014
-0.18746270665710899
-0.18746270665710899
0.06938240072968609
0.1968042799116386
0.013952430598530746
0.20440818382184026
-0.08758490078920918
-0.21563782786782007
-0.11321439865919451
-0.20781827830867639
-0.18746270665710899
0.21941887074470173
-0.007848189957607362
0.3519324599925536
0.013952430598530746
0.17822919319486139
0.10992044644772495
0.18011579153205212
0.1973932594587226
0.30857900977009645
0.17903215347398904
0.11411138261006952
0.17565397999403914
-0.18746270665710899
0.2425445846768701
-0.18746270665710899
-0.18746270665710899
0.192158883238966
0.3939199474063932
0.3157680745425514
0.17655530425357846
0.10163316408888586
-0.18746270665710899
0.18927513017394917
-0.10116832644794842
-0.2020025932923933
-0.35724928666259514
-0.2529142803765286
0.08778908556438707
0.27142348227338897
0.19404675291229265
0.013952430598530746
-0.18746270665710899
-0.19666100410727164
0.18083467761942354
-0.3681156117150857
-0.45751070006857
-0.4053633169473963
0.07651596802276245
0.013952430598530746
0.013952430598530746
0.07615137661456094
-0.18670640761893104
-0.18746270665710899
0.013952430598530746
0.013952430598530746
-0.010380125163291407
-0.18746270665710899
0.013952430598530746
-0.18746270665710899
-0.08572636495931041
0.07971984357508098
0.10281837666757244
0.013952430598530746
0.17289645299469314
-0.18746270665710899
0.24762431535646875
-0.07055321745046567
0.17655530425357846
0.10305288115945677
-0.07300964768088165
0.07467186969206843
-0.18746270665710899
-0.08315335514805261
0.17655530425357846
0.07571213522152777
-0.3546857296594477
-0.2669430168940328
-0.24709764975671192
0.0899071455364703
0.013952430598530746
-0.04319408952368598
0.013952430598530746
-0.07981606853346201
0.17209349271556548
-0.18746270665710899
-0.18746270665710899
0.29609877121229977
-0.2718943418377174
-0.3130886129563668
-0.23833183903948454
0.12824121889138695
0.013952430598530746
-0.03761187463411316
-0.27534877666674507
-0.3604153638637781
-0.03461847826982121
-0.11025189305043784
-0.1898497958377089
0.06705493345509002
0.21076033658987228
-0.3546857296594477
-0.2872820011515099
-0.2672357336461453
-0.07467943580298131
-0.24689178989381372
-0.052491730885850914
-0.12974367546239884
-0.27809212623233676
-0.24709764975671192
-0.4072125185704153
-0.2958849559122205
-0.2917206963973938
-0.3039050959069102
-0.18746270665710899
0.32316276597487215
0.013952430598530746
0.35062755875991586
0.26475461503985104
-0.07803287512535549
0.17655530425357846
0.19847816885292158
0.013952430598530746
0.17519172567082786
0.10429933918368141
-0.18606578638578855
-0.3546857296594477
-0.2249788936819061
-0.007020306416089108
-0.0035139000331058383
0.013952430598530746
0.2889504846970574
0.06758598764627109
-0.18746270665710899
0.06660829228914242
-0.18076988382809334
0.08051420209505734
0.17931283125292447
0.10690138598807254
0.013952430598530746
0.14964840117676664
-0.12638057221603016
-0.2294052799071239
-0.17107663433499196
-0.12905683519021255
-0.3337912501766214
-0.43208060569747997
-0.37210413275884463
-0.3126339336028238
-0.282529299600583
0.013952430598530746
0.013952430598530746
-0.20194218719109316
0.1040096159722753
-0.20659813058746523
-0.12315990960453185
0.10644931524174185
-0.21154287627253507
-0.18746270665710899
0.013952430598530746
0.07537255134200689
-0.07300964768088165
0.08100130988395535
0.19491641023831197
0.2841481509879531
-0.18746270665710899
0.06660829228914242
0.013952430598530746
0.07467186969206843
-0.0787846084720762
0.013952430598530746
0.07971984357508098
0.12840520270682756
-0.3546857296594477
-0.2953430119753473
-0.27952304633482417
0.013952430598530746
0.01674304601776707
-0.2483469655836474
-0.36596415608804583
0.013952430598530746
-0.18746270665710899
0.20601990696764702
-0.1022381737906268
-0.19570892406404825
0.061440610469859686
-0.035971906513354523
-0.17737519970076662
-0.11806954370152183
0.09931846866380457
0.013952430598530746
0.07329672651315616
-0.0529016179853331
-0.17446160997747598
0.17822919319486139
0.17973932611352683
0.11102222801678044
0.17732786893532207
-0.18746270665710899
0.19296184351809365
0.25025750295433313
-0.05708760114680791
-0.1871256948188358
0.0754662282120448
-0.18746270665710899
0.06433442684667354
-0.18746270665710899
-0.18746270665710899
0.19572064185357557
0.013952430598530746
0.17735826453270612
0.19273393442018802
-0.2377959267007972
-0.047376174128201144
0.013952430598530746
0.21686738573687983
-0.05583592398231379
-0.1885099026995124
0.07329672651315616
-0.10086991704529086
-0.18746270665710899
-0.1296539754672017
0.07822720144341169
0.013952430598530746
0.1946357324593766
-0.18758837531295686
-0.08851437187246187
-0.2534975872088135
-0.2717382540037322
-0.026915067224869683
-0.029758239353130468
0.20989943760855512
-0.08533602403825949
-0.28442916514657024
-0.36142464988164413
-0.3320727473415743
0.04301677807294132
-0.3021307548355296
-0.18746270665710899
0.013952430598530746
0.14695757122431233
0.1609639611003947
-0.0964188563921096
0.14002121001066836
0.013952430598530746
0.013952430598530746
0.3092126030800456
0.013952430598530746
-0.18746270665710899
0.06913075828394076
0.2997996031448048
0.17903215347398904
0.10992044644772495
0.17565397999403914
-0.19802163568637707
0.013952430598530746
-0.12974367546239884
-0.2619841455214322
-0.2448677338092615
-0.25179962654496074
0.018261701632652515
0.0992821995665742
0.1081828522969469
0.013952430598530746
0.07971984357508098
0.12840520270682756
-0.3546857296594477
-0.3169331327022611
-0.38211063761392416
-0.3015408768447798
-0.030675128656558467
0.2691061725585542
0.29071699076607754
0.013952430598530746
0.0759533360009428
-0.19828669603993615
0.013952430598530746
-0.12974367546239884
-0.2857989662370074
-0.2935966014619666
0.2704290738161709
0.1884721698948215
-0.09108164791984814
-0.3546857296594477
-0.2509330271431306
0.05152755944800963
0.09790652959121254
0.1038317064320108
0.20332797944125358
-0.3546857296594477
-0.33006555209128713
-0.36749790631543733
-0.30894998172353516
0.013952430598530746
0.18704443823678285
-0.06247331168107602
0.07971984357508098
0.14978654421570997
-0.12638057221603016
-0.2134690203387905
0.02133554761446566
-0.0787846084720762
0.08321073612823283
0.8539969549375546
1.563834940246717
2.3924829651512542
