2.6789598078297523
1.7894603707026642
1.4991891121534076
0.07449465478114707
0.05372738669735242
-0.18746270665710899
-0.0787846084720762
0.013952430598530746
-0.07803287512535549
0.07250675943685563
-0.03263586886193689
0.013952430598530746
0.13958023506853684
-0.08758490078920918
-0.2798364702712552
-0.40525889658052344
-0.028958439873327767
0.17527751457551385
0.28993629034905544
0.1403831953476645
-0.08851437187246187
-0.27534325516503017
-0.42661102209648283
-0.3037930573806083
-0.2020025932923933
-0.035971906513354523
-0.2607110003844142
-0.2918617659070312
0.013952430598530746
0.1743887653917002
0.1007425518387217
-0.15997582119567766
0.2861699194901284
0.07971984357508098
0.09257333706758532
0.04788124952192962
-0.4462890149154211
-0.5678193053662857
-0.40097633396175103
-0.4507404891550081
0.041155349990459236
-0.0632195416968046
-0.010380125163291407
-0.0787846084720762
0.33590163866872913
0.256565882161231
-0.18746270665710899
-0.18746270665710899
-0.0787846084720762
-0.01406805418594069
0.35222080680304996
0.013952430598530746
0.07971984357508098
0.09996372656616767
-0.07300964768088165
0.18986022291877203
0.23893753095674375
-0.007848189957607362
0.30301484881036944
0.0717780533152546
-0.08533602403825949
-0.16309243533093995
0.06402110427962965
-0.027252058041738234
0.09355871481327582
-0.18746270665710899
0.2893909623587849
0.2724848914077893
-0.18746270665710899
0.07017675924966245
0.11329754905286578
0.09854400949559677
-0.18746270665710899
0.07017675924966245
0.11329754905286578
0.09903111728449476
-0.19666100410727164
0.19385485619705423
-0.08851437187246187
-0.24098543941491912
-0.24709764975671192
0.2076658162699957
-0.010380125163291407
-0.01988907275578079
0.2816424789882469
0.07694573513453731
-0.18683789114238256
-0.08851437187246187
-0.21806188288639308
-0.12052754626746856
-0.0050272939737146275
-0.18746270665710899
0.06833639976396438
0.2764760948333761
-0.18746270665710899
0.19073115158092732
0.3009069536155195
0.0742430028579002
0.14317034889132324
0.14998623771725722
-0.17758661550692895
-0.1479100552677348
-0.16977743039977572
-0.20803200410354858
-0.10993437770813015
0.2670290307083933
0.07971984357508098
0.0942762946402918
0.28598554775308554
0.07329672651315616
-0.05118958170909971
-0.16628708118833604
0.3428554847823726
0.36435647647375596
0.2404220868407003
-0.01015812346443366
0.2986198311423227
-0.26426405707842726
-0.08426122944240864
0.0665758960209442
-0.06590603512477317
-0.14968713759408392
0.3262423109468226
0.1982384867702363
-0.3546857296594477
-0.27729958314878667
-0.14184757753703292
-0.19160759588552154
-0.38280651923738174
-0.4241764483133577
-0.38771552358828115
0.08753554598964566
0.09565412421106582
0.19760724019076625
0.013952430598530746
0.23330881167265058
-0.12974367546239884
-0.26516867433005287
-0.24709764975671192
-0.07803287512535549
0.07250675943685563
-0.01058252925852584
0.2202701031742765
-0.010380125163291407
-0.18746270665710899
0.06420028335368523
-0.03263586886193689
0.013952430598530746
-0.2103915166769848
-0.06867908276844582
-0.3918029348487396
-0.44119798980522573
-0.3656650169593302
-0.05905427734539331
0.25908534739879646
-0.0675587354152355
0.17209349271556548
-0.18746270665710899
-0.23698616617207768
-0.01850521568355515
0.3055178965622951
0.08100130988395535
0.14978654421570997
-0.12638057221603016
-0.28063929534832216
-0.4017151040655467
-0.1448421829337879
-0.1547427014748008
-0.002245343003501121
0.00020168307140070992
-0.0901543399932205
-0.2966894686746884
-0.4298950282568763
-0.4025371221921618
-0.35665962034012044
-0.26029591733859503
-0.0787846084720762
0.2922784049269413
0.072999013082869
0.1765249086561944
-0.07803287512535549
0.06574845241080048
-0.04927080005335088
-0.18482501342545107
-0.18746270665710899
0.07145822555853683
0.11329754905286578
0.1007425518387217
0.3335940834687272
0.013952430598530746
-0.18223930358523924
0.07329672651315616
-0.06472724512686229
-0.0094288475545948
0.3504884772952406
0.013952430598530746
0.13243312494563095
-0.2245240568401593
-0.44953009196130983
-0.6379368440390064
-0.5777672380643634
-0.5096293651510854
-0.2398631474024722
0.08982072407556022
0.19353689469931568
0.26155468897094236
-0.10559789341487119
0.17388052332616633
1.4476613774044649
1.7369396090488392
2.660039433847849
