3.114655773070316
3.523107741188145
2.3369439258230575
0.39632801526667094
0.2913421234001047
0.30085910731182647
-0.18105803321794348
-0.0787846084720762
0.27849625180416404
0.19404675291229265
0.013952430598530746
0.28993629034905544
0.17655530425357846
0.10212027187778386
0.2746441277466986
-0.2093170294376576
-0.07860646541925491
-0.27901583456719314
-0.26029591733859503
-0.32198990206049866
0.013952430598530746
0.0665758960209442
-0.009866113646573912
0.28908284509946564
0.28993629034905544
0.08063625833036996
0.17485101971491146
-0.010380125163291407
-0.0787846084720762
-0.010380125163291407
0.07407994322938602
0.013952430598530746
-0.0787846084720762
-0.11986519608724415
-0.010380125163291407
0.07844276870988243
0.17806543717224385
0.1760804748546415
-0.07803287512535549
0.07217156947272528
0.17931283125292447
0.17565397999403914
-0.0787846084720762
-0.2031014743705009
0.05367726846663953
-0.2349392791711875
-0.28726629659673486
0.013952430598530746
-0.1392462622805277
0.072999013082869
0.130180249305162
-0.35591576953225357
-0.2046491919988313
0.08584636782788682
-0.3021307548355296
0.17655530425357846
0.1765249086561944
-0.07803287512535549
0.19094901911523213
-0.059022565456354696
0.07743284292343532
0.33215010077141416
0.013952430598530746
-0.0787846084720762
0.21162400166825182
-0.1452922197935388
0.17573867446311664
-0.35724928666259514
-0.30155033170364304
-0.29929979185531286
0.2434801323388291
-0.15656599837437996
0.2860644462535608
-0.18415361767514649
-0.18746270665710899
0.17655530425357846
0.1968042799116386
0.013952430598530746
0.013952430598530746
-0.08758490078920918
-0.1654719047170944
0.15489314817556155
0.24961302269410432
0.07467186969206843
-0.08166492368521133
-0.12974367546239884
-0.26324648311436283
-0.1634033536972376
-0.3589816300574769
-0.23100203987088086
-0.06840536438516547
0.2135928864504773
-0.021653239366176722
0.37227276919054586
0.2929517220231159
0.190945132312971
0.013952430598530746
-0.18746270665710899
-0.18746270665710899
0.2889504846970574
0.148845440897639
-0.12638057221603016
-0.24442604900221113
-0.13877163015753735
-0.0787846084720762
-0.0787846084720762
0.29117105445622654
0.17822919319486139
0.10764512541163963
0.10281837666757244
0.013952430598530746
0.17735826453270612
0.07890819083457717
0.013952430598530746
-0.0787846084720762
0.013952430598530746
-0.18746270665710899
-0.11589656783054593
-0.18746270665710899
-0.08842451231637229
-0.20789556747164387
-0.29189290276075086
-0.23950946990309954
0.10467831099243717
-0.13241993843658123
-0.21547962784995725
0.08270459676921654
-0.2016312197955013
-0.08166492368521133
-0.13767955301304918
-0.30965023570790035
-0.3365018861090002
0.10363287120199187
0.2695305539565557
0.2883435363305894
-0.18746270665710899
0.07066386703856047
0.19491641023831197
0.22328306745149346
-0.07860646541925491
-0.24298339063745075
-0.12032012350929562
-0.11747367121485398
-0.19477407315605602
0.06938240072968609
0.09128339377719051
-0.18746270665710899
0.013952430598530746
-0.10453059900321719
0.2873577306785914
-0.0787846084720762
-0.07803287512535549
0.07844276870988243
0.10455597081835054
0.18011579153205212
0.09736544923358091
0.2340273606098015
-0.07238984862775888
-0.2840422632132692
-0.27601863173593283
0.055218474311899496
-0.026607301098453648
0.19491641023831197
0.33317642623485666
0.013952430598530746
-0.2102447156421006
-0.13767955301304918
-0.4487038707034744
-0.4353724210354934
-0.31121348575543395
0.08993145043395379
0.17527751457551385
-0.18746270665710899
0.17519172567082786
0.10381223139478342
0.3009069536155195
0.0742430028579002
0.1809867201942074
0.18011579153205212
0.07699360153040213
-0.13767955301304918
-0.3045096183991917
-0.3815077356746633
0.1385485259419473
-0.03761187463411316
-0.23134789287947227
-0.0979008347026611
0.10618106025092222
-0.03411542911260216
0.013952430598530746
0.17655530425357846
0.17485101971491146
-0.19828669603993615
-0.12876770839903198
-0.13767955301304918
-0.24921269919082037
0.056577166736860765
0.013952430598530746
0.0665758960209442
-0.06590603512477317
-0.012990458225915215
0.21467872254046402
-0.08166492368521133
-0.3546857296594477
-0.26846168039758533
-0.10241170649435143
-0.2971626339053209
0.2819803839261315
0.129239145987091
-0.07860646541925491
-0.20169464819428604
0.04182242164727608
-0.3192293927333236
-0.13767955301304918
-0.43188673481224427
-0.4356017863748493
-0.253730657032034
-0.06730073792287868
0.013952430598530746
0.0665758960209442
-0.03679400346856542
0.013952430598530746
0.06795103919985646
-0.07803287512535549
0.0753614095382604
0.013952430598530746
-0.0787846084720762
0.013952430598530746
0.07467186969206843
0.2873577306785914
-0.0787846084720762
0.2984227769112979
0.20816044065258182
-0.035971906513354523
-0.16247792342539444
-0.026805427784172976
-0.006073272801405725
-0.13034511104773863
0.12833122810654682
-0.13767955301304918
-0.29730119610340244
-0.36402029651912515
-0.34136352593445535
0.03657801111858812
-0.10737769150135618
-0.2560300878756495
-0.24709764975671192
-0.02783263655238584
-0.0787846084720762
-0.18746270665710899
-0.08273188292408022
0.07971984357508098
0.1912296968941675
0.005787373639410636
0.27761413436655014
-0.18746270665710899
0.1737673816568484
0.2889504846970574
0.06379224054017216
0.12278543064047415
-0.15222653687966894
-0.04180151266831655
-0.4104220383958153
-0.29489923931144846
-0.1632088638198822
-0.24362459428190156
0.08211476711421621
0.013952430598530746
-0.08166492368521133
-0.12974367546239884
-0.24415484780291355
0.05494798887018623
-0.22663184002349135
0.17822919319486139
0.13874629178827344
-0.08851437187246187
-0.2500411697691471
-0.40520105866470324
0.3039326681494359
0.215459960643018
-0.1270947668846056
-0.4095196134544102
-0.5406710812407797
-0.43199397728682665
-0.5204243351510072
-0.4014192839065162
-0.20748586177407763
0.26883631979770484
-0.0787846084720762
0.013952430598530746
0.27982320811829614
0.07743284292343532
0.23727619641114903
-0.16979248544582137
-0.1871256948188358
0.1737673816568484
-0.18746270665710899
0.07145822555853683
0.11102222801678044
0.09854400949559677
-0.18746270665710899
0.18927513017394917
-0.001219497492593155
0.34477114692504335
0.32234111698486534
0.013952430598530746
-0.18746270665710899
-0.18746270665710899
-0.1626911219360245
0.013952430598530746
0.013952430598530746
0.08100130988395535
0.10202401814759607
0.013952430598530746
0.013952430598530746
-0.1125592812159553
-0.18746270665710899
-0.010380125163291407
-0.07528546578861134
-0.10612876489444055
-0.18746270665710899
0.22886044543570244
-0.010380125163291407
-0.0836407555092139
0.07467186969206843
0.2873577306785914
-0.18746270665710899
0.2873577306785914
0.29071699076607754
0.013952430598530746
0.1743887653917002
0.09244073599886636
-0.2678299294222785
-0.42427894823694423
-0.4606966476855066
-0.28903590072782864
-0.29987857429970105
0.192158883238966
0.3465753900119114
0.013952430598530746
-0.07803287512535549
0.06588141970148374
-0.035971906513354523
-0.29604091834109225
-0.3644572567388763
-0.03442590850838721
0.2702375152451224
-0.4363608775257123
-0.27189809952596466
-0.10434638244867867
0.19986436041160657
-0.03761187463411316
-0.2950885480604387
-0.3334557108320314
0.19838322121917298
-0.08186194676891091
0.07971984357508098
0.19491641023831197
-0.17013113221312914
0.2984227769112979
0.2054788470173435
-0.035971906513354523
-0.1519170529989416
0.06764818769047334
0.22304853334875813
-0.010380125163291407
0.013952430598530746
-0.13767955301304918
-0.46422513198932763
-0.5816467162420413
-0.533485132051674
-0.22185153065447882
-0.30003361612794566
-0.13560507341023847
-0.0787846084720762
-0.022734267815149284
0.25721162020610366
-0.18746270665710899
0.26972570157670195
-0.18746270665710899
0.19014605883610447
-0.06348086978206433
0.1403831953476645
-0.03504243543010183
-0.2325265965301868
-0.28726629659673486
-0.30503370411949093
0.2889504846970574
0.07706779136984993
0.2614921739065669
-0.0776331966165885
-0.08533602403825949
-0.24088305191098988
-0.24709764975671192
0.18081395917528664
-0.12550829004163977
-0.0787846084720762
-0.1125592812159553
-0.18746270665710899
-0.18746270665710899
0.2873577306785914
0.29071699076607754
-0.010380125163291407
-0.08851437187246187
-0.20236529934108952
0.05117237008303736
0.09428411753069264
-0.20929263559887723
-0.07192893080572331
-0.40272604881094315
-0.41929068459437174
0.03876580149885585
0.10338177788717111
0.3630919000942468
0.36357833525402095
0.013952430598530746
-0.08533602403825949
-0.29589534505883797
-0.40805822267283864
-0.13241993843658123
-0.4090189606576436
-0.40427012665367884
-0.24709764975671192
0.09508561685269547
0.2746831510421678
0.06919502897488765
-0.19477407315605602
-0.07803287512535549
0.07092757969769409
0.13116356252502226
-0.13767955301304918
-0.23395379236229316
-0.13116171733768925
-0.2963230023627699
0.17903215347398904
0.0964484827310422
0.1805422863926545
0.1788683974513715
0.10281837666757244
0.28598554775308554
0.18927513017394917
-0.09880861670570534
-0.0787846084720762
0.2746441277466986
-0.1104587240804919
-0.18746270665710899
0.1737673816568484
0.2661987581092493
-0.08851437187246187
-0.25538608604641316
-0.28726629659673486
-0.02783263655238584
-0.18746270665710899
0.1946357324593766
0.28366473270735293
0.07743284292343532
0.22256234106875256
-0.0787846084720762
-0.18746270665710899
0.013952430598530746
0.2873577306785914
-0.19666100410727164
-0.0902333343141754
-0.08851437187246187
-0.29596860703665695
-0.36659171323685796
0.06534482903006288
-0.1892503607626182
0.0498696056212674
0.0693705486499413
-0.08697599215901812
-0.27354320514737746
-0.3726638921027922
-0.0787846084720762
-0.18746270665710899
0.013952430598530746
0.28993629034905544
0.17655530425357846
0.1912296968941675
-0.02919364373278287
0.013952430598530746
-0.07860646541925491
-0.22138327602169028
0.04301677807294132
-0.30331273208248755
0.2746441277466986
-0.10814879057366562
-0.19477407315605602
-0.08697804212380453
0.06795103919985646
0.2873577306785914
-0.20211751186438343
0.09415683406863117
-0.20639933695080473
-0.12250605024426826
-0.00964818826862705
-0.21180043352394115
-0.0787846084720762
-0.07668208677359015
-0.010226898755951334
0.10621731738743105
0.896055915944746
1.760441538069831
2.7299797331157465
