2.503566705231707
1.6454577397007082
0.89957877390155
-0.053346065324251804
0.3629424553199337
0.2739419071806768
-0.12472103002542935
0.08051420209505734
0.11457901536174013
0.19370654611457813
-0.12656084463887343
0.07674769452091917
-0.18746270665710899
0.06390556001250532
0.19659029917959495
0.2968615214445141
0.1948497131914203
0.013952430598530746
0.2889504846970574
0.1737673816568484
-0.07803287512535549
0.17519172567082786
0.10130643832058009
0.2883435363305894
-0.18746270665710899
0.06641025167552428
-0.07803287512535549
0.17735826453270612
0.0996660070024346
0.06330938604929265
-0.31259516160366785
-0.4086778759427679
-0.32840080849545417
0.30483582220292366
0.24052475476871005
-0.12974367546239884
-0.35055658065885864
-0.4907001378303582
-0.5151453061045099
-0.4220525376815604
-0.23000273601200558
-0.2963230023627699
0.05885758612949275
-0.07803287512535549
0.19296184351809365
0.3723158241179352
0.294395704720429
0.16992695385368722
0.2897311851140795
0.013952430598530746
0.27982320811829614
0.0759533360009428
-0.0787846084720762
-0.07803287512535549
0.06587960581468154
-0.0787846084720762
0.013952430598530746
0.2955475720945278
-0.25919765881390616
-0.0868266576569632
-0.08758490078920918
-0.21563782786782007
-0.12863331667109346
-0.08921227526157795
0.0742430028579002
0.09075260604465928
-0.13767955301304918
-0.4053335971135838
-0.3686532150923293
-0.05364228306909807
0.08935698386168585
0.26191850394368005
-0.0675587354152355
0.192158883238966
-0.19663528641796357
-0.12974367546239884
-0.28095505501770995
-0.28726629659673486
-0.010380125163291407
-0.18746270665710899
0.24092839991471546
-0.07803287512535549
0.07092757969769409
0.0942762946402918
0.28968809150928587
0.19652360213270323
0.013952430598530746
0.06919502897488765
0.2694568148281003
-0.10688987843577351
-0.2757923953143831
-0.2644713339515408
-0.27670019963341624
-0.018457614720429
-0.013567042157897636
0.29743697125929985
0.3270293062766742
0.013952430598530746
0.2955475720945278
-0.23022380229546355
-0.14454961143007997
-0.08091319033849065
-0.03504243543010183
-0.3165287567288695
-0.4076464989636988
-0.3384151920381241
-0.05701611983774515
-0.0787846084720762
0.013952430598530746
0.3683242633846438
0.31687542501326615
0.08100130988395535
0.19290358583545048
-0.059022565456354696
0.0759533360009428
-0.0787846084720762
0.2883435363305894
-0.08091319033849065
-0.08851437187246187
-0.20248706743426914
0.0874338961994148
0.2562338749587334
-0.18746270665710899
0.2941565603588453
0.17606265433298318
0.17973932611352683
0.11329754905286578
0.17565397999403914
-0.0787846084720762
-0.08166492368521133
0.07777052897527022
-0.1331161462821214
-0.05385969238800935
0.2572821856721517
-0.35581536542725845
-0.28040449818516344
-0.10829741723986393
-0.0787846084720762
0.25406539302202075
-0.18746270665710899
0.29576253704890876
0.17822919319486139
0.1771462923910462
0.09128339377719051
-0.19726023843844165
0.18670043753808677
-0.035971906513354523
-0.19072359184045884
0.11993158906704604
-0.02848879789324986
0.19629569303479763
0.013952430598530746
-0.035971906513354523
-0.2035173886216227
-0.1175588839702609
-0.24235990977224883
-0.0901543399932205
-0.21706213565528748
-0.12222955194347772
-0.001289403780906727
0.19571937051743962
0.25963574207150475
-0.010380125163291407
0.17209349271556548
-0.0787846084720762
-0.14016969724377273
-0.08091319033849065
-0.08533602403825949
-0.20245325281051546
-0.03042754084008084
-0.15100468481154278
-0.2576536270607389
-0.28268838931043033
-0.31528831483813974
0.10070935430999689
-0.09349993398413659
-0.08344260436589834
0.16992695385368722
0.29743697125929985
0.3447260109014021
0.013952430598530746
0.08100130988395535
0.0977496509756204
-0.010380125163291407
0.2661987581092493
-0.08851437187246187
-0.2694596844355948
-0.3000954471937962
-0.13880591867101852
-0.29375458787707415
-0.26029591733859503
-0.03019517972483941
0.013952430598530746
-0.1912459276419307
-0.13389113548024822
-0.2020025932923933
-0.4563545695212847
-0.3972836334499824
-0.3991813936133118
-0.34236887020215456
-0.09898297009902123
-0.2974607945037335
0.21941887074470173
-0.11672938389012279
-0.13767955301304918
-0.22915975056139284
-0.05302477741597655
0.09918139539505452
-0.172933205771367
-0.08851437187246187
-0.23556192922153307
0.04311259389506238
-0.1448421829337879
-0.2468348057179677
-0.27337735567386784
0.013952430598530746
0.072999013082869
0.130180249305162
-0.07860646541925491
-0.2655002894855673
-0.28726629659673486
-0.1448421829337879
-0.18256166961915035
0.100599558947144
0.10208528170856322
0.013952430598530746
-0.0787846084720762
0.27849625180416404
0.1716008427949702
0.2661987581092493
-0.035971906513354523
-0.1883493477688875
0.052847040936214576
0.08844976713136327
0.0977496509756204
-0.0787846084720762
-0.010380125163291407
-0.18263710773881756
0.0759533360009428
0.2897311851140795
0.013952430598530746
0.1884721698948215
-0.09104451089339918
-0.18746270665710899
0.06548174966255961
-0.10317985055211716
-0.18746270665710899
-0.07631281889637564
-0.12402849715572982
-0.010380125163291407
-0.08533602403825949
-0.2532061009003014
-0.28919299191826847
-0.13241993843658123
-0.17470928494347196
-0.057523771737026434
-0.31133267930508657
0.2669754434590135
0.06795103919985646
-0.18746270665710899
-0.0834164314524841
0.08051420209505734
0.1123036943256548
0.09854400949559677
0.28993629034905544
0.17735826453270612
0.1038317064320108
0.27536874436266146
-0.18746270665710899
0.06033410296287805
0.3496929363171921
0.2913372157604081
-0.18746270665710899
0.06548174966255961
-0.20584792230107418
-0.29538542580017324
-0.28775565036558853
0.01220149810498532
-0.0742510648547664
0.17519172567082786
0.130180249305162
-0.13767955301304918
-0.23499171959768347
-0.1350226797662105
-0.31794178235356174
-0.4193639536388222
-0.30235247540353616
-0.2799623167637125
-0.027844040949965284
0.0977496509756204
-0.0787846084720762
-0.18746270665710899
-0.18696829266312695
0.0759533360009428
-0.010380125163291407
-0.19563454650577713
0.18787720167965094
-0.08851437187246187
-0.26462852182136204
-0.40525889658052344
-0.03019517972483941
-0.18746270665710899
0.17289645299469314
-0.18746270665710899
0.3699828129731305
0.294395704720429
0.19073115158092732
0.2880821148192224
0.14776053150343998
0.16443781592280796
-0.20401377433542062
-0.2710729836906893
0.2309752149108351
0.0754662282120448
-0.18746270665710899
0.06833639976396438
0.27536874436266146
-0.18746270665710899
0.06938240072968609
0.09854400949559677
-0.07803287512535549
0.1946357324593766
0.2960183420613228
0.17903215347398904
0.17931283125292447
0.19760724019076625
0.013952430598530746
-0.36342535280509125
-0.2802354203724615
-0.16369828464107314
-0.11354019337911109
-0.2999154211182901
-0.4304074386900809
-0.1448421829337879
-0.25752872492948437
-0.27686103638496984
-0.025481497777511724
0.13116356252502226
-0.13767955301304918
-0.2148384080643023
0.04994348605544187
0.03549522235237586
-0.20280040767129454
-0.3344347757093457
-0.159773681836106
-0.010380125163291407
-0.010380125163291407
0.19404675291229265
0.013952430598530746
-0.18746270665710899
0.06266157023747414
0.19659029917959495
0.30857900977009645
0.17686561461211084
0.10683129185443586
0.09916936804619131
-0.03381465885984779
0.013952430598530746
-0.08238907834471978
0.1853705492954999
-0.058364181160197724
-0.006634178103532924
0.216074419821675
-0.0787846084720762
-0.18746270665710899
0.0656158931555479
-0.18746270665710899
-0.24366140451567542
-0.10788484691768833
0.192158883238966
0.25452466025268367
-0.001491909835225068
0.29047854238067666
0.2889504846970574
0.06622701033516376
-0.22726462472582637
-0.2956319127104605
-0.2932827956782537
-0.026607301098453648
0.17931283125292447
0.1973932594587226
0.2815681656412162
0.18784739851591048
-0.059333173233727984
0.17457034193597606
-0.07803287512535549
0.17289645299469314
-0.0787846084720762
0.29117105445622654
0.08179566840393171
0.11329754905286578
0.10281837666757244
0.013952430598530746
0.06795285308665867
-0.08758490078920918
-0.303523211855493
-0.3473386049096546
0.09663320634612413
0.3101849864601599
0.17735826453270612
0.0758503859832243
-0.21209673906131105
-0.27285476032196737
-0.28726629659673486
-0.03019517972483941
0.17931283125292447
0.1515728177146979
-0.12638057221603016
-0.22647254687768872
-0.18379064245214413
-0.10873620955226461
-0.24906130113918107
-0.2680581529647413
-0.2760060434246968
0.004081704009719827
0.2270840785816995
-0.18746270665710899
0.24459216256659977
-0.06907348888416111
0.06795103919985646
-0.010380125163291407
0.18617350957462755
-0.09582541742920397
-0.18746270665710899
0.06266157023747414
0.1007425518387217
0.24988214093627298
-0.12974367546239884
-0.39461561839046366
-0.49239194027806554
-0.5143731622383686
-0.4768674196694235
-0.3578209380820425
-0.3630025666105978
-0.26029591733859503
0.013952430598530746
0.072999013082869
0.1254519236541019
-0.13767955301304918
-0.2658174745824802
-0.2882200912458073
-0.09710472160916764
0.1743887653917002
0.08730511516839869
-0.13767955301304918
-0.18037555083078124
-0.042584628939366584
-0.018946271269613273
-0.0787846084720762
-0.08112981958352244
-0.035971906513354523
-0.14674191722103436
0.008039398024983917
-0.0046397033540477636
0.013952430598530746
0.17903215347398904
0.17931283125292447
0.07890819083457717
0.28968809150928587
0.19296184351809365
0.3507831938451196
0.2061631523303827
-0.07860646541925491
-0.26337128892145556
-0.24709764975671192
0.013952430598530746
-0.36924524748289644
-0.4616806643928218
-0.46049381697681996
-0.30724136192309426
-0.0648911159544638
-0.010380125163291407
-0.027146336488323552
0.12308581432356341
-0.2167524924752361
-0.2686469070662023
-0.010380125163291407
-0.12974367546239884
-0.28840091232367643
-0.30038054003079195
-0.026607301098453648
-0.0787846084720762
0.29743697125929985
0.3447260109014021
0.013952430598530746
0.06943054612234897
0.013952430598530746
0.08120498827737664
-0.22878003477255
-0.24709764975671192
-0.3152199738330572
0.17822919319486139
0.10764512541163963
0.09788790173731693
-0.014444942117298134
0.2816424789882469
0.07615137661456094
0.26912811622138477
-0.082824309084902
0.06816524568127956
-0.12638057221603016
-0.2963453070785317
-0.4235022718065666
-0.3220524659178215
-0.1355223191728209
-0.41841564377859575
-0.421557308307294
-0.28903590072782864
0.09040214239307537
0.10404673588666773
-0.07183085768297075
0.0759533360009428
-0.18746270665710899
0.2803744072360681
0.06434004545268364
-0.3537009686957888
-0.2644122068701953
-0.12163935172465788
-0.0059326051641205016
0.18178968047333505
0.0891878670126359
0.17565397999403914
-0.1912459276419307
0.2798838168599947
0.1884721698948215
-0.001219497492593155
0.34477114692504335
0.2449783099862002
-0.010380125163291407
-0.07803287512535549
0.06351025426663677
-0.035971906513354523
-0.23694974583905828
-0.28726629659673486
0.013952430598530746
-0.010380125163291407
0.07467626113574426
-0.18746270665710899
0.17457034193597606
-0.18746270665710899
0.06938240072968609
0.19491641023831197
0.2243870194681607
-0.05796043271424196
-0.18796663316615866
0.06943054612234897
0.013952430598530746
0.1946357324593766
0.29476495437837724
0.07457819282203054
-0.03612459236667409
0.013952430598530746
0.013952430598530746
0.35062755875991586
0.3879084376529831
0.21471620928061244
-0.08533602403825949
-0.26330253865905695
-0.28726629659673486
-0.13435943330383524
-0.2500950760412796
0.04110907073674639
-0.3021307548355296
-0.13267319754282209
-0.0787846084720762
-0.010380125163291407
-0.27040400295942313
-0.2874353513722123
-0.3014891532149501
-0.07803287512535549
0.17822919319486139
0.1153928489189439
0.09128339377719051
-0.07803287512535549
0.19652360213270323
0.013952430598530746
0.13285398040040225
-0.3224990106291953
-0.261576010069539
0.08636416822066256
0.2526049504953063
-0.18746270665710899
-0.12551241620866105
-0.0787846084720762
0.3478566197484707
0.3606705869699028
0.151102358772019
-0.2269210844700073
-0.28410465337096213
-0.28296608747975227
0.27990136603041144
0.29547176749261955
0.1743887653917002
0.10210079684055647
-0.07803287512535549
0.07892987649878043
0.09128339377719051
0.28993629034905544
0.1403831953476645
-0.035971906513354523
-0.16474456482315067
0.19458398814780012
0.8108542151104247
1.6760053762724245
2.536787399077159
