2.5017538749008374
1.8312825294878414
1.7389746663072483
0.5872702592082795
0.09417911994067472
-0.19477407315605602
-0.18746270665710899
0.06033410296287805
0.2880821148192224
0.17289645299469314
0.27794330139034285
0.10617423560481003
-0.1728006827414665
-0.11662550859601134
0.013952430598530746
0.0717780533152546
-0.08758490078920918
-0.23937561765055684
-0.17628812579455258
-0.30346142133948
-0.28726629659673486
-0.0787846084720762
-0.0576168719334523
0.013952430598530746
0.013952430598530746
0.013952430598530746
-0.18746270665710899
0.05909310327695408
0.013952430598530746
-0.1963455296335681
0.06266157023747414
0.09369696557497237
-0.06706902725734341
-0.07364862851637871
0.0754662282120448
-0.18746270665710899
0.061578092737909235
0.3025129303055829
0.17903215347398904
0.17931283125292447
0.17732786893532207
-0.08091319033849065
-0.08851437187246187
-0.31572045529798226
-0.40741158420147733
-0.3743480372916703
-0.28726629659673486
0.2482905136016635
0.07822720144341169
0.013952430598530746
-0.08851437187246187
-0.2279339259833889
0.0531001591130497
-0.025481497777511724
0.2880821148192224
0.07694573513453731
0.013952430598530746
0.17289645299469314
-0.0787846084720762
-0.0787846084720762
0.33817258054559696
0.29036736009873215
-0.19733461599671273
0.1320510201212746
-0.18304876769975142
-0.28723877906111617
-0.24709764975671192
0.211817405250525
-0.0787846084720762
-0.1879491063754799
0.013952430598530746
0.07305951962412897
-0.08758490078920918
-0.1867402238549327
0.028591159147651254
-0.010380125163291407
-0.3555121623096839
-0.2931589346433465
0.043085744708502544
-0.1467816778010419
-0.20878316585253867
0.04362038367703337
-0.3152199738330572
-0.09090047379517742
0.072999013082869
0.1809867201942074
0.18178968047333505
0.17794925267017386
0.09369696557497237
-0.09969112704737995
-0.1898497958377089
-0.07803287512535549
0.07764841018990606
0.10281837666757244
0.013952430598530746
0.1948497131914203
0.013952430598530746
-0.18746270665710899
0.013952430598530746
0.013952430598530746
0.08100130988395535
0.08730511516839869
-0.3546857296594477
-0.16682572572455448
0.10273608527243291
0.013952430598530746
0.013952430598530746
-0.08758490078920918
-0.23409725471906256
-0.12761605554471234
-0.002415207101848651
0.17565397999403914
-0.010380125163291407
0.2756299333986966
-0.08354381339962731
-0.035971906513354523
-0.19388729747974703
0.053268450640216104
-0.1462007009846963
-0.23996188314719677
0.03535927251577064
-0.1462007009846963
-0.26924043595247854
-0.40525889658052344
0.013952430598530746
0.192158883238966
0.24785180639231222
-0.12974367546239884
-0.2833349346533191
-0.2703432600049038
-0.28822113835020197
0.03945334911495902
-0.10737769150135618
-0.23258245582114195
-0.28028888385683975
-0.3060060806029928
-0.30608732859959153
-0.13408748651463928
-0.296665348067177
0.18617350957462755
-0.00690308815272267
0.28079890009995423
0.07409108503313253
-0.07069971417405535
0.07409108503313253
-0.06918496070512975
0.17735826453270612
0.1912296968941675
-0.0830158286806611
0.2889504846970574
0.16992695385368722
-0.0787846084720762
-0.07528546578861134
-0.049601818701640585
0.013952430598530746
-0.13767955301304918
-0.3063125708219655
-0.4049095620793131
0.09364733437417282
-0.06685624555449737
0.07457819282203054
-0.14515482290875126
-0.010380125163291407
-0.12974367546239884
-0.1717571515239365
0.1179061157566959
0.013952430598530746
-0.0901543399932205
-0.2534241698526398
-0.26029591733859503
-0.06272948740052586
0.013952430598530746
0.17655530425357846
0.10462606495198717
0.2880821148192224
0.07067453589738017
0.013952430598530746
0.2684360883759054
0.14677475920602345
-0.20234973227788275
-0.12111852383979843
0.06949127511548743
-0.13767955301304918
-0.18182793738591038
0.12442511323569598
-0.1250911506478198
-0.18746270665710899
-0.19570892406404825
0.05749561872927821
-0.18604410674198962
-0.20631187697937367
0.0892306705259218
0.2758235628775564
0.06816524568127956
-0.12638057221603016
-0.17125108165183905
-0.003548828977138301
-0.011161582209235837
0.2873577306785914
0.2893909623587849
0.3020618785802386
-0.17817327738176877
0.013952430598530746
-0.16465315597156593
0.013952430598530746
0.2783792254209831
0.17209349271556548
-0.010380125163291407
-0.12974367546239884
-0.24723305338171847
-0.1338566763573023
-0.2963230023627699
-0.20853067092692534
0.17822919319486139
0.17931283125292447
0.07591528997147587
-0.18746270665710899
-0.010380125163291407
0.3644187680373733
0.21309899192232729
-0.03504243543010183
-0.2119036215097092
-0.10115893995040981
-0.010018932465763401
0.2340273606098015
-0.06727429187010911
-0.09259569989121914
0.06434004545268364
0.08995451817046027
-0.264461290297461
-0.386307742242519
-0.30463268892315926
0.13958023506853684
-0.035971906513354523
-0.20573172186103025
-0.047058041175023255
0.00020168307140070992
0.18011579153205212
0.17732786893532207
-0.2031014743705009
-0.035971906513354523
-0.2810642624642524
-0.3841374187202335
-0.033300105187445285
0.013952430598530746
-0.0909407961360464
-0.4085780208777293
-0.42295414692337424
-0.24709764975671192
-0.07973283107722423
-0.2946406456734949
-0.3890454090350854
-0.3037930573806083
0.07145822555853683
0.17806543717224385
0.19928112913204923
0.013952430598530746
0.0742430028579002
0.10306488396604309
0.18011579153205212
0.09552989059215544
-0.28032174204306154
-0.3120000202781953
-0.3529719024292134
-0.3372326665638525
0.05088965511284494
-0.2458619614812877
0.013952430598530746
0.06795103919985646
-0.010380125163291407
0.2816851762135646
0.013952430598530746
0.17655530425357846
0.07591528997147587
-0.010380125163291407
-0.08862041918202161
-0.4115083147137829
-0.4132678853416767
-0.3067351838125564
0.271209774233193
-0.010380125163291407
0.03308298498432064
-0.2629155427201754
-0.36597569709332406
-0.30413540308501535
-0.08684392841166334
-0.03907350670899748
0.013952430598530746
0.06659206188874915
-0.14862245015778947
-0.22442753847831934
-0.13549376952357645
0.09397911512108025
0.09664786940656495
-0.0787846084720762
-0.20327679904379117
0.08058139746374651
-0.1790732503495003
-0.11153549824017515
0.013952430598530746
-0.0787846084720762
0.013952430598530746
-0.18746270665710899
0.2889504846970574
0.07558828444735742
-0.0787846084720762
-0.18746270665710899
0.2669754434590135
0.17209349271556548
-0.18746270665710899
0.013952430598530746
-0.0787846084720762
0.2051817052859142
-0.13027311471880798
-0.38990911304503895
-0.43453165348527284
0.040795060492390726
-0.3205456044364916
-0.03668240355086047
-0.2340742143537994
-0.24709764975671192
-0.30297038637808055
0.1737673816568484
-0.18746270665710899
0.19153411186005498
0.2997996031448048
0.17686561461211084
0.10683129185443586
0.09369696557497237
-0.07411997826539936
-0.10688987843577351
-0.22025783230470963
-0.12065737362995653
0.00020168307140070992
0.09854400949559677
-0.07803287512535549
0.07217156947272528
0.10144468908227663
-0.034945802368763185
0.013952430598530746
-0.045504023030512285
0.013952430598530746
0.19261902125425398
0.013952430598530746
0.18617350957462755
-0.06320343028572155
-0.28893399277121695
-0.3444231505845354
-0.3853670620662966
-0.09216327794462063
0.06943054612234897
-0.17856375190995355
0.1946357324593766
0.28366473270735293
0.07067453589738017
-0.18438798177905863
0.013952430598530746
0.10747650466280852
-0.16523806600223032
-0.10480786901430184
0.2507884232973019
0.2746441277466986
-0.12132624962310118
-0.010380125163291407
0.23922244654765307
-0.18746270665710899
-0.19477407315605602
0.17655530425357846
0.07591528997147587
0.2873577306785914
-0.20067378522053606
0.17996318998635974
-0.035971906513354523
-0.25515331446326395
-0.2730434560023191
0.27891816428712796
0.13937722208473818
-0.2442875623262575
-0.27654617418049926
-0.2687988101008017
-0.026607301098453648
0.013952430598530746
0.013952430598530746
-0.1900436680816015
-0.010380125163291407
0.17822919319486139
0.0891878670126359
0.09369696557497237
-0.10200106055420627
-0.1898497958377089
-0.19828669603993615
-0.08091319033849065
-0.035971906513354523
-0.22279309318926413
0.04624601958424572
-0.10737769150135618
-0.23182535227172862
-0.1453888910831072
0.11493102915399671
-0.26092266259336505
-0.3932296462066824
-0.28610644492679194
-0.006165825462452764
-0.010380125163291407
-0.03761187463411316
-0.30091122329398834
-0.5024466279744911
-0.3649416562765373
-0.10694997451224206
0.24229324053449183
-0.18746270665710899
-0.19117764454158048
-0.19477407315605602
0.27827784016993123
0.0665758960209442
-0.03978505149428702
-0.12974367546239884
-0.26327753922027974
-0.22517266201755898
-0.025481497777511724
-0.18497015225454866
-0.002466356157196995
-0.34035853342102895
-0.3887558534180667
0.03673420176146623
-0.30297038637808055
-0.18746270665710899
0.19383277218024894
-0.17548863050128735
0.0742430028579002
0.09147018587167523
-0.12638057221603016
-0.38279512236659874
-0.42820962273426866
-0.26206552146968876
-0.0787846084720762
-0.18746270665710899
0.2664424035251643
0.2984227769112979
0.19469895856124073
-0.035971906513354523
-0.29131045825615287
-0.36953094087346533
-0.010380125163291407
-0.010380125163291407
-0.2854220458808484
-0.2962270567186765
-0.28387851125264835
0.05177731295746233
0.07587918913446166
-0.03668240355086047
-0.27130527099142443
-0.40525889658052344
-0.300718205842252
0.192158883238966
0.25923387392520975
-0.18746270665710899
0.2425445846768701
-0.18746270665710899
-0.18746270665710899
0.013952430598530746
0.1853705492954999
-0.057836024501647515
-0.07028959422320835
-0.07721023918769913
0.072999013082869
0.17360362563423087
-0.1898497958377089
-0.08572636495931041
0.07971984357508098
0.1765249086561944
-0.07803287512535549
0.0797242350187568
0.17931283125292447
0.08665591434188145
0.013952430598530746
-0.110249347709129
-0.20348521185624058
0.13745436583093942
-0.08851437187246187
-0.2792054560315265
-0.40525889658052344
-0.06460163849821471
0.013952430598530746
0.2783792254209831
0.06795103919985646
-0.07803287512535549
0.1948497131914203
0.013952430598530746
0.2680302210313049
0.17209349271556548
-0.2031014743705009
-0.29948654241918105
-0.27210563762564055
0.06326595466936741
-0.010450949342624994
0.2799796873094371
-0.19733461599671273
0.0536704185006823
-0.06190730930365493
-0.24158374022716142
-0.1715536682677396
0.06397117021401016
-0.2523260403683905
-0.28726629659673486
-0.10737769150135618
-0.2691583863836421
-0.26029591733859503
-0.24049997760392078
0.08051420209505734
0.14052133838660785
-0.035971906513354523
-0.2692975532285672
-0.26029591733859503
-0.13435943330383524
-0.2675036750255396
-0.24709764975671192
-0.03162874917219737
-0.13510903891168854
0.0759533360009428
-0.18746270665710899
-0.18746270665710899
0.17209349271556548
0.29743697125929985
0.25981008875572675
-0.19666100410727164
0.013952430598530746
-0.12974367546239884
-0.4163578611395873
-0.41585031524012395
0.041151989376603144
0.09806623330219591
-0.07791296098886384
-0.09401241843194494
-0.12900646999427942
-0.4456093385660961
-0.4815432775026198
-0.43224394336468597
-0.39262273712013723
0.030579231025344097
0.013952430598530746
-0.2031014743705009
-0.08758490078920918
-0.25936031839403106
-0.28726629659673486
0.2844577260902615
0.013952430598530746
0.07674769452091917
-0.07803287512535549
0.17903215347398904
0.1809867201942074
0.10764512541163963
0.1760804748546415
-0.1898497958377089
0.07066386703856047
0.09585927258212955
-0.13767955301304918
-0.31568289549253253
-0.43966592906337637
-0.1467816778010419
-0.31692938883960153
-0.4905200928166865
-0.3613707475881971
-0.28947415524672826
-0.3043966245777864
-0.12305734916470698
-0.18746270665710899
0.2883435363305894
-0.07803287512535549
0.0753614095382604
0.23727619641114903
-0.11416395567556822
-0.0787846084720762
-0.19726023843844165
0.25363451994405706
0.1498055841957401
-0.21043205968002532
-0.013231006737001736
1.2872176858363835
2.14686388859273
3.4969257070392747
