2.390046258354918
1.4806519070245907
0.8671952684921732
0.2098913798388648
-0.1514533099059474
-0.3546857296594477
-0.2069746748988152
0.014968107862416058
0.1076146296982802
0.3644221307808738
0.013952430598530746
0.17655530425357846
0.09437254837047959
-0.18746270665710899
-0.1898497958377089
0.0651287853666499
-0.19468246646255377
0.1403831953476645
-0.08851437187246187
-0.18312526758745087
-0.039359380184468745
0.00020168307140070992
0.10281837666757244
0.3009069536155195
0.07971984357508098
0.17485101971491146
-0.19666100410727164
-0.19126093150059847
-0.3546857296594477
-0.29477125548720284
-0.26029591733859503
0.09920302576982046
-0.0787846084720762
0.3389813151676961
0.013952430598530746
0.08179566840393171
0.10195293161820934
-0.08851437187246187
-0.25311760925787763
-0.40525889658052344
-0.010380125163291407
0.07388190261576788
-0.18746270665710899
-0.08697804212380453
0.08100130988395535
0.1008193305316821
-0.18746270665710899
0.06641025167552428
-0.07803287512535549
0.1403831953476645
-0.08851437187246187
-0.25837739163564777
-0.24709764975671192
-0.3024731005399366
0.18704443823678285
-0.12967049296368155
0.0742430028579002
0.09788790173731693
-0.0671577122892673
-0.07213387504745311
0.17209349271556548
-0.18746270665710899
0.2803744072360681
0.0759533360009428
-0.0787846084720762
-0.010380125163291407
0.07388190261576788
-0.19828669603993615
-0.0988653480635684
-0.32101857861871574
-0.46178021414144443
-0.437832165109123
-0.28903590072782864
0.1710254584856625
-0.18918670482029565
-0.07803287512535549
0.06970661993007966
-0.035971906513354523
-0.16838572301452448
-0.03436822262000492
0.1076146296982802
0.3644221307808738
0.013952430598530746
-0.03504243543010183
-0.2613702442269206
-0.2701326088260314
-0.3229051069204296
-0.28237361956324714
-0.13241993843658123
-0.3005784403522378
-0.2833009039914135
-0.33779495877482835
-0.24709764975671192
-0.10342518363176513
-0.30935343957807854
-0.29211155699199504
-0.2713748257669472
-0.23870656775415341
0.24552370829247278
-0.18746270665710899
-0.1367144941238286
0.08100130988395535
0.17527751457551385
-0.18746270665710899
0.18784739851591048
-0.06315786020947989
0.17686561461211084
0.17973932611352683
0.1123036943256548
0.19370654611457813
-0.054985058332094425
0.17735826453270612
0.09437254837047959
-0.010380125163291407
0.17735826453270612
0.08366301347878016
-0.18746270665710899
-0.18223598622604012
-0.18746270665710899
-0.1504974818522535
0.33398018020159786
0.013952430598530746
0.08179566840393171
0.13671247045462612
-0.13197064794238844
-0.38910341428418066
-0.4366469909861128
-0.4545430977281599
-0.25970334479816204
-0.29365830060580966
-0.11138718370218353
0.013952430598530746
-0.10688987843577351
-0.2352571227404798
-0.10696555936074958
-0.10717609403821796
0.2883435363305894
-0.18746270665710899
0.06266157023747414
0.1968042799116386
0.013952430598530746
-0.14986905619736393
0.22218233561696946
-0.01015812346443366
0.22218233561696946
-0.01442433917125482
0.2816424789882469
0.06943054612234897
0.23727619641114903
-0.11416395567556822
-0.0787846084720762
-0.1730030513798313
-0.20648025262814249
-0.3825532077277871
-0.2587450222559648
-0.0338340272340468
0.1039922176377603
-0.1963093122640156
0.07067453589738017
0.2636512560370791
-0.1898497958377089
0.24410594218953893
-0.010380125163291407
0.1378051884702024
-0.08851437187246187
-0.2750757973365379
-0.3304760767729722
0.16744802021701916
-0.10972221613332012
-0.18746270665710899
-0.18746270665710899
0.17209349271556548
-0.18746270665710899
0.2897311851140795
0.013952430598530746
-0.18746270665710899
0.3651895729985626
0.2112881483610184
-0.08533602403825949
-0.24289822437343664
-0.29878363123390556
-0.09264015531336046
-0.29289757066952427
-0.25147688439579663
0.04326400660881083
-0.30297038637808055
-0.0787846084720762
-0.0787846084720762
0.2889504846970574
0.07638264296733378
-0.010380125163291407
0.19174809259209866
0.013952430598530746
-0.18746270665710899
0.2941565603588453
0.07971984357508098
0.19273393442018802
0.27536874436266146
-0.18746270665710899
0.06709540007804042
-0.22667116365919537
-0.0748476833794739
-0.07595856202320501
0.07971984357508098
0.0927516521805496
-0.4236924715611325
-0.3995700983985108
-0.4195788283536549
0.09182722313712674
-0.30763002488286345
0.06420028335368523
-0.06241731162003598
-0.028283952066711807
0.18849597830860734
-0.03504243543010183
-0.23102351977666669
-0.12740630321876067
0.09347439277881082
0.26553583665187136
-0.1056853340581247
-0.07860646541925491
-0.276114452160265
-0.26029591733859503
0.013952430598530746
-0.03761187463411316
-0.27030476335853637
-0.38857057106607484
-0.3097896132660861
-0.18746270665710899
0.06420028335368523
-0.06590603512477317
-0.06885494946709654
-0.03907350670899748
0.013952430598530746
-0.022665202790050482
0.16635737347572566
-0.15302388442932402
-0.07143689170234321
-0.29825832495952403
0.06272207677873406
-0.035971906513354523
-0.2279264462111505
-0.2830829060691446
0.270511218835968
0.013952430598530746
-0.07860646541925491
-0.27225846876333504
-0.27797618605263186
-0.3346275283569841
-0.37135005126125487
-0.36228225228609967
-0.28726629659673486
0.27766516970548344
0.013952430598530746
0.2297532290152435
-0.010380125163291407
-0.0836407555092139
0.06795103919985646
-0.18746270665710899
-0.1898497958377089
0.34085947059960015
0.013952430598530746
0.07743284292343532
0.013952430598530746
-0.18746270665710899
0.2803744072360681
0.0759533360009428
-0.0787846084720762
-0.07803287512535549
0.07388190261576788
-0.0787846084720762
0.02857783661940248
0.8624458355799921
1.7322084130978659
2.507137831626747
