2.7733960080479805
1.659026883786132
0.9555922867340699
0.3482761923060429
0.10643596150371111
0.12112136898382757
-0.16998222510246072
-0.10023736351420064
-0.01391810949451378
0.22218233561696946
-0.16991647003474644
0.013952430598530746
0.07457819282203054
-0.18566154021139042
-0.010380125163291407
-0.20084182265297412
-0.2918460866727674
-0.23787818821582796
0.07442096423971724
-0.06523282678355712
0.17289645299469314
-0.18746270665710899
-0.18746270665710899
0.1884721698948215
-0.011284778678403154
0.19477920381254527
-0.07860646541925491
-0.25394255166175095
-0.12283793914931264
-0.12918663295128707
-0.07803287512535549
0.06450446263576928
-0.06619047866989956
0.17289645299469314
-0.18746270665710899
0.2819803839261315
0.17209349271556548
-0.010380125163291407
-0.1814894882214087
0.013952430598530746
0.2793326177422227
0.19014605883610447
-0.0608743080221637
0.0759533360009428
-0.18746270665710899
0.2941565603588453
0.13485190941747674
-0.03504243543010183
-0.18006407125709484
-0.12971753821108878
-0.09157350394666158
0.07467186969206843
-0.0787846084720762
0.26868100998961386
0.14516422203227292
-0.27015092806244767
-0.41705330134015456
-0.36461873481961293
-0.11266051507501258
-0.010380125163291407
-0.0853320076159647
-0.07364862851637871
0.17606265433298318
0.17931283125292447
0.17440658591335853
0.2883435363305894
-0.07803287512535549
0.06735911273717406
0.28598554775308554
0.18617350957462755
-0.04692581327240238
-0.18987821492037887
-0.19664125758456868
-0.07803287512535549
0.07260043630689351
0.2897311851140795
-0.010380125163291407
0.34930060244578387
0.26475461503985104
-0.07803287512535549
0.17822919319486139
0.11411138261006952
0.09230248523716984
-0.3546857296594477
-0.22765873998633654
0.009161346134502786
0.2682170473119576
0.17735826453270612
0.130180249305162
-0.07860646541925491
-0.24007115409246338
-0.24709764975671192
-0.02783263655238584
-0.20981700071568452
0.08100130988395535
0.1907211100173265
-0.13296405313803433
0.08100130988395535
0.1912296968941675
-0.18059915232862728
-0.010380125163291407
0.17209349271556548
-0.18746270665710899
-0.023226359370371395
0.26771047527734315
0.2897311851140795
0.013952430598530746
-0.0787846084720762
-0.14870836800260664
0.34429946747968565
0.3879084376529831
0.21471620928061244
-0.08533602403825949
-0.16003604791151052
-0.058163879770523376
-0.07803287512535549
0.1948497131914203
0.013952430598530746
-0.18114667568715373
0.09440738356532911
0.6930957749757494
1.0953360113003778
2.408262107361275
