2.2080224915982116
1.828693362719686
1.432839157053359
0.018958321027145012
-0.13200355542813055
0.06266157023747414
0.109531141164473
0.09757070713635647
-0.4048632474308308
-0.31618011801127066
-0.3682742613926503
0.09699702148065965
0.08366301347878016
0.27794330139034285
0.11877858973944934
-0.15445821498724763
-0.10059794222234578
0.29542701900117074
0.013952430598530746
0.029868314091042087
-0.27995389415639044
-0.5160851610545039
-0.40599336688100207
-0.3931268249774692
-0.32767041887662574
0.11548703142491895
0.013952430598530746
0.2889504846970574
0.07578632506097556
-0.13808339684768675
0.31628347557687003
0.013952430598530746
-0.010380125163291407
0.2963171828465326
-0.17917960312317338
-0.0787846084720762
0.347204035379647
0.22474728209250977
-0.1022381737906268
-0.18746270665710899
0.06938240072968609
0.1968042799116386
0.013952430598530746
-0.29955662404964295
-0.3240968079783646
-0.2944004185653028
-0.0787846084720762
-0.0787846084720762
-0.01988907275578079
0.2816424789882469
0.0754662282120448
0.2694568148281003
-0.08851437187246187
-0.16316512735207125
-0.006309230457768426
-0.012053648217288847
0.2880821148192224
0.07467186969206843
-0.0787846084720762
-0.18831835590451448
-0.3546857296594477
-0.2509330271431306
0.04986740617496376
-0.026607301098453648
-0.08697599215901812
-0.18969238685603643
0.05581528586278548
-0.03434907338262285
-0.18746270665710899
-0.1078678856178078
0.2873577306785914
-0.18746270665710899
-0.08572636495931041
0.07615137661456094
0.2593071646339509
0.2873577306785914
-0.18746270665710899
0.013952430598530746
0.19383277218024894
-0.17905821756515078
0.07822720144341169
0.013952430598530746
-0.13197064794238844
-0.43155414195836367
-0.5432836867840065
-0.5109025644434319
-0.4389310230282484
-0.11753698297820957
0.013952430598530746
0.08100130988395535
0.10429933918368141
0.013952430598530746
0.28993629034905544
0.07263396152928364
0.10306488396604309
0.09355871481327582
0.2893909623587849
0.21872117378740022
-0.08166492368521133
-0.3546857296594477
-0.22908380792545216
-0.07673701419146091
-0.29825832495952403
-0.18746270665710899
0.2889504846970574
0.1737673816568484
0.28993629034905544
0.07141300176166922
-0.08851437187246187
-0.25117903468275815
-0.40525889658052344
0.271414879468169
0.07263396152928364
0.19847816885292158
0.013952430598530746
0.17457034193597606
-0.19361330251663691
0.17735826453270612
0.069882465787262
0.0970489422628553
-0.23503515594448637
-0.24709764975671192
-0.3021307548355296
0.1737673816568484
-0.18746270665710899
0.0656158931555479
-0.0787846084720762
-0.19733461599671273
0.14695757122431233
0.10046177014211688
-0.15058237342627426
0.13769112560979438
0.013952430598530746
0.35062755875991586
0.22887593096995912
-0.08166492368521133
-0.3546857296594477
-0.3205905845381031
-0.3349194592176042
0.22374930718901603
-0.18746270665710899
-0.07631281889637564
-0.07364862851637871
0.08179566840393171
0.11102222801678044
0.19760724019076625
0.013952430598530746
0.22560583107874407
-0.0787846084720762
-0.12217512959407045
-0.010380125163291407
-0.18746270665710899
-0.17831313911368768
0.2873577306785914
-0.0787846084720762
-0.0785643913689679
0.17655530425357846
0.1478986745423833
0.12817421107136825
-0.2604693678276525
-0.42386644535190526
-0.40885305267122496
-0.43592161594591644
-0.3251144200751404
-0.03761187463411316
-0.23535756090603313
-0.24709764975671192
-0.0292662059997438
-0.12027974127292561
-0.010380125163291407
-0.18746270665710899
0.2981953382784366
-0.18647889115352187
-0.1949072593141209
0.013952430598530746
0.072999013082869
0.10153691035869807
0.2880821148192224
0.07467186969206843
-0.0787846084720762
-0.19361330251663691
0.2803744072360681
0.06795103919985646
0.2873577306785914
-0.1898497958377089
0.2282535972626529
-0.0787846084720762
-0.0787846084720762
0.29071699076607754
-0.010380125163291407
0.07388190261576788
0.29743697125929985
0.2837503571617967
0.1884721698948215
-0.11263591739187255
-0.08166492368521133
-0.3441265610998477
-0.27985885796546944
-0.14049359240587397
-0.29491045336949234
-0.17249906714019883
0.36310352257512823
0.294395704720429
0.192158883238966
0.2841481509879531
-0.18746270665710899
0.06433442684667354
0.27794330139034285
0.13988106310143988
-0.13247261548541647
-0.017893787455346626
-0.1448421829337879
-0.2350177058039853
-0.13499986451417537
0.091517304485934
0.07591528997147587
-0.18746270665710899
-0.18728918772096798
-0.19533236546541619
0.013952430598530746
0.29743697125929985
0.3270293062766742
0.013952430598530746
0.013952430598530746
0.20496856385872791
-0.08758490078920918
-0.27879354717001587
-0.38428319568806046
0.26503933361693965
-0.013733238755650159
-0.42787646006509616
-0.4958652293400935
-0.4601010798375224
-0.3336089079435674
0.07512105366028304
0.013952430598530746
0.08100130988395535
0.0941722036977865
-0.0787846084720762
-0.022734267815149284
0.29946341003061544
-0.16097093993409484
0.20960452941932617
-0.05352599047548748
-0.15530624166431956
0.2586521703636982
0.0759533360009428
-0.2039723706062187
-0.18347610431975364
-0.08851437187246187
-0.1707909347154491
0.12518784794007531
-0.3040612390044463
0.055284068916163116
-0.12638057221603016
-0.3678770824935262
-0.37993772904071366
0.028060373814851474
0.013952430598530746
0.013952430598530746
0.16992695385368722
-0.18746270665710899
-0.18746270665710899
0.17209349271556548
-0.0787846084720762
-0.07653714295310547
-0.07595856202320501
0.0759533360009428
-0.20084330611298554
-0.33195884521962443
-0.361095407342072
-0.3807204330822705
-0.03093756201499173
0.09355871481327582
-0.18746270665710899
0.013952430598530746
0.20705594941717947
-0.08758490078920918
-0.20381374521447806
0.029686741732827107
-0.0787846084720762
-0.17454764947287107
0.24696769098978583
-0.18746270665710899
-0.08572636495931041
0.0759533360009428
-0.2039723706062187
0.2694568148281003
-0.08851437187246187
-0.15599860564679432
0.1037025015561863
0.013952430598530746
0.07694573513453731
-0.18988038224799655
-0.035971906513354523
-0.20408794924227475
-0.10394541313499717
0.2526344418495785
0.2873577306785914
0.2702375152451224
-0.12974367546239884
-0.31638577770612125
-0.40127455384643873
-0.13880591867101852
-0.24217661992954975
0.0670240271524482
0.1794604636355873
-0.08697599215901812
-0.19451096628497966
0.03559114001110335
-0.07943816428794366
0.08100130988395535
0.19491641023831197
0.2589922425214702
-0.05352599047548748
-0.18824610970734135
0.17606265433298318
0.10455597081835054
0.09903111728449476
-0.0787846084720762
0.1982250378911971
-0.1022381737906268
-0.18746270665710899
-0.18746270665710899
0.06660829228914242
-0.1730788409144212
0.1948497131914203
0.013952430598530746
0.2873577306785914
0.2897311851140795
-0.296281848317493
-0.3391595990452736
-0.42459856138577634
-0.4211629058771684
-0.24709764975671192
-0.1337622946653504
-0.18746270665710899
0.29743697125929985
0.25981008875572675
-0.18746270665710899
0.013952430598530746
0.29249801077035864
0.07971984357508098
0.09903111728449476
0.29743697125929985
0.3020618785802386
-0.1772115265594527
-0.010380125163291407
0.33590163866872913
0.2699648459382857
-0.18746270665710899
0.013952430598530746
0.26642424434124146
0.0754662282120448
-0.2031014743705009
-0.035971906513354523
-0.2724675069322911
-0.3525837621853162
0.16076131871576763
-0.12974367546239884
-0.4351798181396538
-0.5499168436465605
-0.46818035404490976
-0.40525889658052344
-0.300718205842252
0.06913075828394076
0.2880821148192224
0.19296184351809365
0.24765168020157738
-0.01741538719697642
0.12337122091047414
-0.243268118508567
-0.28726629659673486
0.2704290738161709
0.07558828444735742
0.2873577306785914
0.2873577306785914
-0.0787846084720762
-0.0787846084720762
-0.18746270665710899
0.2889504846970574
0.07706779136984993
0.3809386408632091
0.294395704720429
0.192158883238966
0.28292951773361025
0.2873577306785914
-0.0787846084720762
-0.1057822761677113
0.29743697125929985
0.25626953899227695
-0.19477407315605602
-0.09584792991041706
0.0655816876518117
-0.08533602403825949
-0.1644720698963674
0.13493712839042987
0.271209774233193
0.013952430598530746
0.03252836345259779
-0.34193810072037806
-0.41363492379343614
-0.38647174798802825
-0.24866035406063489
0.2756299333986966
-0.08028852120925639
0.08100130988395535
0.09244073599886636
-0.1660389634099894
-0.20179094761519237
-0.11239244832925145
-0.0787846084720762
0.20359382608108645
-0.08851437187246187
-0.2789319643623347
-0.34335099093276866
0.227520980988652
-0.18746270665710899
-0.17669147176031452
0.2595631131271622
0.29743697125929985
0.25981008875572675
-0.10223501183268885
0.35585842078717844
1.0688602928805253
1.7904189174413916
2.804271384974705
