3.4029513246282908
2.269273745862387
0.8089483381435076
0.0032976405546221487
0.013952430598530746
-0.14752090555775144
0.2734951168380659
0.07674769452091917
-0.07803287512535549
0.18927513017394917
-0.05376896190652116
-0.07711215447280963
0.072999013082869
0.0942762946402918
0.2880821148192224
0.06919502897488765
-0.07803287512535549
0.07467626113574426
-0.18746270665710899
0.17289645299469314
0.2702375152451224
-0.12974367546239884
-0.20868204936452694
0.11015766640135848
-0.02612625472079631
-0.0901543399932205
-0.2811190556099347
-0.4008092422935703
-0.08091319033849065
-0.0901543399932205
-0.2604107925937073
-0.24709764975671192
0.095449431987231
0.17485101971491146
-0.18746270665710899
-0.010380125163291407
0.2889504846970574
0.19572064185357557
0.013952430598530746
0.18927513017394917
-0.03817065150562457
-0.14720528026347798
0.2847259367928153
0.17655530425357846
0.10590753126086155
0.013952430598530746
0.19652360213270323
0.013952430598530746
0.06781988579597538
-0.06359610161794688
-0.06885494946709654
-0.08624354033153456
0.14702173966297488
0.13027464918491405
-0.1395139560776487
-0.02332111452258208
-0.21524965659279757
0.013952430598530746
0.2931341317987461
0.17655530425357846
0.19491641023831197
0.31305412766910246
0.013952430598530746
-0.18746270665710899
0.0656158931555479
-0.18746270665710899
-0.1685040632263464
0.31012010297587694
-0.16932439493352658
0.19404675291229265
0.013952430598530746
0.2775961513977789
0.28993629034905544
0.17655530425357846
0.0825197979316023
-0.10317985055211716
-0.18746270665710899
-0.18746270665710899
-0.12320248270183475
-0.07803287512535549
0.17655530425357846
0.1478986745423833
0.10585625264297528
-0.19918706176245793
-0.1878769030350043
-0.10737769150135618
-0.2583437528676677
-0.31823571345120705
-0.3964481240517571
-0.40470218905513344
-0.32980145295180063
-0.019500687729714094
-0.010380125163291407
0.013952430598530746
0.013952430598530746
-0.18746270665710899
0.17822919319486139
0.17806543717224385
0.10144468908227663
-0.022403844697315073
0.2643816858711799
0.07263734977149004
-0.20871935104634537
-0.11484331960646152
0.24096439961273775
-0.11669815155062173
-0.18746270665710899
-0.07862275240320196
-0.1455398121460038
0.22601014706934322
-0.12974367546239884
-0.27039943994156895
-0.26185544154225304
-0.30511471411077923
-0.28726629659673486
-0.011953711144448355
-0.19025859313934335
-0.03488614513090174
-0.0050272939737146275
0.2889504846970574
0.19652360213270323
0.013952430598530746
-0.035971906513354523
-0.2234328083938774
-0.05164807088508901
-0.4102259747257754
-0.2200031632250394
0.027317153305778236
0.013952430598530746
0.06923431939553305
-0.08758490078920918
-0.19256928944222682
-0.011141047833067548
-0.009463868433724227
0.10002497201170574
-0.0787846084720762
-0.010380125163291407
0.013952430598530746
0.17822919319486139
0.0969355905199402
0.17732786893532207
-0.18746270665710899
0.0651287853666499
-0.07803287512535549
0.07615576805823678
0.013952430598530746
0.18927513017394917
-0.051918952900246215
-0.03907350670899748
0.013952430598530746
-0.010380125163291407
0.24066642924496612
-0.18746270665710899
-0.19361330251663691
0.28993629034905544
0.07263396152928364
0.09916936804619131
-0.005466164252857413
0.2691061725585542
0.2897311851140795
-0.010380125163291407
0.013952430598530746
0.26786406080963426
-0.07860646541925491
-0.29165152874371697
-0.38592532715175687
0.013952430598530746
0.06943054612234897
-0.17772504232563996
0.17519172567082786
0.1912296968941675
-0.17800902801281268
-0.07213387504745311
0.19404675291229265
0.013952430598530746
0.28993629034905544
0.0613914358696304
-0.035971906513354523
-0.25509745206303963
-0.24709764975671192
-0.14814019585195032
-0.3097855120874043
-0.3784079937207521
-0.03349267494887928
-0.15412579238417962
0.37019556305815526
0.2945576987131794
0.19383277218024894
-0.17499955559446684
0.07067453589738017
0.24298733640681258
-0.17052441968079232
-0.1986152353522276
0.013952430598530746
0.08179566840393171
0.11457901536174013
0.19370654611457813
-0.0585643745153374
0.17686561461211084
0.17806543717224385
0.19353689469931568
-0.13077229462382808
0.2713985497719291
0.19014605883610447
-0.05671263194952839
0.17240380307409786
0.2661987581092493
-0.08851437187246187
-0.29380343169969925
-0.36294838576510946
-0.3692133798362698
-0.10726498139909174
-0.0835725210443445
-0.0784395858245475
0.08100130988395535
0.1007425518387217
0.24670893750971362
-0.08091319033849065
-0.03504243543010183
-0.26510666369875363
-0.26029591733859503
0.10337706485600641
-0.17756582456348757
0.2861699194901284
0.17655530425357846
0.1038317064320108
-0.13077229462382808
0.24696769098978583
-0.18746270665710899
-0.1055579521109815
0.28993629034905544
0.17822919319486139
0.17931283125292447
0.19571937051743962
0.269981506589116
-0.18746270665710899
0.17655530425357846
0.08238154716990577
-0.010380125163291407
-0.12974367546239884
-0.40341482351240515
-0.5696535563242817
-0.5053619702518362
0.01744168415432105
-0.0787846084720762
0.27849625180416404
0.192158883238966
-0.13823901097656835
0.28727726996084313
0.17822919319486139
0.17973932611352683
0.1153733738817165
0.10195293161820934
-0.035971906513354523
-0.15357030602301702
0.0752902946140096
-0.03150548383251194
0.09142164453888704
-0.10086991704529086
-0.1898497958377089
0.013952430598530746
0.07615137661456094
-0.18395599197468607
0.2897311851140795
-0.010380125163291407
0.2780056614280907
0.1884721698948215
-0.05377069546605522
-0.10612876489444055
-0.18746270665710899
-0.02749257507719257
0.2816424789882469
0.06943054612234897
0.3630919000942468
0.36357833525402095
0.013952430598530746
0.06531059557987477
-0.31231199336726023
-0.47490196753309144
-0.5911664438025372
-0.5228319967747173
-0.4036721407577282
0.013952430598530746
0.35062755875991586
0.3915943271568363
0.294395704720429
0.07615137661456094
0.013952430598530746
0.2976441391606646
-0.1892280397899921
-0.13767955301304918
-0.22696663401791986
0.04734877468605613
-0.41578879058629264
-0.2750250351305866
-0.09778526222749197
-0.0035139000331058383
0.2741501111083187
0.2873577306785914
-0.07803287512535549
0.1737673816568484
-0.010380125163291407
0.07764841018990606
0.1912296968941675
-0.08070589517383478
0.2746441277466986
-0.0764638342335045
0.17655530425357846
0.08537444803300709
0.22256234106875256
-0.0787846084720762
-0.18746270665710899
0.2324009951991523
-0.010380125163291407
0.013952430598530746
0.0576085951676379
-0.3681156117150857
-0.4976498942622423
-0.4942843311240196
-0.32491428502954817
-0.05883190357377
-0.16506968062712443
0.2126281289907996
-0.03749284911201005
0.013952430598530746
0.3378944331228391
0.013952430598530746
0.17655530425357846
0.19491641023831197
0.2617129482038954
-0.010380125163291407
0.17209349271556548
0.29071699076607754
0.013952430598530746
0.19261902125425398
0.013952430598530746
-0.035971906513354523
-0.2687038351531731
-0.28726629659673486
0.2292080698088818
-0.18746270665710899
0.05761359635446157
-0.010380125163291407
0.013952430598530746
0.2889504846970574
0.19404675291229265
0.013952430598530746
-0.0787846084720762
0.23872209580930423
-0.07437790442621757
0.08100130988395535
0.10429933918368141
0.013952430598530746
-0.22543886555083847
-0.018250138790455842
0.2821945973811652
0.1853705492954999
-0.011200421392278097
0.14768433620063295
-0.2570759396894237
-0.3703239318118979
-0.0787846084720762
-0.010380125163291407
-0.08238907834471978
0.07467186969206843
-0.18746270665710899
-0.08806987818120801
-0.08949883252190548
-0.1270947668846056
-0.39125272360583485
-0.4191042149208603
-0.24709764975671192
-0.11154788876930798
0.072999013082869
0.0977496509756204
-0.1898497958377089
0.2941565603588453
0.07971984357508098
0.1478986745423833
0.12802970267639327
-0.26629063734151387
-0.4056322914892523
-0.4718476997908582
-0.42854918265967645
-0.209101765762419
0.10227527615555589
0.29743697125929985
0.3458333613721168
0.013952430598530746
-0.07099945972247061
-0.41696552061411246
-0.4805080410147913
-0.31995112550307403
-0.0595419238278953
-0.18746270665710899
0.06390556001250532
0.17931283125292447
0.19203265717329515
-0.0830158286806611
0.2889504846970574
0.07578632506097556
0.013952430598530746
0.35062755875991586
0.3646856857247356
0.013952430598530746
0.13964440350719942
-0.03504243543010183
-0.21572406633361793
-0.24709764975671192
0.013952430598530746
0.17822919319486139
0.1809867201942074
0.18011579153205212
0.10610702746809617
0.284897743772225
0.2671347221921797
-0.06867908276844582
-0.42363880598526615
-0.4248029127363123
-0.24709764975671192
0.095449431987231
-0.0787846084720762
-0.2001136189698247
-0.08851437187246187
-0.24104418533774957
-0.09998558988160756
-0.00964818826862705
0.2880821148192224
0.07615137661456094
0.3630919000942468
0.2455787137952205
-0.010380125163291407
-0.0800791448378935
0.07674769452091917
0.2889504846970574
0.07030948434379479
-0.2862889572202469
-0.3216381117135498
-0.2896714197647704
0.044458363034476076
-0.3232966764663129
-0.40365469896676354
-0.482115258044106
-0.42226020534778597
-0.28549835662107154
0.013952430598530746
0.17822919319486139
0.13579301273554775
-0.08851437187246187
-0.24240655562742325
-0.26029591733859503
-0.06647406566346396
0.013952430598530746
0.072999013082869
0.17485101971491146
0.2816851762135646
0.013952430598530746
0.013952430598530746
0.08179566840393171
0.11457901536174013
0.17732786893532207
-0.07803287512535549
0.07217156947272528
0.1809867201942074
0.1788683974513715
0.17565397999403914
-0.18746270665710899
-0.18240018931624916
0.17822919319486139
0.0969355905199402
0.19571937051743962
0.33317642623485666
0.013952430598530746
-0.18746270665710899
0.013952430598530746
-0.1463267649250217
0.2574665460610253
0.2746441277466986
-0.04465514305954301
0.013952430598530746
0.06286053853019112
-0.3546857296594477
-0.3047721907843941
-0.28726629659673486
-0.300718205842252
0.06033410296287805
0.3335940834687272
0.013952430598530746
0.29249801077035864
0.08179566840393171
0.1123036943256548
0.19203265717329515
-0.023989252707956127
0.013952430598530746
0.29410358939721476
-0.23353473897381302
-0.047376174128201144
0.013952430598530746
-0.18746270665710899
0.013952430598530746
0.17822919319486139
0.17931283125292447
0.17348744113216089
-0.18746270665710899
-0.18746270665710899
-0.17669676883234722
-0.008227695998407301
0.28075061468385215
0.19014605883610447
-0.059022565456354696
0.07067453589738017
0.013952430598530746
0.24037720079694352
-0.07803287512535549
0.07764841018990606
0.10301787287480706
-0.18606578638578855
-0.3546857296594477
-0.28105492262894055
-0.24709764975671192
0.09090686473534479
-0.0787846084720762
0.013952430598530746
-0.18586248062243635
0.11229992201303435
-0.17822684742381092
-0.11657077387742962
0.013952430598530746
-0.07803287512535549
0.07615576805823678
-0.1790372354178593
0.08100130988395535
0.19659029917959495
0.2968615214445141
0.17240380307409786
0.2889504846970574
0.06882997742130229
-0.2020025932923933
-0.4142671977557392
-0.2967117355065553
-0.24709764975671192
-0.07803287512535549
0.1716008427949702
-0.010380125163291407
0.1948497131914203
0.013952430598530746
0.28142918480835954
0.19404675291229265
0.013952430598530746
0.013952430598530746
0.08100130988395535
0.0942762946402918
-0.1626170199966654
0.19296184351809365
0.23548914563054363
-0.010380125163291407
-0.18746270665710899
0.17655530425357846
0.1968042799116386
0.013952430598530746
0.28993629034905544
0.17822919319486139
0.1149057411300459
0.10690086926065924
-0.08851437187246187
-0.2785455311768764
-0.432358481503284
-0.1466588932462298
-0.07803287512535549
0.07092757969769409
0.1007425518387217
0.3630919000942468
0.33718406345923313
0.013952430598530746
0.013952430598530746
-0.13767955301304918
-0.2704850523403922
-0.12717362281860736
0.6973422452146883
1.3989408713042364
2.226196949470176
