2.1976715861195686
1.6193020279964583
0.7951276328007957
-0.2491510497660148
-0.258667038514982
-0.1257253970714186
-0.010035778888293913
-0.07803287512535549
0.14776053150343998
-0.379521455668757
-0.3043022222379394
-0.26029591733859503
-0.028958439873327767
-0.18746270665710899
0.32316276597487215
0.013952430598530746
0.25539234933615285
-0.18746270665710899
0.013952430598530746
0.27468524467149186
0.11510621749455663
-0.1858157773458067
0.05115761558097501
-0.03198653021016929
-0.18746270665710899
-0.08572636495931041
0.1743887653917002
0.10153691035869807
-0.16464692279553286
0.18927513017394917
0.001090436014233141
0.30572817597114754
0.17655530425357846
0.1478986745423833
0.1598733407081363
-0.17613605964336115
0.08935800064990414
-0.13880591867101852
-0.20264385183774128
-0.03151934518699934
-0.1448421829337879
-0.19738277669444138
0.10916563493402931
0.013952430598530746
-0.03761187463411316
-0.2229894512033481
0.05019625032169091
0.08598795649621702
0.1765249086561944
-0.18746270665710899
0.06548174966255961
-0.03612459236667409
0.013952430598530746
-0.0787846084720762
-0.07297553228178505
-0.05510664807247492
-0.18993741243167828
0.07971984357508098
0.0942762946402918
0.013952430598530746
0.19094901911523213
-0.057049621046411786
0.18927513017394917
-0.09649868319887901
-0.0787846084720762
-0.20826617799738273
-0.07192893080572331
-0.429441988864321
-0.567906798685684
-0.4181154449183777
-0.3865176901484094
-0.24709764975671192
-0.03162874917219737
-0.07842762414430662
0.06919502897488765
-0.18746270665710899
-0.1898497958377089
-0.08572636495931041
0.0759533360009428
0.2746441277466986
-0.11776463895178074
-0.0787846084720762
0.2671347221921797
-0.07192893080572331
-0.42707556189428497
-0.5372835205300458
-0.46061842020894117
-0.46512285993365154
-0.39657510365271714
0.28280467376748314
0.22630901061797712
-0.035182915605183745
0.013952430598530746
-0.07803287512535549
0.18905726263964437
-0.14278546351069582
0.3619961721044136
0.31687542501326615
0.08100130988395535
0.1488819877622436
-0.4324210847246637
-0.2119836696522598
-0.012770023244002142
-0.1448421829337879
-0.22481127910956872
-0.17384448513124398
-0.12905683519021255
-0.35293068744747463
-0.3767153125146813
-0.17864871600641577
0.25601918248137834
0.07674769452091917
0.2889504846970574
0.07030948434379479
0.013952430598530746
-0.010380125163291407
-0.18746270665710899
-0.18746270665710899
0.07145822555853683
0.17806543717224385
0.1973932594587226
-0.17034058045694234
0.17903215347398904
0.09772994903991655
0.1153733738817165
0.10195293161820934
-0.035971906513354523
-0.3333616169260801
-0.4870904573672834
-0.5674411367224359
-0.4280009240548679
-0.14171668391437497
0.2789155603784134
0.22328541104650373
-0.05775859823540626
-0.18988262003366554
0.2873577306785914
0.2746441277466986
-0.04340346589504888
0.013952430598530746
-0.18746270665710899
0.2803744072360681
0.19383277218024894
0.3096863602408111
0.17686561461211084
0.17931283125292447
0.17732786893532207
0.2694568148281003
-0.08851437187246187
-0.22818404008701706
-0.01853978604934244
0.23569711401159119
-0.19828669603993615
-0.029537548439825964
0.1020668910767245
-0.20884926670169734
-0.2886055988740933
-0.10526185762853688
0.2873577306785914
-0.18746270665710899
0.2756299333986966
-0.08154019837375051
0.07743284292343532
0.013952430598530746
-0.18746270665710899
0.2746441277466986
-0.19909944722121
-0.12974367546239884
-0.27886588599466966
-0.25623326297108323
-0.03368118986605376
-0.12638057221603016
-0.2319862221121259
0.017582655056965928
-0.12905683519021255
-0.2884381852615446
-0.28726629659673486
0.08844976713136327
-0.18746270665710899
0.2819803839261315
0.19383277218024894
-0.179294976451148
0.06276686166015323
-0.1992646099758278
-0.21081986613258213
0.13626373282685703
0.013952430598530746
-0.18746270665710899
0.192158883238966
-0.24447960782112635
-0.08195129593558236
0.07674769452091917
0.2889504846970574
0.17735826453270612
0.1968042799116386
0.013952430598530746
-0.14671658816256958
0.33398018020159786
0.013952430598530746
0.06943054612234897
0.15526360761600708
-0.29169285160097297
-0.32747449705313925
-0.31188510747738507
0.26842330149492355
-0.19310742388779428
0.1737673816568484
0.2889504846970574
0.1946357324593766
0.2373389044995261
-0.035971906513354523
-0.16161464407797738
0.12573531654431816
-0.010380125163291407
-0.0787846084720762
-0.1125592812159553
-0.18746270665710899
-0.18746270665710899
0.3377797941006332
0.29036736009873215
-0.18746270665710899
0.17209349271556548
0.2873577306785914
0.2897311851140795
0.013952430598530746
0.31534084378539246
-0.17774505720542344
-0.12879230010818607
-0.4268712071438228
-0.44972692048122304
-0.24709764975671192
-0.0611830423486441
0.29743697125929985
0.3727420028042177
0.3157680745425514
0.08100130988395535
0.0942762946402918
0.2741501111083187
0.263861874960147
-0.40494962093942827
-0.24425259173588437
0.12730591622362303
0.013952430598530746
0.21528960765096467
-0.18095510687100475
-0.10659249336822878
-0.19361330251663691
0.06266157023747414
0.09369696557497237
-0.07292096264895777
0.08100130988395535
0.10281837666757244
0.013952430598530746
0.0759533360009428
-0.18746270665710899
-0.07959174447673222
0.1737673816568484
-0.07803287512535549
0.06226861206750871
0.12359295353633117
-0.23329673960917924
-0.282035391030484
0.271209774233193
-0.21663549766536927
-0.035971906513354523
-0.28509043504540027
-0.3563769732955035
-0.34497782429282625
-0.24709764975671192
-0.3021307548355296
-0.20194070373108172
-0.035971906513354523
-0.2193848126504963
0.05870455987034787
-0.027491065829894613
0.22595678063281696
-0.09651942508471496
0.29743697125929985
0.25470146166673013
-0.06824328394363936
0.17822919319486139
0.17806543717224385
0.19203265717329515
-0.10066035927151434
-0.0787846084720762
-0.0787846084720762
0.013952430598530746
0.013952430598530746
-0.10087931680027293
0.0641420048390655
-0.37067916871823314
-0.46419638575483985
-0.46036534424000636
-0.3778462801594632
0.10001045914147197
0.013952430598530746
0.29743697125929985
0.27030894382696635
0.2984227769112979
0.19953923213084185
-0.08851437187246187
-0.24469625196848166
-0.1585486412203653
-0.12905683519021255
-0.26735375854192417
-0.2873137509985068
0.271209774233193
-0.20536009897427515
-0.18746270665710899
0.2847963745013819
-0.18271415921626974
-0.18746270665710899
-0.1078678856178078
0.2889504846970574
0.19383277218024894
0.2963709310684407
0.18927513017394917
-0.07161796170931202
-0.01899604479396386
0.10300372706060033
-0.23912433237053435
-0.26029591733859503
0.095449431987231
0.2889504846970574
0.05996704031157622
-0.12638057221603016
-0.3276658406956643
-0.4091270875813443
0.08753554598964566
-0.07803287512535549
0.06712359558971273
0.2746441277466986
-0.07830046541079771
-0.29932706399396625
-0.280778177870323
0.03694813528047202
-0.3021307548355296
0.06266157023747414
0.10381223139478342
0.2880821148192224
0.19174809259209866
0.013952430598530746
-0.4204797919579287
-0.2749171355483495
0.057523341651639
0.271414879468169
0.17655530425357846
0.1968042799116386
0.013952430598530746
-0.02320921379951375
0.2821945973811652
0.0665758960209442
-0.07178981914004239
0.0742430028579002
0.109531141164473
0.17440658591335853
-0.18746270665710899
-0.18746270665710899
0.1737673816568484
0.28993629034905544
0.17735826453270612
0.1765249086561944
-0.18746270665710899
0.1946357324593766
-0.17526313160767842
0.06919502897488765
0.2897311851140795
0.013952430598530746
-0.18746270665710899
0.06433442684667354
-0.18746270665710899
0.013952430598530746
0.1737673816568484
-0.18746270665710899
0.17735826453270612
0.17527751457551385
-0.08091319033849065
-0.08851437187246187
-0.30246148794390953
-0.413433010350149
-0.3309723817681606
0.08174984703250415
0.3230192218595399
0.2699648459382857
-0.19563454650577713
0.1902564943321355
-0.13218481782848182
-0.4028751514956185
-0.3860215606838331
-0.17316409038435993
0.013952430598530746
0.2802975274300745
0.28993629034905544
0.07263396152928364
0.1809867201942074
0.1788683974513715
0.1898501813551712
-0.09332806308071538
-0.19477407315605602
0.2768338574726182
0.06005865221732155
-0.17480561995284202
-0.22558580692583927
0.04891081065220308
-0.026607301098453648
0.013952430598530746
0.17735826453270612
0.17268448085303323
-0.18746270665710899
-0.18746270665710899
0.06938240072968609
0.10301787287480706
-0.15885724255373934
0.2722379157792247
0.32003218860289556
0.9019467103928119
1.6184550964170135
2.604322439196462
