2.64026725947274
1.7447550797981037
0.913359745981213
0.04088004599916803
-0.13200355542813055
0.17209349271556548
0.29743697125929985
0.27359224187850395
-0.19733461599671273
0.12930331442575357
-0.3546857296594477
-0.30822923779972894
-0.4062850124660357
0.23428797025980103
0.2873577306785914
-0.0787846084720762
-0.18746270665710899
0.0656158931555479
-0.18746270665710899
-0.0787846084720762
0.2889504846970574
0.07706779136984993
0.2636512560370791
-0.18746270665710899
0.29743697125929985
0.2300235704983181
-0.0787846084720762
-0.12217512959407045
-0.0787846084720762
0.19915980292852062
-0.17610969722461167
-0.18746270665710899
0.26499842082785124
0.2984227769112979
0.28424094753787005
0.07743284292343532
0.013952430598530746
-0.18746270665710899
0.1743887653917002
0.13116356252502226
-0.3546857296594477
-0.2695357602986639
-0.272896523315408
-0.33063605449052763
-0.40525889658052344
-0.07803287512535549
0.16992695385368722
-0.010380125163291407
-0.07803287512535549
0.0753614095382604
0.2636512560370791
-0.18746270665710899
-0.0787846084720762
-0.18746270665710899
0.2889504846970574
0.07706779136984993
-0.17734569029890493
0.29743697125929985
0.22328541104650373
-0.018667064361470535
0.09327331513337307
-0.2625999913301013
-0.384151309029538
0.2704290738161709
0.06621084446735882
-0.18480201042977157
-0.0787846084720762
-0.11581457340632623
-0.3546857296594477
-0.31215178317566633
-0.4062850124660357
-0.028958439873327767
-0.18746270665710899
-0.0787846084720762
0.2889504846970574
0.17209349271556548
0.2669794585262714
-0.13767955301304918
-0.2904769086196677
-0.4049095620793131
-0.0787846084720762
0.19229822658736528
-0.035971906513354523
-0.2940246564392756
-0.37590417488238875
-0.010380125163291407
0.16992695385368722
-0.0787846084720762
-0.18746270665710899
0.17655530425357846
0.10439559291386921
-0.19477407315605602
-0.19570892406404825
0.050962209057850635
-0.25429903378062646
-0.28064275559168683
-0.28726629659673486
0.013952430598530746
0.2889504846970574
0.06760215351407604
-0.13767955301304918
-0.21475176622706763
0.08683021251737653
0.24277295708660523
0.1305683349476313
-0.20451165990080625
-0.13210949387822848
0.26982212544970297
-0.18746270665710899
0.06548174966255961
-0.015693961796772276
0.17944382707503692
-0.13767955301304918
-0.25453814781926526
-0.24979312340496057
-0.39410418535071157
-0.4103054003560066
-0.33520381376589325
0.03781066395010024
-0.1448421829337879
-0.24180333344769894
-0.12564730043243877
-0.006872205696199404
-0.0901543399932205
-0.20523237996626517
0.15481582662482787
-0.03386802700496551
-0.18746270665710899
-0.09202324293466513
0.13958023506853684
-0.08533602403825949
-0.27430228739650153
-0.39614713300344434
0.2704290738161709
0.06758598764627109
-0.19666100410727164
0.26153978232422637
-0.12974367546239884
-0.3828769003232451
-0.40900635063177826
-0.34418609671914174
0.2491712563934226
0.17822919319486139
0.1809867201942074
0.09565412421106582
0.10429933918368141
0.37983129039249447
0.31687542501326615
0.06923431939553305
-0.03504243543010183
-0.2503530430296994
-0.24709764975671192
-0.13711144547737034
-0.35581536542725845
-0.29831612558747655
-0.2930040523034886
-0.30523625612033733
0.0656158931555479
-0.0787846084720762
-0.18746270665710899
0.06641025167552428
0.2671347221921797
-0.06960855385169852
-0.4072864038229057
-0.4236724126556848
-0.06767216525957544
-0.1462007009846963
-0.24885830549512156
-0.28726629659673486
-0.02783263655238584
0.23801213571616983
-0.010380125163291407
-0.03828734434861047
0.2581475207389371
0.1299753339368617
-0.16263035867554565
0.10496333817575723
-0.027252058041738234
0.09128339377719051
-0.0787846084720762
0.013952430598530746
0.2873577306785914
0.26786406080963426
-0.07860646541925491
-0.24417245754957598
-0.12562823448452443
0.10227527615555589
-0.1898497958377089
-0.19666100410727164
0.19401496939013663
-0.035971906513354523
0.007672731018948941
0.8655139424741708
1.5989776925815606
2.6370209219078977
