2.3143824929690378
1.5577525168504451
0.655034384882463
0.026539506012355628
-0.22074369805743355
-0.12978321854173586
-0.26197114062913995
-0.014890909858553797
-0.013346550027361579
0.109531141164473
0.10301787287480706
-0.18096520346653314
-0.19570892406404825
0.05910926914475903
-0.12638057221603016
-0.21356379780111404
-0.1027126586753683
0.2421355867783389
-0.18746270665710899
0.2930492098881306
0.07971984357508098
0.0897587513174483
-0.07860646541925491
-0.2858806230733669
-0.4062850124660357
0.09920302576982046
-0.0787846084720762
-0.010380125163291407
0.0797242350187568
0.10455597081835054
0.10202401814759607
0.3630919000942468
0.3652000553620487
0.28046370100952517
0.27468524467149186
0.11676875559682724
-0.21950789181898459
-0.24709764975671192
0.271209774233193
-0.21274900536170926
-0.19726023843844165
-0.027315291687938177
0.10669418859577862
-0.21428990711672824
-0.26173087655834854
-0.28783346725581643
-0.24709764975671192
-0.30297038637808055
0.013952430598530746
0.07467186969206843
0.2669794585262714
-0.4487861506108923
-0.3081758276946313
-0.24709764975671192
-0.1093171863686102
-0.2859486040166887
-0.31679006568426676
-0.36549787668089345
-0.5442720954857052
-0.3586639694936893
-0.06620262634781822
0.27431818720524065
0.06882997742130229
-0.010380125163291407
0.056681912953274065
-0.2302294807314162
-0.24709764975671192
-0.07973283107722423
-0.20293086937182722
0.00015534945354218476
0.09981817855157434
-0.19828669603993615
0.2694568148281003
-0.035971906513354523
-0.2247296211461992
-0.11066637297870818
0.013952430598530746
0.17457034193597606
-0.08091319033849065
-0.08851437187246187
-0.18740760503760856
0.08471525638608375
-0.1462007009846963
-0.27916151626260394
-0.28726629659673486
-0.10238164548107787
0.06943054612234897
0.25148955888129065
-0.010380125163291407
-0.07099945972247061
-0.4179961081534719
-0.4202769227493126
-0.1311462265786416
-0.010380125163291407
-0.07803287512535549
0.190945132312971
0.013952430598530746
0.013952430598530746
-0.08166492368521133
0.057325683684310465
-0.16028375971784706
-0.06083623820041202
-0.063720131457159
-0.0666385511860967
0.013952430598530746
-0.1878315017921371
-0.25997923767605
-0.11063448038679809
-0.04056908507684829
0.04097721257506112
-0.35708927829985654
-0.34053791084582513
-0.19451938212420533
0.10097877997694799
0.08665591434188145
0.21803094840084974
-0.3546857296594477
-0.19830968898542214
0.06701776322719956
0.28337942874504174
-0.20504984991948327
-0.17958663421436596
0.26009615306101125
0.1737673816568484
-0.18746270665710899
0.1946357324593766
0.28366473270735293
0.14303220585237988
-0.3605204893298605
-0.28374045094286554
-0.26029591733859503
-0.09855695850532592
0.192158883238966
0.22532178450548418
-0.035182915605183745
0.013952430598530746
-0.19351767551590307
-0.08758490078920918
-0.20654255977059102
0.002619845399345768
0.013952430598530746
0.18617350957462755
-0.09672810155352872
-0.18746270665710899
0.06705493345509002
0.25025229226002443
-0.2020025932923933
-0.3546857296594477
-0.2664458136946995
0.02107755141757598
-0.40719964346932747
-0.30599470687464375
-0.26596183894432734
-0.025481497777511724
-0.0787846084720762
0.013952430598530746
0.2897311851140795
-0.010380125163291407
-0.0787846084720762
-0.010380125163291407
0.17822919319486139
0.1809867201942074
0.18011579153205212
0.10163316408888586
-0.18746270665710899
0.1948497131914203
0.013952430598530746
0.2873577306785914
-0.20084182265297412
-0.07860646541925491
-0.28019958017880614
-0.28726629659673486
-0.13435943330383524
-0.28738934922556697
-0.2971378800670206
-0.09465942709205946
-0.3043091006533367
-0.25211510210990445
0.0631759368032764
-0.1505504349199947
-0.25062557202368885
0.09111275879188835
0.32153947938061817
0.013952430598530746
0.19383277218024894
-0.19161385190870026
-0.06960855385169852
-0.40746916439744907
-0.4349122251145338
-0.06549702869606805
-0.047791561026657714
0.0977496509756204
-0.1898497958377089
0.2873577306785914
-0.18746270665710899
-0.1863549598546129
-0.0787846084720762
0.2763996847380273
0.07329672651315616
-0.048506004946856175
0.013952430598530746
-0.29646976912870415
-0.34306614240467176
-0.3192977241998928
0.27899089090664403
0.013952430598530746
-0.1906632623569497
-0.08758490078920918
-0.2631040655908939
-0.26029591733859503
-0.3570421351902229
-0.2573244875563862
0.07316251847911083
0.013952430598530746
-0.07803287512535549
0.06587960581468154
0.28993629034905544
0.07935479202149559
0.10281837666757244
0.013952430598530746
0.08179566840393171
0.17931283125292447
0.08665591434188145
0.1599931165267425
-0.27740253482115074
-0.3320577207672274
-0.3579696259451671
0.14105099437606003
-0.35581536542725845
-0.25477020215408436
0.028094985618375548
-0.4195257144002687
-0.35271782728128864
-0.2788890048580196
-0.32303190778549656
-0.28726629659673486
0.2750988876222627
-0.21196403679312728
0.013952430598530746
-0.13767955301304918
-0.1939113304814571
0.12793179857053483
0.09040214239307537
-0.18746270665710899
-0.12551241620866105
-0.07803287512535549
0.0753614095382604
0.30862665577229165
-0.1712621015764461
0.013952430598530746
0.013952430598530746
-0.0787846084720762
0.2801022284942275
0.1737673816568484
0.2889504846970574
0.19296184351809365
0.38912670743182537
0.20794387560984437
-0.08533602403825949
-0.2259762339634513
0.08616878923103982
0.2458940691879522
-0.07803287512535549
0.07098808623895406
-0.08851437187246187
-0.21152536946213918
-0.14989623280132355
-0.1448421829337879
-0.20128569446366343
-0.11771444071069298
-0.0035139000331058383
-0.20345400629002197
0.17289645299469314
-0.010380125163291407
-0.18458507267861168
-0.18746270665710899
-0.1853963867431055
0.17209349271556548
-0.18746270665710899
-0.18746270665710899
0.2941565603588453
0.07971984357508098
0.19440782336147097
0.2762891277322312
0.17289645299469314
-0.18746270665710899
-0.18639616408205506
-0.07803287512535549
0.07467626113574426
-0.07803287512535549
0.14776053150343998
-0.370711128408186
-0.22860650205293162
-0.10375809472402069
0.25053787478344164
0.2746441277466986
-0.02789097441222864
0.0994070014082507
-0.24710504475739525
-0.26029591733859503
-0.07803287512535549
0.06450446263576928
-0.06241731162003598
-0.08342686690513465
0.13958023506853684
-0.03504243543010183
-0.22194772037111624
-0.17005836095059315
-0.1467816778010419
-0.2306015465465137
-0.10615676194835805
-0.0847923495851838
-0.11361280723713386
-0.18746270665710899
-0.19374609513051727
-0.07803287512535549
0.19383277218024894
0.31129233693087455
0.17903215347398904
0.1809867201942074
0.1788683974513715
0.17565397999403914
-0.18746270665710899
0.28993629034905544
0.17822919319486139
0.07926206033788605
-0.08851437187246187
-0.22056114402977717
-0.13362889051960186
-0.2940708218269414
0.19296184351809365
0.26973272899644923
0.2646060040907833
-0.07860646541925491
-0.28724377909393134
-0.4049095620793131
-0.2232751024402612
0.17316010694788603
-0.35231749841724225
-0.23323979678361226
0.061712277604533794
-0.10737769150135618
-0.1687143052570354
0.09884208586735134
0.013952430598530746
0.2075216287402636
-0.08758490078920918
-0.20381374521447806
0.02599679558804189
-0.07803287512535549
0.07092757969769409
0.11160696599332373
0.1153733738817165
0.18011579153205212
0.19571937051743962
0.25756555026739597
-0.08091319033849065
-0.03504243543010183
-0.1937557878031574
-0.01005741510393332
-0.06332435659977442
-0.20592519184133606
0.29743697125929985
0.3270293062766742
0.013952430598530746
0.013952430598530746
0.06286053853019112
-0.3546857296594477
-0.30275114479994647
-0.28726629659673486
-0.1271917077832832
-0.18746270665710899
0.2671374374517638
0.17209349271556548
-0.18746270665710899
0.3679056068407398
0.31848140170332956
0.17822919319486139
0.1809867201942074
0.14027379055194844
-0.13388235105206228
-0.38693246852371
-0.41892379593508544
-0.4060538713132786
0.09829351765926755
0.1765249086561944
0.28993629034905544
0.1403831953476645
-0.08851437187246187
-0.19122773153210848
0.12839968199987345
0.01858541182089037
-0.2071380631288551
-0.15076911138187113
-0.10737769150135618
-0.18354809227919225
-0.14327967983807843
0.271414879468169
0.07935479202149559
0.09203407235353361
-0.3681156117150857
-0.43183534980303234
-0.44350018311070494
-0.3032205503556192
-0.2950573375208732
0.026860143332287697
-0.04146877230343269
0.013952430598530746
-0.08166492368521133
0.08713793003085925
-0.15914012176058326
-0.11108891511174832
0.2643582325523956
0.14044736378632708
-0.03504243543010183
-0.1266261777952619
0.0011845791897221807
-0.006153097294656552
-0.18746270665710899
0.1946357324593766
0.2968615214445141
0.07674769452091917
-0.07803287512535549
0.0658957716824865
-0.13767955301304918
-0.14889085077012607
0.022995109799513004
0.10097877997694799
0.17794925267017386
0.08730511516839869
-0.13767955301304918
-0.33998367894218195
-0.403782494115742
-0.3826207116341695
-0.2847265590840584
0.032177302755082106
-0.20907320576210778
-0.09844801266547876
-0.0049474694804638
-0.06064643892201192
-0.17693691350431173
0.072999013082869
0.17931283125292447
0.08366301347878016
-0.0787846084720762
-0.07803287512535549
0.07764841018990606
0.12814642797151468
-0.07860646541925491
-0.4010029927908881
-0.39207999552038314
-0.20860168805256457
-0.04300770484942106
0.06428152218969965
-0.2649256198118286
-0.38085725984220475
0.2704290738161709
0.1737673816568484
-0.07803287512535549
0.07250675943685563
-0.03490476382583481
0.013952430598530746
0.08100130988395535
0.09982547580447113
-0.18746270665710899
0.0678897585980168
-0.17667272308319526
0.1946357324593766
-0.1777141400296035
0.07067453589738017
0.013952430598530746
-0.0787846084720762
0.27849625180416404
0.07822720144341169
0.013952430598530746
0.07822720144341169
0.013952430598530746
0.07409108503313253
-0.07069971417405535
0.07674769452091917
-0.18746270665710899
0.0651287853666499
-0.18746270665710899
0.0656158931555479
-0.0787846084720762
0.013952430598530746
0.0717780533152546
-0.03504243543010183
-0.17837809069580618
-0.1235386125118501
-0.0903947139487507
0.0759533360009428
0.2883435363305894
0.2671347221921797
-0.07192893080572331
-0.3780793074540349
-0.3836783420448203
0.09936325305871473
-0.07803287512535549
0.19572064185357557
0.013952430598530746
0.06130264199235273
-0.25155308612795674
-0.25813228128988064
-0.2526517818734834
-0.2257456965778494
0.06265205069669993
0.22366305555449528
-0.03761187463411316
-0.19079099503207497
0.11179972896088368
-0.13241993843658123
-0.2774427251227986
-0.24709764975671192
0.095449431987231
0.11309805284563117
0.18178968047333505
0.09565412421106582
0.17565397999403914
-0.0787846084720762
-0.18963827417353954
-0.19476282748979862
0.013952430598530746
-0.19666100410727164
-0.08166492368521133
0.07636129697834143
-0.11427728388450097
0.04984050896991762
-0.16837867101761947
0.23515645998742796
-0.07803287512535549
0.16992695385368722
-0.18746270665710899
-0.18746270665710899
0.2889504846970574
0.19404675291229265
0.013952430598530746
0.2931341317987461
0.13958023506853684
-0.03504243543010183
-0.17291170793283914
0.020886854607904837
-0.07803287512535549
0.06735911273717406
-0.1759755386586501
0.07743284292343532
0.3335940834687272
0.013952430598530746
0.013952430598530746
0.013952430598530746
-0.13767955301304918
-0.2602367200260343
-0.12139322819862787
-0.006153097294656552
-0.18746270665710899
-0.0787846084720762
-0.2020025932923933
-0.035971906513354523
-0.20336806753909695
0.04996574580110647
-0.07973283107722423
-0.25056982422135143
0.4987179292537621
1.0662748742754515
2.3904561253923915
