2.2160049935673682
1.4286261273495404
0.7812621615807167
0.36071851200597765
-0.11329330915347936
-0.0787846084720762
0.013952430598530746
-0.18892508943966316
0.013952430598530746
0.1853705492954999
-0.028582738402098632
0.013952430598530746
0.013952430598530746
-0.07860646541925491
-0.3996391424281363
-0.42870986091137225
0.052186641228227505
0.2563975833887888
-0.4125658756228346
-0.2959035683451846
-0.1192690791924486
-0.2715403337926578
0.04891081065220308
-0.026607301098453648
0.29882974748312885
0.07971984357508098
0.1912296968941675
-0.0306907521634276
0.013952430598530746
-0.13767955301304918
-0.26516501521938207
-0.09637936923678508
-0.08680743247042219
-0.32778923032518703
-0.3448777270819441
-0.43294352136412667
-0.34160711925229026
-0.06915892074306369
-0.014613020985588728
-0.1049205645324241
0.2746441277466986
-0.01552910772179771
0.24520835371025998
-0.18746270665710899
-0.18746270665710899
0.013952430598530746
-0.18746270665710899
0.2889504846970574
0.1737673816568484
-0.07803287512535549
0.17289645299469314
0.2984227769112979
0.2969157501899326
0.13964440350719942
-0.08533602403825949
-0.2726428895679561
-0.3644000587393218
-0.0787846084720762
0.013952430598530746
0.17606265433298318
0.10690086926065924
-0.08851437187246187
-0.163982066648321
0.10340175197378208
0.013952430598530746
-0.010380125163291407
-0.12974367546239884
-0.26516867433005287
-0.24709764975671192
-0.03437682006187325
0.2846441529595214
0.192158883238966
0.25923387392520975
-0.18746270665710899
0.013952430598530746
-0.01988907275578079
0.22867809012653903
-0.0787846084720762
-0.01988907275578079
0.34477114692504335
0.36375607266473564
0.24227489474701383
-0.0787846084720762
0.2689426099094008
0.1467674172843815
-0.16276725994886895
-0.07386888491808112
0.013952430598530746
-0.12534070192381677
-0.0787846084720762
0.27705226910685105
0.07674769452091917
-0.08091319033849065
-0.035971906513354523
-0.24743187873382694
-0.26029591733859503
0.05133166017730817
-0.16438624936651064
0.05742136269708853
-0.06405893089749198
-0.22893143952108183
-0.37067916871823314
-0.47183241986994284
-0.41579812309497677
-0.22132945779919738
0.013952430598530746
-0.18746270665710899
0.013952430598530746
0.013952430598530746
0.013952430598530746
0.06943054612234897
0.013952430598530746
0.07743284292343532
0.013952430598530746
0.013952430598530746
-0.08307136072383292
-0.03504243543010183
-0.2681511855266873
-0.3941427125090545
-0.12815693510370793
0.2897311851140795
-0.010380125163291407
-0.18746270665710899
0.2889504846970574
0.062495486976605744
-0.13767955301304918
-0.25672183881454064
-0.11237074753871867
0.20876020306255708
-0.08924326291246593
-0.40267510253783384
-0.4013793100547018
-0.24709764975671192
-0.30297038637808055
0.013952430598530746
-0.0787846084720762
-0.18746270665710899
0.19572064185357557
0.013952430598530746
0.07743284292343532
0.3653628419711146
0.33718406345923313
0.013952430598530746
0.013952430598530746
-0.13767955301304918
-0.2764270947956378
-0.1455718934345849
-0.3003759618323527
0.18927513017394917
-0.052857382944207734
-0.07296407998797484
0.07971984357508098
0.10509369770365778
-0.1677397405166822
0.17519172567082786
0.09257333706758532
-0.4389072451656291
-0.24952179068211397
-0.12294749885883205
0.06290563906824186
-0.1723232870921917
0.047003103316008155
0.08844505410019857
-0.2020025932923933
-0.3546857296594477
-0.30891022979282845
-0.4062850124660357
0.23879806195086445
0.192158883238966
0.15912764884187833
-0.21846382710960677
-0.3032605019363446
-0.14212453234974182
0.2704290738161709
0.07030948434379479
0.013952430598530746
0.21124851935888486
-0.08758490078920918
-0.20368671815328457
0.02483539793607411
0.013952430598530746
-0.12974367546239884
-0.2428281700227046
0.08492258325912783
0.25142360629993205
-0.07803287512535549
0.192158883238966
0.3507831938451196
0.18736120615575289
-0.13767955301304918
-0.19222118682966502
-0.004986304538286161
-0.01317945153823077
-0.22677724106695304
-0.12974367546239884
-0.3026458554438147
-0.3731517889681688
-0.2530473465082544
0.013952430598530746
-0.13104117685913574
-0.41710595603063977
-0.41841406213981275
0.048615356370221324
-0.0566450357914872
0.10429933918368141
0.23596130484580727
-0.0787846084720762
-0.07803287512535549
0.17655530425357846
0.07591528997147587
-0.18746270665710899
-0.048841309645102894
0.013952430598530746
0.013952430598530746
-0.12974367546239884
-0.2463392366591342
-0.1451194946081411
-0.1467816778010419
-0.2873591665519327
-0.3646794677578897
-0.3456881340689779
-0.2696461474440184
-0.025481497777511724
0.25179733021906847
-0.12974367546239884
-0.24625539441438657
-0.1292248818363868
-0.1284967689754707
-0.010380125163291407
0.07092757969769409
0.10534020500212843
0.18011579153205212
0.08317590568988212
-0.07803287512535549
0.07217156947272528
0.09358395154604421
-0.35591576953225357
-0.24376300364132192
-0.12301969565023209
0.24096439961273775
-0.08554138398732762
-0.10381883138761423
-0.18746270665710899
0.013952430598530746
0.0754662282120448
-0.18746270665710899
0.05885758612949275
-0.18746270665710899
0.18927513017394917
-0.14909094221720032
0.22952166901483173
-0.0787846084720762
0.3191880434768314
0.013952430598530746
-0.021201875039077875
0.28079890009995423
0.07329672651315616
-0.11331683502283023
-0.20194218719109316
-0.35724928666259514
-0.3271092890682787
-0.39858935114857025
-0.0681617862623683
0.013952430598530746
0.17655530425357846
0.19491641023831197
0.23548914563054363
-0.010380125163291407
-0.18746270665710899
0.17655530425357846
0.08238154716990577
0.2897311851140795
0.013952430598530746
-0.0787846084720762
0.27849625180416404
0.07694573513453731
0.013952430598530746
0.06286053853019112
-0.07860646541925491
-0.27658591522888687
-0.28726629659673486
0.3124520103842731
0.3157680745425514
0.1743887653917002
0.09944042559697318
0.013952430598530746
0.0759533360009428
-0.20194070373108172
0.09680744970208624
-0.17899847489247162
-0.11191345122102275
0.013952430598530746
0.013952430598530746
0.07879150777770445
-0.1604927182782361
-0.05921154861488098
-0.07803287512535549
0.1948497131914203
0.013952430598530746
-0.031429672582992736
0.19704454955427633
-0.07860646541925491
-0.25931535883647183
-0.28774274167860486
-0.13241993843658123
-0.28095505501770995
-0.28726629659673486
-0.30503370411949093
-0.19570892406404825
0.05910926914475903
-0.12638057221603016
-0.22746715158008154
-0.1656632903179511
-0.10737769150135618
-0.13188854261869826
0.0010283177226550174
-0.0050272939737146275
-0.0787846084720762
0.29743697125929985
0.27359224187850395
-0.19570892406404825
0.13964440350719942
-0.035971906513354523
-0.24002315926837686
-0.2932315943186957
-0.0787846084720762
0.3431235539242724
0.9633620640152842
1.6013105869411635
2.738994555080175
