3.1127430103869482
1.6685641956241457
0.8648809322206532
0.32140061740415615
0.33143207869026375
0.07971984357508098
0.0942762946402918
-0.18133504206603568
-0.20327679904379117
-0.34564075072385964
-0.22930604302553134
0.10474470750506328
0.09624621827806915
0.26786465327501474
-0.12974367546239884
-0.26253418131880946
-0.24915757062193208
-0.025481497777511724
0.013952430598530746
-0.3546857296594477
-0.27998220601766055
-0.24709764975671192
0.2068146487130877
-0.0787846084720762
-0.0787846084720762
-0.0856443705350907
-0.08851437187246187
-0.2279339259833889
0.05978617405432436
0.26883631979770484
0.2897311851140795
0.013952430598530746
-0.4189039228208097
-0.3580888826121322
-0.4015041094566771
-0.36959397088496326
-0.24709764975671192
-0.30297038637808055
0.2889504846970574
0.12930331442575357
-0.3546857296594477
-0.18826361836613106
-0.00033180909876174945
-0.011161582209235837
0.29743697125929985
0.25771352168959
-0.18746270665710899
-0.02453916165366848
0.2816424789882469
0.0641420048390655
-0.13767955301304918
-0.28724784582000895
-0.28767722509685273
0.20766651670613856
-0.010380125163291407
0.2984227769112979
0.2980231006606473
0.07971984357508098
0.19491641023831197
-0.18099644611151114
-0.18606556837803812
0.013952430598530746
0.013952430598530746
-0.3546857296594477
-0.27175545207367746
-0.1216769991520492
-0.2200499996272724
-0.07803287512535549
0.07092757969769409
0.10281837666757244
0.013952430598530746
-0.07192893080572331
-0.42347289873923466
-0.47595236621670717
-0.3257324675778071
-0.3581717709580336
-0.3065043932288907
-0.40525889658052344
0.2756316995440462
0.013952430598530746
0.26791542260920176
-0.12974367546239884
-0.4046440929649014
-0.4603655075572447
-0.3084424753513415
-0.05807860523884516
-0.08174536718806909
0.07467186969206843
-0.18746270665710899
-0.19666100410727164
-0.08166492368521133
-0.12974367546239884
-0.24723305338171847
-0.12382883451145205
0.09981346552040965
0.17565397999403914
-0.18746270665710899
-0.0834164314524841
0.07537255134200689
-0.06687502719830345
0.19652360213270323
0.013952430598530746
0.07674769452091917
-0.07803287512535549
0.07407994322938602
0.013952430598530746
0.2976441391606646
-0.1908085681428433
-0.12974367546239884
-0.2686892245272716
-0.1372580343534594
-0.2818462516180945
-0.24709764975671192
-0.028958439873327767
0.17485101971491146
-0.0787846084720762
-0.0787846084720762
0.013952430598530746
0.013952430598530746
0.07822720144341169
0.2213666279687204
-0.08851437187246187
-0.20364864589332324
0.0531001591130497
-0.026915067224869683
-0.0777591080138101
0.17735826453270612
0.08537444803300709
0.2338647377796704
-0.0787846084720762
-0.11581457340632623
-0.3546857296594477
-0.31318135412548714
-0.4062850124660357
0.2704290738161709
0.192158883238966
0.36267424286037636
0.256565882161231
-0.19477407315605602
-0.19570892406404825
0.05381685915925542
0.1425920125790393
-0.13912818748161307
0.1265295478387535
0.09920302576982046
0.1809867201942074
0.18011579153205212
0.2100326854733729
0.64771440391543
0.7993900435619317
2.556680904015145
