2.7766348627255844
1.9082029421287094
1.2642680630670697
0.32758626164076143
-0.07803287512535549
0.17457034193597606
-0.07803287512535549
0.07217156947272528
0.19491641023831197
0.36267424286037636
0.2699648459382857
-0.18746270665710899
0.24651696488575411
-0.07437790442621757
0.0759533360009428
-0.0787846084720762
0.2069634839651362
-0.08851437187246187
-0.21463808063671447
-0.10382835056341257
0.20431468287277993
-0.0787846084720762
-0.18746270665710899
-0.0787846084720762
-0.010380125163291407
0.2263754418307489
-0.0787846084720762
-0.1818866235682432
0.08179566840393171
0.14052133838660785
-0.035971906513354523
-0.2379510656608235
-0.2760291434434628
-0.025481497777511724
0.10002497201170574
-0.0787846084720762
-0.2768342631005299
-0.330845813029998
-0.26050482341441583
-0.05259479612147344
-0.10873620955226461
-0.2453151669641399
-0.277075470108748
-0.3095105382742454
-0.30130772902210984
0.017098670390331167
-0.13880591867101852
-0.27165720402774507
-0.27684432285186644
-0.09295664712433284
0.072999013082869
0.19659029917959495
0.2209246794049072
-0.035971906513354523
-0.19285842063816486
-0.053976108103644976
-0.018946271269613273
-0.18746270665710899
-0.050092986809597013
0.013952430598530746
0.1716008427949702
-0.18746270665710899
0.1948497131914203
0.013952430598530746
-0.18746270665710899
0.05747945286147327
-0.11161690893232137
-0.07803287512535549
0.19383277218024894
0.2968615214445141
0.1946357324593766
0.30857900977009645
0.0742430028579002
0.09355871481327582
0.2809044757965425
0.06882997742130229
-0.08091319033849065
-0.06282047894753139
-0.22327984177016957
0.04549532216636226
-0.3024731005399366
-0.11417357333072366
-0.2904218228804946
-0.4451635876069054
-0.41402337630318425
-0.29241006848320894
-0.010380125163291407
-0.18746270665710899
0.2686183511059873
-0.18746270665710899
0.06641025167552428
0.2889504846970574
0.07430681813848304
-0.18746270665710899
-0.0787846084720762
-0.17712440255768325
0.07743284292343532
0.37983129039249447
0.2809967409433743
0.07467186969206843
-0.18746270665710899
0.2669754434590135
0.07674769452091917
-0.18746270665710899
0.06784929197506638
0.2746831510421678
0.0641420048390655
-0.3546857296594477
-0.3672992117076578
-0.4678997009132527
-0.49520324072980687
-0.38450420714279737
0.07564898257002914
0.013952430598530746
0.28993629034905544
0.13958023506853684
-0.035971906513354523
-0.2624604121054917
-0.39660943821061134
-0.24004303200579244
0.07822720144341169
0.2880821148192224
0.0759533360009428
0.24778539151316686
-0.1753746271874396
-0.3144308766274999
-0.24709764975671192
-0.3270215320954046
-0.03668240355086047
-0.24985801549860248
-0.27780245367357304
0.2090246314638414
-0.010380125163291407
-0.0787846084720762
0.013952430598530746
0.10262167452501711
-0.2598982793651393
-0.3579287464203751
0.09583170702412129
0.29743697125929985
0.2052869649069013
-0.035971906513354523
-0.25882234747488697
-0.25929348062965124
0.09109676489049214
0.10455597081835054
0.109531141164473
0.09644752473387186
-0.18746270665710899
0.17289645299469314
0.2984227769112979
0.28424094753787005
0.19572064185357557
0.013952430598530746
-0.08851437187246187
-0.22805019859309053
-0.05165898073346127
0.09397911512108025
0.10764512541163963
0.18011579153205212
0.13614684143781436
-0.19694860354747962
-0.30816654019595446
-0.31559482613704215
0.27899089090664403
0.013952430598530746
-0.0787846084720762
0.27849625180416404
0.129239145987091
-0.13767955301304918
-0.21395756750573855
-0.06520818220754006
0.26982212544970297
-0.07803287512535549
0.07764841018990606
0.1478986745423833
-0.40391372186260965
-0.31449150795584613
-0.3354589758963184
0.24522451805358106
0.07457819282203054
-0.06590603512477317
-0.07595856202320501
0.18905726263964437
-0.18881917131929446
0.2694568148281003
-0.03504243543010183
-0.14942472749676466
-0.033797656522299796
0.09463970723534917
0.13614684143781436
-0.19674891810638517
-0.24929001440805743
-0.10064802641101099
-0.2940708218269414
0.3511787578776879
0.3938652690337041
0.29355212583213625
0.07457819282203054
-0.059306916362501676
-0.41699202637172944
-0.24556631532805104
0.11665042868903808
0.23740971593531932
-0.19666100410727164
0.2756212087544222
0.04168014878355726
-0.36696094028326554
-0.4695151905143044
-0.365335282657576
-0.39281721046030027
-0.12351027305752246
0.08982072407556022
0.2883435363305894
-0.07803287512535549
0.06735911273717406
0.3630919000942468
0.33718406345923313
0.013952430598530746
0.29249801077035864
0.08100130988395535
0.10202401814759607
0.3630919000942468
0.26475461503985104
-0.07803287512535549
0.16992695385368722
-0.0787846084720762
-0.07652309603410648
0.026374469053581043
-0.3280530764261067
-0.2850811387732172
-0.13563320206289656
-0.08646006815833385
-0.01590361116692463
-0.1312826399132656
0.13429290367995106
-0.14291201068685022
0.23047726169165977
0.26883631979770484
0.2883435363305894
-0.07803287512535549
0.07092757969769409
0.1968042799116386
0.013952430598530746
-0.12668209894893548
-0.13767955301304918
-0.31632578350191115
-0.38012513198932507
0.013952430598530746
-0.0787846084720762
-0.10453059900321719
0.2873577306785914
-0.0787846084720762
-0.07528546578861134
-0.07364862851637871
0.0754662282120448
0.2889504846970574
0.07387795130431483
0.17931283125292447
0.08665591434188145
0.3065300887061548
-0.2221280145010148
-0.10880801971500477
0.2889504846970574
0.06758598764627109
-0.19828669603993615
-0.28749591493367666
-0.3230615224083887
-0.29125690146477096
-0.12272351199047833
0.24195020526473576
-0.09245248408535778
-0.08851437187246187
-0.24532441099706903
-0.2868111428363189
-0.3090620202498371
-0.03328374351544255
0.22357803289818043
-0.05544866472857994
-0.19259914797991673
-0.07803287512535549
0.06069542827497831
-0.2536732418656377
-0.27130339782928437
0.08509906125228758
0.1731947522577694
-0.07860646541925491
-0.256811002538083
-0.11580080654671113
-0.0009241202495412147
0.17565397999403914
-0.18746270665710899
-0.07803287512535549
0.07764841018990606
0.19659029917959495
0.2470567014487407
-0.08851437187246187
-0.25538608604641316
-0.28726629659673486
0.08844505410019857
0.17268448085303323
-0.010380125163291407
-0.0787846084720762
0.36331141756665863
0.2121583182697117
-0.08533602403825949
-0.20180747692296755
0.09739460767638207
-0.10737769150135618
-0.27444802994343226
-0.3871038952206016
0.08624376284220248
0.10455597081835054
0.18011579153205212
0.1973932594587226
-0.17200143512864244
0.14776053150343998
0.13504941361435724
-0.19443453092885504
-0.12357711065919
-0.0046397033540477636
0.013952430598530746
-0.010380125163291407
-0.13104117685913574
-0.4266934314543114
-0.4210033456963973
-0.17183706242059704
0.013952430598530746
-0.09942773131141996
-0.0874823185771436
-0.1270947668846056
-0.40544329408805574
-0.49774915426365773
-0.3839237674177117
-0.06743460624836063
0.08291876270555462
-0.22874692262360863
-0.39657510365271714
0.013952430598530746
0.28142918480835954
0.19383277218024894
-0.17696365585902915
0.07743284292343532
-0.13555044189565899
0.34429946747968565
0.3915943271568363
0.294395704720429
0.06291330231872633
0.14433143487319788
-0.202109972152685
-0.27990218321496846
-0.31712693994314817
-0.24709764975671192
-0.30297038637808055
0.1737673816568484
-0.07803287512535549
0.07764841018990606
0.10202401814759607
-0.17319282897233834
0.2889504846970574
0.07706779136984993
-0.18040738705811407
0.2889504846970574
0.1853705492954999
-0.058364181160197724
-0.006695303222335894
0.3438792826206486
0.23969098603614028
-0.0649643583632828
-0.11343467976572937
-0.07803287512535549
0.07892987649878043
0.08847728500857395
-0.3546857296594477
-0.28481211128641937
-0.24709764975671192
0.013952430598530746
-0.08166492368521133
-0.13767955301304918
-0.27464435626220396
-0.10796102572137174
-0.08196818334489839
-0.13669287241107264
-0.08166492368521133
0.030778931477135448
-0.24857369273652638
-0.3601590612065233
-0.32522301952589244
0.11879967257895188
0.09922338684165108
0.013952430598530746
0.07615137661456094
0.2636512560370791
-0.19477407315605602
0.013952430598530746
0.06291330231872633
-0.37245259969147576
-0.4393785494248524
-0.3945312401810388
-0.10442223540324055
0.26883631979770484
-0.18746270665710899
-0.010380125163291407
-0.18746270665710899
-0.18746270665710899
0.06833639976396438
0.3327441911298794
0.7724179093990111
1.1771699679280463
2.211573636040078
