2.9059155678406214
1.6728527444403178
0.7918954332612883
-0.058237016878929244
-0.20117769217871878
0.08848514386857367
-0.02848879789324986
0.1765249086561944
-0.07803287512535549
0.0748743017493624
0.2746831510421678
0.0759533360009428
-0.18746270665710899
-0.11589656783054593
-0.18746270665710899
0.0656158931555479
0.2873577306785914
-0.18746270665710899
-0.050275954401214705
0.013952430598530746
0.0655816876518117
-0.13295287996880958
-0.45537564151805254
-0.45293014380513136
-0.42736725484065
0.26883631979770484
-0.18746270665710899
0.27827784016993123
0.07537255134200689
-0.07069971417405535
0.17686561461211084
0.17931283125292447
0.06420265441782937
-0.1134466036494464
0.06562151176155802
-0.34522547153070016
-0.26880147547192107
-0.28726629659673486
-0.028958439873327767
-0.08243815090708978
-0.0695225515536296
0.013952430598530746
-0.010380125163291407
-0.24553905216506963
-0.18017141783219018
0.2661987581092493
-0.08533602403825949
-0.2731953881862912
-0.3060037137313653
0.2704290738161709
0.190945132312971
0.013952430598530746
-0.11491110007487583
-0.12586707080537493
-0.010380125163291407
-0.44252503486158706
-0.300346778458314
-0.29310233683054937
-0.026607301098453648
0.1123036943256548
0.10281837666757244
0.013952430598530746
0.18927513017394917
-0.023989252707956127
0.013952430598530746
-0.18746270665710899
-0.09339515717075432
-0.07397050622474632
-0.2878291422086992
-0.30007369645120824
-0.26803208336396794
-0.08742222119673744
0.07971984357508098
0.17360362563423087
-0.20084330611298554
-0.12974367546239884
-0.18323430938961727
0.045631977685500945
-0.08652735676600694
0.062677785171265
-0.13767955301304918
-0.40145335782827585
-0.3751556745311558
0.049558357232485646
0.013952430598530746
0.0742430028579002
0.10306488396604309
0.19203265717329515
-0.08897994817908182
-0.18746270665710899
0.05761359635446157
-0.0787846084720762
0.2650972880271094
0.07467186969206843
-0.18746270665710899
0.2889504846970574
0.192158883238966
0.32435652438002033
0.013952430598530746
-0.0856443705350907
-0.08758490078920918
-0.24532536917550224
-0.21659792494184593
-0.3888711203772279
-0.38337985280689885
-0.24709764975671192
0.2135708180938253
-0.18746270665710899
-0.18746270665710899
0.349082190811551
0.23814624586956445
-0.053809515618929764
-0.1783989377686674
0.24552370829247278
-0.18746270665710899
-0.10911956278230192
0.2746441277466986
-0.1104587240804919
-0.18746270665710899
-0.1055579521109815
0.2889504846970574
0.17822919319486139
0.17931283125292447
0.14855568316119033
-0.12638057221603016
-0.4218990331816896
-0.5946446663856235
-0.531152103895666
-0.28903590072782864
0.08791378814636311
0.19491641023831197
-0.1219933668563853
0.36537446445199606
0.2809967409433743
0.17209349271556548
-0.20194218719109316
-0.13767955301304918
-0.24823579333006102
0.07768111127108396
0.013952430598530746
-0.010380125163291407
-0.0906720696461813
0.06796720506766142
-0.13767955301304918
-0.18467477686044118
0.1479397554891028
0.23580970793171915
-0.18746270665710899
0.2984227769112979
0.2708419837608154
0.0576085951676379
-0.3546857296594477
-0.2530253948174979
0.05894953196721457
0.2704290738161709
0.19404675291229265
0.013952430598530746
-0.12342680675856457
-0.0787846084720762
-0.12453483933631354
-0.20194218719109316
-0.08533602403825949
-0.24465523896144828
-0.24709764975671192
0.013952430598530746
0.013952430598530746
0.013952430598530746
-0.18746270665710899
-0.19666100410727164
-0.19817418751138904
-0.12974367546239884
-0.38993892139544944
-0.3942967023571118
-0.036387509670614576
0.013952430598530746
-0.19468246646255377
0.14702173966297488
0.08860722229735941
-0.24619179202409214
-0.3637463283541543
-0.35758801312274824
-0.24709764975671192
0.03809195615070672
-0.19264745796993096
-0.2683005944697727
-0.31540501507028956
-0.28726629659673486
-0.12883708402565774
-0.19361330251663691
0.27893042453875505
0.06943054612234897
-0.18517711927271208
0.013952430598530746
-0.12217512959407045
-0.010380125163291407
0.0753614095382604
-0.18345416578636342
-0.010380125163291407
-0.07850188739299924
-0.07711215447280963
0.072999013082869
0.09369696557497237
-0.03619747953325731
0.013952430598530746
0.26786406080963426
-0.3546857296594477
-0.2697482221565247
-0.13639084686219893
-0.2971626339053209
0.17289645299469314
0.2883435363305894
-0.07803287512535549
0.06351025426663677
-0.08851437187246187
-0.2521036909122472
-0.29571654581435947
0.24096439961273775
-0.13190235481900206
-0.20084330611298554
-0.12974367546239884
-0.20854929430500327
0.10782659684511416
-0.15100468481154278
-0.2474069475241714
-0.24709764975671192
-0.10363332264557196
0.1853705492954999
-0.09688967375203582
-0.18746270665710899
0.2873577306785914
-0.18746270665710899
-0.1789802839551569
0.18905726263964437
0.2529335415786037
-0.010380125163291407
0.17209349271556548
-0.0787846084720762
-0.171836930047937
0.06944671199015394
0.08964478622113442
-0.22935130856324393
-0.28726629659673486
-0.028958439873327767
0.2880821148192224
0.18986022291877203
0.16396269313025322
-0.217166643790033
-0.28536041207135543
-0.2680877528715092
-0.12290638821939014
-0.0787846084720762
0.2631202653959473
0.2669794585262714
-0.39219530491706966
-0.25616310586349017
0.08492258325912783
0.3393858504412555
0.28046370100952517
0.2873577306785914
-0.08166492368521133
-0.3546857296594477
-0.25221637369536437
0.04746922569066835
0.087308261632574
-0.0642754282344259
-0.1579670884228732
0.013952430598530746
-0.07528546578861134
-0.10612876489444055
-0.19563454650577713
-0.09851071392840413
-0.19749501587096174
-0.4099430299108675
-0.39285716986601577
-0.22399554516671613
-0.13880591867101852
-0.2673057237804883
-0.28726629659673486
0.09428411753069264
0.2883435363305894
-0.18746270665710899
0.16992695385368722
-0.18746270665710899
0.3398896149379242
0.013952430598530746
0.1737673816568484
-0.19477407315605602
0.07017675924966245
0.10455597081835054
0.17732786893532207
-0.1898497958377089
0.17735826453270612
0.09894842717541863
-0.3681156117150857
-0.4534873287792056
-0.5420268276400689
-0.5284117501769624
-0.4040149975744817
-0.2907643376482288
0.013952430598530746
0.013952430598530746
0.08100130988395535
0.1765249086561944
-0.07803287512535549
0.07388190261576788
-0.18746270665710899
-0.0834164314524841
0.1716008427949702
-0.18746270665710899
0.06420028335368523
-0.10200106055420627
-0.18746270665710899
0.2984227769112979
0.2708419837608154
0.28008561778904445
0.9191316409601837
1.6534356429261083
2.6231965231790304
