2.627277517566857
1.3602674635329948
0.8202822680466195
-0.1363880254400803
-0.27672972835890214
0.013952430598530746
0.27982320811829614
0.07467186969206843
-0.0787846084720762
0.2889504846970574
0.07430681813848304
-0.0787846084720762
0.29743697125929985
0.35504529817948993
0.26682480684395976
-0.010380125163291407
0.17822919319486139
0.08648531901642129
-0.08851437187246187
-0.3036208054235989
-0.3606401047289595
-0.32670545206236923
0.08174984703250415
0.3436944924472597
0.31848140170332956
0.13958023506853684
-0.03504243543010183
-0.20567117720754427
0.06714021158766138
-0.1462007009846963
-0.32350742196306664
-0.46834265964049915
-0.3931341764904883
-0.26029591733859503
0.013952430598530746
-0.0901543399932205
-0.2638233663593043
-0.2244950010831475
-0.30616272690977075
0.052108704963577834
-0.08524749847512862
0.06943054612234897
0.013952430598530746
0.07537255134200689
-0.0753514298113628
0.08100130988395535
0.10130643832058009
-0.18746270665710899
-0.07803287512535549
0.1468116195639917
-0.12638057221603016
-0.3523265025954175
-0.3872650563739164
0.11721957227739661
-0.3152199738330572
-0.18746270665710899
0.05761359635446157
0.2661987581092493
-0.06111645455996726
-0.25535261737081705
-0.184609623029282
-0.389992108172218
-0.3731920386453277
-0.08441668555171068
-0.36691139410367696
-0.24270122597180582
-0.12589783591502027
0.09101729517482929
-0.1898497958377089
-0.11705016028015054
-0.18746270665710899
0.06033410296287805
0.2997996031448048
0.0742430028579002
0.10534020500212843
0.19571937051743962
-0.17983371927389247
0.013952430598530746
0.17606265433298318
0.14150465160646808
-0.08851437187246187
-0.2500411697691471
-0.40388344619380084
0.2789155603784134
0.2044626287392506
-0.07860646541925491
-0.2224349301649433
0.04986740617496376
-0.028969844270907208
0.11032549968444938
0.10683129185443586
0.18178968047333505
0.11638670364615489
0.17732786893532207
-0.18746270665710899
0.19652360213270323
0.013952430598530746
0.0742430028579002
0.09230248523716984
-0.07860646541925491
-0.28052503667116513
-0.34882212510733984
0.2134657941265302
-0.07803287512535549
0.06450446263576928
-0.017563485358942657
0.09526809287304838
-0.27104934171324047
-0.4168980163127995
-0.3695542261170498
-0.12343875169773026
-0.011161582209235837
-0.18746270665710899
0.013952430598530746
0.07971984357508098
0.1765249086561944
0.28993629034905544
0.08014915054147195
0.17931283125292447
0.10083880556890948
-0.19477407315605602
-0.12879298699080022
0.072999013082869
0.1007425518387217
0.3630919000942468
0.33861090755758533
-0.16513869162423644
0.06795103919985646
0.26786406080963426
-0.07860646541925491
-0.24924214674629291
-0.12517856939695454
-0.010186030954894214
0.19370654611457813
-0.0608743080221637
0.07457819282203054
-0.09397237834146811
0.2746441277466986
-0.07830046541079771
-0.2171842096609462
-0.24825054878160713
0.08319143199403889
0.33057831022125583
0.3615141658581955
0.21199603532109762
-0.4526681637364755
-0.2517117469324439
0.05967998522685755
-0.3570421351902229
-0.2509330271431306
0.04556151835447341
-0.025481497777511724
0.2880821148192224
0.07615137661456094
0.2636512560370791
-0.18746270665710899
-0.010380125163291407
0.2873577306785914
-0.18746270665710899
0.013952430598530746
0.2746441277466986
-0.16892234960803823
0.013952430598530746
0.06659206188874915
-0.30498424953275494
-0.3841959553894487
-0.37073227176300605
-0.09431386320427768
-0.2974186934169731
-0.18746270665710899
0.013952430598530746
0.2889504846970574
0.07658068358095192
0.013952430598530746
0.08100130988395535
0.09788790173731693
-0.13376925113817953
-0.13767955301304918
-0.4044516108779156
-0.45688567518523615
-0.43387932596732326
-0.4401552657875195
-0.45365119719080027
-0.13241993843658123
-0.29563247920813973
-0.2788890048580196
-0.34865394106939573
-0.3746090491698719
0.2438828133289933
-0.18142748424206664
0.19620556564227148
-0.10454810729745309
-0.18746270665710899
0.013952430598530746
-0.18650796871573186
-0.18746270665710899
0.192158883238966
0.3507831938451196
0.18908476998929402
-0.13767955301304918
-0.30275095941241337
-0.4062850124660357
-0.028958439873327767
0.10381223139478342
0.30140557983486826
0.1403831953476645
-0.08533602403825949
-0.23083831293015028
-0.14330619070103257
-0.12905683519021255
-0.21067082069992019
0.08351406538771233
0.013952430598530746
0.3092126030800456
0.013952430598530746
-0.18746270665710899
-0.010380125163291407
0.2873577306785914
-0.2020025932923933
-0.12974367546239884
-0.29322910581045564
-0.28726629659673486
-0.29987857429970105
0.06705493345509002
0.24767879317138963
-0.07803287512535549
0.07388190261576788
0.2883435363305894
-0.07803287512535549
0.19404675291229265
0.013952430598530746
0.013952430598530746
-0.11581457340632623
-0.3546857296594477
-0.2955075708308845
-0.2969265338552382
0.30192893282971833
0.2921081431348232
0.0665758960209442
-0.03978505149428702
-0.12974367546239884
-0.24758511877498043
0.05377688935036476
-0.027844040949965284
0.09854400949559677
-0.07803287512535549
0.06860310251220525
0.3630919000942468
0.35180109158499406
0.2699648459382857
-0.18746270665710899
-0.010380125163291407
0.192158883238966
0.3544690833489728
0.28046370100952517
0.2873577306785914
-0.0787846084720762
-0.07803287512535549
0.1743887653917002
0.17360362563423087
-0.18746270665710899
0.2803744072360681
0.192158883238966
0.2606055977331807
-0.010380125163291407
0.07764841018990606
0.17360362563423087
-0.18746270665710899
-0.08190167798355849
0.1884721698948215
-0.10066035927151434
-0.0787846084720762
-0.1892055702301204
0.2883435363305894
-0.2020025932923933
-0.08851437187246187
-0.22112083567202664
-0.05599723567023055
0.07575361481631576
-0.07860646541925491
-0.3832964842719215
-0.46938397141014687
-0.37528687382029235
-0.3808708790708399
-0.03688632450161784
0.00020168307140070992
0.18178968047333505
0.10992044644772495
0.18011579153205212
0.09736544923358091
0.013952430598530746
-0.10688987843577351
-0.27803164878291337
-0.337758422004548
0.2061661845174051
-0.0787846084720762
-0.07803287512535549
0.07892987649878043
0.0977496509756204
0.2984227769112979
0.2969157501899326
0.1743887653917002
0.10381223139478342
0.013952430598530746
0.07822720144341169
0.013952430598530746
-0.035971906513354523
-0.2382933379116821
-0.24709764975671192
-0.1448421829337879
-0.2641763249963993
-0.24709764975671192
-0.3168329777175718
0.17655530425357846
0.07890819083457717
-0.17356573446416718
0.0742430028579002
0.17485101971491146
-0.1898497958377089
0.24762431535646875
-0.08264636878978525
0.12930331442575357
-0.35724928666259514
-0.24061123457631833
-0.12448852598801144
0.08906020688195244
-0.18746270665710899
0.32316276597487215
0.013952430598530746
0.22873111542406527
-0.12974367546239884
-0.30508582748425855
-0.36509823557007115
-0.039805137620102855
0.2746441277466986
-0.01427743055730359
0.25860731748731464
-0.18746270665710899
0.29576253704890876
0.17655530425357846
0.17485101971491146
-0.010380125163291407
-0.18746270665710899
-0.18746270665710899
0.2664424035251643
0.2873577306785914
0.2883435363305894
-0.07803287512535549
0.059685054038040856
-0.035971906513354523
-0.3068047315639915
-0.38281055598757724
0.24571954107067692
0.06795103919985646
0.2669794585262714
-0.12974367546239884
-0.23277010830153017
0.04746922569066835
-0.025481497777511724
-0.18746270665710899
0.2889504846970574
0.07430681813848304
-0.18746270665710899
-0.12551241620866105
-0.07803287512535549
0.0753614095382604
0.013952430598530746
0.3448451021899259
0.14215561640664945
-0.32844150499307545
-0.4022704507989219
-0.39641029143142087
0.11542677497307528
0.0967412151346742
-0.0787846084720762
0.3669973070705118
0.294395704720429
0.07615137661456094
-0.24226149108499107
-0.08168821963115086
0.1884721698948215
-0.09104451089339918
-0.18746270665710899
-0.18746270665710899
-0.11589656783054593
-0.18746270665710899
0.192158883238966
0.25923387392520975
-0.19666100410727164
0.013952430598530746
-0.07860646541925491
-0.24398313786855635
-0.11365373721026113
0.2789155603784134
0.24590229068723216
-0.07803287512535549
0.13958023506853684
-0.035971906513354523
-0.20480396359835168
-0.0492641509259744
0.09981346552040965
0.10212027187778386
0.2669794585262714
-0.12974367546239884
-0.29368493867960266
-0.26029591733859503
0.046605027796921376
-0.20505488069764227
-0.06310708617804489
-0.1093171863686102
-0.13908702504005666
-0.07904287456731156
-0.2705738768625463
-0.13150203532632132
0.0759533360009428
-0.010380125163291407
-0.010380125163291407
-0.18696098917510084
-0.010380125163291407
0.25406539302202075
-0.18746270665710899
-0.0787846084720762
-0.18746270665710899
0.29743697125929985
0.3447260109014021
0.013952430598530746
0.07467186969206843
0.26554196817371367
-0.3681156117150857
-0.449827388189842
-0.39062930668772444
-0.026627130686910264
-0.13606810764943567
0.08051420209505734
0.17931283125292447
0.19353689469931568
0.3496929363171921
0.2699648459382857
-0.18746270665710899
-0.0787846084720762
0.013952430598530746
0.07409108503313253
-0.06952092417614446
0.0754662282120448
-0.07803287512535549
0.07892987649878043
0.19462180409351465
0.013952430598530746
-0.04992971581234569
-0.12974367546239884
-0.259736373908769
-0.1355895368502914
-0.29491045336949234
0.06784929197506638
0.28598554775308554
0.06781988579597538
-0.06590603512477317
-0.17772866914071245
-0.18746270665710899
0.013952430598530746
0.24778539151316686
-0.22970453875170002
-0.3140556775496531
-0.28477992783379613
0.06608833460218684
-0.35837892243040587
-0.2621193880741345
-0.1342813384100157
-0.31665830990852095
-0.35581536542725845
-0.31334718917859744
-0.40525889658052344
-0.010380125163291407
0.07764841018990606
0.1007425518387217
0.27536874436266146
-0.18746270665710899
0.06433442684667354
-0.18746270665710899
-0.08572636495931041
0.08100130988395535
0.1912296968941675
-0.09835042576468803
-0.0787846084720762
-0.13633164888640464
0.06659206188874915
-0.2032165739564626
-0.24302276737302797
-0.2511353374697244
-0.329757947896512
-0.36608896930709994
-0.5112018339557942
-0.3875702797800453
-0.053966495108066025
-0.037761062755848236
0.11388228702940907
0.11181658653675682
0.09585241035352812
-0.08851437187246187
-0.2232156557347359
-0.13186220688625
-0.0787846084720762
-0.010380125163291407
-0.11986519608724415
-0.010380125163291407
-0.010380125163291407
-0.035971906513354523
-0.29551572183727326
-0.37838612865850935
-0.03442590850838721
0.09655161567637714
0.3496929363171921
0.256565882161231
-0.2028115999667995
-0.20813334841946943
-0.13388235105206228
-0.41145359900880846
-0.4173506945635236
-0.07282291416598549
-0.17951660428383717
-0.3512917212977646
-0.3859584258901427
-0.28903590072782864
0.3065001390472416
0.31848140170332956
0.1378051884702024
-0.03504243543010183
-0.2888280373416897
-0.30700160947603516
0.30595381315022524
0.30183607083164765
0.28993629034905544
0.06521663609822632
-0.035971906513354523
-0.20012827744233422
-0.18703380725703286
-0.1448421829337879
-0.23229909542554567
0.02850872729629753
-0.10873620955226461
-0.2438068441156439
-0.2686301254179372
-0.3354659132012604
-0.43359383862671935
0.013952430598530746
0.2889504846970574
0.07578632506097556
0.37725275135935604
0.21121681016017757
-0.03504243543010183
-0.2614731787254152
-0.30522119580125784
0.013952430598530746
0.0759533360009428
-0.18746270665710899
-0.0787846084720762
0.013952430598530746
-0.18746270665710899
0.06266157023747414
0.11081260747334737
0.10095758129337865
-0.07480984224121573
-0.08851437187246187
-0.26296306998524327
-0.24397039708795806
0.08993145043395379
0.1765249086561944
-0.07803287512535549
0.17735826453270612
0.09678612016826145
-0.1093069754254951
-0.07803287512535549
0.13964440350719942
-0.035971906513354523
-0.18219507743891714
-0.12262598265825676
-0.006153097294656552
-0.18746270665710899
-0.0787846084720762
0.013952430598530746
0.192158883238966
0.3567400252258406
0.2988176719857428
-0.18390038185432034
0.07390181785594427
0.8242210687593087
0.832371026512036
2.2965173456647157
