3.540255765371464
1.9028442228683569
1.4573048949823582
0.2168906047586415
0.29031308441760606
-0.18746270665710899
0.06548174966255961
-0.10086991704529086
-0.18746270665710899
-0.18746270665710899
0.0656158931555479
-0.18746270665710899
0.2883435363305894
0.2889504846970574
0.07638264296733378
-0.18746270665710899
0.17903215347398904
0.1809867201942074
0.18178968047333505
0.11766816995502925
0.10202401814759607
-0.1849343021931479
-0.12974367546239884
-0.2580569899445623
-0.10114639200951979
0.2559295615740232
0.1946357324593766
0.29476495437837724
0.18927513017394917
-0.20329829539540734
-0.07860646541925491
-0.2557611930674154
-0.139106809530438
-0.010380125163291407
-0.13767955301304918
-0.2765132152112125
-0.2969630780258498
-0.027844040949965284
0.013952430598530746
0.06919502897488765
0.2694568148281003
-0.10688987843577351
-0.2182804261062721
-0.12625470829406588
-0.0050272939737146275
-0.07803287512535549
0.17072991413281488
-0.0787846084720762
0.013952430598530746
-0.010380125163291407
0.0753614095382604
0.013952430598530746
-0.18746270665710899
0.19261902125425398
0.013952430598530746
0.06919502897488765
-0.18746270665710899
0.07066386703856047
0.19491641023831197
0.2841481509879531
-0.18746270665710899
0.06938240072968609
0.1765249086561944
-0.18746270665710899
0.06833639976396438
0.2636512560370791
-0.18746270665710899
0.2669754434590135
0.07467186969206843
-0.18746270665710899
0.26972570157670195
-0.2031014743705009
-0.03504243543010183
-0.1930837588234958
0.0009338323051699622
0.10227527615555589
-0.07803287512535549
0.07615576805823678
0.013952430598530746
-0.035971906513354523
-0.14150792248940308
0.0009906597884974798
-0.0050272939737146275
-0.18746270665710899
0.06709540007804042
0.013952430598530746
-0.18746270665710899
-0.0834164314524841
0.07674769452091917
-0.2020025932923933
-0.035971906513354523
-0.2792150553117281
-0.3872114996421081
-0.30669600666456964
-0.18746270665710899
0.07145822555853683
0.1809867201942074
0.18011579153205212
0.19571937051743962
-0.13606395667248367
0.2734951168380659
0.07674769452091917
-0.07803287512535549
0.17735826453270612
0.0996660070024346
0.09659935884146276
-0.23653889975676
-0.3979505540394397
0.10208528170856322
0.013952430598530746
-0.18746270665710899
0.06266157023747414
0.09982547580447113
-0.19809601324464815
0.13867231718799267
-0.08851437187246187
-0.18576745826247645
0.025041216980417887
-0.0787846084720762
0.29180717548461405
0.17822919319486139
0.17931283125292447
0.19571937051743962
-0.18023763270250778
0.2661987581092493
-0.08758490078920918
-0.22907293065595216
0.03255324403808637
-0.07803287512535549
0.19383277218024894
0.2834625576674594
0.07674769452091917
-0.18746270665710899
0.06938240072968609
0.19290358583545048
-0.0621259851866578
0.07457819282203054
-0.10086991704529086
-0.18746270665710899
0.1743887653917002
0.19659029917959495
-0.166471492264052
0.07537255134200689
-0.07027506567111677
0.17735826453270612
0.08459562276045306
-0.07147408128755835
-0.035971906513354523
-0.20308820201116917
-0.11339512880054471
0.013952430598530746
0.07674769452091917
-0.18746270665710899
0.1948497131914203
0.013952430598530746
-0.17929341062995607
-0.18746270665710899
0.013952430598530746
0.192158883238966
0.37607320663743093
0.33971825802829997
-0.17082371539617905
0.19404675291229265
0.013952430598530746
-0.18746270665710899
0.0656158931555479
-0.0787846084720762
-0.18746270665710899
-0.010380125163291407
-0.18746270665710899
-0.0648744510085803
-0.1829811670464257
0.17655530425357846
0.17485101971491146
-0.18746270665710899
0.32316276597487215
0.013952430598530746
0.26917450245893
-0.18746270665710899
0.1737673816568484
-0.18746270665710899
0.0656158931555479
-0.18746270665710899
-0.0465313761382766
0.013952430598530746
0.07305951962412897
-0.03504243543010183
-0.17145699488893004
-0.051129624620000216
-0.013226986062256665
-0.35581536542725845
-0.33566294602835683
-0.3762184227796943
0.10492936738059974
0.013952430598530746
0.17072991413281488
0.2883435363305894
-0.18746270665710899
0.05909310327695408
0.013952430598530746
0.24037720079694352
-0.08091319033849065
-0.08533602403825949
-0.2814939127670899
-0.3846917377141779
0.08624376284220248
0.1765249086561944
-0.18746270665710899
0.06033709305198527
0.013952430598530746
-0.19904809328787157
0.2756212087544222
0.023437439013764695
-0.3440855894341396
-0.424733637753466
-0.4013969860839021
-0.010380125163291407
0.07892987649878043
0.17485101971491146
0.29071699076607754
-0.17855421611335082
0.07822720144341169
0.013952430598530746
0.17457034193597606
-0.18746270665710899
0.19296184351809365
0.33834735261372345
-0.1551754092033214
0.07743284292343532
0.013952430598530746
-0.18746270665710899
0.29743697125929985
0.25981008875572675
-0.18746270665710899
0.2669754434590135
0.07674769452091917
-0.18746270665710899
0.06641025167552428
-0.18746270665710899
0.06784929197506638
0.30140557983486826
0.17735826453270612
0.08745027286185782
-0.17246813796952037
0.07067453589738017
0.013952430598530746
-0.06111645455996726
-0.14032557848535465
0.04086622853022783
-0.07883809888662878
0.0759533360009428
-0.18746270665710899
-0.18746270665710899
0.0656158931555479
-0.18746270665710899
0.2669754434590135
0.0759533360009428
-0.2102447156421006
-0.07860646541925491
-0.4031962126089774
-0.3760592525953298
-0.11905259619734404
-0.2974186934169731
0.06390556001250532
0.17931283125292447
0.17565397999403914
-0.010380125163291407
-0.18746270665710899
0.19261902125425398
0.013952430598530746
-0.035971906513354523
-0.210270419611664
-0.25513256686313324
-0.29833744591459627
-0.40525889658052344
0.271414879468169
0.07269446807054358
-0.08851437187246187
-0.24143205081705155
-0.27067521788600524
-0.26669572147414367
0.044333734587563074
-0.3021307548355296
0.2664424035251643
0.2984227769112979
0.29594589452825665
0.08179566840393171
0.17931283125292447
0.08665591434188145
-0.24408012388102368
-0.1869214440224626
-0.18746270665710899
0.07145822555853683
0.1123036943256548
0.19760724019076625
0.013952430598530746
0.21593262069955638
-0.13937210475313966
0.30441054609158047
0.13958023506853684
-0.08533602403825949
-0.16195457041732886
0.09733765280173437
-0.027252058041738234
-0.18746270665710899
-0.18746270665710899
-0.18746270665710899
-0.0787846084720762
-0.08238907834471978
0.08100130988395535
0.10429933918368141
-0.13579978479416044
0.10682366263368817
-0.15258949444308056
0.0026352202326591933
0.09397911512108025
0.10311412660499482
-0.18746270665710899
-0.0416246309632011
0.1997229306303095
-0.08533602403825949
-0.19488669064613692
0.1097167857497423
0.013952430598530746
0.19383277218024894
0.2815681656412162
0.19094901911523213
-0.13602289871281015
0.06300047719824696
-0.03504243543010183
-0.2664976702578982
-0.28726629659673486
0.013952430598530746
-0.0787846084720762
-0.07297553228178505
-0.10246812338925769
0.08100130988395535
0.19847816885292158
0.013952430598530746
0.17457034193597606
-0.08091319033849065
-0.08851437187246187
-0.25538608604641316
-0.28726629659673486
-0.02783263655238584
-0.18746270665710899
0.25304343974810967
0.2873577306785914
-0.18746270665710899
0.2686183511059873
-0.18746270665710899
0.05909310327695408
0.013952430598530746
0.06919502897488765
-0.07803287512535549
0.07892987649878043
0.19491641023831197
0.3216079623154757
-0.17342080883990235
0.013952430598530746
-0.11986519608724415
-0.0787846084720762
0.2889504846970574
0.07638264296733378
-0.18746270665710899
0.17519172567082786
0.0977496509756204
-0.0787846084720762
-0.0787846084720762
-0.18746270665710899
0.013952430598530746
-0.07803287512535549
0.17655530425357846
0.1765249086561944
-0.18746270665710899
0.06033709305198527
0.013952430598530746
-0.1898497958377089
-0.07803287512535549
0.17655530425357846
0.19273393442018802
0.27536874436266146
-0.19477407315605602
0.06266157023747414
0.09128339377719051
-0.1898497958377089
0.17735826453270612
0.17485101971491146
-0.19477407315605602
0.2889504846970574
0.06758598764627109
-0.2020025932923933
0.0755243929160542
-0.20844505334758537
-0.11854516612504842
0.00020168307140070992
0.17565397999403914
0.2873577306785914
-0.18746270665710899
-0.19007220180068907
0.013952430598530746
-0.07860646541925491
-0.16867071207265164
0.1082185013175136
0.013952430598530746
-0.19916918266678027
0.08051420209505734
0.10690086926065924
-0.06960855385169852
-0.4266302948534603
-0.6428756154113267
-0.5515401668691973
-0.06404150004565187
-0.04630081094003124
0.19928112913204923
0.013952430598530746
0.17735826453270612
0.19491641023831197
0.24474071147109894
-0.0787846084720762
0.12837762589864138
1.1317697220482492
1.8168757435282068
2.473102706078742
