2.5524193405568254
1.4997888729576405
0.9157982958674036
0.3813160211045684
0.21734513563501312
-0.35581536542725845
-0.3088602520394577
-0.4062850124660357
0.095449431987231
0.11457901536174013
0.19370654611457813
-0.05556989248010722
0.17686561461211084
0.1809867201942074
0.09565412421106582
0.08958043620448403
-0.07860646541925491
-0.45285962969607085
-0.4082361709839145
-0.2229007146189305
-0.1448421829337879
-0.15663300967352067
-0.005169491369589957
-0.013346550027361579
0.09854400949559677
-0.20327679904379117
-0.08851437187246187
-0.2844790274733032
-0.40657650905142584
-0.010380125163291407
-0.12974367546239884
-0.24885139900222522
0.03820299839253063
-0.10873620955226461
-0.2135712166058868
-0.1323174451128366
-0.07803287512535549
0.1948497131914203
0.013952430598530746
0.013952430598530746
-0.03828734434861047
0.19270648297418216
-0.07860646541925491
-0.27784358434737866
-0.2675267794556047
-0.30039167759560603
-0.27207710703040155
-0.33096069672674777
-0.4014137000246819
-0.07803287512535549
0.1737673816568484
0.2889504846970574
0.07030948434379479
0.2741501111083187
0.29037676801078305
0.28424094753787005
0.06795103919985646
-0.07803287512535549
0.18927513017394917
-0.10066035927151434
-0.07803287512535549
0.1884721698948215
-0.058886252223705
-0.2798696564976273
-0.26111093053578455
0.06326595466936741
-0.07405895303764848
-0.1229053946067167
-0.0787846084720762
0.3478566197484707
0.33718406345923313
0.013952430598530746
-0.0787846084720762
-0.10453059900321719
0.2897311851140795
-0.19080351953443322
0.013952430598530746
0.013952430598530746
0.2883435363305894
0.2889504846970574
0.17655530425357846
0.17485101971491146
0.2746441277466986
-0.07318490865314793
-0.1169962904370498
-0.0787846084720762
0.2883435363305894
-0.18746270665710899
0.1737673816568484
-0.18746270665710899
0.06705493345509002
0.3335940834687272
0.013952430598530746
0.0549156767013335
-0.1856295347353808
0.04891081065220308
-0.026607301098453648
0.3630919000942468
0.3606705869699028
0.13992278131880986
-0.1789522676333128
-0.24041891173848506
0.11214864638565653
0.013952430598530746
-0.13767955301304918
-0.32709018911058085
-0.4850362274335606
-0.33502767031937736
0.045311664460940475
-0.07725885355456626
0.17735826453270612
0.08445737199875653
0.28993629034905544
0.07387795130431483
0.1809867201942074
0.18011579153205212
0.13019147620581548
-0.13767955301304918
-0.21664485045477544
0.056083029661955316
0.22866106253701615
-0.29524766225075283
-0.27490169910610257
-0.12200215417355667
0.10097877997694799
-0.0787846084720762
-0.18746270665710899
0.29207935422645465
0.07971984357508098
0.14586485320873602
0.020152412949624568
-0.3241559821093994
-0.38806297411469276
-0.18642690464216155
0.013952430598530746
-0.37793248143700303
-0.3310416966764641
-0.28665700162826907
-0.1462007009846963
-0.22076329633576294
-0.1323174451128366
-0.2963230023627699
0.14776053150343998
-0.4087465000973063
-0.2993510402327369
-0.28632086959728115
-0.25405228162475146
0.17822919319486139
0.0969355905199402
0.19928112913204923
0.013952430598530746
0.17289645299469314
0.2669794585262714
-0.12974367546239884
-0.2711385448760678
-0.29150963112632594
-0.17387136553514274
0.013952430598530746
-0.18746270665710899
0.013952430598530746
0.1737673816568484
-0.07803287512535549
0.17072991413281488
0.2883435363305894
-0.07803287512535549
0.07407994322938602
0.3335940834687272
0.013952430598530746
0.26642424434124146
0.17209349271556548
-0.18746270665710899
0.013952430598530746
0.013952430598530746
0.08051420209505734
0.10455597081835054
0.19203265717329515
-0.05377069546605522
-0.008227695998407301
0.3447228615089413
0.3371669248602723
-0.16490407705349974
0.19589452120028084
0.7971495692800667
1.413174193681238
2.4555061442429804
