2.8858537272333122
1.9179425308331028
1.2049689921722928
0.41203056396135873
-0.18608408787942893
0.052503347562163724
-0.026607301098453648
0.17360362563423087
-0.18746270665710899
0.013952430598530746
-0.18746270665710899
0.17209349271556548
-0.0787846084720762
-0.18746270665710899
0.013952430598530746
0.07674769452091917
-0.07803287512535549
0.17072991413281488
0.29071699076607754
-0.17081628106266103
0.08100130988395535
0.09903111728449476
-0.20084330611298554
-0.13767955301304918
-0.28812961795377606
-0.26029591733859503
0.2554978103680487
0.1743887653917002
0.1765249086561944
0.28993629034905544
0.08063625833036996
0.1765249086561944
-0.07803287512535549
0.0753614095382604
0.2741501111083187
0.29071699076607754
-0.18166112467463424
0.07615137661456094
0.013952430598530746
-0.07803287512535549
0.07844276870988243
0.1123036943256548
0.17565397999403914
-0.0787846084720762
-0.18746270665710899
-0.24506619032908147
-0.07812660895983047
0.19383277218024894
0.29332097168106425
0.06659206188874915
-0.11770756339394746
-0.21254329849538878
-0.04576471755495533
-0.006153097294656552
-0.13767955301304918
-0.2735148316439718
-0.28726629659673486
-0.03019517972483941
0.10202401814759607
0.2645243266964359
-0.07055321745046567
0.19404675291229265
0.013952430598530746
-0.04319408952368598
0.013952430598530746
0.28993629034905544
0.08063625833036996
0.09128339377719051
-0.0787846084720762
-0.07653714295310547
-0.07213387504745311
0.17209349271556548
-0.20194218719109316
-0.47832255815624936
-0.3680727083743269
-0.5354833281937442
-0.39672528359998616
-0.2896292407692817
0.09589896093270052
-0.05229237208481777
-0.12974367546239884
-0.2250108431803628
0.0887288789482601
-0.02848879789324986
-0.2031014743705009
-0.13767955301304918
-0.2401589848422845
0.08067318215268146
0.013952430598530746
0.26806715198821535
-0.18746270665710899
0.0651287853666499
0.28993629034905544
0.17903215347398904
0.10764512541163963
0.13196652280414992
-0.13767955301304918
-0.29118288517326163
-0.28726629659673486
-0.24273745776038852
0.1737673816568484
-0.18746270665710899
0.17903215347398904
0.17931283125292447
0.19571937051743962
0.31305412766910246
0.013952430598530746
-0.18746270665710899
0.07066386703856047
0.10130643832058009
-0.18746270665710899
-0.19726023843844165
-0.2020025932923933
-0.035971906513354523
-0.23725014577337902
-0.1601042200013301
-0.1448421829337879
-0.22010709563768066
0.0033891326114802605
0.2588939525283319
0.0759533360009428
-0.0787846084720762
-0.07803287512535549
0.07892987649878043
0.0942762946402918
0.23596130484580727
-0.0787846084720762
0.33590163866872913
0.2699648459382857
-0.2020025932923933
0.07551607893406694
-0.2658192949974994
-0.37473383602186977
-0.03442590850838721
0.10509369770365778
0.013952430598530746
0.17457034193597606
-0.07803287512535549
0.17903215347398904
0.1809867201942074
0.18178968047333505
0.18011579153205212
0.10738849377697052
0.2636512560370791
-0.19477407315605602
-0.07803287512535549
0.07092757969769409
0.11081260747334737
0.09788790173731693
-0.052157733730151534
-0.2311653686883792
-0.09908488003572584
0.129239145987091
-0.35724928666259514
-0.2545468592617511
0.048195260295369746
-0.028969844270907208
-0.18746270665710899
-0.20067378522053606
-0.20084182265297412
-0.035971906513354523
-0.1966907129075514
0.016636036735050014
-0.4137736936568146
-0.2870362514651417
-0.28726629659673486
-0.0787846084720762
0.2922784049269413
0.072999013082869
0.14052133838660785
-0.06111645455996726
-0.15653700288071387
-0.01760888616082443
-0.1467816778010419
-0.20149805033323875
-0.08713412569755909
0.22422534703955643
-0.08186194676891091
0.16992695385368722
-0.18746270665710899
-0.17375885665874502
0.0759533360009428
0.29071699076607754
-0.17081628106266103
0.06943054612234897
0.013952430598530746
-0.08862041918202161
-0.42404530797083206
-0.5544275409126265
-0.6552979883069017
-0.7028741063284177
-0.5765771914651022
-0.06642816494475548
-0.04298281417937748
0.3004357241731923
0.17903215347398904
0.17931283125292447
0.17565397999403914
0.29743697125929985
0.27413716355048956
0.11639918691189993
-0.15311898331096438
0.13067053174811596
0.271209774233193
0.013952430598530746
0.29743697125929985
0.25981008875572675
-0.18746270665710899
-0.0787846084720762
0.2367972934901499
-0.07437790442621757
0.06943054612234897
0.013952430598530746
-0.1057822761677113
0.2873577306785914
-0.19666100410727164
-0.20908542846269285
-0.12974367546239884
-0.40210776279845006
-0.4221929260818297
-0.39356664724454987
0.09829351765926755
0.20331317489941317
0.8781735347656336
1.6759205473737717
2.8158284916775163
