2.5577498988775123
1.7064403319661179
0.9900734663376717
0.07754949749216265
0.25520713350732843
0.11618720743892026
0.11457901536174013
0.10429933918368141
0.2636512560370791
-0.20908394500268146
-0.030307319169477705
-0.4314329171281665
-0.5922723227732516
-0.5226859259573274
0.11239388036991191
-0.0628729314157454
-0.3534471341850528
-0.21348476461704935
0.023010116936117927
-0.21388630129181174
0.2897311851140795
-0.010380125163291407
-0.0787846084720762
-0.19123044993572796
-0.035971906513354523
-0.2917536393373426
-0.3763337981280543
0.09699702148065965
-0.010380125163291407
0.07892987649878043
0.1765249086561944
0.28993629034905544
0.17903215347398904
0.1153928489189439
0.10301787287480706
0.2636512560370791
-0.18746270665710899
-0.07803287512535549
0.17655530425357846
0.08537444803300709
0.3065300887061548
-0.22176296028125678
-0.11443143231364417
-0.18746270665710899
-0.0648744510085803
-0.18539401131377006
0.07971984357508098
0.10429933918368141
0.013952430598530746
-0.27053652781881204
-0.2530972403755411
0.07380975521299248
-0.1448421829337879
-0.2051528361459264
-0.02405555338014529
-0.012053648217288847
-0.21167958371016393
0.1403831953476645
-0.08758490078920918
-0.18013636369113567
0.0073492646453716835
0.26032452491778807
-0.1957535366101203
0.2756299333986966
-0.08028852120925639
0.16992695385368722
-0.0787846084720762
0.2624676810271235
0.2746441277466986
-0.0764638342335045
0.17655530425357846
0.19659029917959495
0.2968615214445141
0.07615137661456094
-0.16698044655397182
0.22137430686465073
-0.0787846084720762
0.013952430598530746
-0.124740557808625
-0.13767955301304918
-0.2212932550306676
-0.0619865052435504
0.271414879468169
0.17903215347398904
0.17931283125292447
0.1038317064320108
0.3496929363171921
0.2699648459382857
-0.18746270665710899
0.2746441277466986
-0.1104587240804919
-0.18746270665710899
0.26499842082785124
0.29743697125929985
0.18686874698950628
-0.3546857296594477
-0.30590058242086926
-0.4062850124660357
0.20370908076066813
-0.0787846084720762
0.25406539302202075
-0.19828669603993615
0.2591395112203493
0.12095263983821399
-0.17034630381065458
0.05742136269708853
-0.061710861376019215
-0.2164131561835158
0.07971984357508098
0.09431045445948305
-0.17431562726963493
-0.132227058829992
0.07743284292343532
0.013952430598530746
-0.0856443705350907
-0.03504243543010183
-0.2364375784108432
-0.2606598708677408
-0.03002221613383144
0.2510434482320178
-0.3152902220895497
-0.26705619387649526
0.06004595184850253
-0.24700269985638731
-0.07803287512535549
0.07388190261576788
-0.18746270665710899
-0.11589656783054593
-0.18746270665710899
0.2883435363305894
-0.07803287512535549
0.07092757969769409
0.17931283125292447
0.07605354073317239
-0.1042699555181042
-0.1898497958377089
0.06705493345509002
0.3630919000942468
0.31221663576279746
-0.18825205672580883
-0.12974367546239884
-0.2128742737419779
0.1285291475133843
0.2563646929547967
-0.217099160508322
-0.13767955301304918
-0.4443385298995615
-0.43431092912726155
-0.40525889658052344
-0.057505424479734835
0.013952430598530746
0.07971984357508098
0.10301787287480706
0.013952430598530746
-0.14016969724377273
-0.010380125163291407
-0.3974124918939286
-0.4129435638168182
-0.40098715194361995
-0.19243650552935357
0.2505167774787753
0.2889504846970574
0.07372603347954713
-0.07308253484746487
0.07329672651315616
-0.10287834537168493
-0.19570892406404825
0.05381685915925542
0.10706843037563636
-0.1568071854258447
-0.04325779810666213
0.00020168307140070992
0.10789472398787023
-0.035971906513354523
-0.28279975451920647
-0.37904213381820656
0.007990379407260806
-0.3509836737321285
-0.4930568821875238
-0.39184292363099843
-0.3430800419411477
-0.28726629659673486
-0.02783263655238584
0.29882974748312885
0.08051420209505734
0.17931283125292447
0.07890819083457717
0.28586759943390105
0.2809044757965425
0.07430681813848304
-0.18746270665710899
-0.1135866343237196
-0.18746270665710899
0.28993629034905544
0.0675878015330733
-0.035971906513354523
-0.26591236764540016
-0.26029591733859503
0.09920302576982046
-0.010380125163291407
-0.18746270665710899
-0.08398356008857434
0.07971984357508098
0.09903111728449476
-0.18746270665710899
0.2669754434590135
0.16992695385368722
-0.18746270665710899
0.2889504846970574
0.192158883238966
-0.1973929370941901
-0.41218185820632125
-0.27287575849329654
-0.1322114916279704
-0.0787846084720762
-0.18746270665710899
-0.18746270665710899
0.37225375484999823
0.31479821888087545
0.17606265433298318
0.13874629178827344
-0.035971906513354523
-0.20820039529419368
0.08934152545766352
0.34275286153029216
0.294395704720429
0.16992695385368722
-0.010380125163291407
-0.11986519608724415
-0.07803287512535549
0.1743887653917002
0.09128339377719051
-0.18746270665710899
-0.1898497958377089
0.1884721698948215
-0.09108164791984814
-0.3546857296594477
-0.2597031043852001
0.05894953196721457
0.2704290738161709
0.16992695385368722
-0.18746270665710899
-0.0787846084720762
0.2650972880271094
0.0759533360009428
-0.19828669603993615
0.26554196817371367
-0.07860646541925491
-0.4056970482705782
-0.40939231193497005
-0.3430610468895386
0.25230691777925235
0.17822919319486139
0.1809867201942074
0.1149057411300459
0.11181658653675682
0.11457901536174013
0.09903111728449476
0.29743697125929985
0.19742977257590183
-0.07860646541925491
-0.20559255437269536
0.0657500774921884
0.2147516033219516
-0.0787846084720762
0.27849625180416404
0.16992695385368722
-0.0787846084720762
-0.0836407555092139
0.072999013082869
0.10130643832058009
-0.1898497958377089
-0.1823123364424513
0.29071699076607754
0.013952430598530746
0.1737673816568484
0.2889504846970574
0.19153411186005498
0.2880821148192224
0.0759533360009428
-0.010380125163291407
-0.0787846084720762
-0.0787846084720762
0.2883435363305894
-0.18746270665710899
0.06705493345509002
0.23727619641114903
-0.17239799014858556
0.29743697125929985
0.3365164622012689
0.19720658619387163
-0.3546857296594477
-0.32378693234014266
-0.40233400598057734
-0.30463268892315926
0.04727115232224302
-0.3546857296594477
-0.21679374531834214
-0.06175676510015269
0.26883631979770484
-0.2020025932923933
0.05908783355957903
-0.20846767719764123
-0.1523354579036836
-0.2955476900126428
-0.14269704439509684
0.271414879468169
0.17519172567082786
0.09128339377719051
-0.0787846084720762
-0.010380125163291407
-0.18746270665710899
-0.18746270665710899
0.2756299333986966
-0.0764638342335045
0.192158883238966
-0.24964607745590273
-0.18037895852468716
-0.0787846084720762
-0.010380125163291407
0.19014605883610447
-0.05671263194952839
0.07067453589738017
0.013952430598530746
-0.06111645455996726
-0.28872265136568664
-0.4220142578285004
-0.29854748495525235
-0.05057306581149721
-0.0787846084720762
0.3669973070705118
0.294395704720429
0.07743284292343532
-0.24435906730787063
-0.08043654246665674
0.192158883238966
0.27938896797016044
0.2756299333986966
-0.07771551139799862
0.17209349271556548
0.2873577306785914
-0.18746270665710899
-0.0787846084720762
0.267847546144798
-0.19477407315605602
0.1743887653917002
0.0942762946402918
0.2636512560370791
-0.1898497958377089
0.2781473505155509
0.2889504846970574
0.17655530425357846
0.1478986745423833
0.11295490012022252
-0.17716588086897986
-0.14067216010718073
-0.296665348067177
0.058723442636504454
-0.10086991704529086
-0.1898497958377089
0.1743887653917002
0.19491641023831197
-0.1759093569185895
-0.07803287512535549
0.17655530425357846
0.1934886785802733
-0.1747188730377443
0.1332360852247586
-0.27310189115838573
-0.4095388321128209
-0.3981628480047997
-0.22105587578338887
-0.03744721002242973
-0.18746270665710899
-0.18746270665710899
0.2889504846970574
0.192158883238966
0.3177980871261758
0.8675480235786351
1.4998754156108416
2.5468508853663665
