2.4227153059416677
1.2449082923641333
0.2162603717439295
-0.21874032418876987
-0.4011523856068646
0.09262380621754923
0.013952430598530746
0.17519172567082786
0.10301787287480706
-0.16045701395793566
0.23515645998742796
-0.07803287512535549
0.1743887653917002
0.17527751457551385
-0.010380125163291407
0.1946357324593766
0.28366473270735293
0.06919502897488765
-0.0787846084720762
0.013952430598530746
0.0641420048390655
-0.13767955301304918
-0.30577453505955554
-0.4049095620793131
-0.030392009320685726
-0.037028262812857385
0.07132991946015911
-0.22043571846660143
-0.27343253733066514
-0.010380125163291407
-0.07803287512535549
0.07407994322938602
0.013952430598530746
-0.0787846084720762
0.26456424809326035
0.29071699076607754
0.013952430598530746
0.0665758960209442
-0.098130152897624
-0.07860646541925491
-0.28901379800622334
-0.4049095620793131
-0.0787846084720762
0.1949033669311153
-0.07860646541925491
-0.25378184205021304
-0.24709764975671192
-0.028958439873327767
0.2694568148281003
-0.08851437187246187
-0.29736986721372427
-0.4212815356148654
-0.25469699548840324
-0.08166492368521133
0.0354269893354363
-0.24340568631412723
-0.28726629659673486
0.10454237931254477
0.23655143676831034
-0.035971906513354523
-0.2723207909577564
-0.3727268694713824
0.09273782626361993
-0.17075604186883087
0.2889504846970574
0.192158883238966
0.24774857707455916
-0.40737619382852797
-0.24030218825655975
0.12160756331290579
-0.02848879789324986
-0.2031014743705009
-0.07860646541925491
-0.20071310424164832
0.108560445873274
0.2789155603784134
0.2032737930013715
-0.07860646541925491
-0.2846729211297942
-0.4493525218489633
-0.6264907573582026
-0.617217166523309
-0.6749011245599786
-0.5899162363603995
-0.412059414619436
-0.0787846084720762
0.26670326471717287
0.17209349271556548
-0.18746270665710899
0.34749286837383464
0.2766076050115112
0.11786217726183698
-0.2486953523194269
-0.3979505540394397
-0.010380125163291407
-0.18746270665710899
0.06548174966255961
-0.14112430141274643
-0.25033855304490943
0.14702173966297488
0.11532144436397623
-0.10325420511890174
-0.009629975753376657
-0.013567042157897636
0.08663722818477838
0.1583877140288733
-0.0787846084720762
0.22427887476461206
-0.0787846084720762
-0.02507339246061044
0.2663309225466234
0.1812587805231001
-0.22132666032402473
-0.2676540248456276
-0.1448421829337879
-0.21511486110415212
-0.24709764975671192
0.271414879468169
-0.030267619449017062
0.15340066003311173
-0.010380125163291407
0.11697853629195962
-0.017104234554294794
0.2199210720929272
-0.08851437187246187
-0.19231596135529277
0.0020659536489563758
-0.1012448643219523
-0.0919385842993377
0.8879978896402289
2.433582506724249
