3.2518585677186547
2.1511320872797115
1.4317500992525598
0.46102987711740867
0.26681984391629243
-0.17994840510886745
0.0603320918651616
-0.3520724696937853
-0.2903201202404857
-0.2616049016890578
-0.27699737068694996
0.2694568148281003
-0.08851437187246187
-0.19172033049076226
-0.09508456783506122
0.013952430598530746
0.1444314219164227
-0.20775153329183207
0.0987209370597831
-0.08758490078920918
-0.26179652664987024
-0.24709764975671192
0.20606789786596416
-0.17276819986105374
-0.025227217863555716
0.09004498112887857
-0.18482726836862795
-0.24709764975671192
-0.028958439873327767
-0.004557940689703682
-0.18707721424967036
-0.3423945232855176
-0.272987814177773
0.03193100238991931
-0.10737769150135618
-0.20018336052672442
-0.017355727269945612
-0.010035778888293913
-0.18746270665710899
-0.1898497958377089
0.013952430598530746
0.07971984357508098
0.17485101971491146
-0.2031014743705009
-0.13767955301304918
-0.25291017905061225
-0.22962222405354493
-0.3520400300700185
-0.28726629659673486
0.24390756047868753
0.06943054612234897
0.34936361810529903
0.013952430598530746
0.1884721698948215
-0.023989252707956127
0.013952430598530746
0.254401254927573
-0.2477253759139119
-0.2800268193913652
-0.15373375561546163
-0.1467816778010419
-0.18991235562386286
-0.06314010514195532
0.20330899053901036
-0.12010198614499246
-0.0787846084720762
-0.08238907834471978
0.18905726263964437
0.33005353370527735
0.013952430598530746
-0.08238907834471978
0.07615137661456094
-0.1947356357032758
-0.17534182602057716
0.190945132312971
0.013952430598530746
-0.13264745545305043
0.06795103919985646
-0.18746270665710899
0.07145822555853683
0.11457901536174013
0.09916936804619131
-0.11515540867247534
-0.2031014743705009
-0.344294768811907
-0.30484879654705827
-0.2977357607949926
0.2641033695340093
0.08371771238156914
-0.22283296400737862
-0.24709764975671192
-0.07973283107722423
-0.25570457025435717
-0.2374077333119277
-0.19841935930957702
-0.32443668645499507
-0.443515440215892
-0.12419537510589804
-0.16266345229876567
-0.10873620955226461
-0.21348209541191251
-0.23450469429814838
0.044522372846053676
0.3461668442062544
0.2622032818718233
-0.07803287512535549
0.06735911273717406
0.013952430598530746
0.2893909623587849
0.24610931091965632
-0.13166158016343268
0.19014605883610447
-0.062027900471768295
0.08100130988395535
0.09655161567637714
-0.17670815750910243
-0.10688987843577351
-0.2637469034291209
-0.2618745788920798
-0.25961896929548
-0.038547331313366844
-0.1448421829337879
-0.2601170342717193
-0.24709764975671192
-0.11358297698321371
-0.12112673007153749
-0.07665863477750653
0.21435634547844631
-0.13027311471880798
-0.38040945177736224
-0.38308735608877176
-0.11851148087344898
-0.2866202580172428
-0.08432737021326435
0.2873577306785914
-0.18746270665710899
-0.18746270665710899
0.192158883238966
0.2559686429499967
-0.11266089214687827
0.2671347221921797
-0.1307040032178599
-0.4285797855388129
-0.4145236864949854
-0.1940380652945746
-0.07803287512535549
0.07217156947272528
0.13848751705296056
-0.0909407961360464
-0.3719934716915757
-0.3922855911436014
-0.40388344619380084
0.013952430598530746
0.2025336569225017
-0.10454810729745309
-0.18746270665710899
-0.18746270665710899
0.3210661989087354
0.013952430598530746
-0.11650615712357539
0.2661987581092493
-0.03504243543010183
-0.24135908800308484
-0.30141172422048607
-0.035428003549264356
0.23222508425401817
-0.010380125163291407
0.013952430598530746
-0.0787846084720762
0.2305228397672483
-0.010380125163291407
-0.0787846084720762
0.013952430598530746
0.13958023506853684
-0.08758490078920918
-0.2722018561295314
-0.26029591733859503
-0.028958439873327767
-0.18746270665710899
0.19153411186005498
0.2880821148192224
0.18986022291877203
0.3253660460705393
-0.15816015845315973
0.06562151176155802
-0.12638057221603016
-0.3224443567473559
-0.4073853880729443
-0.039805137620102855
0.1912296968941675
-0.10066035927151434
-0.0787846084720762
-0.07297553228178505
-0.07595856202320501
0.07971984357508098
0.1478986745423833
0.15873800683948805
-0.2719483631907369
-0.40864535159733156
-0.4101714948552978
-0.43380613824810277
-0.30463268892315926
0.192158883238966
-0.18312391500436528
0.013952430598530746
0.08179566840393171
0.17973932611352683
0.1153733738817165
0.11457901536174013
0.19203265717329515
-0.08873457738657288
-0.18746270665710899
0.06938240072968609
0.13632719437854696
-0.1367804144097461
-0.15948694362086407
0.04308437211540936
-0.22460641752766677
0.013952430598530746
-0.0924560047020467
-0.040893833386465184
0.19581733446318939
-0.08851437187246187
-0.09696322831130193
-0.22620092241483936
-0.3532688746250176
-0.23964251733810343
-0.3688338080088221
-0.3410271927011038
-0.42696316633181164
-0.20622566323940436
-0.06427374682516555
0.013952430598530746
-0.18746270665710899
0.2803744072360681
0.19073115158092732
-0.1736873625022475
0.18986022291877203
0.2636512560370791
-0.18746270665710899
0.013952430598530746
0.06944671199015394
0.1299693301810852
-0.22996857830275158
-0.3607634846696849
0.16602522664813354
-0.12974367546239884
-0.40536534245992206
-0.4562884760759029
-0.413382895704557
0.013952430598530746
-0.1291569440356094
-0.06930192649889014
-0.40039817507348474
-0.45608273306490577
-0.26206552146968876
-0.10737769150135618
-0.20330581626610475
0.05286459765644879
-0.027844040949965284
0.1765249086561944
-0.1898497958377089
0.17735826453270612
0.08537444803300709
0.20940221814256257
-0.3546857296594477
-0.21413472982081333
0.09613121216138812
-0.30728767917845645
0.06266157023747414
0.18904722107604355
-0.09058829893304851
-0.07860646541925491
-0.2651413078337475
-0.24709764975671192
-0.07803287512535549
0.17822919319486139
0.13874629178827344
-0.08851437187246187
-0.20571982223468402
-0.1534944658958338
-0.29662116296118257
-0.11412067440798535
-0.018049970130875656
0.08363273462651952
-0.23315247586753793
-0.28726629659673486
0.013952430598530746
0.0759533360009428
0.2873577306785914
-0.0787846084720762
-0.0787846084720762
-0.19477407315605602
0.2803744072360681
0.06795103919985646
-0.0787846084720762
-0.07740997452053952
-0.07364862851637871
0.06943054612234897
0.013952430598530746
0.07743284292343532
-0.1438353118424906
0.3141869085107332
0.013952430598530746
-0.0856443705350907
-0.08758490078920918
-0.27496883683764306
-0.32343276513431135
0.22530325584146094
-0.29756722148820225
-0.2266690975231608
0.03905192527836641
0.013952430598530746
-0.14961279571165723
-0.10237377699442281
-0.1942155797683368
0.02446884755132196
0.013952430598530746
0.17735826453270612
0.09736544923358091
0.013952430598530746
0.3683242633846438
0.294395704720429
0.07674769452091917
-0.07803287512535549
0.07122529312798123
-0.034945802368763185
0.013952430598530746
0.24418796650684457
-0.010380125163291407
-0.03504243543010183
-0.24748222103311998
-0.28726629659673486
0.26503933361693965
-0.018921036102718038
-0.40266757851982077
-0.43721913789367944
-0.42016550957695314
-0.36011126582528763
-0.2883669724033193
-0.24709764975671192
0.24096439961273775
-0.11749820466939298
-0.1655122380481845
-0.07852399023775958
-0.08533602403825949
-0.18243271411804912
-0.10262351240575644
0.2482925361489676
0.0010418786337183167
0.2892618740606177
0.2853513905090325
-0.19563454650577713
-0.031735300267408284
0.10250326767735331
-0.257488395892073
-0.35446175829870813
-0.03113013177642572
-0.04701761272877485
0.013952430598530746
0.07971984357508098
0.10509369770365778
-0.16437016167817922
0.14303220585237988
0.14001922262787944
-0.14925386423940856
-0.1273701632199775
-0.08179291881934189
0.07067453589738017
0.17148521490645552
1.1826032354562224
1.6572533138560797
2.401569615070153
