3.054553648139252
1.850897245218057
0.9289632956433037
0.3380431179519152
0.3254220186699595
0.17686561461211084
0.17931283125292447
0.1973932594587226
0.21623756811854072
-0.08851437187246187
-0.272899814271369
-0.2729609776676893
-0.36631582344918845
-0.42452675172954507
-0.03093756201499173
-0.0901543399932205
-0.22795789297852984
-0.24709764975671192
0.06892324879370135
-0.03668240355086047
-0.2032993021243254
-0.04090400758450926
-0.20880642534277094
0.17903215347398904
0.0969355905199402
0.08847728500857395
-0.3546857296594477
-0.2241379708006737
0.09147725209260865
-0.02612625472079631
-0.1745630657052446
0.2734951168380659
0.06943054612234897
-0.1417536151947222
0.2490642580559226
-0.18746270665710899
0.2803744072360681
0.0409448216800146
0.062400982938528894
-0.009520121102683778
-0.1198313332302244
-0.2164672888849643
-0.04705140293661685
-0.10521180979602976
0.32477820586782813
0.02718905550401423
-0.07357233742884536
-0.41480451286316433
-0.2603863929056108
-0.19037974261378576
-0.21999186780279384
0.21917334505464556
-0.0901543399932205
-0.16678471988742083
-0.11618120261366284
0.0765867690443333
-0.17316400506456656
-0.1578746981150733
0.06362070587607734
-0.07943816428794366
0.07067453589738017
0.375808768662043
0.21935661673364965
-0.041263813098712666
-0.2966044961386298
0.055423991647584325
-0.08167232594447825
-0.2193360670118819
-0.08567283475985782
0.17745359338891348
-0.19288193146681076
-0.28333962229778076
-0.24461728342111588
-0.29981337595982277
-0.40525889658052344
-0.25767137017796
-0.18746270665710899
-0.010380125163291407
0.2669794585262714
-0.12974367546239884
-0.23464647093460766
0.03820299839253063
-0.10737769150135618
-0.1481227933619799
0.11882003817288388
0.013952430598530746
-0.18746270665710899
-0.18746270665710899
0.06705493345509002
0.28216954437862024
0.05088253045190491
-0.3319763084842339
-0.35771828002894035
0.039538896936647444
-0.10875465043652378
0.13485190941747674
-0.08533602403825949
-0.25142690382530997
-0.40388344619380084
-0.04545044634131291
0.22218233561696946
-0.01015812346443366
0.2816424789882469
0.07694573513453731
0.2880821148192224
0.07694573513453731
0.2997996031448048
0.07971984357508098
0.1007425518387217
0.013952430598530746
0.29249801077035864
0.17655530425357846
0.10212027187778386
-0.18746270665710899
-0.0787846084720762
-0.110249347709129
-0.18746270665710899
-0.18746270665710899
0.07145822555853683
0.13848751705296056
-0.13388235105206228
-0.4001731649519688
-0.5058162430834662
-0.3547955402414018
-0.3877161100020188
-0.32382531002490184
0.30494054385845837
0.3652000553620487
0.33718406345923313
0.013952430598530746
0.3403082714818282
0.013952430598530746
-0.08533602403825949
-0.24906246583721026
-0.16240950587467137
-0.2522656811206245
0.08319143199403889
0.3262649028016483
0.6271901520842764
0.7386069816879535
-0.13388235105206228
-0.3097855884912308
-0.23530545230679897
0.1412685658430091
0.20515700960811642
0.8337218135081659
0.33809897099936587
-0.05492314416909967
-0.02349327064641447
0.10011495553130775
0.23973850060546503
-0.07348176150021861
-0.30764733335315375
-0.2910737912281238
-0.12047046741507991
-0.21075361546093985
-0.20166429524247362
0.2574665460610253
0.2746441277466986
-0.018263461604681855
0.28303817626945793
0.06943054612234897
0.28586759943390105
0.2809044757965425
0.07706779136984993
0.013952430598530746
0.2873577306785914
-0.18746270665710899
0.2930492098881306
0.07971984357508098
0.0942762946402918
0.20591074151693806
-0.35591576953225357
-0.29585255674227706
-0.26029591733859503
-0.3021307548355296
-0.2118509966929747
0.1882179557134455
0.7863030010087951
1.2927137664150588
1.8541995443409494
0.40577830704379586
