2.722045186883536
1.4979368136290017
0.46184619590544357
-0.055452422929854174
-0.009414374172528512
-0.2940708218269414
0.19296184351809365
0.3623449246484832
0.013952430598530746
0.17655530425357846
0.17268448085303323
-0.19666100410727164
-0.19433822049549732
-0.12974367546239884
-0.4142452683464416
-0.4234072942699848
0.04238100580485848
0.09119023677019128
-0.10161993411987538
-0.18746270665710899
0.013952430598530746
-0.051871256952656174
-0.12974367546239884
-0.3235733233588876
-0.3833348410304783
0.10747343690555518
-0.17681528943596028
-0.0956914376708252
-0.08294899638220177
0.34477114692504335
0.3357400807619201
0.013952430598530746
0.2883435363305894
-0.07803287512535549
0.07764841018990606
0.09868226025729329
-0.1287137370100693
0.0754662282120448
-0.07803287512535549
0.1948497131914203
0.013952430598530746
0.2883435363305894
-0.18746270665710899
0.07017675924966245
0.10789472398787023
-0.13388235105206228
-0.39193658125938524
-0.4648854962698069
-0.28903590072782864
-0.1448421829337879
-0.24473422531797162
-0.24709764975671192
0.1486034404165173
-0.35581536542725845
-0.32495754664388016
-0.39089012145915675
-0.367230928224659
-0.062098310730406545
-0.10737769150135618
-0.23029328856581674
-0.2536949519604821
-0.24875023656735804
-0.04049570784680796
-0.0035139000331058383
0.28586759943390105
0.2889504846970574
0.07578632506097556
0.013952430598530746
0.1844610775392698
-0.13767955301304918
-0.44041596438079217
-0.4802771764052035
-0.4554705333394366
-0.43318309167918656
-0.13147411021279912
0.08982543710672491
0.10256642050272002
-0.035971906513354523
-0.22625275019689395
-0.1974120265046286
-0.3288592881628262
-0.4429494340311772
-0.3037930573806083
0.06433442684667354
0.2897311851140795
0.013952430598530746
0.2883435363305894
-0.07803287512535549
0.07092757969769409
0.19273393442018802
0.29522769199523696
-0.05140549728222392
0.8273055511068688
1.4958516920673548
2.6306518159850585
