2.6407191226260607
1.41936074138536
0.4052817782309686
-0.12426392677904864
-0.05723015974809182
-0.296665348067177
0.24459216256659977
-0.1285183854229818
0.06795103919985646
-0.010380125163291407
-0.14594179244428251
0.31628347557687003
0.013952430598530746
0.2873577306785914
-0.0787846084720762
-0.08166492368521133
-0.3546857296594477
-0.2820280922483935
-0.24709764975671192
-0.08166492368521133
-0.13767955301304918
-0.23420585241866912
0.05321367771846209
-0.03368118986605376
-0.12638057221603016
-0.32238882960633025
-0.40445467350508374
-0.3750461359586618
-0.29086991233961634
0.08823487002358
-0.0787846084720762
-0.07803287512535549
0.07892987649878043
0.19440782336147097
0.28598554775308554
0.06781988579597538
-0.0035098335241916206
0.2574488918901385
-0.13730735299323085
-0.08533602403825949
-0.18079431529559964
0.06566760286093745
-0.2798704766624211
-0.32982299202276294
-0.3743381857442265
0.08507844838566411
-0.18746270665710899
-0.18746270665710899
0.06548174966255961
-0.12359246705267958
-0.010380125163291407
-0.03504243543010183
-0.20291637884390604
-0.10633577158405456
0.24838556921824395
-0.19494939782934628
0.1743887653917002
0.0942762946402918
0.28968809150928587
0.19652360213270323
0.013952430598530746
0.17735826453270612
0.19491641023831197
-0.17319282897233834
0.28993629034905544
0.17655530425357846
0.17268448085303323
0.2873577306785914
-0.19666100410727164
0.2258990959611219
-0.12974367546239884
-0.3175468676964464
-0.3892968765319772
-0.10737769150135618
-0.3051260964498856
-0.41144803082411374
-0.1307859562529136
-0.2012380001507545
0.10401872719371197
-0.010380125163291407
0.2897311851140795
-0.18892508943966316
0.013952430598530746
-0.07803287512535549
0.19572064185357557
0.013952430598530746
0.17903215347398904
0.1809867201942074
0.1805422863926545
0.1123036943256548
0.1898501813551712
-0.09861698114578667
-0.3546857296594477
-0.2556796528623214
0.03870961661934135
-0.10737769150135618
-0.14895818723921173
-0.022699333905108584
-0.010380125163291407
0.06712359558971273
-0.2102447156421006
-0.07860646541925491
-0.42251640525006734
-0.4261093816033716
-0.28903590072782864
0.09428411753069264
0.2897311851140795
-0.17929341062995607
-0.18746270665710899
0.19383277218024894
0.30857900977009645
0.0742430028579002
0.10306488396604309
0.09903111728449476
-0.1912459276419307
0.2798838168599947
0.1884721698948215
-0.09229618805789329
-0.18746270665710899
0.0656158931555479
-0.20084330611298554
-0.3511545532621691
-0.31809692505980575
-0.26029591733859503
-0.016117890591625383
0.05730376953014389
0.6872272404485122
1.4120879211485238
2.5436356620077123
