2.6615740390854388
1.728457196877332
0.871662804791929
0.18522590016898494
0.13574857876562818
0.18178968047333505
0.09565412421106582
0.0942762946402918
0.35144082423768963
0.013952430598530746
0.1853705492954999
-0.09332806308071538
-0.18746270665710899
-0.18746270665710899
0.06833639976396438
0.2417829563877887
-0.0649643583632828
-0.06654501596027025
-0.07595856202320501
0.07971984357508098
0.19440782336147097
0.22292200390874922
-0.13218481782848182
-0.3999086669352236
-0.4169392533229888
-0.1973631116843921
0.0973563679164281
0.18011579153205212
0.15058950449483763
-0.12638057221603016
-0.287846422161761
-0.35993098783504446
-0.35511781570674716
-0.11743628370204127
0.2641033695340093
0.05108687418326719
-0.22346932541166367
-0.2924144308055393
-0.13332312510191285
-0.2031014743705009
-0.12974367546239884
-0.21390312864840444
-0.10322150018247302
-0.006073272801405725
-0.1843682560019062
0.1260352802042087
0.11595573297964851
0.18178968047333505
0.18011579153205212
0.13098320958428966
-0.3546857296594477
-0.22733136380489058
-0.08344351659459416
-0.30028967563959785
0.05885758612949275
-0.0787846084720762
-0.07708466280266332
0.072999013082869
0.1809867201942074
0.10992044644772495
0.11160696599332373
0.09812773138961343
-0.08851437187246187
-0.2318345913458402
-0.14473231213719046
-0.296665348067177
0.058723442636504454
-0.07300964768088165
0.0742430028579002
0.1765249086561944
-0.07803287512535549
0.17903215347398904
0.09772994903991655
0.1805422863926545
0.10455597081835054
0.1007425518387217
0.28586759943390105
0.2889504846970574
0.06621084446735882
-0.1597486014282512
0.013952430598530746
0.2883435363305894
-0.18746270665710899
0.05761359635446157
-0.18746270665710899
0.17735826453270612
0.17268448085303323
-0.18746270665710899
0.013952430598530746
0.27982320811829614
0.07615137661456094
0.013952430598530746
-0.07528546578861134
-0.0367635732021712
0.013952430598530746
0.2889504846970574
0.06906549456876361
0.013952430598530746
0.17903215347398904
0.1809867201942074
0.09031051924501719
-0.08851437187246187
-0.1437040311520463
-0.04731144623195067
0.214922953496147
0.49245365050142625
0.9087340061239841
2.2544813844260503
