2.8016773605156238
1.5547703754904116
0.7375994967094768
-0.015588192202495726
-0.2542550372909132
-0.274260848746323
0.28402660294460225
0.3003920881343346
0.2889504846970574
0.06906549456876361
-0.18295307619777454
-0.06111645455996726
-0.26933484939290175
-0.28726629659673486
-0.02783263655238584
0.17360362563423087
-0.010380125163291407
-0.010380125163291407
0.07892987649878043
0.19659029917959495
-0.16699090984809387
0.08100130988395535
0.10002497201170574
-0.08166492368521133
-0.13767955301304918
-0.3070050342978919
-0.3555944971284098
-0.03093756201499173
-0.0787846084720762
-0.2031014743705009
-0.035971906513354523
-0.2981269719895541
-0.36147050596025637
-0.03225593509736765
-0.19760574102171596
-0.1917862177553798
0.06266157023747414
0.10534020500212843
0.10281837666757244
0.2880821148192224
0.19153411186005498
0.2746831510421678
0.0754662282120448
-0.18746270665710899
0.0649946418736616
-0.07480984224121573
-0.08851437187246187
-0.23062816303640832
0.034701705021147514
-0.1462007009846963
-0.2641763249963993
-0.24709764975671192
0.09790652959121254
0.1934886785802733
0.2746831510421678
0.06919502897488765
-0.18746270665710899
-0.1898497958377089
0.2559435484539248
-0.19477407315605602
-0.18482919916432722
0.072999013082869
0.09982547580447113
-0.1898497958377089
0.07017675924966245
0.11409190757284214
0.11102222801678044
0.14855568316119033
-0.12638057221603016
-0.3823611706126917
-0.45339998446827395
-0.26206552146968876
-0.0611830423486441
-0.18746270665710899
-0.0787846084720762
0.013952430598530746
-0.1125592812159553
-0.18746270665710899
0.06420028335368523
-0.06597892229135639
-0.14218078572749804
0.2771400073309131
-0.18746270665710899
0.06709540007804042
0.013952430598530746
-0.18746270665710899
-0.029943071851272457
0.26408667042824774
0.059852439313428624
-0.22574979325922187
-0.25890009720206314
-0.021966443905293315
-0.06538239847339967
0.481197600052625
1.151624511802776
2.3891752492509415
