3.267918028712131
1.9915404500359282
1.058346283985264
0.32575570699129636
0.10653698209715783
0.26457246570875137
0.06920060821023412
-0.15969956692956752
0.12583460483453585
-0.2928654409359998
-0.07129381554822607
-0.1955791798260393
-0.07803287512535549
0.17209349271556548
0.2883435363305894
-0.19570892406404825
0.05257585947333146
-0.12638057221603016
-0.25184566204431313
-0.24709764975671192
-0.26187313738578977
-0.21092614843822044
0.072999013082869
0.10202401814759607
0.013952430598530746
0.013952430598530746
0.32051499979096343
-0.05705455428791459
-0.17441795842048996
0.27468524467149186
0.10030334532825082
-0.16784542096089805
-0.24709764975671192
0.2272170977629766
0.017953747487046954
-0.16886313206435388
-0.12974367546239884
-0.2648101387394555
-0.2876906250009012
-0.3432287847617668
-0.2285480780347395
-0.32550397716479373
0.08245524283459192
0.013952430598530746
0.17655530425357846
0.10738849377697052
0.2721517157928582
-0.07694333264077213
-0.08533602403825949
-0.2161325935892935
-0.1132011807374555
0.013952430598530746
-0.03761187463411316
-0.23206997894281226
-0.2203690118381768
-0.3541862006645428
-0.28726629659673486
0.09620994918083876
0.19491641023831197
-0.1812010189672451
-0.07803287512535549
0.17822919319486139
0.13839546914901044
-0.035971906513354523
-0.2614082052420807
-0.15871183149186144
-0.1363967229420785
-0.36924524748289644
-0.4533666609995512
-0.41433033885815473
-0.2227304260161972
-0.25741611568788786
0.05596307355619562
-0.08851437187246187
-0.18690532317608752
0.08057360963719024
0.013952430598530746
-0.18746270665710899
0.07145822555853683
0.17806543717224385
0.09982547580447113
-0.18746270665710899
0.17519172567082786
0.09788790173731693
-0.08090028981298496
0.22253135533524737
-0.004759304867675342
0.2702375152451224
-0.12974367546239884
-0.19242097090889146
-0.27179940249808865
-0.3001785825374158
-0.29493583277900304
-0.16676962948375657
-0.2274580613405641
0.051192451776854775
-0.025481497777511724
0.08904306156335064
-0.11837952000607702
0.017651907531654486
0.09981346552040965
0.2984227769112979
0.2969157501899326
0.07971984357508098
0.09502697321663492
-0.4012135353951161
-0.31264060251311
-0.28726629659673486
-0.02783263655238584
0.19629569303479763
0.013952430598530746
0.0742430028579002
0.19659029917959495
0.2834625576674594
0.17072991413281488
-0.18746270665710899
-0.08315335514805261
0.17209349271556548
-0.18095513515605788
-0.22400400184108482
-0.08166492368521133
0.06671902015588788
-0.16880246759062423
-0.12656953121508846
-0.0050272939737146275
-0.19949041329628245
0.11942289879275729
-0.0787846084720762
0.013952430598530746
0.26589120440739233
0.2897311851140795
0.013952430598530746
-0.07860646541925491
-0.259591895775556
-0.2901925369388478
-0.28760280852522735
-0.3891609923807043
-0.2676747243238156
-0.1187771872424982
-0.0009241202495412147
0.1413242986657355
-0.08851437187246187
-0.1901343850867552
-0.10672007277875664
0.26641869701159043
0.17686561461211084
0.13848751705296056
-0.07192893080572331
-0.3909832120214501
-0.4241332221676373
-0.20856314292571743
0.24096439961273775
-0.10991408421044711
0.29743697125929985
0.23067615486714188
-0.0787846084720762
-0.0787846084720762
0.29743697125929985
0.19604561040152851
-0.07860646541925491
-0.2107681934627448
-0.007209953782634834
-0.10737769150135618
-0.21755568733093703
0.007235909835331492
-0.13880591867101852
-0.2680592872063996
-0.12929549257062586
-0.017075327584439776
-0.06111645455996726
-0.2503530430296994
-0.24709764975671192
0.247280702004706
0.17655530425357846
0.19290358583545048
-0.05556989248010722
0.17240380307409786
0.2889504846970574
0.07638264296733378
-0.2020025932923933
-0.08851437187246187
-0.24465523896144828
-0.24709764975671192
0.24967603001154737
0.17209349271556548
-0.0787846084720762
-0.2055980625388832
0.2694568148281003
-0.08851437187246187
-0.19446220269767697
0.056049378791735834
0.22758066121110634
-0.07803287512535549
0.1273226944702145
-0.24983443587516732
-0.27800220981141716
-0.28726629659673486
-0.11691143174522697
0.192158883238966
0.273029497752438
-0.0756295815907117
0.0665758960209442
-0.16574979812804036
-0.32732694000382945
0.13027597352294015
-0.252125153026224
-0.283215102969459
-0.30008180541300006
0.08995997242286759
-0.1254992408590328
0.00040953932755925354
0.24663566042136342
-0.035928319888458654
-0.20084330611298554
-0.07860646541925491
-0.18243498417933762
0.05727486111403736
0.25496009303623113
0.03769108543871183
-0.43254862396622634
-0.6497637867500096
-0.5418290854933965
-0.18494230533844502
0.013952430598530746
-0.20138678353410977
0.08179566840393171
-0.0129450158438002
-0.20738817078860394
-0.08862041918202161
-0.3716433447922428
-0.3358273674628166
-0.2170755947503244
0.01389288044685632
-0.22012615382416684
-0.27712911025123765
0.21328474988334928
-0.055799042648145294
0.013952430598530746
-0.08851437187246187
-0.20224654231564038
-0.037194899705935446
0.1039922176377603
-0.2122775626877944
0.013952430598530746
-0.3546857296594477
-0.2845698633214094
-0.16064771662228472
-0.2491069285286627
0.09733813856234576
0.09258753712031886
0.19462180409351465
0.013952430598530746
-0.110249347709129
-0.2055980625388832
-0.09910322210078798
-0.13027311471880798
-0.4121866024582424
-0.41437044641271487
-0.2792296502459248
0.10018971221580593
0.2069148040359025
-0.13767955301304918
-0.3920712500072934
-0.3633892610189573
0.13835658790438188
0.013952430598530746
0.2873577306785914
0.2873577306785914
-0.2020025932923933
-0.07860646541925491
-0.25764830874077993
-0.24709764975671192
0.24961746991579548
0.07743284292343532
-0.17608748523336054
0.06769936026397094
-0.14955929117325967
0.11054913843711985
0.013952430598530746
-0.0787846084720762
0.013952430598530746
-0.07860646541925491
-0.23843227570862816
-0.22960730547003944
-0.3191563466093716
0.048909537680352014
0.09504463472430041
0.17931283125292447
0.08445737199875653
-0.07803287512535549
0.1497125696154292
-0.12638057221603016
-0.26652292581799475
-0.1352084375438085
-0.2738559547525708
0.060027538292246066
-0.016807229465007286
0.349855253860163
0.013952430598530746
0.19404675291229265
0.013952430598530746
-0.08166492368521133
-0.13767955301304918
-0.30965023570790035
-0.339947968176505
0.10246755674545352
0.24258569696085783
-0.13027311471880798
-0.40159145143399433
-0.44341527057125274
-0.40525889658052344
-0.061893062602769416
0.29743697125929985
0.2858469242279335
0.17209349271556548
-0.0787846084720762
0.19710726178829283
0.04737368826787943
0.39519999755338014
1.1331839541362994
1.7654157742258108
