3.166048317817022
1.7866878419625476
0.8673763694946295
0.17194247201728408
0.2889504846970574
0.07510117665845942
-0.18746270665710899
0.0656158931555479
0.2756299333986966
-0.08028852120925639
0.08100130988395535
0.10002497201170574
0.2873577306785914
-0.0787846084720762
-0.010380125163291407
-0.035971906513354523
-0.19476119949831466
-0.12570470949056747
0.09981346552040965
0.07699360153040213
-0.3546857296594477
-0.17321038097049155
0.04737075813751172
-0.08108354053031816
0.07467186969206843
-0.18746270665710899
-0.0787846084720762
-0.110249347709129
-0.18746270665710899
-0.18571951205871826
0.07743284292343532
0.2741501111083187
0.29743697125929985
0.17919466609971393
-0.3546857296594477
-0.3018488355013148
-0.30137183318121474
0.24096439961273775
-0.11644066161282557
-0.18746270665710899
0.013952430598530746
-0.212019968811866
-0.422088290177786
-0.48501648722673496
-0.5535098969679431
-0.570602426286566
-0.6668771677739157
-0.5058282121515781
-0.2943915826988455
-0.30989589462512024
0.21971062273343342
-0.06727429187010911
-0.10612876489444055
-0.18746270665710899
0.3476382081142379
0.2270231230636456
-0.10454810729745309
-0.18746270665710899
0.2873577306785914
0.2897311851140795
0.013952430598530746
0.21593262069955638
-0.014247055782000442
0.12086655459563277
-0.20237967792099298
-0.13252579609151532
0.271209774233193
-0.19948515419452106
0.27794330139034285
0.08173089193068978
-0.2560983669255091
-0.3591220281370523
0.271209774233193
0.013952430598530746
0.013952430598530746
-0.3546857296594477
-0.27713208419340485
-0.12626725580588788
-0.0877488169709097
0.1948497131914203
0.013952430598530746
-0.17544539849106427
0.2889504846970574
0.14702173966297488
0.11468801973576667
-0.16755132883798865
-0.07616482412244402
-0.14074541353827252
-0.32381486062346637
-0.3920677098596682
0.013952430598530746
-0.0958717137511255
-0.08758490078920918
-0.22313645923411699
-0.017736701440455072
-0.08403164998208613
0.17072991413281488
-0.19477407315605602
0.013952430598530746
0.06795103919985646
0.28993629034905544
0.08063625833036996
0.18904722107604355
-0.09563799658754168
-0.19828669603993615
0.27468524467149186
0.0934157969335889
-0.16913700290265865
0.05428268119876166
-0.1213257306224027
-0.010380125163291407
-0.18746270665710899
-0.08273188292408022
0.0759533360009428
-0.18746270665710899
0.013952430598530746
0.08051420209505734
0.11309805284563117
0.1123036943256548
0.19203265717329515
-0.09044444549208429
-0.18746270665710899
-0.18746270665710899
-0.19563454650577713
-0.14676227604873426
-0.13767955301304918
-0.432532418101452
-0.42044027998906974
-0.2190485602585869
0.0973563679164281
-0.010380125163291407
-0.18746270665710899
-0.1135866343237196
-0.18746270665710899
-0.08572636495931041
0.07743284292343532
0.013952430598530746
0.013952430598530746
0.12930331442575357
-0.13767955301304918
-0.20343331419030747
0.08113238911582914
-0.1448421829337879
-0.2756284993495776
-0.29213931850498115
-0.025481497777511724
0.2873577306785914
-0.0787846084720762
-0.180477112150471
0.1716008427949702
-0.18746270665710899
0.19296184351809365
0.3145097446191931
0.06827139799187777
-0.23277221557447234
-0.24709764975671192
-0.037007978283913
-0.07676045945250966
-0.06623674989305454
-0.17527428009811152
0.046935163716079184
-0.18158992369019064
-0.08968416251243921
0.013952430598530746
0.29152815510868263
0.08179566840393171
0.1809867201942074
0.18011579153205212
0.07591528997147587
-0.18746270665710899
0.06938240072968609
0.10144468908227663
-0.05328887723906694
-0.18097700128655927
0.2883435363305894
0.2889504846970574
0.18905726263964437
-0.14099000027563777
0.26074489847456606
0.09549871304206724
-0.21325037441923342
-0.24709764975671192
-0.0768171222129846
-0.08080940985053975
0.17606265433298318
0.17931283125292447
0.19353689469931568
0.2764760948333761
-0.18746270665710899
0.19073115158092732
0.2746831510421678
0.17072991413281488
-0.18746270665710899
-0.18746270665710899
0.06833639976396438
0.226709739005252
-0.010380125163291407
-0.18746270665710899
-0.07862275240320196
-0.05741658157930123
-0.19545356113887005
0.013952430598530746
-0.010380125163291407
0.17655530425357846
0.1912296968941675
-0.10066035927151434
-0.0787846084720762
-0.0787846084720762
0.2746441277466986
-0.06299821792984671
-0.18408181822155073
0.1737673816568484
0.05486116584204443
0.9613217617222943
1.630810571907106
2.604872951178513
