2.712498034891678
1.979950683905598
1.0032321301083698
-0.009132890541349725
0.09077108619834608
-0.0787846084720762
-0.08495450655927433
-0.08851437187246187
-0.16451570417927633
0.013237375180974731
0.09931846866380457
0.013952430598530746
0.25539234933615285
-0.18746270665710899
-0.07803287512535549
0.07339479482686988
-0.18746270665710899
0.17072991413281488
0.2883435363305894
-0.18746270665710899
0.06033410296287805
0.3630919000942468
0.33861090755758533
-0.169256834516426
0.06795103919985646
0.2873577306785914
0.2818902814485405
0.17655530425357846
0.1968042799116386
0.013952430598530746
-0.08166492368521133
0.04896811159201032
-0.20476898836504154
-0.22713969711887924
-0.4851761020572109
-0.4124404947262084
-0.18839284744481397
-0.2940708218269414
0.36421971733688663
0.21635156102791014
-0.03504243543010183
-0.2710638456076604
-0.3653432706025193
-0.03206336533593365
0.12938851592668782
-0.07860646541925491
-0.21804494788316248
-0.10161239771236119
-0.008522384947685126
0.05563725496223682
-0.23385231310192878
-0.2873188326569357
-0.027844040949965284
0.2897311851140795
0.013952430598530746
0.013952430598530746
-0.03504243543010183
-0.25524646258657263
-0.1651837356096474
-0.31608368273421045
-0.3954488537160367
-0.033300105187445285
-0.0787846084720762
0.013952430598530746
-0.13767955301304918
-0.24690911554985207
0.05007647576471439
-0.10566914251726298
0.129239145987091
-0.13767955301304918
-0.2778140513561092
-0.24709764975671192
0.2704290738161709
0.1467195716600416
-0.12638057221603016
-0.316371095339453
-0.3927717720654769
-0.10398925736716837
0.17209349271556548
-0.18746270665710899
0.25304343974810967
0.2883435363305894
-0.18746270665710899
0.06548174966255961
-0.004287374254946513
0.2691061725585542
0.27468524467149186
0.08446854377051886
-0.1720039897140366
0.06326595466936741
-0.0753106302021426
-0.020115966503569966
0.24376437101294696
-0.18746270665710899
-0.19468246646255377
0.13958023506853684
-0.035971906513354523
-0.18109417058343602
-0.11531753202506242
-0.0035139000331058383
0.013952430598530746
-0.2020025932923933
-0.08758490078920918
-0.20742083294378158
0.08318449509296846
0.013952430598530746
0.2646060040907833
-0.3546857296594477
-0.2920661350109025
-0.3020739133609329
-0.10523328616948854
0.14695757122431233
-0.37674590618505277
-0.29998190070921077
-0.26670608804648355
0.2553891693883554
0.08100130988395535
0.09585927258212955
-0.3546857296594477
-0.34000050175290675
-0.3684252611176823
-0.3686471325077245
-0.1116467696370517
0.2789155603784134
0.25981008875572675
-0.18746270665710899
-0.17549733112758475
0.2574665460610253
0.2746441277466986
-0.04340346589504888
0.013952430598530746
-0.18746270665710899
0.2883435363305894
-0.18746270665710899
0.192158883238966
0.2832167732352836
-0.08599428379298202
0.13958023506853684
-0.08533602403825949
-0.2192529711555387
0.04775895799587488
-0.23779718192523666
-0.0787846084720762
0.29743697125929985
0.22264239799791202
-0.06727429187010911
-0.006695303222335894
0.2676621898612412
0.2883435363305894
-0.07803287512535549
0.06735911273717406
0.28586759943390105
0.2809044757965425
0.07558828444735742
0.2756212087544222
0.027035422175942618
-0.36443337136458914
-0.4245178971892068
-0.24709764975671192
-0.0787846084720762
-0.18947107500874363
-0.18746270665710899
0.06581393376916606
0.013952430598530746
0.2746441277466986
-0.048519022652698654
-0.12974367546239884
-0.2768117108830699
-0.24709764975671192
0.24385139118774116
0.17209349271556548
-0.0787846084720762
-0.06345983864708217
-0.19671066401868
-0.18746270665710899
0.06548174966255961
-0.10078123201336699
-0.18746270665710899
0.07145822555853683
0.17931283125292447
0.08665591434188145
-0.18068160138320322
0.013952430598530746
-0.0856443705350907
-0.08758490078920918
-0.2827090085610112
-0.40388344619380084
0.29781311457729026
0.20607782654227866
-0.03504243543010183
-0.19219553624609495
0.09321227038378031
0.09790652959121254
0.19273393442018802
-0.128451831038404
0.28727726996084313
0.1743887653917002
0.1478986745423833
0.13519588911046604
-0.1672334653731535
0.07624279356167367
0.2704290738161709
0.06758598764627109
-0.19733461599671273
0.14579087860845527
-0.39854947401230206
-0.44266727580307036
-0.40532221204144264
0.035242761448823566
-0.3021307548355296
-0.18746270665710899
0.2873577306785914
0.2889504846970574
0.19572064185357557
0.013952430598530746
0.17735826453270612
0.1968042799116386
0.013952430598530746
-0.0800791448378935
0.08179566840393171
0.1123036943256548
0.19760724019076625
0.013952430598530746
-0.17749351345560282
0.19383277218024894
0.2718717456203617
0.17289645299469314
-0.18746270665710899
-0.1135866343237196
-0.18746270665710899
-0.18749183411956682
0.1743887653917002
0.0942762946402918
0.013952430598530746
0.2680515693779627
-0.16254510704511627
0.013952430598530746
-0.35724928666259514
-0.30587318898462174
-0.28726629659673486
0.19058835214272307
-0.08855040380843963
-0.08533602403825949
-0.23386769423699982
-0.2531656080884571
-0.10505547756065825
0.06944671199015394
-0.3792503032078758
-0.22585417860101542
-0.12894401692250612
0.10097877997694799
0.17565397999403914
0.2984227769112979
0.28424094753787005
0.06796720506766142
-0.07860646541925491
-0.2552031894432234
-0.28025090018180654
0.15721209277504683
-0.03668240355086047
-0.2319630373887848
-0.24709764975671192
-0.29516271820824724
-0.1203694627830684
-0.18746270665710899
-0.07959174447673222
0.19383277218024894
0.2970235154372645
0.1948497131914203
0.013952430598530746
-0.18746270665710899
0.013952430598530746
0.2889504846970574
0.07658068358095192
0.013952430598530746
-0.035971906513354523
-0.31685415333768147
-0.4000153430428287
-0.39027397947225545
-0.2731225373329461
-0.2920255298850052
-0.08981804127082117
-0.2974186934169731
-0.1329964585513544
-0.07803287512535549
0.1884721698948215
-0.022137510142147133
0.013952430598530746
0.0759533360009428
0.2646060040907833
-0.07860646541925491
-0.21840327529250467
0.05619324693006088
-0.08594394095872326
-0.02554383046999046
0.26626649258003016
0.2897311851140795
-0.18881309798539128
-0.08166492368521133
-0.3340887334094109
-0.33414333908571237
-0.30133552056792107
-0.028969844270907208
0.09903111728449476
0.27156766110536745
0.09455195122237275
-0.2583990997404295
-0.3892831091295982
0.25402412895330073
-0.35581536542725845
-0.2921309554327942
-0.28159067603675164
0.23366066090151918
0.29743697125929985
0.23746671481269144
-0.12974367546239884
-0.2820179954212334
-0.2863111501546946
-0.10737769150135618
-0.13879787715483
0.014231817684104224
0.10891112587688809
0.013952430598530746
0.0742430028579002
0.11032549968444938
0.10455597081835054
0.0897587513174483
-0.35591576953225357
-0.29933175391136013
-0.28191905806330736
0.09875614276844796
-0.02447936681044898
0.0839424016119358
-0.2097696348543507
-0.1295556408403592
0.24096439961273775
-0.08353284748120693
-0.07213387504745311
0.192158883238966
-0.2513279666693777
-0.10409281659407973
0.2883435363305894
-0.18746270665710899
0.05761359635446157
-0.18746270665710899
0.2803744072360681
0.07674769452091917
-0.07803287512535549
0.17735826453270612
0.08380126424047667
-0.005466164252857413
0.28303817626945793
0.17209349271556548
0.29071699076607754
-0.010380125163291407
0.13958023506853684
-0.08851437187246187
-0.1729742764227877
0.08598783508598863
-0.10873620955226461
-0.24518492626803184
-0.27077865361986464
-0.2711119808070407
0.048733686635520856
-0.13241993843658123
-0.29258389557884745
-0.2883975340965911
-0.5281850657644963
-0.48561490293550086
-0.3303375788778884
-0.07803287512535549
0.192158883238966
0.3394547030844381
-0.15657910220196805
0.190945132312971
0.013952430598530746
-0.0787846084720762
0.013952430598530746
0.06005865221732155
-0.235545928138547
-0.26034412512626537
-0.24709764975671192
0.08598795649621702
0.19440782336147097
-0.166471492264052
0.07457819282203054
-0.06590603512477317
-0.10612876489444055
-0.18746270665710899
-0.0465313761382766
0.013952430598530746
0.17606265433298318
0.09967761058212402
-0.08851437187246187
-0.1849781607863118
0.04878618220529009
0.09948639780466692
-0.10081210542340874
-0.19477407315605602
0.2889504846970574
0.06621084446735882
-0.07395981966494353
0.17519172567082786
0.09128339377719051
-0.18746270665710899
0.061578092737909235
0.2880821148192224
0.07615137661456094
0.2636512560370791
-0.18746270665710899
0.2873577306785914
0.2746441277466986
-0.02186641391810686
-0.012301358070585735
0.4989520377796543
1.1394256192283851
2.1131375591071118
