3.3929100382941852
1.858948993359714
0.9794072907910386
0.027523352115613683
0.2746441277466986
-0.1245815418134721
-0.13767955301304918
-0.3187568477592926
-0.3581895958775604
0.10363287120199187
-0.20580843135938134
0.07537255134200689
-0.06497065012906028
0.17903215347398904
0.09565412421106582
0.19571937051743962
-0.1759093569185895
-0.010380125163291407
0.2984227769112979
0.2969157501899326
0.17655530425357846
0.10083880556890948
-0.08166492368521133
-0.13767955301304918
-0.2737471765736881
-0.2771660159973185
-0.02931313361320687
0.34938112682452593
0.013952430598530746
-0.08533602403825949
-0.3285027472703904
-0.41314907722569205
-0.3395563306886723
0.08174984703250415
0.26677196354826216
0.29071699076607754
0.013952430598530746
0.07971984357508098
0.08847728500857395
-0.13767955301304918
-0.24374345370705228
0.048195260295369746
-0.025481497777511724
-0.18746270665710899
0.06709540007804042
0.013952430598530746
-0.36342535280509125
-0.2775983914311171
-0.13087482121412153
-0.17661876016301
0.013952430598530746
-0.04319408952368598
0.013952430598530746
-0.010380125163291407
0.07892987649878043
0.0977496509756204
0.29743697125929985
0.2300235704983181
-0.0787846084720762
-0.02507339246061044
0.136833416574685
-0.27925896413445384
-0.2885156451240287
-0.270524214895854
0.2704290738161709
0.16992695385368722
-0.0787846084720762
0.013952430598530746
0.06795103919985646
-0.2031014743705009
0.07359949356478726
-0.20868972127690077
-0.11796765243819443
0.10644931524174185
0.013952430598530746
-0.1803080298300607
-0.03504243543010183
-0.2536713238688961
-0.24709764975671192
-0.010380125163291407
0.1737673816568484
-0.18746270665710899
0.0678897585980168
-0.17526313160767842
0.17072991413281488
-0.18746270665710899
-0.023226359370371395
0.26771047527734315
0.2873577306785914
-0.0787846084720762
-0.0800791448378935
0.1716008427949702
-0.18746270665710899
0.06390556001250532
0.19847816885292158
0.013952430598530746
0.06919502897488765
-0.19666100410727164
0.1751557384020368
-0.13767955301304918
-0.2904769086196677
-0.4062850124660357
-0.2463716119430864
0.06943054612234897
0.013952430598530746
0.07822720144341169
0.013952430598530746
0.07743284292343532
0.23973850060546503
-0.17503755262608894
-0.014369058129337687
0.3029665633942674
0.072999013082869
0.10130643832058009
-0.0787846084720762
0.2873577306785914
-0.18746270665710899
-0.10421660341486354
0.06148539535127886
-0.2986930336990282
-0.4106236366108959
-0.3919004480505324
-0.22133647798122152
-0.0787846084720762
0.29071699076607754
0.013952430598530746
0.18704443823678285
-0.06315786020947989
0.17240380307409786
0.2889504846970574
0.06882997742130229
0.2873577306785914
-0.1898497958377089
-0.0787846084720762
0.013952430598530746
0.07409108503313253
-0.09149988613643471
0.06434004545268364
-0.12638057221603016
-0.294077154512467
-0.26029591733859503
-0.13435943330383524
-0.25325221443877627
-0.25974615850495697
-0.28968142608997605
-0.2975490899248886
0.013952430598530746
0.072999013082869
0.09903111728449476
-0.1898497958377089
0.013952430598530746
0.013952430598530746
-0.0787846084720762
0.013952430598530746
0.013952430598530746
0.17655530425357846
0.08238154716990577
0.2873577306785914
-0.18746270665710899
-0.1883190601191752
0.013952430598530746
0.17209349271556548
-0.19666100410727164
-0.20084182265297412
0.07309421801572252
-0.19276790559899035
0.025162303921163184
-0.010380125163291407
-0.18746270665710899
0.1737673816568484
-0.010380125163291407
0.06712359558971273
-0.18746270665710899
0.17519172567082786
0.1968042799116386
0.013952430598530746
-0.18746270665710899
-0.0693088932473348
-0.18541157230529623
0.06795103919985646
0.2897311851140795
0.013952430598530746
-0.07615393011503994
-0.017317799051539347
0.28019849629093385
0.06943054612234897
0.013952430598530746
-0.12974367546239884
-0.23405345485376391
0.04301677807294132
-0.3021307548355296
-0.09031413648221362
0.192158883238966
0.24439092745084195
-0.18746270665710899
-0.18746270665710899
0.2873577306785914
-0.18746270665710899
-0.0787846084720762
0.25406539302202075
-0.18746270665710899
-0.010380125163291407
0.23872209580930423
-0.07437790442621757
0.08100130988395535
0.17485101971491146
-0.0787846084720762
-0.08040102254626111
-0.33220306070914324
-0.36434955421300796
-0.4051168860575908
-0.3386684071250529
0.0462748692650031
0.09504463472430041
-0.18746270665710899
0.0678897585980168
0.013952430598530746
0.07457819282203054
-0.03978505149428702
-0.12974367546239884
-0.3130846460967393
-0.41387222962889203
-0.3178249167014688
0.004894327194460929
0.0992821995665742
0.2702375152451224
-0.12974367546239884
-0.3178571167514135
-0.38523244022455894
0.08624376284220248
0.09854400949559677
-0.18746270665710899
0.06705493345509002
0.2338647377796704
-0.0787846084720762
-0.14026031625052562
0.255099499941393
-0.07055321745046567
0.192158883238966
0.21670097625957005
-0.0787846084720762
-0.18746270665710899
-0.18746270665710899
-0.0787846084720762
-0.14814451233587306
0.26291552257520584
0.06442431245286497
-0.24451694006858574
-0.28726629659673486
-0.03275455249313929
-0.06004223378669907
-0.18369352923281043
0.013952430598530746
0.07467186969206843
-0.18746270665710899
0.013952430598530746
0.2756299333986966
-0.08028852120925639
0.06943054612234897
0.013952430598530746
-0.027146336488323552
0.13763864915487378
-0.23942504170967932
-0.386684674537199
-0.13241993843658123
-0.24938233001900856
-0.10135520202323725
0.10891112587688809
0.2313417476940442
-0.0787846084720762
-0.20084182265297412
-0.035971906513354523
-0.24576463527100897
-0.28869831068898566
0.25887493969061776
-0.03668240355086047
-0.20228346943142722
-0.12455491004206833
0.10127555695668139
0.013952430598530746
-0.3149257078423194
-0.21881917208267826
-0.09273483414787259
-0.296665348067177
0.013952430598530746
-0.3003475025622128
-0.3149244711597719
-0.28726629659673486
-0.09260106035375808
0.08100130988395535
0.10429933918368141
0.1931826927291573
-0.13767955301304918
-0.2516660643021279
0.048195260295369746
-0.027844040949965284
-0.21978960817681983
-0.1898497958377089
0.17822919319486139
0.1771462923910462
0.17732786893532207
-0.19630815839521826
0.14776053150343998
0.13591578995681494
-0.2557123616414119
-0.4372940113720707
-0.3558090198582496
0.051615442268213005
-0.24294156781478726
0.013952430598530746
-0.010380125163291407
-0.12974367546239884
-0.28514416243658675
-0.2764635340424183
-0.32767515070837283
-0.1223787141871805
-0.14074965258930675
-0.010380125163291407
-0.03504243543010183
-0.24294899751107868
-0.29445446953435217
-0.1961453569018456
-0.08121142480127624
-0.03907350670899748
0.013952430598530746
-0.0787846084720762
-0.07528546578861134
-0.10738044205893464
-0.18746270665710899
0.24110060197955704
-0.18746270665710899
-0.18746270665710899
0.16992695385368722
0.29743697125929985
0.2724479604508788
0.17209349271556548
-0.18746270665710899
-0.07803287512535549
0.17606265433298318
0.17806543717224385
0.10144468908227663
-0.012176047153400212
0.25636804131781094
-0.18746270665710899
-0.08190167798355849
0.17209349271556548
-0.010380125163291407
-0.16436734699753258
0.2574665460610253
0.2746441277466986
-0.1104587240804919
-0.18746270665710899
-0.010380125163291407
0.013952430598530746
-0.18746270665710899
0.29071699076607754
0.013952430598530746
0.06795103919985646
0.2661987581092493
-0.06111645455996726
-0.24419693663785963
-0.28726629659673486
0.21481016202243686
-0.07803287512535549
0.07764841018990606
0.1912296968941675
-0.15682725558806798
0.013952430598530746
-0.18746270665710899
-0.048841309645102894
0.013952430598530746
-0.12217512959407045
-0.07803287512535549
0.16992695385368722
-0.0787846084720762
-0.07528546578861134
-0.07595856202320501
0.07615137661456094
0.33215010077141416
0.013952430598530746
0.22058720940532875
-0.11672938389012279
-0.13767955301304918
-0.26388166866714835
-0.11973059294795661
0.1076146296982802
-0.18702014178513374
0.23670262356037855
-0.07437790442621757
0.0759533360009428
-0.19828669603993615
0.26786406080963426
-0.3546857296594477
-0.2113363991703645
0.1570082957697977
0.2813321206512322
0.013952430598530746
-0.42023875882252293
-0.4332809865543611
-0.41683535902767516
-0.19194192796401702
-0.22937623408240104
0.013952430598530746
0.013952430598530746
0.26642424434124146
0.06795103919985646
-0.18746270665710899
0.18986022291877203
-0.1883606365384931
0.013952430598530746
0.17655530425357846
0.09964077026966627
-0.16734585934606475
0.18927513017394917
-0.0830158286806611
0.2889504846970574
0.192158883238966
0.36267424286037636
0.2699648459382857
-0.18746270665710899
0.2669754434590135
0.07467186969206843
-0.18746270665710899
-0.1414627840561412
0.12889672463394547
-0.28380860333024177
-0.3015192644307562
-0.24709764975671192
0.17815457435526486
-0.11170888863161413
-0.11328596338293777
0.2340169497855638
0.8010476054284135
1.0327080906977981
2.5415752718769364
