2.944528084365044
1.9290964457984472
1.5286122647573188
0.016792776790943497
-0.0787846084720762
0.2624676810271235
0.2756299333986966
-0.0776174266831091
0.17655530425357846
0.09964077026966627
0.2636512560370791
-0.1898497958377089
0.36887546250241576
0.294395704720429
0.07615137661456094
0.27205354404218185
0.2756299333986966
-0.07771551139799862
0.17209349271556548
-0.010380125163291407
-0.18746270665710899
-0.18746270665710899
-0.18746270665710899
-0.18746270665710899
-0.0465313761382766
0.013952430598530746
-0.07803287512535549
0.190945132312971
0.013952430598530746
0.3694316138553585
0.294395704720429
0.19404675291229265
0.013952430598530746
0.013952430598530746
-0.18662587222640056
0.19014605883610447
-0.0621259851866578
0.0742430028579002
0.17485101971491146
-0.1898497958377089
-0.1916457911668852
-0.19726023843844165
-0.20084182265297412
-0.13767955301304918
-0.294453205940535
-0.2708830710995288
-0.341644258034553
-0.4110943716525086
0.2750988876222627
0.013952430598530746
-0.3546857296594477
-0.28084165078980955
-0.19568859717469922
-0.5186538419215624
-0.5039507262640093
-0.4144139583982118
-0.39024216373827053
-0.41735767067402696
0.09530044107028587
0.28993629034905544
0.17735826453270612
0.10212027187778386
-0.18746270665710899
-0.18746270665710899
0.06938240072968609
0.1765249086561944
-0.010380125163291407
0.07407994322938602
0.013952430598530746
-0.3546857296594477
-0.2886778497132827
-0.24709764975671192
0.23481674251326545
-0.18746270665710899
0.17655530425357846
0.08238154716990577
0.2897311851140795
-0.22798114472600578
-0.07715761688630021
-0.10612876489444055
-0.18746270665710899
0.26499842082785124
0.2873577306785914
0.2984227769112979
0.28424094753787005
0.14695757122431233
0.1617172863450676
-0.16674503712369693
-0.013245421370189138
-0.011161582209235837
-0.07803287512535549
0.18986022291877203
0.23596130484580727
-0.0787846084720762
0.2889504846970574
0.07558828444735742
-0.18746270665710899
-0.0787846084720762
-0.10222066549639088
0.2889504846970574
0.17655530425357846
0.17485101971491146
-0.0787846084720762
0.12305447141445669
-0.2979906069280947
-0.3296107498935871
-0.38201176450099267
-0.010380125163291407
-0.18746270665710899
-0.010380125163291407
0.3212846105429682
0.013952430598530746
0.013952430598530746
-0.12974367546239884
-0.38630408327408844
-0.40626228607709225
-0.2430641110969468
-0.13744514179102046
-0.37518423412179197
0.06871307620621049
-0.3578746458440913
0.03809858494696376
-0.12709509998851706
-0.18746270665710899
-0.18746270665710899
0.17655530425357846
0.1765249086561944
0.2661987581092493
-0.08851437187246187
-0.26225418969121755
-0.24709764975671192
0.09364733437417282
-0.1769849070481012
-0.18810363009040787
-0.0787846084720762
-0.0787846084720762
0.27849625180416404
0.18905726263964437
0.2988256471828976
0.07830581841511425
-0.15609296735391598
0.11892719296146086
0.013952430598530746
-0.1093814468305519
0.29071699076607754
-0.18342884363497725
0.17655530425357846
0.17485101971491146
-0.18746270665710899
-0.18746270665710899
-0.06316630732969056
-0.23187337755289522
-0.07812660895983047
0.17822919319486139
0.17931283125292447
0.07591528997147587
-0.0787846084720762
0.27849625180416404
0.07674769452091917
-0.07803287512535549
0.18927513017394917
-0.10191203643600845
-0.010380125163291407
-0.18746270665710899
-0.18746270665710899
-0.010380125163291407
0.17209349271556548
-0.0787846084720762
0.264641588050768
0.0948496468180007
-0.24606680677902454
-0.26029591733859503
-0.3021307548355296
0.28993629034905544
0.17822919319486139
0.09207667693323193
0.109531141164473
0.09369696557497237
-0.07183085768297075
0.19174809259209866
0.013952430598530746
0.27982320811829614
0.06943054612234897
0.2764760948333761
-0.1912459276419307
0.16992695385368722
0.2746441277466986
-0.11161231653009653
-0.19733461599671273
0.04875065924473554
-0.4077093447004804
-0.3058403312116965
-0.29596355745381137
-0.07803287512535549
0.17655530425357846
0.17268448085303323
0.2883435363305894
0.2889504846970574
0.07421314126844515
-0.052157733730151534
-0.22819073616134333
-0.08043654246665674
0.192158883238966
0.25373840529119224
-0.07437790442621757
0.0759533360009428
0.29743697125929985
0.27359224187850395
-0.18746270665710899
0.17209349271556548
-0.18746270665710899
-0.09584792991041706
0.07305951962412897
-0.08533602403825949
-0.29966411237845586
-0.5174593880519608
-0.37648939152647104
-0.26029591733859503
-0.3024731005399366
0.1853705492954999
-0.10525384496565683
-0.0787846084720762
0.30644166406860046
0.013952430598530746
-0.18746270665710899
-0.18746270665710899
0.17655530425357846
0.17435836979431618
-0.18746270665710899
0.17457034193597606
-0.07803287512535549
0.19296184351809365
-0.18395599197468607
0.2889504846970574
0.07578632506097556
0.30862665577229165
-0.15744827908531828
0.2607692050463091
-0.18746270665710899
0.17822919319486139
0.1809867201942074
0.10999002385394832
-0.08851437187246187
-0.24354442054103434
-0.26029591733859503
-0.12883708402565774
-0.18746270665710899
-0.07803287512535549
0.192158883238966
0.28145021732203157
0.2889504846970574
0.06377695328548012
-0.3546857296594477
-0.2978990705553961
-0.2902410144003832
0.26982212544970297
-0.07803287512535549
0.07892987649878043
0.10210079684055647
-0.18746270665710899
0.17289645299469314
0.2883435363305894
-0.07803287512535549
0.17209349271556548
-0.18746270665710899
-0.17463322374075776
0.1737673816568484
-0.18746270665710899
0.07017675924966245
0.17931283125292447
0.10390848512497118
-0.18746270665710899
0.17289645299469314
-0.010380125163291407
-0.17607891258651504
0.1737673816568484
-0.18746270665710899
0.17457034193597606
-0.010380125163291407
0.17735826453270612
0.07591528997147587
0.2883435363305894
-0.07803287512535549
0.17655530425357846
0.17527751457551385
-0.07803287512535549
0.17289645299469314
-0.0787846084720762
0.2902011987945506
0.08100130988395535
0.1329921234393456
-0.3811035654721377
-0.34911121215196644
-0.40587853464688967
-0.34479815627993526
-0.24709764975671192
-0.3546739039480174
-0.21580313290049255
0.10777413432298288
0.0967412151346742
0.2889504846970574
0.14782469994210254
0.10360748787103378
-0.2386891102061827
-0.3992681665103421
-0.3205456044364916
-0.07860646541925491
-0.2651913700733095
-0.24709764975671192
0.09790652959121254
0.2873577306785914
-0.1917862177553798
-0.18746270665710899
0.06266157023747414
0.1008193305316821
-0.1898497958377089
0.07066386703856047
0.1478986745423833
-0.39224210217732003
-0.30782567729971944
-0.28726629659673486
0.2506199972210907
-0.17098747157338173
0.2861699194901284
0.17655530425357846
0.10212027187778386
-0.19666100410727164
0.2602219781326487
0.09484034004768498
-0.1543718494950026
0.12290585360829842
-0.3021307548355296
0.16992695385368722
-0.0787846084720762
0.2801022284942275
0.17209349271556548
0.2984227769112979
0.2708419837608154
0.12930331442575357
-0.3546857296594477
-0.19567128339910309
0.13298368993380896
-0.0787846084720762
0.013952430598530746
-0.13197064794238844
-0.4368922191624701
-0.47716174026606034
-0.3758564644357471
-0.357062795214862
0.12850322498545907
0.25403520933536944
0.06562151176155802
-0.34922279840958736
-0.3151936412750218
-0.28726629659673486
-0.010380125163291407
-0.11741012904329003
-0.18746270665710899
0.2805364012288185
0.1737673816568484
-0.07803287512535549
0.07201965164795761
-0.07216394526337472
-0.035971906513354523
-0.24419693663785963
-0.28726629659673486
0.013952430598530746
-0.21777842443908213
-0.08758490078920918
-0.21501915034583002
-0.09098100093587444
0.1076146296982802
0.2852707093974164
0.17457034193597606
0.2889504846970574
0.17735826453270612
0.19491641023831197
0.2243870194681607
-0.04191854189384347
-0.12974367546239884
-0.2608753785813323
-0.14319944967013953
-0.07803287512535549
0.07407994322938602
-0.18501243810766643
0.29743697125929985
0.3208659336756811
-0.16419526166410342
0.1716008427949702
0.2889504846970574
0.07658068358095192
-0.17526313160767842
0.0759533360009428
-0.18746270665710899
0.2802245566479415
0.2889504846970574
0.19073115158092732
0.2880821148192224
0.06286053853019112
-0.13767955301304918
-0.26053997468241635
-0.10932146863292781
-0.0787846084720762
0.19815251353988256
-0.4114538454208569
-0.23045981838277121
0.12552116553214707
0.09040214239307537
0.1912296968941675
-0.040624183899370114
-0.18146706649471053
0.07743284292343532
0.013952430598530746
-0.19666100410727164
-0.08166492368521133
-0.3501757754826521
-0.11535175373237136
0.5612497819343761
1.1403409297919105
2.0099961870721965
