2.4015622067912417
1.4120137795204966
0.9610886224500785
-0.0337093504068769
-0.2365610815188792
0.271414879468169
0.17606265433298318
0.1123036943256548
0.19370654611457813
-0.05519787848060278
0.17735826453270612
0.19290358583545048
-0.052887944973776475
0.17903215347398904
0.11618720743892026
0.11329754905286578
0.17732786893532207
-0.19733461599671273
0.1457267101697927
0.06566172538402047
-0.37488711311616674
-0.41852273110892413
-0.42083259473624196
-0.5217963538100219
-0.18718434846324267
-0.30619218614685106
0.0676886457605752
0.014197768502103771
-0.34567474099556184
-0.4028603733592645
-0.24709764975671192
0.1044053060437947
-0.07113878826464745
-0.08851437187246187
-0.2587182661040831
-0.2730715197879132
-0.3193784116208228
-0.26029591733859503
0.28088667629340014
0.013952430598530746
0.1716008427949702
-0.18746270665710899
0.0651287853666499
-0.18746270665710899
0.0656158931555479
-0.18746270665710899
0.013952430598530746
0.1737673816568484
0.28993629034905544
0.17903215347398904
0.1771462923910462
0.0942762946402918
-0.1295704096803423
0.26173906070798514
-0.19733461599671273
0.04727115232224302
-0.13767955301304918
-0.23786096668899737
0.07507022581530576
0.013952430598530746
0.27982320811829614
0.06943054612234897
-0.17808223450096747
0.07067453589738017
-0.18431848874466528
0.06919502897488765
-0.19477407315605602
0.07066386703856047
0.09655161567637714
0.287591524443149
0.18927513017394917
-0.09104451089339918
-0.18746270665710899
0.19572064185357557
0.013952430598530746
0.07674769452091917
-0.07803287512535549
0.07388190261576788
0.2756299333986966
-0.08028852120925639
0.06943054612234897
-0.24770689204381113
-0.04506624062137484
0.013952430598530746
0.26498026164392846
0.06795103919985646
-0.18746270665710899
0.17289645299469314
-0.21134359672020822
0.0027891493685575173
-0.3678687712379201
-0.3896897634790409
0.04708185841756949
-0.03647920837613711
0.25570720878149955
0.2873577306785914
-0.19477407315605602
0.013952430598530746
0.19760245143817168
0.8543054708699589
1.624800637721667
2.5809890727918345
