2.9661107994505858
1.7595377711237052
0.9047366092463909
0.16728306076646982
0.31880578938705945
-0.1898497958377089
0.07145822555853683
0.17806543717224385
0.17440658591335853
-0.18746270665710899
0.2889504846970574
0.1716008427949702
-0.18746270665710899
0.058723442636504454
-0.11279569893023228
-0.0787846084720762
-0.07668208677359015
-0.10612876489444055
-0.18746270665710899
-0.023226359370371395
0.25721162020610366
-0.18746270665710899
0.013952430598530746
0.3226115668571002
0.013952430598530746
0.013952430598530746
0.190945132312971
0.013952430598530746
-0.0787846084720762
-0.19828669603993615
-0.2020025932923933
0.07859788296188557
-0.24650772604620896
-0.37831276950624193
-0.1260810273753728
0.2694568148281003
-0.03504243543010183
-0.1481533836774678
-0.06112580790919351
-0.2971626339053209
0.2802245566479415
0.2694568148281003
-0.03504243543010183
-0.2817011457884758
-0.41846374169096284
-0.3386109923456912
-0.31152178032965816
-0.24709764975671192
-0.12896226295924082
-0.39562514729959536
-0.4503055145348518
-0.1215704891093256
-0.04299003980096357
-0.18746270665710899
0.06938240072968609
0.17485101971491146
-0.18746270665710899
0.2803744072360681
0.19073115158092732
0.2880821148192224
0.06919502897488765
-0.07803287512535549
0.07217156947272528
0.10306488396604309
0.1760804748546415
-0.1898497958377089
0.17686561461211084
0.10179420272318895
-0.035971906513354523
-0.19307941501183987
-0.017216704651940126
-0.008522384947685126
0.013952430598530746
-0.0787846084720762
-0.18814385995923247
0.1737673816568484
-0.18746270665710899
0.17519172567082786
0.09996372656616767
-0.07300964768088165
0.19174809259209866
0.013952430598530746
-0.08166492368521133
0.08090991216990448
-0.2640365189374387
-0.37682618713524485
0.088700860446184
-0.18746270665710899
0.18986022291877203
0.23261197220123134
-0.1022381737906268
-0.18746270665710899
0.013952430598530746
0.08100130988395535
0.19273393442018802
0.30862665577229165
-0.15742651000208743
0.2713985497719291
0.0665758960209442
-0.002974571971649425
0.3461668442062544
0.2622032818718233
-0.07803287512535549
0.07092757969769409
0.1007425518387217
0.260751147331264
0.2873577306785914
-0.18746270665710899
-0.15461315185898117
0.25636804131781094
-0.18746270665710899
-0.048841309645102894
0.013952430598530746
0.19404675291229265
0.013952430598530746
-0.0800791448378935
0.08179566840393171
0.17973932611352683
0.10179420272318895
-0.035971906513354523
-0.317155964660108
-0.3986035996278597
-0.3838849934708988
-0.4062271745502155
-0.03019517972483941
0.08333866195421402
-0.1715150207290415
0.05752461462349007
0.27219557988519105
-0.20186331080831818
0.1884721698948215
-0.09044444549208429
-0.18746270665710899
0.25449956575661176
-0.19477407315605602
-0.010380125163291407
0.06587960581468154
-0.07803287512535549
0.18927513017394917
-0.11501459807401249
-0.3681156117150857
-0.4443149814172647
-0.4727949463101095
-0.3977945109401596
-0.010380125163291407
0.07892987649878043
0.19847816885292158
0.013952430598530746
0.19296184351809365
-0.18557492342629037
0.013952430598530746
-0.19163924542113298
-0.08758490078920918
-0.19651455852479052
-0.04760185522180243
-0.0009241202495412147
0.09075260604465928
-0.3546857296594477
-0.32984084924555335
-0.41950762152761534
-0.10781394434292027
0.07743284292343532
0.013952430598530746
0.29743697125929985
0.3197585832049665
-0.1627915686654568
0.06795103919985646
0.26786406080963426
-0.35591576953225357
-0.22494847231326262
-0.06529638829691926
0.26883631979770484
-0.08166492368521133
-0.12974367546239884
-0.21336823462101845
0.12613286701284893
-0.027252058041738234
0.013952430598530746
-0.06960855385169852
-0.40224332876938795
-0.4163696995241756
-0.268624484729178
-0.1462007009846963
-0.19514655502881126
-0.07116858563555024
0.271209774233193
0.013952430598530746
-0.18786514161095208
-0.08758490078920918
-0.22931966003955181
0.04839459331848756
-0.30331273208248755
0.06627610818253597
-0.06918496070512975
0.17735826453270612
0.19462180409351465
0.013952430598530746
-0.010380125163291407
-0.18746270665710899
0.17209349271556548
-0.18746270665710899
-0.18746270665710899
0.17655530425357846
0.17435836979431618
-0.19468246646255377
0.05782780283588465
-0.12638057221603016
-0.257038420638105
-0.2628820117916186
-0.31669206486570906
-0.27475263449317433
0.22067380448171772
0.0641420048390655
-0.3546857296594477
-0.25696809923689323
-0.13907017325705573
-0.010380125163291407
-0.07356889892648195
-0.4211777734455102
-0.3791217004624326
-0.0038161084196493542
0.007411953992153593
0.08393060424056228
0.7847046312520495
1.7105141390448344
