2.3442806403632686
1.6016183507749866
0.8347983930469328
0.0014052307895415614
0.2889504846970574
0.19383277218024894
-0.17242693374207818
0.07067453589738017
0.2743988887009855
-0.1898497958377089
0.17822919319486139
0.0969355905199402
0.19353689469931568
0.23596130484580727
-0.0787846084720762
0.25406539302202075
-0.18746270665710899
-0.0787846084720762
-0.19074429297909642
-0.07860646541925491
-0.2459496920039315
-0.14278196407636107
0.2704290738161709
0.05848753338908371
-0.07860646541925491
-0.27636328275304517
-0.28726629659673486
0.2506199972210907
-0.19055070601972215
0.34429946747968565
0.23302332890645855
-0.010380125163291407
-0.18746270665710899
0.06581393376916606
-0.1842553991970059
-0.18746270665710899
0.2873577306785914
0.2873577306785914
-0.18746270665710899
-0.010380125163291407
0.19073115158092732
0.2997996031448048
0.08100130988395535
0.09903111728449476
0.2646060040907833
-0.07860646541925491
-0.2913817946162831
-0.4062850124660357
-0.3570421351902229
-0.30747756284834366
-0.4049095620793131
0.09378912067408757
0.3809386408632091
0.294395704720429
0.16992695385368722
-0.0787846084720762
-0.08166492368521133
-0.12974367546239884
-0.28095505501770995
-0.28726629659673486
0.15551340587350038
-0.4300125510419051
-0.20484940082187728
-0.05994863201138138
-0.07803287512535549
0.07217156947272528
0.09128339377719051
0.2809044757965425
0.07421314126844515
-0.15088243914011087
0.29946341003061544
-0.18600688273234414
0.013952430598530746
-0.3546857296594477
-0.2996537978021564
-0.29775298087604635
0.2704290738161709
0.17655530425357846
0.17485101971491146
-0.19666100410727164
0.2669794585262714
-0.12974367546239884
-0.26516867433005287
-0.24709764975671192
0.09428411753069264
-0.0787846084720762
-0.18746270665710899
-0.18746270665710899
0.192158883238966
0.2315439227339378
-0.0787846084720762
-0.08166492368521133
-0.07860646541925491
-0.2719375012846208
-0.3026577887449288
-0.23421498205114832
0.2586521703636982
0.0759533360009428
-0.20084330611298554
-0.07860646541925491
-0.18755765557945106
-0.006324993839935092
-0.01857552707247691
-0.19828669603993615
0.2412834331168094
-0.326908921965614
-0.4496361278018939
-0.4425275589783839
-0.40525889658052344
0.2704290738161709
0.08063625833036996
0.17485101971491146
-0.010380125163291407
0.2746441277466986
-0.11171040124498603
-0.19828669603993615
0.26786406080963426
-0.3546857296594477
-0.26860420092431264
-0.04564528840665712
0.09852168237296643
0.17565397999403914
-0.010380125163291407
-0.18030735779486468
0.0576085951676379
-0.13767955301304918
-0.24136483687823837
0.08492258325912783
0.3369376489971744
0.28046370100952517
0.29743697125929985
0.20407632504791193
-0.46785850109760607
-0.4473378628775616
-0.5443291933238295
-0.7293594895085073
-0.5414929240511176
-0.18315268662860631
0.7774838228906357
1.4884240252530427
2.5674782856246874
