2.3856406382779425
1.6584779703240937
0.8756863697188875
0.4076191945187482
-0.16493554619029882
-0.08533602403825949
-0.20236529934108952
0.03971883791170022
-0.30331273208248755
0.05747945286147327
-0.15720785998304299
0.013952430598530746
0.013952430598530746
-0.1826103267643432
-0.022129991962558857
0.1422721835148106
-0.2384001773302131
-0.2789833309192719
-0.14843996820946398
-0.1448421829337879
-0.27671052949106184
-0.40596919955958577
0.08999735662479189
0.2873577306785914
-0.19563454650577713
0.013952430598530746
-0.12974367546239884
-0.24919449382008632
-0.2258402008843817
-0.33011138318259997
0.0225299040401309
-0.0787846084720762
0.267847546144798
-0.18746270665710899
0.17655530425357846
0.17485101971491146
0.2646060040907833
-0.07860646541925491
-0.25870993845267715
-0.29672341012587483
-0.0787846084720762
0.27705226910685105
0.07743284292343532
0.251826191107889
-0.010380125163291407
0.07388190261576788
-0.19361330251663691
0.2669754434590135
0.06795103919985646
-0.18746270665710899
-0.19494939782934628
-0.08572636495931041
0.06795103919985646
-0.18746270665710899
0.2802975274300745
0.2889504846970574
0.06906549456876361
0.013952430598530746
0.2630811745431249
-0.08758490078920918
-0.25808908288220644
-0.2668993617472513
-0.3323518207587924
-0.21888914758208586
0.6890931826250705
1.3511993607642077
2.685953183955014
