3.120798721536748
1.457458796020112
0.43957539070797175
-0.239674672283474
-0.49959604369438004
0.047189166054645744
-0.0595419238278953
0.19847816885292158
0.013952430598530746
0.14044736378632708
-0.03504243543010183
-0.17963477904018127
-0.12007482785925581
0.09427589210081366
0.013952430598530746
-0.03193106422622817
0.13939532194912096
-0.3245663925226946
-0.41237253001150675
-0.4614571344503068
-0.43145404449018165
-0.4567206960929562
-0.2634132684988622
-0.22201754038883023
-0.1170156393846081
-0.010380125163291407
0.013952430598530746
-0.010380125163291407
-0.045504023030512285
0.013952430598530746
-0.18746270665710899
-0.11589656783054593
-0.18746270665710899
-0.1078678856178078
0.2873577306785914
-0.0787846084720762
0.013952430598530746
0.192158883238966
0.2243870194681607
-0.007848189957607362
0.30301484881036944
0.17655530425357846
0.09552989059215544
-0.1469221570059784
-0.3637871685887692
-0.40731131326974646
-0.34632144586928004
0.2457464823923023
0.17209349271556548
-0.010380125163291407
-0.010380125163291407
0.07764841018990606
0.1968042799116386
0.013952430598530746
-0.2031014743705009
-0.03504243543010183
-0.21280124690577915
-0.08839273307956079
-0.18645797234394856
0.28727726996084313
0.08100130988395535
0.1765249086561944
-0.18746270665710899
0.0651287853666499
-0.07803287512535549
0.17289645299469314
-0.0787846084720762
-0.0787846084720762
0.2984227769112979
0.19823100837627045
-0.08851437187246187
-0.28334002280073994
-0.40525889658052344
-0.3021307548355296
0.17209349271556548
-0.0787846084720762
0.2897311851140795
-0.18892508943966316
0.013952430598530746
0.17822919319486139
0.11618720743892026
0.11457901536174013
0.10509369770365778
0.2880821148192224
0.06944671199015394
-0.12638057221603016
-0.3935854570020084
-0.49694978702828585
-0.4323574245081506
-0.4387423808658097
-0.28726629659673486
0.08429137608584321
0.19440782336147097
0.2880821148192224
0.17289645299469314
-0.0787846084720762
0.013952430598530746
-0.2020025932923933
-0.41281664968847226
-0.2954690589655414
-0.23013824704048935
-0.3582929111780273
-0.1100261195683435
0.26036108818198916
0.06919502897488765
0.2889504846970574
0.07558828444735742
-0.18746270665710899
-0.18746270665710899
0.013952430598530746
0.192158883238966
-0.1920403283769424
-0.07860646541925491
-0.22019420910956505
0.056083029661955316
0.2789155603784134
0.3270293062766742
0.013952430598530746
0.22601736207695758
-0.12974367546239884
-0.22730730942519198
0.0748447351393485
-0.13880591867101852
-0.45244571654304055
-0.5277120817479064
-0.458720791716184
-0.004277540605543528
0.2676118900507459
0.07694573513453731
0.013952430598530746
0.17519172567082786
0.0942762946402918
0.013952430598530746
-0.1898497958377089
0.2282535972626529
-0.0787846084720762
0.013952430598530746
-0.3546857296594477
-0.29585255674227706
-0.26029591733859503
-0.028958439873327767
0.19491641023831197
0.21787079709942261
-0.07860646541925491
-0.4193897408425734
-0.4568399011444921
-0.4287183949175885
-0.3706992067386475
-0.22926891174100522
0.13981748332135516
0.28790284080106415
0.013952430598530746
0.2777266410521593
0.1320510201212746
-0.26264284768152507
-0.3026522892460889
-0.3979505540394397
0.26982212544970297
-0.07803287512535549
0.21723175391521038
1.094808504268635
1.61390506032783
2.661168235306019
