3.0136588109585962
1.7619547201421002
0.6443720106497097
-0.22116270079937675
-0.010380125163291407
-0.201746293291374
0.192158883238966
0.3216079623154757
-0.1367401926454715
0.19748156200625733
-0.03504243543010183
-0.24419693663785963
-0.28726629659673486
-0.23725487001827467
0.0759533360009428
-0.0787846084720762
0.013952430598530746
-0.035971906513354523
-0.23499901587983632
-0.2841585442525739
-0.3211341412673721
-0.13767955301304918
-0.44968167827247674
-0.4215884852992927
-0.24709764975671192
-0.31893260055197703
-0.35581536542725845
-0.34234486312850576
-0.40583587631756224
-0.36233736044046794
-0.24709764975671192
-0.25823026114759534
-0.0787846084720762
-0.2531573499007617
-0.11893840166850922
-0.3546857296594477
-0.3310653737728442
-0.4180786855193662
-0.10550401083609398
0.072999013082869
0.11180646220055834
0.09868226025729329
-0.06796513216429047
0.17903215347398904
0.09565412421106582
0.19928112913204923
0.013952430598530746
0.06562151176155802
-0.12638057221603016
-0.23635609535568164
-0.14191984083860676
0.2704290738161709
0.14776053150343998
0.06722143535369908
-0.17038521017212205
0.0523534842027433
0.08844505410019857
-0.2031014743705009
-0.3546857296594477
-0.2955691837619121
-0.287417833661971
0.013952430598530746
-0.21460882671700474
-0.1989543317904169
-0.12974367546239884
-0.29409669810522077
-0.4017151040655467
-0.30297038637808055
0.013952430598530746
0.013952430598530746
0.07467186969206843
-0.08166492368521133
-0.12974367546239884
-0.3986479292522773
-0.44985420086332417
-0.4047646026350468
-0.41133943486017055
-0.24306100025134714
0.0146441651320667
-0.20969191360447326
0.17735826453270612
0.19273393442018802
-0.17835029281619733
-0.18746270665710899
-0.020966951471851715
0.2696392124924033
0.129239145987091
-0.3546857296594477
-0.32907560821000914
-0.42173555027322496
-0.25230707139168074
-0.1355223191728209
-0.4151211062808076
-0.3357644535814311
0.07494042617127793
0.013952430598530746
0.013952430598530746
-0.18746270665710899
0.06709540007804042
-0.1820263185097184
-0.010380125163291407
0.013952430598530746
0.013952430598530746
-0.19563454650577713
-0.08166492368521133
-0.12974367546239884
-0.31900353908470336
-0.4180944500511574
-0.5261188609283488
-0.4734326780530454
-0.38188093590585626
-0.0787846084720762
-0.0787846084720762
-0.2440195577515662
-0.08195129593558236
0.08051420209505734
0.11102222801678044
0.09128339377719051
0.28993629034905544
0.07935479202149559
0.10429933918368141
-0.18384718428767186
-0.1875343772084215
-0.03504243543010183
-0.20530816006430397
-0.09850376572351402
0.2615723456395162
-0.19847006455637145
-0.0787846084720762
-0.0785643913689679
0.17209349271556548
-0.18746270665710899
-0.07803287512535549
0.192158883238966
-0.18667251992093722
0.013952430598530746
-0.18746270665710899
0.013952430598530746
-0.046755700195006404
0.013952430598530746
0.07467186969206843
-0.18746270665710899
0.013952430598530746
0.192158883238966
-0.18667251992093722
-0.07803287512535549
0.19404675291229265
0.013952430598530746
0.18588977981865415
-0.3546857296594477
-0.29553458043085334
-0.24709764975671192
-0.1462007009846963
-0.20749981930030492
0.049513143284444075
0.08844505410019857
0.19659029917959495
-0.1645811202612277
0.19296184351809365
-0.24951552699562213
-0.11443143231364417
-0.18746270665710899
-0.18746270665710899
-0.18094438421971923
0.19572064185357557
0.013952430598530746
0.08179566840393171
0.11102222801678044
0.0942762946402918
0.3630919000942468
0.22887593096995912
-0.0787846084720762
-0.18746270665710899
-0.18746270665710899
-0.19477407315605602
0.17606265433298318
0.10683129185443586
0.18178968047333505
0.1413242986657355
-0.035971906513354523
-0.20480396359835168
-0.05093421453918131
-0.0050272939737146275
-0.0787846084720762
-0.1401411111405508
0.18964109375968172
-0.08758490078920918
-0.29132537484096727
-0.353001578807497
-0.38319757668086835
-0.41564608618208476
0.09530044107028587
0.10163316408888586
-0.010380125163291407
0.17903215347398904
0.1153928489189439
0.13196652280414992
-0.3546857296594477
-0.25169428301976643
0.04301677807294132
-0.3021307548355296
-0.18746270665710899
-0.19666100410727164
0.21550208147647829
-0.12974367546239884
-0.38775026631071646
-0.42661092953486474
-0.3969077195348597
-0.2558873204462416
-0.0787846084720762
-0.0787846084720762
-0.19733461599671273
0.129239145987091
-0.3546857296594477
-0.3022442941260641
-0.28726629659673486
-0.02783263655238584
0.28993629034905544
0.17903215347398904
0.11638670364615489
0.17565397999403914
-0.19666100410727164
0.013952430598530746
-0.29798892111764735
-0.2786601549476105
-0.11351007191605293
0.013952430598530746
-0.18746270665710899
-0.19299914922838782
-0.19828669603993615
-0.08166492368521133
-0.12974367546239884
-0.2768117108830699
-0.24709764975671192
-0.08338249577765586
-0.21053878303030732
0.07467186969206843
-0.08166492368521133
-0.13767955301304918
-0.2351034512395924
0.05088965511284494
-0.25040579864299983
-0.21087214035972263
0.08051420209505734
0.17806543717224385
0.19571937051743962
0.2832167732352836
-0.07206797091939128
0.19073115158092732
-0.17981806901798256
0.07067453589738017
0.013952430598530746
-0.2907582324680485
-0.3745394365597336
-0.43103028497733165
-0.3738900852003584
-0.4234127338558874
-0.28726629659673486
-0.02783263655238584
-0.18746270665710899
0.013952430598530746
0.16992695385368722
-0.0787846084720762
-0.18746270665710899
0.06641025167552428
-0.07803287512535549
0.17289645299469314
-0.20084182265297412
-0.13767955301304918
-0.2803821141419993
-0.2745979088751946
-0.13241993843658123
-0.28095505501770995
-0.28726629659673486
-0.3192293927333236
-0.36924524748289644
-0.4463373105925246
-0.48018267280398375
-0.48968370707096054
-0.4009612815023808
0.18738157499128838
0.9394474467814663
1.8315190780791804
2.939997009134101
