3.182198607305929
1.8358180969317233
0.9065313683499031
0.02612029422082713
0.2689629192635606
0.2571373068590729
-0.18746270665710899
-0.035268350840818787
0.17973762417584951
-0.35724928666259514
-0.32241884570983326
-0.3495731720321747
-0.37225253815206716
-0.2896902808705047
-0.03862147983891905
-0.08697599215901812
-0.23016590991188499
-0.16293212929217396
0.012716709211234689
-0.17266897750661894
0.10039549126219656
0.013952430598530746
-0.12933591092823146
-0.010380125163291407
-0.08166492368521133
0.08231965606295896
-0.16111392201555627
-0.08167359854306301
0.33236057414790254
0.2809967409433743
0.061433795396233816
-0.3546857296594477
-0.19936476363577557
0.10297714292179641
-0.0787846084720762
-0.18746270665710899
0.06420028335368523
-0.11515540867247534
-0.2031014743705009
-0.12974367546239884
-0.1892536201774403
-0.06366098055578397
-0.31133267930508657
0.2930492098881306
0.072999013082869
0.11081260747334737
0.17732786893532207
-0.18746270665710899
0.17735826453270612
0.19491641023831197
0.35237251628283595
0.23814624586956445
-0.11185402216874193
-0.07803287512535549
0.17606265433298318
0.11102222801678044
0.17440658591335853
-0.0787846084720762
-0.1125592812159553
-0.18746270665710899
-0.19178199486595496
-0.010380125163291407
0.27849625180416404
0.07615137661456094
0.3253660460705393
-0.1551754092033214
0.072999013082869
0.11180646220055834
0.17732786893532207
-0.18746270665710899
0.17903215347398904
0.13375919140190046
-0.13197064794238844
-0.3991496846408406
-0.5534314414473761
-0.5969597754825126
-0.43490839591685243
0.07807473294174164
0.013952430598530746
0.33354270547900794
0.1982384867702363
-0.3546857296594477
-0.31050524395487383
-0.4062850124660357
-0.10873620955226461
-0.2877562653599659
-0.3526155526307172
-0.3438882258866919
-0.26029591733859503
0.28887991273152663
0.013952430598530746
0.08100130988395535
0.1912296968941675
0.0013778587206112372
0.0861075033557759
-0.23743189690631247
-0.26029591733859503
-0.0787846084720762
0.25406539302202075
-0.18746270665710899
0.3511787578776879
0.36357833525402095
0.013952430598530746
0.072999013082869
0.17806543717224385
0.09757070713635647
0.09463890530004321
-0.18277109937880964
-0.1461472293459935
-0.10737769150135618
-0.18777429890076414
0.029033221484367055
-0.10737769150135618
-0.2334736256170103
-0.12620747074085792
-0.08883892193689671
0.17735826453270612
0.1038317064320108
0.23596130484580727
-0.0787846084720762
0.3212846105429682
0.013952430598530746
-0.08091319033849065
-0.08758490078920918
-0.26334138976353083
-0.24709764975671192
0.18510424759480393
-0.08186194676891091
0.07743284292343532
-0.18583442206945616
0.2883435363305894
-0.07803287512535549
0.19404675291229265
0.013952430598530746
0.26917450245893
-0.18746270665710899
0.17209349271556548
-0.20084330611298554
-0.12974367546239884
-0.2912671896166822
-0.26029591733859503
0.26883631979770484
-0.18746270665710899
-0.010380125163291407
-0.18746270665710899
0.2889504846970574
0.08063625833036996
0.19659029917959495
0.2953822210329353
0.07971984357508098
0.09916936804619131
-0.01050964209194262
0.22218233561696946
-0.15807406584665204
0.013952430598530746
-0.18746270665710899
-0.0787846084720762
-0.07803287512535549
0.07092757969769409
0.19290358583545048
-0.05671263194952839
0.0754662282120448
-0.19477407315605602
0.07066386703856047
0.09142164453888704
-0.022551633562389994
0.19814136113289005
-0.07860646541925491
-0.3011459068086371
-0.3417895824148774
0.2535934430346878
0.08179566840393171
0.1809867201942074
0.11411138261006952
0.09885217344523087
-0.12638057221603016
-0.2991686194873169
-0.43508619725556064
-0.1267689291336135
0.12930331442575357
-0.13767955301304918
-0.2813681920510088
-0.2523664724772109
-0.2813525896213303
-0.1303915937072423
-0.0009241202495412147
0.0941722036977865
-0.2031014743705009
-0.10688987843577351
-0.2604107925937073
-0.24709764975671192
-0.29987857429970105
0.013952430598530746
0.3143709881237165
-0.1666831639229273
0.192158883238966
0.25923387392520975
-0.18746270665710899
0.013952430598530746
0.17209349271556548
-0.19666100410727164
-0.09910322210078798
-0.13027311471880798
-0.4162697823368845
-0.46571549149370817
-0.3037781200109124
0.08827113912081039
0.33005353370527735
0.013952430598530746
-0.0176296648572611
0.2874601435347718
-0.18573414602799773
-0.18746270665710899
-0.18746270665710899
-0.07803287512535549
0.17655530425357846
0.17485101971491146
-0.18746270665710899
-0.010380125163291407
-0.07297553228178505
-0.015835653285283708
0.2667995325138793
0.1737673816568484
-0.18746270665710899
0.17903215347398904
0.17931283125292447
0.09964077026966627
0.37983129039249447
0.31687542501326615
0.06923431939553305
-0.03504243543010183
-0.3039614027138678
-0.4074524141671192
0.09583170702412129
0.10764512541163963
0.10306488396604309
0.11180646220055834
0.1007425518387217
-0.17983371927389247
-0.07803287512535549
0.17655530425357846
0.130180249305162
-0.13767955301304918
-0.2986662596176311
-0.28726629659673486
-0.1448421829337879
-0.20617314152009597
0.0940901160288893
0.24332586169367187
-0.07803287512535549
0.192158883238966
0.3373774969520475
-0.1587656623762001
0.17655530425357846
0.17268448085303323
-0.18746270665710899
0.2282535972626529
-0.0787846084720762
0.26674019567408336
-0.18746270665710899
0.06705493345509002
0.3630919000942468
0.24143131585872113
-0.0787846084720762
-0.01988907275578079
0.25636804131781094
-0.18746270665710899
-0.07862275240320196
-0.0094288475545948
0.3244136991280902
-0.16625450341223644
0.07694573513453731
0.29882974748312885
0.07971984357508098
0.1765249086561944
-0.18746270665710899
0.06390556001250532
0.10429933918368141
0.23596130484580727
-0.0787846084720762
-0.0787846084720762
0.2902011987945506
0.07971984357508098
0.13936148095934153
-0.00011128641064152207
-0.3227155002399872
-0.3927931100799742
-0.2543365667834249
-0.11699316262427115
0.2883435363305894
-0.1989543317904169
-0.035971906513354523
-0.2825643462425683
-0.36951991056552125
-0.03225593509736765
-0.12027974127292561
-0.0787846084720762
-0.17540916869045414
0.26284641117869983
-0.18746270665710899
0.17822919319486139
0.1149057411300459
0.1123036943256548
0.10281837666757244
0.2880821148192224
0.07615137661456094
0.26224809920072917
-0.07698310816438825
0.14695757122431233
-0.4235222856036433
-0.24733480738391486
-0.1384652863334416
-0.3925386350237264
-0.22150526192578218
-0.03712608560656701
-0.0035139000331058383
0.35144082423768963
0.013952430598530746
0.190945132312971
0.013952430598530746
-0.18746270665710899
-0.0787846084720762
0.29422061578039577
-0.26368465146927056
-0.08751652163277955
-0.08758490078920918
-0.2671741116059263
-0.3003663734403705
-0.02907172342688205
0.2815941935721449
0.07694573513453731
0.28598554775308554
0.06781988579597538
-0.07292096264895777
0.17519172567082786
0.10281837666757244
0.231492833889662
-0.08851437187246187
-0.2534241698526398
-0.26029591733859503
0.013952430598530746
0.06943054612234897
0.2880821148192224
0.1946357324593766
0.2968615214445141
0.07615137661456094
0.3496929363171921
0.2913372157604081
-0.18746270665710899
0.05761359635446157
-0.19968253547356635
-0.41862132680164327
-0.3599432004876732
-0.3670577749138914
-0.3886067818337127
-0.4518191294382596
-0.10873620955226461
-0.29456863122437066
-0.31914339055097574
-0.07965879669711363
0.3736684664717569
0.27955275824606124
0.16992695385368722
-0.18746270665710899
-0.07631281889637564
-0.06885494946709654
-0.07364862851637871
0.1716008427949702
0.2889504846970574
0.0649455440262894
-0.17336392155422106
-0.2107691519566637
0.05742136269708853
-0.04493772835470389
0.013952430598530746
-0.18746270665710899
0.0656158931555479
-0.0787846084720762
0.013952430598530746
-0.0787846084720762
-0.18746270665710899
-0.016870079247989098
0.25776373859902196
-0.2031014743705009
-0.3921693490039085
-0.341477758541582
-0.3673917377782309
-0.3717552935685175
-0.26029591733859503
0.093384323411157
0.013952430598530746
0.013952430598530746
-0.01406805418594069
0.26048104468000743
-0.0756295815907117
0.1743887653917002
0.1765249086561944
-0.19570892406404825
0.05762976222226651
-0.13767955301304918
-0.3010788959946234
-0.42432518695278454
-0.10563463360954288
0.192158883238966
0.27495430007159233
-0.0776331966165885
-0.08533602403825949
-0.23959970535875616
-0.24709764975671192
-0.09855695850532592
0.17655530425357846
0.19491641023831197
0.27388471403010756
-0.12974367546239884
-0.21650201474097805
0.001391071063806871
0.0915220175170987
0.1970986533139253
0.013952430598530746
0.14782469994210254
0.1108683933072432
-0.18723235677083713
-0.12034815210457647
0.09022552133849078
0.1413242986657355
-0.035971906513354523
-0.2667159328155121
-0.26029591733859503
-0.11067570441951861
-0.21585431038922612
-0.11611912245446508
-0.2940708218269414
-0.037031408778940775
0.3410852574211902
0.2335790458547059
-0.12974367546239884
-0.297359170368179
-0.28726629659673486
-0.10737769150135618
-0.23646311576429205
-0.12164772972776779
0.10227527615555589
-0.18746270665710899
-0.20302029056299528
0.061440610469859686
-0.08851437187246187
-0.27608185354650017
-0.38677741950404176
-0.03093756201499173
-0.010380125163291407
0.0753614095382604
0.013952430598530746
0.013952430598530746
-0.08091319033849065
-0.08758490078920918
-0.20840970217045857
0.02599679558804189
-0.13880591867101852
-0.3061052998596605
-0.3781259829835875
0.013952430598530746
-0.18746270665710899
-0.1858051822285105
0.07467186969206843
-0.2020025932923933
-0.4188291073274602
-0.3376483644665152
-0.363443026334773
0.09699702148065965
0.10163316408888586
-0.18746270665710899
0.17686561461211084
0.11457901536174013
0.19370654611457813
-0.05671263194952839
0.07067453589738017
0.013952430598530746
-0.10688987843577351
-0.27619717328136434
-0.28726629659673486
-0.02783263655238584
-0.17330326686597455
0.23722665179153674
-0.010380125163291407
0.1884721698948215
-0.0942998030837701
-0.3546857296594477
-0.2820280922483935
-0.24709764975671192
-0.0787846084720762
-0.18746270665710899
-0.11589656783054593
-0.18746270665710899
0.22035363578202516
-0.01015812346443366
0.25636804131781094
-0.18746270665710899
-0.05554280910057435
0.013952430598530746
-0.3056941714032095
-0.4727127281894456
-0.4523236405595958
-0.28903590072782864
0.013952430598530746
0.3372285949828612
0.2699648459382857
-0.19477407315605602
0.013952430598530746
0.06943054612234897
-0.1742049262101216
0.19435494080539392
-0.06930192649889014
-0.40341225783337475
-0.42783148908650703
-0.13909925802360237
0.1873042040091999
-0.11233083099220421
-0.18746270665710899
-0.08572636495931041
0.1743887653917002
0.10301787287480706
0.013952430598530746
-0.0787846084720762
-0.19361330251663691
0.013952430598530746
0.072999013082869
0.09903111728449476
-0.08166492368521133
-0.35581536542725845
-0.3125503398857585
-0.4062850124660357
0.21017390222757318
-0.010380125163291407
0.0797242350187568
0.1809867201942074
0.11846252847500562
0.1788683974513715
0.19928112913204923
0.013952430598530746
0.17903215347398904
0.11718106216613126
0.11329754905286578
0.19353689469931568
0.2982471682164728
0.11923033749659588
-0.21263968359913663
-0.12042096700146113
0.09593620341395707
-0.18746270665710899
-0.11636029630433416
-0.20199383296150078
0.055244244806416806
-0.08851437187246187
-0.1943698779916005
-0.12381992200677086
-0.010035778888293913
-0.010380125163291407
0.267847546144798
-0.18746270665710899
0.17822919319486139
0.17931283125292447
0.09451079913217614
-0.042215518656692055
-0.12974367546239884
-0.31300475627838414
-0.3270353053282898
0.2774655803494302
0.013952430598530746
0.23184979608138037
-0.010380125163291407
-0.0787846084720762
-0.1125592812159553
-0.18746270665710899
0.06784929197506638
0.2746831510421678
0.07467186969206843
-0.2020025932923933
-0.12974367546239884
-0.3101060365381276
-0.38719418505811
0.08753554598964566
0.07890819083457717
0.28598554775308554
0.18927513017394917
-0.05456725104971916
-0.0117387810614211
0.2549240586204979
-0.18746270665710899
-0.024478036534865515
0.3313721831479888
0.29100058353380975
-0.20194218719109316
-0.03504243543010183
-0.2167895292553872
-0.005572763159983294
-0.026479976909126447
0.21612270523777707
-0.0787846084720762
-0.20084330611298554
0.09971205984112164
-0.21741358158789736
-0.3057379601260549
-0.083860610525417
0.07537255134200689
-0.06925784787171295
0.18927513017394917
-0.09104451089339918
-0.18746270665710899
0.19014605883610447
-0.0783944576028028
0.06434004545268364
0.057777834164464324
-0.3562176449358023
-0.44570817939079427
-0.24709764975671192
-0.3021307548355296
0.2803744072360681
0.07694573513453731
0.2997996031448048
0.17519172567082786
0.1007425518387217
0.013952430598530746
0.253295782270016
-0.18746270665710899
-0.024478036534865515
0.24381265642904895
-0.18746270665710899
-0.18746270665710899
0.3097638021978175
0.013952430598530746
-0.19477407315605602
-0.010380125163291407
0.06084186893355142
-0.38142004814211217
-0.28505458624818514
-0.2915644879774215
0.271414879468169
0.07263396152928364
0.17931283125292447
0.10453384367556576
-0.10287834537168493
-0.19570892406404825
0.050962209057850635
-0.2911366499254805
-0.2861223430814164
-0.3022480046643227
-0.3570421351902229
-0.24908640925650666
0.024316764270060152
-0.3570421351902229
-0.28105492262894055
-0.24709764975671192
0.24189347650429102
0.2889504846970574
0.07372603347954713
-0.06952092417614446
0.17686561461211084
0.1809867201942074
0.17794925267017386
0.19928112913204923
0.013952430598530746
0.0742430028579002
0.10534020500212843
0.1007425518387217
0.2020924104566991
-0.35581536542725845
-0.23378696651033828
-0.03020794472072732
-0.10737769150135618
-0.26457135094810313
-0.2856007374154389
-0.07803287512535549
0.17209349271556548
-0.18746270665710899
-0.06935287988643048
0.28303817626945793
0.07743284292343532
0.34936361810529903
0.013952430598530746
0.13958023506853684
-0.08758490078920918
-0.2715880892133788
-0.3480563714479563
-0.0787846084720762
0.2650972880271094
0.07674769452091917
-0.18746270665710899
0.06784929197506638
0.28968809150928587
0.19296184351809365
0.19756001814076402
-0.3546857296594477
-0.31008987385688835
-0.26029591733859503
-0.1467816778010419
-0.25690958432626515
-0.2885272049564043
0.24195020526473576
-0.06882994798703619
0.20215052902263275
1.0184193129833807
1.8796674357896197
2.7484157659823647
