1.8766601691215488
0.6766607553527205
-0.551946474635972
-0.37781355107344466
0.032672327055806825
-0.0787846084720762
-0.18746270665710899
0.013952430598530746
0.1737673816568484
-0.18746270665710899
0.19296184351809365
0.27033409559623395
-0.18746270665710899
-0.08572636495931041
0.07615137661456094
0.2922841346092828
0.12514105951024412
-0.14229114572846902
0.08704971931141577
-0.11467742779098657
-0.18746270665710899
-0.18746270665710899
0.2559435484539248
-0.18746270665710899
0.013952430598530746
0.013952430598530746
0.013952430598530746
0.22770239814488094
-0.0787846084720762
-0.0787846084720762
0.013952430598530746
0.14702173966297488
0.09822827614288712
-0.2617800317194478
-0.39073732834686203
-0.24832084024941117
-0.2031014743705009
-0.07860646541925491
-0.22217546234296304
0.050348654957782
-0.05702824698884993
0.013952430598530746
0.26235065464394247
0.2746441277466986
-0.06003839708646285
-0.18207776943961135
0.192158883238966
-0.1847423073543687
-0.18746270665710899
0.2669754434590135
0.07467186969206843
-0.18746270665710899
0.013952430598530746
-0.18746270665710899
-0.14350698385836333
-0.010380125163291407
0.028224733584343506
-0.2335406392367809
-0.24709764975671192
-0.30297038637808055
-0.2031014743705009
-0.35231749841724225
-0.25086839414579565
0.05619324693006088
-0.03725014327896174
0.20349294000750295
-0.08533602403825949
-0.20248706743426914
0.0874338961994148
0.2353768304514188
-0.18746270665710899
-0.18746270665710899
0.16992695385368722
0.2746441277466986
-0.05045959948568461
0.013952430598530746
0.03368248585324627
-0.2134204408897905
-0.1235913135002707
-0.25345182225160084
-0.06503280377290181
-0.0787846084720762
0.2897311851140795
0.013952430598530746
-0.0728259057445442
-0.1975790389943229
-0.07860646541925491
-0.2224349301649433
0.048195260295369746
-0.028969844270907208
0.2746831510421678
0.06919502897488765
-0.18746270665710899
-0.07959174447673222
0.19014605883610447
-0.13158324361829202
0.07467186969206843
-0.010380125163291407
0.07539075074861645
-0.23256695628857094
-0.33967403245487554
0.24067577495351616
-0.18746270665710899
0.17655530425357846
0.10311412660499482
0.2873577306785914
-0.19666100410727164
0.013952430598530746
-0.2956745264999478
-0.3186663269376784
-0.28726629659673486
-0.010380125163291407
-0.08804775486852115
0.190945132312971
0.013952430598530746
-0.18053352872366965
-0.08758490078920918
-0.15826720598917493
-0.06290934380502344
-0.29825832495952403
0.06641025167552428
0.2889504846970574
0.1946357324593766
0.2465324964339956
-0.13027311471880798
-0.39415919802504823
-0.5437512059725472
-0.5146837524986294
-0.5405604898939221
-0.403995332512859
-0.32026396601106755
0.013952430598530746
0.26498026164392846
0.06286053853019112
-0.3546857296594477
-0.2996938168205969
-0.29362641623628294
0.013952430598530746
-0.07803287512535549
0.07339479482686988
-0.2020025932923933
-0.08851437187246187
-0.2827090085610112
-0.40525889658052344
0.23759242995094662
0.17209349271556548
0.29743697125929985
0.3020618785802386
-0.16657518801696194
0.2722379157792247
0.2889504846970574
0.07430681813848304
0.2746441277466986
-0.11776463895178074
-0.010380125163291407
-0.010380125163291407
0.07764841018990606
0.19491641023831197
-0.18209404260615802
-0.17642852021918756
0.07971984357508098
0.1765249086561944
-0.07803287512535549
0.07388190261576788
-0.18746270665710899
-0.010380125163291407
0.1378051884702024
-0.08851437187246187
-0.1906442833986628
-0.10611285834086594
-0.006073272801405725
-0.1163861783263969
-0.3546857296594477
-0.1972826872779029
-0.06823981339472886
-0.30028967563959785
0.05885758612949275
0.2756299333986966
-0.08028852120925639
0.072999013082869
0.10301787287480706
0.22256234106875256
-0.0787846084720762
-0.18746270665710899
0.2803744072360681
0.192158883238966
-0.18573042455474773
-0.18746270665710899
0.013952430598530746
-0.045504023030512285
0.013952430598530746
0.013952430598530746
-0.0787846084720762
-0.18746270665710899
-0.0787846084720762
0.21162400166825182
-0.03874452627650417
0.013952430598530746
-0.18746270665710899
-0.18746270665710899
0.013952430598530746
-0.20826617799738273
-0.13295287996880958
-0.4454101120602352
-0.5053976486745944
-0.4838915355750056
-0.4051956983655298
0.023488699009195223
-0.07803287512535549
0.07764841018990606
0.19491641023831197
0.22574977748382088
-0.3546857296594477
-0.24928928789986202
0.07734902386431979
0.013952430598530746
-0.037270473895354955
0.30204499314869343
0.072999013082869
0.17485101971491146
-0.19964732761904155
0.2669794585262714
-0.13767955301304918
-0.3046613305076979
-0.3590613199979548
-0.3516260236466095
-0.1460594820292338
0.04939061940193195
-0.19754570329346655
-0.14295209758154
-0.2963230023627699
0.27931172177807645
-0.18746270665710899
0.013952430598530746
0.24110591252145444
-0.0756295815907117
0.072999013082869
0.0977496509756204
-0.1898497958377089
0.3377797941006332
0.2699648459382857
-0.18746270665710899
-0.18155290580754552
0.192158883238966
0.28292951773361025
0.2873577306785914
0.2897311851140795
-0.16464606428658662
0.13003551924876633
-0.2978665416296972
-0.3024459894213388
-0.2421329312133733
-0.028969844270907208
0.29946297091820645
0.1403831953476645
-0.03504243543010183
-0.21627034796729172
-0.13531453101099372
0.2704290738161709
0.07578632506097556
0.34600704681333894
0.18736209794771305
-0.3546857296594477
-0.28237307956716384
-0.1150108913633738
0.24096439961273775
-0.11413072810599928
-0.18746270665710899
0.06938240072968609
0.0897587513174483
-0.13767955301304918
-0.26290883300198387
-0.26586316468935245
-0.32262190003577423
-0.353365069688829
0.3034152333012446
0.33718406345923313
0.013952430598530746
0.013952430598530746
0.07467186969206843
-0.18746270665710899
-0.12551241620866105
-0.0787846084720762
-0.059967222545001336
-0.18674678924468885
0.17655530425357846
0.09736544923358091
0.32439619040886336
-0.1598523565748105
0.19404675291229265
0.013952430598530746
0.2746441277466986
-0.020633710679685887
0.22218233561696946
-0.02186213664886851
0.13809408807656987
-0.2304946701566608
-0.29000319938252156
-0.24709764975671192
-0.23568620885224256
0.07971984357508098
0.09355871481327582
-0.19828669603993615
0.013952430598530746
-0.13388235105206228
-0.42035561403812827
-0.411481322964339
-0.14355175535742196
-0.1448421829337879
-0.24506489880467278
-0.26029591733859503
0.2704290738161709
0.07558828444735742
-0.19726023843844165
0.18531983601789437
-0.08851437187246187
-0.3201213930328944
-0.5033340525496811
-0.4465168079462517
-0.2944312301098723
0.29076352692618657
1.5345308210679796
2.0327738676108162
