2.4653518451492253
1.5908043978068391
0.8711353988609613
0.30731949887923277
0.21166224118222043
-0.13767955301304918
-0.4669152487719257
-0.6346439132616486
-0.5499925870269482
-0.4525374503464173
0.013952430598530746
-0.13767955301304918
-0.23639431438206537
0.02598107236687489
-0.010380125163291407
0.013952430598530746
0.28993629034905544
0.07263396152928364
0.09128339377719051
-0.1898497958377089
-0.1898497958377089
0.2664424035251643
0.2883435363305894
-0.07803287512535549
0.07844276870988243
0.11102222801678044
0.08744336593009519
-0.22837193353497087
-0.26550038734406434
-0.29430357980269284
-0.10526185762853688
0.29743697125929985
0.22422017608382722
-0.03749284911201005
0.013952430598530746
0.013952430598530746
-0.07803287512535549
0.07092757969769409
0.17360362563423087
-0.010380125163291407
-0.0787846084720762
0.013952430598530746
-0.09251064329582644
0.06796720506766142
-0.13767955301304918
-0.1547173200778299
0.04291022042384419
-0.020995636362957027
0.10247011593352165
-0.21437731726219922
-0.28726629659673486
0.23599188445170222
0.2873577306785914
-0.0787846084720762
-0.02114074992027491
0.26824351521119233
0.17209349271556548
-0.19666100410727164
0.2646060040907833
-0.07860646541925491
-0.2732567155581732
-0.28726629659673486
-0.10737769150135618
-0.17479773614451694
0.0646542695851653
-0.3570421351902229
-0.29781447293605046
-0.28726629659673486
0.09624621827806915
0.013952430598530746
-0.18746270665710899
-0.18746270665710899
-0.1874735384965512
-0.0787846084720762
0.2922784049269413
0.072999013082869
0.1968042799116386
0.013952430598530746
-0.010380125163291407
0.25406539302202075
-0.18746270665710899
-0.18482919916432722
0.08100130988395535
0.1765249086561944
-0.18746270665710899
0.07017675924966245
0.11329754905286578
0.1007425518387217
0.013952430598530746
0.013952430598530746
-0.08758490078920918
-0.2539657277724802
-0.2867162892540802
0.2439739026234177
-0.2343663879476215
-0.1366920282510908
-0.08166492368521133
-0.37067916871823314
-0.49835718561372416
-0.449276528522778
0.017406007619146437
-0.0787846084720762
-0.18746270665710899
0.32316276597487215
0.013952430598530746
-0.18523257842922874
0.28993629034905544
0.17822919319486139
0.13931461393020808
-0.08851437187246187
-0.22011163993477123
0.04972128639974212
-0.12274214453610142
-0.18746270665710899
0.24110060197955704
-0.18746270665710899
-0.18746270665710899
0.2984227769112979
0.2969157501899326
0.0717780533152546
-0.08533602403825949
-0.1337232075172751
0.029723825999187624
-0.21352636763537286
-0.18746270665710899
-0.0787846084720762
-0.07528546578861134
-0.07213387504745311
0.17209349271556548
0.2873577306785914
-0.0787846084720762
0.27849625180416404
0.0754662282120448
-0.07803287512535549
0.14964840117676664
-0.12638057221603016
-0.20080453294336556
0.09900994288680573
0.0896103685567369
0.17931283125292447
0.19571937051743962
0.2775056332396201
-0.07055321745046567
0.192158883238966
-0.18660783189843644
-0.0787846084720762
0.27849625180416404
0.06795103919985646
-0.07803287512535549
0.07844276870988243
0.11329754905286578
0.19521078364059863
0.2880821148192224
0.13004210626621865
-0.07860646541925491
-0.21505500879480677
-0.10383177940644905
0.20738182653003734
-0.0787846084720762
-0.18746270665710899
0.2930492098881306
0.13761058217355213
-0.1307040032178599
-0.4060133447236903
-0.43363868345153256
0.011044780427354491
-0.13880591867101852
-0.26924961985720036
-0.24709764975671192
0.25402412895330073
-0.35581536542725845
-0.25599780977617725
0.050348654957782
-0.054718313482023634
0.013952430598530746
-0.18746270665710899
0.1884721698948215
0.003477440132584339
0.25721162020610366
-0.19477407315605602
-0.18482919916432722
0.072999013082869
0.10002497201170574
-0.0787846084720762
0.29743697125929985
0.3197585832049665
-0.1627915686654568
0.07971984357508098
0.10002497201170574
0.2873577306785914
-0.0787846084720762
-0.124740557808625
-0.13767955301304918
-0.24099180926477967
-0.2518474522259191
-0.3037146923915605
-0.13086076478246866
-0.09409616500651476
0.07971984357508098
0.09655161567637714
0.013952430598530746
0.3226115668571002
0.013952430598530746
-0.07803287512535549
0.192158883238966
0.25903169888531613
-0.19666100410727164
-0.2031014743705009
-0.33759723258188584
-0.3265243559940167
-0.36473192287365874
-0.05838120113504854
0.013952430598530746
-0.18746270665710899
0.06266157023747414
0.14150465160646808
-0.10688987843577351
-0.3008344371185501
-0.3575339733631806
0.27990136603041144
0.2708419837608154
0.0754662282120448
-0.2031014743705009
-0.08851437187246187
-0.26614944914175587
-0.27701692013567675
0.27117257300357145
0.013952430598530746
0.1884721698948215
-0.09130107058556515
0.26791542260920176
-0.12974367546239884
-0.40401571957129045
-0.4726210856468073
-0.3866181538164183
0.028915494684364274
-0.130928601882055
0.1272965285527856
0.24301700469810442
-0.18746270665710899
0.190945132312971
0.013952430598530746
-0.18197609187963695
0.013952430598530746
-0.13104117685913574
-0.41431938314232125
-0.41767997172792976
0.01896243626201074
-0.44426695561449037
-0.3727703626153265
-0.3898009739149843
-0.33238335747776254
0.05090554281144798
-0.13241993843658123
-0.3026458554438147
-0.3809482528649398
0.26883631979770484
0.29743697125929985
0.35504529817948993
0.24227489474701383
-0.08166492368521133
-0.13767955301304918
-0.45788798889984583
-0.44540102981122937
-0.24709764975671192
0.013952430598530746
0.07615137661456094
0.35144082423768963
0.013952430598530746
0.129239145987091
-0.13767955301304918
-0.2503693984514828
-0.16546594688106553
-0.1448421829337879
-0.1992410303883248
-0.12458148956136361
-0.12041176316465098
-0.18746270665710899
-0.18746270665710899
-0.18746270665710899
0.19014605883610447
-0.052887944973776475
0.17457034193597606
-0.18746270665710899
0.18986022291877203
0.24767879317138963
-0.07803287512535549
0.07844276870988243
0.1123036943256548
0.10301787287480706
0.26912811622138477
-0.08264636878978525
0.06816524568127956
-0.3630393016973193
-0.26700463259472973
-0.2553266659949122
-0.26032052456545446
0.04994686492510003
-0.18456254975435726
-0.3882133574420945
-0.4193642041769261
-0.30514092785426833
-0.10741828112241421
-0.05936847425146106
-0.12974367546239884
-0.24958034103027038
-0.12514626231207182
-0.0787846084720762
-0.08563340461667032
-0.07338555221194723
0.19404675291229265
0.013952430598530746
-0.19666100410727164
0.25287590306170216
0.12303598129473134
-0.2243715548621918
-0.28726629659673486
-0.05294890227320611
0.013952430598530746
0.08100130988395535
0.1254519236541019
-0.13767955301304918
-0.2880371541323816
-0.29138710511569255
-0.03389561077319295
0.28019849629093385
0.07743284292343532
0.3630919000942468
0.36435647647375596
0.2739419071806768
-0.0756295815907117
0.07467186969206843
0.2873577306785914
-0.18746270665710899
-0.19666100410727164
0.1232799074368857
-0.27765552351350786
-0.26687547004222284
-0.03170587983016279
-0.0035139000331058383
0.23596130484580727
-0.0787846084720762
0.33590163866872913
0.2913372157604081
-0.18746270665710899
0.06660829228914242
-0.1766090453897929
0.07971984357508098
0.09655161567637714
0.28968809150928587
0.17289645299469314
-0.08166492368521133
-0.12974367546239884
-0.4420064213691808
-0.6525773883113024
-0.5167930018140185
0.11849846047829998
-0.05459473938726281
0.2696392124924033
0.06795103919985646
-0.19477407315605602
0.013952430598530746
0.06795103919985646
-0.18746270665710899
0.20601990696764702
-0.10780339948782405
-0.3546857296594477
-0.24682917582401567
0.04720997345945513
-0.119180533864781
-0.18746270665710899
0.07017675924966245
0.11329754905286578
0.09757070713635647
-0.12638057221603016
-0.21882825307435858
-0.24873107657149737
-0.2710347509385478
-0.11740091786219602
-0.29491045336949234
-0.029173023846198815
0.23091736629604281
-0.0787846084720762
0.013952430598530746
-0.035971906513354523
-0.19567709497259703
-0.1247355430627321
-0.0009241202495412147
0.09657685240914553
0.07091008434336107
-0.23412145509599885
-0.3362164949064952
0.18615146814396094
-0.0889481406750238
-0.2941660466491245
-0.2787084534423865
-0.1238717228514095
-0.006153097294656552
0.27931172177807645
-0.0787846084720762
0.1969102706195407
-0.035971906513354523
-0.3032423943112484
-0.41281357924251444
-0.13435943330383524
-0.37025025963374736
-0.3421781997647669
-0.39639125024722865
-0.10186473956451562
-0.22054427615235217
-0.03504243543010183
-0.2182235586106529
-0.2263725370792768
-0.3808156400218117
-0.3880839791429095
0.08613574255900529
0.24765168020157738
-0.013003318523802153
0.34477114692504335
0.3629124937764429
0.2739419071806768
-0.07437790442621757
0.08100130988395535
0.09788790173731693
-0.04096384149219792
-0.12974367546239884
-0.20164651766765554
0.10446792102067758
-0.0787846084720762
-0.20313490261959935
0.07694573513453731
0.2746831510421678
0.0759533360009428
-0.20194070373108172
-0.13767955301304918
-0.22565281631753828
0.09754814814500654
-0.29983438919370664
-0.0787846084720762
0.27272862570567685
0.12277594469237356
-0.16730835597132088
0.060125938866454225
0.07657227980846174
-0.25158659259255733
-0.3289777359515852
0.1272938980335409
0.2789155603784134
0.27030894382696635
0.29743697125929985
0.22328541104650373
-0.011409800628927779
0.26824351521119233
0.07467186969206843
-0.18746270665710899
0.2746441277466986
-0.10814879057366562
-0.18746270665710899
0.17655530425357846
0.08366301347878016
-0.18746270665710899
-0.07803287512535549
0.07764841018990606
0.1968042799116386
0.013952430598530746
0.29071699076607754
-0.18402571706704293
0.07467186969206843
-0.0787846084720762
-0.19733461599671273
0.1468116195639917
-0.12638057221603016
-0.3716082260583869
-0.4498078489553122
-0.40525889658052344
-0.0611830423486441
0.11102222801678044
0.10509369770365778
0.28598554775308554
0.18927513017394917
-0.10069749629796329
-0.13767955301304918
-0.30454383038188976
-0.3601224769092123
-0.3508122670773703
-0.15006643205188414
-0.32562925432882106
-0.40041508269479004
0.013952430598530746
-0.12974367546239884
-0.28095505501770995
-0.28726629659673486
-0.02783263655238584
0.14978654421570997
-0.12638057221603016
-0.2563047676196309
-0.25675436613030755
-0.3244035128198402
-0.3938445618993128
0.25299301267697666
0.08100130988395535
0.19629569303479763
0.013952430598530746
0.07615137661456094
0.2636512560370791
-0.18746270665710899
0.013952430598530746
0.07467186969206843
-0.0787846084720762
-0.18746270665710899
-0.12551241620866105
-0.0787846084720762
0.2984227769112979
0.28424094753787005
0.07694573513453731
0.2997996031448048
0.07971984357508098
0.10130643832058009
-0.18746270665710899
0.349082190811551
0.2739419071806768
-0.07437790442621757
0.07467186969206843
-0.18746270665710899
0.013952430598530746
-0.08040102254626111
-0.3179747670378181
-0.347081745154281
-0.4668422925955108
-0.3616043044653807
-0.13949443072782047
-0.07803287512535549
0.19342198153338164
0.013952430598530746
0.07467186969206843
-0.0787846084720762
-0.18746270665710899
-0.0787846084720762
0.013952430598530746
0.07467186969206843
-0.010380125163291407
-0.0785643913689679
0.192158883238966
0.3250091087488441
0.013952430598530746
0.21430343436782626
-0.08166492368521133
-0.36342535280509125
-0.28830741364830514
-0.16823451328197328
-0.10873620955226461
-0.1252201631425522
0.0375945860347107
-0.07396477227611921
0.17072991413281488
-0.010380125163291407
-0.22934011643093236
-0.24838409219923893
0.09403465315778284
-0.0787846084720762
-0.18746270665710899
0.06033410296287805
0.30862665577229165
-0.16816200171848383
0.29743697125929985
0.19262826810981842
-0.3546857296594477
-0.27175545207367746
-0.10975659964361911
0.2789155603784134
0.34164633440243514
0.2699648459382857
-0.2031014743705009
0.07120707179223341
-0.25869501250370475
-0.33048041092780417
-0.030822365650009686
0.2338647377796704
-0.0787846084720762
-0.022734267815149284
0.22952166901483173
-0.0787846084720762
0.28993629034905544
0.07935479202149559
0.09788790173731693
-0.06590603512477317
-0.008227695998407301
0.23362078153522917
-0.010380125163291407
0.12647060389005835
-0.16454064524873296
-0.0717514446576572
-0.07973283107722423
-0.17096983587014122
-0.07433932908635488
0.8920172945079327
1.688375074038633
2.559047760026527
