2.5863926332313643
1.4304694964675653
0.42209817301200336
-0.20808906344232958
-0.27327403289432456
-0.02783263655238584
0.013952430598530746
0.0668256774268429
-0.08758490078920918
-0.2964844231172375
-0.4133202152539999
-0.3343581288245967
0.09822731275797167
-0.02612625472079631
0.2880821148192224
0.17240380307409786
0.2694568148281003
-0.08851437187246187
-0.22520244066012965
-0.25695459774739793
-0.27159685637259984
-0.10515447276416427
-0.2963230023627699
0.2819803839261315
0.17209349271556548
0.2897311851140795
0.013952430598530746
0.17822919319486139
0.17931283125292447
0.17565397999403914
-0.2020025932923933
-0.3546857296594477
-0.27705968896118593
-0.07173357016804247
-0.1462007009846963
-0.30391470499890905
-0.343924962359061
0.24734649039590237
0.06943054612234897
0.013952430598530746
0.21361527402167182
-0.08758490078920918
-0.1593071073841353
-0.00029918842628487956
-0.19945378788543497
0.06781988579597538
-0.06952092417614446
0.0742430028579002
0.14052133838660785
-0.06111645455996726
-0.1820872170472756
-0.1172646767211727
-0.0050272939737146275
-0.0787846084720762
0.21162400166825182
-0.09651942508471496
0.2889504846970574
0.07658068358095192
0.013952430598530746
0.17519172567082786
0.09355871481327582
-0.0787846084720762
0.27931172177807645
-0.2020025932923933
-0.36342535280509125
-0.27557887963124067
-0.1320765326797898
-0.09176092478832387
0.08179566840393171
0.10455597081835054
0.10210079684055647
-0.1898497958377089
0.17289645299469314
0.2984227769112979
0.28424094753787005
0.07694573513453731
0.22435757019631983
-0.08851437187246187
-0.3064085360394633
-0.49705794656756225
-0.3913226940482909
-0.4017151040655467
-0.10737769150135618
-0.2870585631575196
-0.36356722907103
0.07311495887515033
-0.13187279241212932
0.014921388676731581
0.09981346552040965
-0.18746270665710899
-0.18746270665710899
0.16992695385368722
-0.18746270665710899
-0.0648744510085803
-0.1856734878549527
0.08051420209505734
0.10455597081835054
0.10002497201170574
-0.0787846084720762
0.2873577306785914
-0.2031014743705009
-0.4192439293363474
-0.28377890124327726
-0.09721478509937681
0.10644931524174185
0.33317642623485666
0.013952430598530746
-0.18746270665710899
0.2897311851140795
0.013952430598530746
0.17822919319486139
0.17931283125292447
0.10511317274088519
0.2645243266964359
-0.07055321745046567
0.17209349271556548
-0.18746270665710899
-0.1320525618306031
-0.2020025932923933
-0.07860646541925491
-0.3129984485486133
-0.5101674172450091
-0.35444529956789395
-0.11255898828546435
0.013952430598530746
0.0759533360009428
0.2756299333986966
-0.07498410566719993
0.07674769452091917
-0.2020025932923933
-0.08851437187246187
-0.22521648535110092
-0.1247313576376229
0.10227527615555589
0.18178968047333505
0.10121688598290252
-0.07192893080572331
-0.4894028785878101
-0.5903495766758002
-0.5147800813379536
-0.21726287903035615
-0.21921558505951735
0.08100130988395535
0.10202401814759607
0.013952430598530746
0.25539234933615285
-0.18746270665710899
0.24889571262039062
-0.07437790442621757
0.07743284292343532
0.013952430598530746
0.2694568148281003
-0.08758490078920918
-0.18673782750372334
-0.06434322312134327
-0.08166492368521133
0.03496128702641176
-0.1606184709562325
0.1389347388828073
-0.3024731005399366
-0.0787846084720762
-0.07625445786214159
0.19383277218024894
-0.1778539687534202
0.07743284292343532
0.2935923583638542
0.11418077186291048
-0.2660566956085737
-0.3987934804260261
-0.07973283107722423
-0.17328540073248788
0.11082662045640079
0.013952430598530746
-0.18746270665710899
0.19404675291229265
0.013952430598530746
0.2746441277466986
-0.0764638342335045
0.17655530425357846
0.08380126424047667
-0.098130152897624
-0.07860646541925491
-0.269032078215784
-0.26029591733859503
-0.42065535057056125
-0.30940136214424396
-0.29205409083060074
-0.07803287512535549
0.192158883238966
0.30148566374972147
-0.17725273078689485
0.013952430598530746
0.013952430598530746
-0.12217512959407045
-0.0787846084720762
0.3365674768087071
0.013952430598530746
0.2977937873250127
0.9037118889858067
1.7300388760647647
2.5119605432285006
