2.8207689738099866
1.4364669237864256
0.5515982037530123
-0.2753858452342015
0.09658984574201605
0.26883631979770484
-0.0787846084720762
-0.01988907275578079
0.25721162020610366
-0.19726023843844165
0.013952430598530746
-0.07860646541925491
-0.2813880567122258
-0.2694047935933158
-0.2859405789702213
-0.24709764975671192
0.28250907975213224
0.013952430598530746
0.129239145987091
-0.13767955301304918
-0.24242918524015974
0.02133554761446566
-0.010380125163291407
0.2922784049269413
0.072999013082869
0.17806543717224385
0.08347991493980274
-0.35581536542725845
-0.33604233278557233
-0.49577369645798064
-0.34602482678787794
0.03882481604736005
-0.1462007009846963
-0.2089482651736935
0.03989432879936113
0.2704290738161709
0.06906549456876361
-0.18610866425420358
-0.010380125163291407
-0.07860646541925491
-0.42167014282446663
-0.38705025331587933
-0.04751194546602664
-0.021594956861305515
0.17440658591335853
0.26786406080963426
-0.07860646541925491
-0.24388925756096122
-0.10527639564244681
-0.2669945005757647
-0.21838780116886825
-0.07860646541925491
-0.22019420910956505
0.056083029661955316
0.2572821856721517
-0.35581536542725845
-0.27175545207367746
-0.11354454558280239
-0.2196955523855358
-0.0787846084720762
-0.07803287512535549
0.17209349271556548
-0.18746270665710899
-0.0465313761382766
0.013952430598530746
0.08100130988395535
0.19847816885292158
0.013952430598530746
0.06816524568127956
-0.3788844530130256
-0.4259000904256405
-0.4360467599143114
-0.20940110014816893
-0.2963230023627699
0.2803744072360681
0.07615137661456094
0.2338647377796704
-0.0787846084720762
-0.11986519608724415
-0.0787846084720762
-0.2020025932923933
-0.08851437187246187
-0.23008776187603605
0.05796338715685379
-0.13435943330383524
-0.2506656765712423
-0.10318659551637145
-0.08144002668634817
-0.07807310935781399
0.17822919319486139
0.10764512541163963
0.10130643832058009
-0.0787846084720762
0.21162400166825182
-0.11672938389012279
-0.13767955301304918
-0.24474206673940185
-0.2610001215652315
-0.26524655824300186
0.048755938332007226
0.09620994918083876
-0.010380125163291407
-0.0787846084720762
0.2889504846970574
0.17822919319486139
0.17931283125292447
0.08317590568988212
-0.18746270665710899
0.19296184351809365
0.32645309144615714
0.013952430598530746
0.2746441277466986
-0.012683912662429212
0.2696392124924033
0.17209349271556548
-0.18746270665710899
0.013952430598530746
0.129239145987091
-0.36342535280509125
-0.2658632026519991
-0.12410661654323374
0.013952430598530746
0.06919502897488765
-0.18746270665710899
-0.12551241620866105
-0.0787846084720762
0.2125587667055753
-0.035182915605183745
0.013952430598530746
-0.18746270665710899
0.17209349271556548
-0.0787846084720762
0.013952430598530746
-0.035971906513354523
-0.19250896764700476
-0.11972003778621357
0.013952430598530746
0.0641420048390655
-0.35581536542725845
-0.2982930553600946
-0.26029591733859503
-0.30331273208248755
0.013952430598530746
-0.013532792633398495
0.2691061725585542
0.26786406080963426
-0.07860646541925491
-0.186375711592193
0.10916810041483059
-0.300718205842252
-0.010380125163291407
0.2902011987945506
0.08100130988395535
0.17485101971491146
-0.0787846084720762
-0.11986519608724415
-0.0787846084720762
-0.07981606853346201
0.19404675291229265
0.013952430598530746
-0.20194218719109316
-0.3758392512436178
-0.2987461326913869
-0.10116030463713045
0.1076146296982802
0.25923387392520975
-0.18746270665710899
0.2873577306785914
0.26554196817371367
-0.3681156117150857
-0.42813850281085253
-0.43068006968162365
-0.28903590072782864
0.2425935649170448
0.07743284292343532
0.013952430598530746
0.28993629034905544
0.07141300176166922
-0.08851437187246187
-0.20086971711401388
0.054905553427308046
0.02404957549948188
-0.2197548092028306
-0.1201998697063193
-0.2604022987247958
0.057149183504020915
-0.08699515604935462
0.08100130988395535
0.09128339377719051
-0.18746270665710899
0.06641025167552428
-0.07803287512535549
0.0797242350187568
0.1809867201942074
0.17962314161145682
0.11102222801678044
0.17565397999403914
-0.19477407315605602
-0.1735333577651361
0.06943054612234897
-0.16962040555608698
0.2595631131271622
0.2897311851140795
-0.010380125163291407
0.09158654669519908
-0.11587169923381696
0.13149250240677307
-0.12905683519021255
-0.20794495700627716
0.0672726422038468
0.31494034058647175
0.013952430598530746
0.1743887653917002
0.0941722036977865
-0.0787846084720762
0.34930060244578387
0.3674709972389165
0.362608479592345
0.013952430598530746
0.12247699900238361
-0.3681156117150857
-0.47237257195110854
-0.576472671453939
-0.48245905649777326
-0.41447801388911815
-0.3979505540394397
0.09209254026371379
0.013952430598530746
0.17519172567082786
0.10002497201170574
-0.0787846084720762
-0.0787846084720762
0.2883435363305894
-0.07803287512535549
0.0797242350187568
0.10683129185443586
0.1805422863926545
0.1788683974513715
0.14692658822317656
0.11884756177336227
-0.24779355530878
-0.3473661388680259
-0.316882276378136
0.19209146842887975
-0.08851437187246187
-0.16702614232329233
0.1264340721742501
-0.07803287512535549
0.19383277218024894
0.3096863602408111
0.1403831953476645
-0.03504243543010183
-0.21081097502388663
-0.15770063031332457
-0.1462007009846963
-0.25451391850284927
-0.29392870473311133
-0.2686106645536713
0.013952430598530746
0.013952430598530746
0.17655530425357846
0.17485101971491146
-0.18746270665710899
0.33409390459677996
0.1880656644847449
-0.3681156117150857
-0.45698818556537757
-0.4293713890958803
-0.2021807557369633
-0.03736738552917891
-0.046250768771320144
0.013952430598530746
-0.18746270665710899
0.16992695385368722
-0.18746270665710899
0.36887546250241576
0.3157680745425514
0.08100130988395535
0.10202401814759607
-0.128451831038404
0.2722379157792247
0.2889504846970574
0.06760215351407604
-0.3546857296594477
-0.16492033135333595
0.10273608527243291
0.013952430598530746
-0.13767955301304918
-0.4413070795410945
-0.4336528160522235
-0.3886371159449346
-0.36876912406339285
-0.11668611664095384
0.013952430598530746
-0.20327679904379117
-0.12974367546239884
-0.19836201167376655
0.14652976601767453
0.013952430598530746
-0.2559454968341839
-0.052491730885850914
-0.12974367546239884
-0.24734960786709645
-0.15868162426696933
0.2352176868101613
1.2171885188188825
2.507228849476138
