2.760628606280515
1.7200779518911884
1.357238762259267
0.37591201891172454
-0.11329330915347936
-0.0787846084720762
-0.10453059900321719
0.2873577306785914
-0.0787846084720762
0.29743697125929985
0.24641112497867212
-0.18746270665710899
-0.18746270665710899
-0.18746270665710899
0.1743887653917002
0.19659029917959495
0.2968615214445141
0.0754662282120448
-0.07803287512535549
0.07764841018990606
0.17485101971491146
-0.0787846084720762
0.013952430598530746
-0.0787846084720762
-0.07528546578861134
-0.11574461327255565
-0.010380125163291407
-0.0787846084720762
0.2305228397672483
-0.010380125163291407
0.013952430598530746
0.28993629034905544
0.07263396152928364
0.09128339377719051
-0.1898497958377089
0.06913075828394076
0.2762891277322312
0.17289645299469314
-0.18746270665710899
-0.18746270665710899
-0.048841309645102894
0.013952430598530746
-0.045504023030512285
0.013952430598530746
-0.18746270665710899
-0.07803287512535549
0.0753614095382604
0.3496929363171921
0.26912126704999295
-0.18746270665710899
-0.08572636495931041
0.07615137661456094
0.013952430598530746
-0.07803287512535549
0.06587960581468154
-0.07803287512535549
0.18927513017394917
-0.0649690763642044
-0.07469930326200766
-0.03504243543010183
-0.20568487062145582
-0.15907558167381086
-0.3570421351902229
-0.29229319443800156
-0.26029591733859503
-0.10873620955226461
-0.2211115543708658
0.07373595828786625
0.013952430598530746
0.27794330139034285
0.06871777793442026
-0.25687022884868776
-0.37914766026611674
-0.07803287512535549
0.17209349271556548
-0.18746270665710899
-0.0787846084720762
0.2922784049269413
0.072999013082869
0.1968042799116386
0.013952430598530746
-0.13767955301304918
-0.23245824982958394
0.050173857306678275
-0.2442211129554314
0.013952430598530746
0.013952430598530746
0.06644807319206872
-0.20169405995084475
-0.10903084293950348
-0.006073272801405725
-0.1097454613546768
-0.18746270665710899
0.06420028335368523
-0.11161690893232137
-0.0787846084720762
0.22696123231122148
-0.12974367546239884
-0.282524727561708
-0.28726629659673486
-0.14074541353827252
-0.4502675891844971
-0.43200211214452083
0.025045895074136414
-0.298338303580729
-0.27774551814430765
0.040181903281434436
-0.13241993843658123
-0.30505050293543556
-0.3673493007036477
0.09829351765926755
0.17806543717224385
0.09655161567637714
0.23286033469588724
-0.144219962953394
-0.37798995256075046
-0.3904519755949626
-0.1979709682562773
0.09672429779107296
-0.10271003908586242
-0.19733461599671273
0.05524360229321271
0.074330633184591
-0.2875879138474949
-0.39337149343247824
0.07845574700837027
-0.10737769150135618
-0.2709885820972341
-0.3675277815346956
-0.2530473465082544
-0.07803287512535549
0.129239145987091
-0.07860646541925491
-0.20244483743588723
0.04746922569066835
-0.026607301098453648
-0.18746270665710899
-0.07803287512535549
0.07407994322938602
0.2636512560370791
-0.18746270665710899
0.2883435363305894
-0.18746270665710899
0.06266157023747414
0.1809867201942074
0.1788683974513715
0.17440658591335853
-0.18746270665710899
-0.18746270665710899
0.2803744072360681
0.07694573513453731
-0.17806125235367598
0.0759533360009428
0.2873577306785914
-0.0787846084720762
-0.0787846084720762
-0.20084182265297412
0.08209838706307146
-0.13953885295417218
0.0014961322876392024
-0.014692845478839556
-0.18746270665710899
-0.07803287512535549
0.13964440350719942
-0.08851437187246187
-0.2662433689288893
-0.2863779587038014
0.10018971221580593
0.30822224014366145
0.09897267738180711
-0.16751588444912727
0.11103719225213497
0.2572821856721517
-0.07860646541925491
-0.31871068803821795
-0.3747635374206883
-0.3591881769773788
-0.22308253713872556
-0.3125939960269461
0.08683021251737653
0.32071044857331216
0.013952430598530746
-0.08533602403825949
-0.24957302075537777
-0.2984853687602479
-0.2631068714322851
0.013952430598530746
0.06276686166015323
-0.3146633378224152
-0.39996127438193846
-0.45979194552548064
-0.44130554216253287
-0.42470316474188535
-0.29928959350605394
-0.31844937491088254
-0.08697599215901812
-0.15923516251567935
0.016005243493767654
-0.21496011957236338
-0.18746270665710899
0.28993629034905544
0.07935479202149559
0.09029801603149998
-0.12638057221603016
-0.18285945426232264
0.10142442288249026
-0.24593452707225155
0.192158883238966
0.2315439227339378
-0.0787846084720762
-0.0787846084720762
0.26674019567408336
-0.18746270665710899
0.05761359635446157
-0.18746270665710899
0.2816851762135646
0.013952430598530746
0.29410398746042204
0.17822919319486139
0.09565412421106582
0.09128339377719051
-0.18746270665710899
0.06938240072968609
0.17360362563423087
0.2756299333986966
-0.0764638342335045
0.17209349271556548
-0.2102447156421006
-0.13767955301304918
-0.47248335879950276
-0.6278864826371686
-0.5482960298277544
-0.3937743260747014
0.12784689827162074
-0.36924524748289644
-0.41978520511092104
-0.3786713016698634
-0.18410797802343196
-0.010380125163291407
-0.18746270665710899
0.17822919319486139
0.11766816995502925
0.17565397999403914
-0.0787846084720762
0.2398294462800189
-0.09101504229423169
0.12930331442575357
-0.07860646541925491
-0.24395465584291184
-0.1384363703613013
-0.07803287512535549
0.17289645299469314
-0.010380125163291407
-0.3546857296594477
-0.2573244875563862
0.07316259655705705
0.013952430598530746
0.24037720079694352
-0.07803287512535549
0.07892987649878043
0.10202401814759607
0.23596130484580727
-0.0787846084720762
0.013952430598530746
0.1853705492954999
-0.09332806308071538
-0.18746270665710899
-0.18746270665710899
0.1884721698948215
-0.14188051205778054
0.28303817626945793
0.17209349271556548
0.2897311851140795
0.013952430598530746
0.26786406080963426
-0.3546857296594477
-0.3564981117346915
-0.37403386948305467
-0.534054562798585
-0.4136885707266198
-0.2268045651656838
0.26883631979770484
-0.0787846084720762
-0.0787846084720762
-0.0787846084720762
0.26456424809326035
0.2897311851140795
-0.010380125163291407
-0.052205522485983744
0.013952430598530746
0.034187896156639905
-0.2293680602723134
-0.26824940109847883
-0.028969844270907208
0.013952430598530746
-0.1461251748990842
-0.37482897899787376
-0.3828922200164889
-0.19779883462397055
0.013952430598530746
-0.0901543399932205
-0.1804501471683189
0.1561398900378019
-0.02612625472079631
0.013952430598530746
0.14579087860845527
0.042939477410133084
-0.3492799493135426
-0.4371853493809838
-0.38309363156871024
-0.07803287512535549
0.17655530425357846
0.07591528997147587
0.2889504846970574
0.07430681813848304
0.2756299333986966
-0.0779785877024301
0.0754662282120448
-0.07803287512535549
0.14044736378632708
-0.035971906513354523
-0.2304739514026471
-0.24709764975671192
-0.13880591867101852
-0.31987130049134094
-0.38523287262965844
0.013952430598530746
0.19383277218024894
0.2968615214445141
0.0754662282120448
-0.07803287512535549
0.17289645299469314
-0.19666100410727164
0.12460645097090622
-0.2973784291818702
-0.21565304446293976
0.07928124882307376
-0.03046361202108921
0.013952430598530746
0.129239145987091
-0.13767955301304918
-0.3118299093835468
-0.4513949877699386
-0.3537555465439389
-0.11989177874874939
0.013952430598530746
-0.1912459276419307
0.06705493345509002
0.22387723263409437
-0.10454810729745309
-0.18746270665710899
-0.0465313761382766
0.013952430598530746
0.20179029862502
-0.08758490078920918
-0.2479511962514634
-0.2811085193781145
0.3049533688537128
0.2929517220231159
0.16992695385368722
-0.0787846084720762
0.27849625180416404
0.192158883238966
-0.015693131324312267
1.4327683923232064
1.6662707955158402
2.395280919091033
