3.816160099003144
1.7911135409448675
0.9595256934436115
0.5001670960949648
0.31934201410530616
0.19383277218024894
-0.17806125235367598
0.08100130988395535
0.19659029917959495
0.2834625576674594
0.06919502897488765
-0.18746270665710899
0.18986022291877203
-0.18837354208919543
-0.18746270665710899
0.07017675924966245
0.1809867201942074
0.18011579153205212
0.07890819083457717
0.013952430598530746
-0.1898497958377089
0.32316276597487215
0.013952430598530746
0.19443412795728413
-0.03504243543010183
-0.19280607907043387
0.0008119721819685112
0.10097877997694799
-0.0787846084720762
-0.18746270665710899
0.2873577306785914
-0.18746270665710899
-0.07803287512535549
0.1737673816568484
0.28993629034905544
0.17903215347398904
0.17806543717224385
0.19353689469931568
0.3496929363171921
0.29036736009873215
-0.2020025932923933
-0.03504243543010183
-0.2745863618856774
-0.28726629659673486
-0.07973283107722423
-0.4499079010780478
-0.5145875107791745
-0.40354862920233797
-0.4263256976869896
-0.27881454156843627
0.2796785568116799
0.24083091204970078
-0.0787846084720762
0.35157154432265164
0.3915943271568363
0.294395704720429
0.06434004545268364
-0.12638057221603016
-0.24442604900221113
-0.1441969709688448
-0.0787846084720762
0.013952430598530746
-0.18746270665710899
-0.19356442258829046
0.013952430598530746
-0.0835426707943244
0.072999013082869
0.0942762946402918
0.013952430598530746
0.013952430598530746
0.08100130988395535
0.10153691035869807
0.2880821148192224
0.06919502897488765
-0.010380125163291407
0.19296184351809365
0.3644221307808738
0.013952430598530746
0.192158883238966
0.27243066266237076
-0.18746270665710899
-0.19050647461743156
0.24778539151316686
-0.29053723528011544
-0.2883054403860401
0.06326595466936741
-0.07405895303764848
-0.10526086401586345
0.2897311851140795
0.013952430598530746
-0.0800791448378935
0.08179566840393171
0.1809867201942074
0.18011579153205212
0.1022585226394804
-0.006998557028928817
0.32498295611996936
0.013952430598530746
-0.110249347709129
-0.18746270665710899
0.2889504846970574
0.07430681813848304
-0.18746270665710899
0.013952430598530746
-0.07803287512535549
0.19404675291229265
0.013952430598530746
0.2873577306785914
-0.18746270665710899
0.29071699076607754
0.013952430598530746
0.0759533360009428
-0.0787846084720762
-0.18746270665710899
0.2282535972626529
-0.0787846084720762
0.2984227769112979
0.28424094753787005
0.07743284292343532
0.21368914897522745
-0.07860646541925491
-0.2764652653105636
-0.4062850124660357
-0.1780834305474911
0.013952430598530746
0.2873577306785914
-0.0787846084720762
0.2873577306785914
0.2883435363305894
-0.18746270665710899
0.1743887653917002
0.19491641023831197
0.22374400641956899
-0.07169998465194251
-0.3019964788139109
-0.2952022372107965
-0.12066841118242497
0.24096439961273775
-0.12262268695659334
-0.3546857296594477
-0.2587088722977202
0.05321367771846209
-0.03974728315986097
-0.3912895813712501
-0.3211140836481466
-0.48507290550517695
-0.5465427882067453
-0.4353465996261264
-0.28903590072782864
-0.1448421829337879
-0.28835067047056673
-0.26187798756446456
-0.2650792390376834
0.04878618220529009
0.09778981739429314
-0.06764742051694304
0.08051420209505734
0.17806543717224385
0.1007425518387217
0.013952430598530746
-0.17059078216905207
0.072999013082869
0.09372220230774075
-0.1957076358118851
-0.20890856297569296
-0.14073160648016464
-0.0787846084720762
0.013952430598530746
0.06944671199015394
-0.36545445028103674
-0.23825779029866986
0.048195260295369746
-0.030403413718265177
-0.10803069837945185
-0.1898497958377089
0.17655530425357846
0.193702659312317
0.013952430598530746
-0.08238907834471978
0.06943054612234897
0.013952430598530746
0.013952430598530746
0.07822720144341169
0.2746831510421678
0.06919502897488765
-0.18746270665710899
0.19174809259209866
0.013952430598530746
-0.18746270665710899
-0.18746270665710899
-0.08572636495931041
0.07971984357508098
0.10281837666757244
0.013952430598530746
0.08179566840393171
0.1153733738817165
0.1123036943256548
0.19571937051743962
0.28145021732203157
0.2889504846970574
0.06906549456876361
-0.1842553991970059
-0.1898497958377089
0.2889504846970574
0.192158883238966
-0.18260449742032342
-0.010380125163291407
-0.10222066549639088
0.28993629034905544
0.07935479202149559
0.08958043620448403
-0.3681156117150857
-0.47617031512794017
-0.4398916417592948
0.053052687485523366
-0.0595419238278953
0.130180249305162
-0.07860646541925491
-0.2042096137828893
-0.06818496340431586
0.271414879468169
0.17903215347398904
0.17931283125292447
0.19760724019076625
0.013952430598530746
0.28993629034905544
0.13958023506853684
-0.08851437187246187
-0.17794202773071124
0.07539590062313951
-0.10737769150135618
-0.22249516605092584
0.051192451776854775
-0.027844040949965284
-0.35581536542725845
-0.2316332577939587
0.04301677807294132
-0.30297038637808055
0.013952430598530746
0.2873577306785914
-0.18746270665710899
0.17209349271556548
-0.19563454650577713
0.2661987581092493
-0.035971906513354523
-0.18980979866856532
0.054590685563837386
-0.025481497777511724
0.2338647377796704
-0.0787846084720762
-0.08495450655927433
-0.035971906513354523
-0.2158449777102754
-0.15781360465972397
0.10516156670275438
-0.13017237736595566
0.6030512840375488
1.4196417037875744
2.3228888263480933
