2.6298987956252984
1.7233377909448735
1.1836010369236625
0.3887924507963092
0.354867462310874
0.06434004545268364
0.12213494503446531
-0.24485773177806977
-0.28726629659673486
-0.028958439873327767
0.19462180409351465
0.013952430598530746
0.29743697125929985
0.24845870286840177
-0.08264636878978525
0.06005865221732155
-0.2714027747032116
-0.3935375512271899
-0.4206225322074524
0.04238100580485848
0.09428411753069264
-0.0787846084720762
-0.18746270665710899
-0.08572636495931041
0.18905726263964437
0.3737315625296524
0.20710993198992797
-0.03504243543010183
-0.18095802149925422
0.12448476014144313
-0.21743449829920883
0.27126806011754867
0.2889504846970574
0.17655530425357846
0.1478986745423833
0.12154073612460785
-0.21231065576662084
-0.24709764975671192
0.15044012088280598
-0.13289531486598777
-0.41928528620308664
-0.4109153945109054
-0.21528677195036047
-0.08166492368521133
0.0527815113522579
-0.11852321896386643
0.047851118932418196
-0.21679719722348942
-0.010380125163291407
0.013952430598530746
0.2889504846970574
0.06906549456876361
-0.18312391500436528
-0.0787846084720762
-0.19477407315605602
0.2889504846970574
0.06906549456876361
-0.1842553991970059
-0.1898497958377089
0.19014605883610447
-0.10573484354339391
0.18927513017394917
-0.009595552470699013
0.188031928533473
-0.37067916871823314
-0.4570625135512178
-0.41557450109569466
-0.07940711154830939
0.02641191941738658
-0.23354715693560663
-0.28726629659673486
-0.3021307548355296
0.1743887653917002
0.19659029917959495
0.2834625576674594
0.06668573875878704
-0.3546857296594477
-0.3380685123294292
-0.3949737795501103
-0.32971547154775466
-0.07476104314378804
0.25887493969061776
-0.0901543399932205
-0.21368468150672426
-0.10056259154468657
-0.08454359432778809
-0.13698177846245596
0.16992695385368722
-0.0787846084720762
-0.19570892406404825
0.13964440350719942
-0.08851437187246187
-0.1843190123890879
0.09078183744734718
0.284934470483684
0.17655530425357846
0.07591528997147587
-0.19726023843844165
-0.08091319033849065
-0.08851437187246187
-0.26471629608331404
-0.18885230902868141
-0.2892908769988778
-0.1251160801410703
-0.044450694245616165
0.013952430598530746
-0.07528546578861134
-0.043921905576929994
0.013952430598530746
-0.12974367546239884
-0.40168367633806445
-0.4135558009168225
-0.2096788541061811
0.10097877997694799
0.10610702746809617
0.2364882722685471
-0.4379184717302782
-0.2678422139487197
-0.2505155418709321
-0.28008306691773366
-0.12262598265825676
-0.006153097294656552
-0.0787846084720762
0.29117105445622654
0.08051420209505734
0.11102222801678044
0.10381223139478342
0.213939745380866
-0.08851437187246187
-0.3014603292996511
-0.38340509666083905
-0.03093756201499173
0.10429933918368141
0.013952430598530746
-0.0787846084720762
-0.08238907834471978
0.072999013082869
0.10210079684055647
-0.010380125163291407
0.07250675943685563
-0.09166244483464181
0.28993629034905544
0.17822919319486139
0.17931283125292447
0.09664786940656495
-0.010380125163291407
-0.07860646541925491
-0.4118307892640902
-0.39862023528686114
-0.16903512647642724
0.013952430598530746
0.28142918480835954
0.19572064185357557
0.013952430598530746
0.1948497131914203
0.013952430598530746
0.013952430598530746
-0.19700942584191947
-0.13767955301304918
-0.30950958351879304
-0.3827062059747569
0.2704290738161709
0.07500749978842151
-0.06952092417614446
0.08179566840393171
0.1809867201942074
0.1413242986657355
-0.08851437187246187
-0.23663161039202002
-0.2674882611707546
-0.027844040949965284
-0.36189918118666176
-0.43571313847369664
-0.4712462883960938
-0.28903590072782864
-0.3168329777175718
0.17655530425357846
0.07890819083457717
0.2636512560370791
-0.1898497958377089
0.29071699076607754
0.013952430598530746
0.0754662282120448
-0.19733461599671273
0.1403831953476645
-0.08851437187246187
-0.30197344179111346
-0.3803033208463614
-0.0787846084720762
-0.010380125163291407
0.1743887653917002
0.09903111728449476
-0.18746270665710899
-0.08199893829962425
-0.07595856202320501
0.06795103919985646
-0.18746270665710899
-0.16571015118942037
0.2892194808142976
-0.2249407437804624
-0.06889360041609142
-0.19357513104409999
-0.010380125163291407
-0.18746270665710899
0.07017675924966245
0.17806543717224385
0.09854400949559677
-0.07803287512535549
0.0753614095382604
0.2636512560370791
0.047692115031960206
1.2122514426496922
1.6807288256963417
2.5751516793831204
