3.163071877287105
1.2616384650102175
0.6449500468766268
0.35128596191301964
-0.009794544575331552
-0.022644675879023236
0.30441054609158047
0.072999013082869
0.11081260747334737
0.13019147620581548
-0.35581536542725845
-0.3035062174134071
-0.27873738326482167
-0.30473897028219343
-0.09097922773738162
-0.07595856202320501
0.07467186969206843
-0.010380125163291407
0.013952430598530746
-0.18746270665710899
0.2873577306785914
-0.18746270665710899
-0.010380125163291407
0.013952430598530746
0.1737673816568484
-0.2020025932923933
-0.08851437187246187
-0.16402215945197668
0.05343562564303109
0.23718878822624812
-0.18746270665710899
0.013952430598530746
-0.20084330611298554
0.10936396923180178
-0.20642107506342533
-0.16535536022578612
-0.13880591867101852
-0.2717129882591176
-0.28726629659673486
-0.1026424556362186
-0.0901543399932205
-0.2010386215608806
0.08616878923103982
0.3266211127092605
0.013952430598530746
0.06795285308665867
-0.13104117685913574
-0.39854205537981896
-0.4441113289468416
-0.3701857570846092
-0.060610349942340706
-0.07803287512535549
0.17903215347398904
0.11638670364615489
0.09788790173731693
-0.019645929275911564
0.12209401116154078
-0.1679946841827726
-0.12270347296539721
-0.09974135573962972
-0.07860646541925491
-0.22138327602169028
0.04866105714275038
0.09820330657094596
0.2737924600161496
-0.07888487378108262
-0.08533602403825949
-0.2802406505146622
-0.401289404600968
-0.13493394015195198
-0.18746270665710899
-0.18746270665710899
0.28993629034905544
0.17655530425357846
0.08317590568988212
-0.18746270665710899
0.19296184351809365
-0.2875504318908083
-0.3302526503032409
-0.2195415042750491
0.09510042674867866
0.07954923628686236
-0.22426424069655504
-0.27137567587819506
-0.3009413538469978
-0.29386503970303013
0.09589424790153585
-0.02288907485080778
0.19746415837605608
-0.35724928666259514
-0.3287979273252751
-0.4362418181866217
-0.34988798512539604
-0.06860440333844287
-0.2940708218269414
-0.18746270665710899
0.36887546250241576
0.3157680745425514
0.08100130988395535
0.09369696557497237
-0.10498004511245124
-0.35591576953225357
-0.2968413033165975
-0.28726629659673486
0.09674592816583891
0.19847816885292158
0.013952430598530746
0.08179566840393171
0.1153733738817165
0.10683129185443586
0.14666781348786367
0.06744068375642141
-0.39633598053961966
-0.5331942443815983
-0.5118507181964117
-0.04528667895456311
0.10229563722738652
0.2880821148192224
0.06944671199015394
0.11232808921020887
-0.220947780737375
-0.39657510365271714
-0.027777192124529785
0.2816424789882469
0.07743284292343532
-0.2820373476718498
-0.08551290660690278
0.0665758960209442
-0.10317985055211716
-0.1898497958377089
-0.08001937338818076
-0.10612876489444055
-0.19666100410727164
-0.010380125163291407
-0.26389754376260816
-0.21690338695478545
-0.0873463293501589
-0.07803287512535549
0.07250675943685563
-0.07074528425029701
-0.29748401921797873
-0.2552376932410372
0.05742136269708853
-0.0484993390260243
0.013952430598530746
-0.18746270665710899
-0.18746270665710899
-0.07803287512535549
0.07844276870988243
0.10683129185443586
0.18178968047333505
0.10764512541163963
0.19152407029645416
-0.06546779371630619
0.07971984357508098
0.12938851592668782
-0.07860646541925491
-0.25171105337720623
-0.2737463534692077
0.21203683369877224
0.06728337495983767
-0.1882539669859321
0.03964458335406537
-0.1462007009846963
-0.22176304356686852
-0.09144273989845886
-0.0035139000331058383
0.23086885645343522
-0.435661573563966
-0.4084222099029939
-0.35825706559164594
-0.01408314050159825
0.24995550521972448
0.2889504846970574
0.07430681813848304
-0.19828669603993615
-0.010380125163291407
-0.08851437187246187
-0.23437916512091886
-0.0728879787393634
-0.1462007009846963
-0.3009535125882866
-0.29621972093635496
0.30380256838582786
0.3915943271568363
0.3157680745425514
0.06923431939553305
-0.08533602403825949
-0.17416295203533846
0.05329377436812036
0.28867318880901766
-0.19753325989763287
-0.12879230010818607
-0.4527762661418154
-0.5849052215828169
-0.5420827852776581
-0.26206552146968876
0.013952430598530746
0.17981101710278466
-0.3681156117150857
-0.4652349900859929
-0.4659179729162362
-0.24709764975671192
-0.13880591867101852
-0.3052049842802392
-0.3400250141253965
-0.0787846084720762
0.29277703114629
0.17655530425357846
0.07890819083457717
0.22580557825858072
-0.10688987843577351
-0.21789935639715655
-0.10723705632213294
0.013952430598530746
-0.19828669603993615
-0.08166492368521133
0.06636487050305295
-0.15722518120723517
-0.09001052276233963
0.2193410462788108
-0.08654186730231896
-0.08533602403825949
-0.20387280149043208
0.09030039850467406
0.2736157974740909
0.1884721698948215
-0.10006029387019945
-0.0787846084720762
0.25052484325857094
-0.18746270665710899
-0.07987442956769608
-0.1169962904370498
-0.010380125163291407
-0.20194218719109316
-0.3546857296594477
-0.3099829464041084
-0.40388344619380084
0.013952430598530746
0.35062755875991586
0.3237850996821785
0.013952430598530746
-0.18746270665710899
-0.10911956278230192
0.2873577306785914
-0.18746270665710899
-0.2055980625388832
-0.2031014743705009
-0.08851437187246187
-0.22953784537300342
0.05870455987034787
-0.08734056194370207
-0.04769757830328387
0.013952430598530746
0.013952430598530746
-0.13295287996880958
-0.4100526079252883
-0.4276320023796918
-0.08347142813419577
-0.04130565206237176
-0.18746270665710899
-0.12551241620866105
-0.010380125163291407
-0.010380125163291407
-0.0787846084720762
-0.02114074992027491
0.26824351521119233
0.07467186969206843
-0.18746270665710899
-0.06718438451540662
-0.18888551104740778
0.013952430598530746
-0.3921072669291709
-0.3209375282915557
-0.28037005624334876
-0.3433511998420647
-0.30913144287473854
-0.3073392536896967
-0.2572080440435325
-0.11212149880681785
-0.18746270665710899
0.27893042453875505
0.07822720144341169
0.013952430598530746
0.19296184351809365
0.27672444220373454
0.09750628123493937
-0.2477147464809309
-0.3631060027076354
-0.08455935458165334
-0.08088816379274393
-0.0957901491748761
0.2756299333986966
-0.08028852120925639
0.16992695385368722
-0.10559789341487119
0.270017004152439
1.208267711881144
1.7403312437419365
2.8395921763705467
