3.383492274944493
2.0191982646346345
0.8221881072321939
0.3711344179121582
0.25214292033166935
0.0891878670126359
0.18011579153205212
0.10590753126086155
-0.16959217681514108
0.07067453589738017
0.013952430598530746
-0.1737516719054814
0.17822919319486139
0.0891878670126359
0.18178968047333505
0.1153928489189439
0.0977496509756204
-0.0787846084720762
0.21162400166825182
-0.006647038401419861
0.23007378740775006
-0.0787846084720762
-0.013532792633398495
0.25776373859902196
-0.18746270665710899
-0.12551241620866105
-0.010380125163291407
0.33753733247038303
0.013952430598530746
0.06795103919985646
-0.07803287512535549
0.17735826453270612
0.19462180409351465
0.013952430598530746
-0.18746270665710899
0.19404675291229265
0.013952430598530746
-0.06827279068264941
-0.4051844517214242
-0.3075855706225612
-0.25767108490874047
-0.28017081959663864
-0.035121685486147386
0.0976218882534308
0.3096863602408111
0.17735826453270612
0.19440782336147097
-0.16567871675587453
0.17903215347398904
0.17931283125292447
0.10083880556890948
-0.18746270665710899
0.3511787578776879
0.3652000553620487
0.24143131585872113
-0.0787846084720762
-0.062277156051827605
-0.1865297719629976
0.19404675291229265
0.013952430598530746
0.3092126030800456
0.013952430598530746
-0.19361330251663691
-0.07803287512535549
0.07092757969769409
0.1007425518387217
-0.1759093569185895
-0.010380125163291407
-0.0787846084720762
-0.010380125163291407
0.34008866563841084
0.013952430598530746
-0.03504243543010183
-0.19163463216414786
0.05372492101146488
-0.22255341267429987
0.08051420209505734
0.14150465160646808
-0.08851437187246187
-0.2711910576610507
-0.2772365921204925
0.2704290738161709
0.06906549456876361
0.21554555545425702
-0.07860646541925491
-0.2045035872623169
0.07685241477124881
-0.30728767917845645
0.2798838168599947
0.1884721698948215
-0.05377069546605522
-0.03907350670899748
0.013952430598530746
0.2746441277466986
-0.1104587240804919
-0.18746270665710899
-0.19730902329096053
0.013952430598530746
-0.29578480113435435
-0.2922137102719995
-0.1250859154940886
0.091517304485934
0.17732786893532207
-0.18746270665710899
0.061578092737909235
0.3630919000942468
0.3606705869699028
0.14411159064170995
-0.22614865909866552
-0.21752351656874314
0.11997278334022544
0.013952430598530746
0.24037720079694352
-0.07803287512535549
0.07844276870988243
0.1123036943256548
0.09142164453888704
-0.06937238154679203
0.17903215347398904
0.0891878670126359
0.19203265717329515
-0.04937055858900212
-0.40411254412521486
-0.3155286920763389
-0.396790289780121
0.013952430598530746
0.013952430598530746
0.2646060040907833
-0.3546857296594477
-0.302045772639869
-0.30288040034200675
-0.3029840755845088
0.29743697125929985
0.3727420028042177
0.31687542501326615
0.08100130988395535
0.1912296968941675
-0.09233332508434225
-0.3546857296594477
-0.3204659016862632
-0.33622908126827666
0.2480721019674306
0.19014605883610447
-0.059022565456354696
0.06919502897488765
-0.19361330251663691
0.2803744072360681
0.06943054612234897
-0.18459894036210708
0.013952430598530746
-0.1788430221206033
0.2595631131271622
0.2897311851140795
-0.1879491063754799
0.013952430598530746
0.013952430598530746
0.2883435363305894
-0.18746270665710899
0.05909310327695408
0.013952430598530746
0.17519172567082786
0.09655161567637714
-0.166471492264052
0.06781988579597538
-0.11161690893232137
-0.010380125163291407
0.129239145987091
-0.07860646541925491
-0.1981316630269335
0.04746922569066835
0.09790652959121254
0.2889504846970574
0.07030948434379479
0.013952430598530746
0.13004210626621865
-0.35581536542725845
-0.28663457323026015
-0.30314597272785465
-0.08166492368521133
-0.12974367546239884
-0.2840194934096479
-0.30213168209344077
-0.09720280632405716
0.07743284292343532
0.013952430598530746
-0.19477407315605602
-0.13794246144521477
0.06943054612234897
0.29402857813695876
0.08346406676974588
-0.21964159815040987
-0.27263474127888626
-0.35596307289324647
-0.4309683857455618
0.005174593247653141
-0.20811307351870048
-0.08722598341367412
0.10891112587688809
0.3465753900119114
0.013952430598530746
0.18807141024483168
-0.3546857296594477
-0.27833710217001756
-0.11844290573118092
0.06831799682280823
-0.3471820173600159
-0.385711398732881
-0.40525889658052344
-0.07973283107722423
-0.2928522106019937
-0.46963249178779426
-0.5436896865695086
-0.4903704480368165
-0.3303542260824413
-0.30615727644273877
-0.18746270665710899
-0.010380125163291407
0.2963171828465326
-0.182262282029674
0.013952430598530746
-0.07803287512535549
0.06735911273717406
0.28291242848394643
0.08060320048138953
-0.27280609097201747
-0.41287474857893713
-0.3842759656924786
-0.4245824565984918
-0.010380125163291407
-0.13767955301304918
-0.18945446717111974
0.0015236704082698758
-0.0050272939737146275
-0.0787846084720762
0.013952430598530746
-0.08851437187246187
-0.2279339259833889
0.049980538630955314
-0.026607301098453648
-0.18746270665710899
0.2803744072360681
0.190945132312971
0.013952430598530746
0.2889504846970574
0.17209349271556548
-0.010380125163291407
-0.17816192643731543
0.013952430598530746
-0.1504179582481205
0.2861699194901284
0.072999013082869
0.09128339377719051
-0.20095674122496424
-0.06111645455996726
-0.24891482835659492
-0.26029591733859503
-0.3021307548355296
0.013952430598530746
-0.0787846084720762
-0.07803287512535549
0.17822919319486139
0.11638670364615489
0.10301787287480706
0.25273355627652216
-0.12974367546239884
-0.24823280061282407
-0.08609624486400548
0.10645402827290655
0.3630919000942468
0.26364726456913634
-0.08091319033849065
-0.08533602403825949
-0.2854396090563132
-0.40525889658052344
-0.031320983045781334
0.10153691035869807
0.287591524443149
0.18927513017394917
-0.17014136688329184
-0.2324768666135513
-0.0968905574821337
0.06796720506766142
-0.13767955301304918
-0.30300545043946814
-0.3932797727521761
0.06695352297388771
-0.27302555924365474
-0.24643346666867125
0.024794306377607548
0.2995636931857107
0.013952430598530746
0.06795103919985646
0.2873577306785914
-0.0787846084720762
-0.010380125163291407
-0.4215822935656056
-0.2675147777772835
-0.1033223313286332
-0.16603388098089983
0.22218233561696946
-0.09420949157788865
0.2889504846970574
0.17655530425357846
0.17485101971491146
-0.18746270665710899
-0.17902148818259905
0.192158883238966
-0.19285720560850567
-0.17513086743752868
0.14518252462597792
0.1001971243055106
-0.22388147205365663
-0.26029591733859503
0.013952430598530746
-0.0834152391963026
0.19383277218024894
-0.17940927353257755
0.1948497131914203
0.013952430598530746
-0.18746270665710899
0.20601990696764702
-0.10454810729745309
-0.18746270665710899
0.06641025167552428
-0.010380125163291407
0.17735826453270612
0.08956197039619317
0.06282729158366904
-0.4429845126513448
-0.5990985666551388
-0.5046584524188152
0.03792855818713147
-0.30503370411949093
-0.09021592526677354
0.08100130988395535
0.1968042799116386
0.013952430598530746
0.35062755875991586
0.31137305687450473
-0.2252429104454532
-0.05658543667229101
0.013952430598530746
-0.13767955301304918
-0.20376434726732973
0.07490171767179897
-0.300718205842252
0.06913075828394076
0.28598554775308554
0.06781988579597538
-0.06472724512686229
-0.0094288475545948
0.32552104959880496
-0.1696222966754454
0.17655530425357846
0.10083880556890948
-0.0787846084720762
0.3669973070705118
0.294395704720429
0.07694573513453731
-0.17696365585902915
0.07067453589738017
0.013952430598530746
0.17240380307409786
0.28993629034905544
0.07387795130431483
0.0977496509756204
-0.010380125163291407
-0.12974367546239884
-0.3013152152952744
-0.4003396536788242
-0.3021307548355296
0.2559435484539248
-0.18746270665710899
0.2559435484539248
-0.18746270665710899
0.28993629034905544
0.07141300176166922
-0.035971906513354523
-0.17078819984804075
0.04552809101322831
-0.3021307548355296
-0.18746270665710899
-0.18746270665710899
0.1884721698948215
-0.18115363731680456
-0.18746270665710899
-0.19374609513051727
-0.010380125163291407
0.29743697125929985
0.3020618785802386
-0.16439942637735427
0.2734951168380659
0.06943054612234897
0.013952430598530746
0.07694573513453731
0.2880821148192224
0.12588241569497396
-0.13767955301304918
-0.42310602236537986
-0.4340576928659761
-0.32131116860016307
0.013952430598530746
-0.03668240355086047
-0.19360091445407407
-0.11515448461751701
-0.006153097294656552
-0.18746270665710899
0.19153411186005498
0.28598554775308554
0.18927513017394917
-0.20218216371438447
-0.4184951662719125
-0.2244408590448032
-0.03149477185780329
-0.0049474694804638
-0.09944788417804076
0.29743697125929985
0.25242562069559427
-0.07055321745046567
0.192158883238966
0.34513140731459835
0.013952430598530746
0.22603046011795924
-0.12974367546239884
-0.31945806565235807
-0.4108883236543551
-0.37055058776547667
-0.26819486530621045
-0.3090730846456548
-0.30145979086123154
0.08356112104962429
0.08238154716990577
-0.18746270665710899
0.3699828129731305
0.3157680745425514
0.17606265433298318
0.11102222801678044
0.10202401814759607
0.25025229226002443
-0.18746270665710899
-0.18746270665710899
-0.0787846084720762
-0.14118771282739306
0.19620556564227148
-0.10454810729745309
-0.18746270665710899
0.22680961456533985
-0.0787846084720762
0.26456424809326035
0.29071699076607754
0.013952430598530746
-0.035971906513354523
-0.24306301063190822
-0.2892432355871763
-0.1448421829337879
-0.1615875306065699
-0.058163879770523376
-0.07803287512535549
0.17457034193597606
-0.07803287512535549
0.07339479482686988
-0.18746270665710899
0.06581393376916606
-0.18312391500436528
0.013952430598530746
-0.18746270665710899
-0.010380125163291407
0.013952430598530746
-0.035971906513354523
-0.268210483181788
-0.29943196517343323
0.08929466727743397
-0.005823071719411729
0.3461668442062544
0.24083091204970078
0.07452881943295964
0.9767526825271385
1.530282776590343
2.6914740788812255
