2.862448941294281
1.769043574874908
0.4125208996407314
-0.26216669449600477
0.12650713878084238
-0.3021307548355296
0.2981953382784366
-0.18490019904723787
-0.18772436161837866
0.072999013082869
0.19440782336147097
0.2746831510421678
0.17289645299469314
-0.19666100410727164
-0.010380125163291407
-0.3546857296594477
-0.27175545207367746
-0.12277065919864423
0.10227527615555589
0.10738849377697052
-0.17879398279274397
-0.2031014743705009
-0.08758490078920918
-0.2265787458976828
-0.1177745113844461
-0.0787846084720762
0.23444790154140446
-0.07055321745046567
0.17209349271556548
-0.19477407315605602
-0.0834164314524841
0.06943054612234897
0.29835562044749175
0.17735826453270612
0.1038317064320108
-0.17704084111123014
-0.18746270665710899
-0.0787846084720762
-0.18746270665710899
-0.18746270665710899
0.013952430598530746
0.08100130988395535
0.17485101971491146
0.2883435363305894
-0.19477407315605602
0.06938240072968609
0.09128339377719051
-0.18746270665710899
-0.08697804212380453
0.07615137661456094
0.013952430598530746
-0.18746270665710899
0.07066386703856047
0.1329921234393456
-0.1944990323445454
-0.31389383040978003
-0.34577399256965313
-0.03093756201499173
-0.21724886837770538
0.013952430598530746
0.013952430598530746
0.06795103919985646
0.2889504846970574
0.07030948434379479
0.29522769199523696
-0.17239358576908675
-0.18746270665710899
-0.0787846084720762
-0.14752090555775144
0.2734951168380659
0.17209349271556548
0.2873577306785914
0.2984227769112979
0.2969157501899326
0.08100130988395535
0.09655161567637714
-0.15579554579453017
0.3642671139812814
0.3157680745425514
0.06795285308665867
-0.1307040032178599
-0.39123873320364844
-0.40991082864917705
-0.12493936547275351
-0.03072748289068793
-0.03761187463411316
-0.135006540848408
0.014843990725311283
0.10645402827290655
0.2338647377796704
-0.0787846084720762
-0.20965746083937614
-0.07860646541925491
-0.2651913700733095
-0.24709764975671192
-0.028958439873327767
-0.07803287512535549
0.17735826453270612
0.1478986745423833
0.14404535983274283
-0.14541075337467907
0.08636416822066256
0.25182318272113735
0.2883435363305894
-0.18746270665710899
0.06433442684667354
-0.2020025932923933
0.0814536219362695
-0.21659494225349746
-0.2623526305864885
-0.2856733773809099
0.00890423866275333
0.23917091254828868
0.17072991413281488
-0.18746270665710899
-0.18746270665710899
-0.18746270665710899
0.06705493345509002
0.1943472912579411
-0.13767955301304918
-0.2649439870073249
-0.09370313463014429
0.26883631979770484
0.2897311851140795
-0.18265995657684006
0.28993629034905544
0.17822919319486139
0.08648531901642129
-0.08851437187246187
-0.2188006867607405
-0.12454355164854432
0.00020168307140070992
0.10690086926065924
-0.08851437187246187
-0.23930446614140594
-0.2026546962923746
-0.3708536041918813
-0.40516684682488213
-0.36157116066397876
-0.10136777398316056
-0.27747042305095154
-0.0856106513025238
0.19014605883610447
-0.08403063181106145
0.07743284292343532
0.013952430598530746
-0.18746270665710899
0.2559435484539248
-0.18746270665710899
-0.0787846084720762
-0.18537648452309122
0.013952430598530746
-0.18746270665710899
0.1884721698948215
-0.08873457738657288
-0.18746270665710899
-0.19477407315605602
0.06938240072968609
0.09369696557497237
-0.0035098335241916206
0.2810870377801518
-0.2020025932923933
-0.03504243543010183
-0.1939131115663337
-0.01565154599245508
-0.009463868433724227
0.1123036943256548
0.19370654611457813
-0.05913150315142762
0.17072991413281488
-0.18746270665710899
-0.19726023843844165
-0.2020025932923933
0.07699930137184216
-0.23610015449837157
-0.307858908671119
-0.025481497777511724
0.09903111728449476
0.2702375152451224
-0.12974367546239884
-0.20904038140758846
-0.06917141939193931
-0.08091319033849065
-0.0901543399932205
-0.2279339259833889
0.04552809101322831
-0.3021307548355296
0.013952430598530746
0.19383277218024894
0.29441236537125937
0.17903215347398904
0.17931283125292447
0.08665591434188145
-0.18233250315988575
-0.18746270665710899
0.2873577306785914
0.2746441277466986
-0.01427743055730359
0.23091736629604281
-0.0787846084720762
-0.1879491063754799
-0.07803287512535549
0.19572064185357557
0.013952430598530746
0.08100130988395535
0.17360362563423087
-0.18746270665710899
0.013952430598530746
0.35062755875991586
0.31221663576279746
-0.18174824867640368
-0.07803287512535549
0.16992695385368722
-0.18746270665710899
-0.010380125163291407
0.2873577306785914
-0.18746270665710899
-0.18746270665710899
0.0651287853666499
0.28993629034905544
0.08063625833036996
0.0942762946402918
-0.17319282897233834
0.2809044757965425
0.1884721698948215
-0.10373062367090342
0.2646060040907833
-0.35724928666259514
-0.28930886395301136
-0.24709764975671192
0.08522038794341177
0.10684342043304973
-0.21163867116926396
-0.24709764975671192
0.09674592816583891
0.1809867201942074
0.11411138261006952
0.09854400949559677
0.2889504846970574
0.06745483424239002
-0.09640284550387314
0.27931172177807645
-0.18746270665710899
-0.18746270665710899
0.2889504846970574
0.07706779136984993
-0.1842553991970059
-0.18746270665710899
0.2746441277466986
-0.04340346589504888
0.013952430598530746
0.013952430598530746
0.07483757316543804
-0.2178913171730269
-0.28726629659673486
0.1597360927821642
-0.0901543399932205
-0.25391953133584516
-0.27353405225570243
-0.3348220477994659
-0.26029591733859503
-0.13880591867101852
-0.4349016244129738
-0.4093966549067089
-0.3751935249255717
0.09663320634612413
0.013952430598530746
0.07971984357508098
0.09431045445948305
-0.07409975264686867
0.0742430028579002
0.1007425518387217
0.3630919000942468
0.2988176719857428
-0.18129920451619308
-0.18746270665710899
0.17655530425357846
0.1478986745423833
0.1445636758317668
-0.22427863416721794
-0.32227052135798107
0.21364336641165044
-0.0787846084720762
-0.1879491063754799
-0.07803287512535549
0.07098808623895406
-0.08851437187246187
-0.2016511091659574
-0.11203505655452302
-0.07973283107722423
-0.26831719118573455
-0.4076026249369381
-0.1312826399132656
-0.40521495474786046
-0.38748251375805687
0.037603212848057996
-0.05515428570486071
0.10455597081835054
0.11180646220055834
0.19760724019076625
0.013952430598530746
0.26554196817371367
-0.07860646541925491
-0.4172740778028189
-0.433831663573513
-0.3588032591047858
0.013952430598530746
0.29249801077035864
0.072999013082869
0.11081260747334737
0.0898970020791448
-0.17139310701730778
-0.2689677650419897
-0.24709764975671192
0.013952430598530746
0.013952430598530746
-0.07981606853346201
0.17209349271556548
-0.18746270665710899
-0.18746270665710899
0.06913075828394076
0.2880821148192224
0.07067453589738017
-0.235376497744518
-0.07715761688630021
-0.040325183873491606
0.013952430598530746
-0.2000193401293302
-0.3546857296594477
-0.32581778909222586
-0.33805152290443913
0.22929798157651493
0.2873577306785914
-0.18746270665710899
0.013952430598530746
-0.18746270665710899
0.06627610818253597
-0.07300964768088165
0.07467186969206843
-0.18746270665710899
0.013952430598530746
-0.08166492368521133
0.025744302516601952
-0.3607036154369198
-0.44601613287178593
-0.39520165322799494
-0.06428796781125
-0.03761187463411316
-0.24299202833425973
-0.40525889658052344
-0.2562821528388052
0.013952430598530746
-0.057885435610694334
0.013952430598530746
-0.03504243543010183
-0.2706437881881539
-0.26029591733859503
-0.3570421351902229
-0.24785874677383646
0.09111148582003727
0.2804875396937122
0.192158883238966
-0.1417536151947222
0.26009615306101125
0.1737673816568484
-0.19733461599671273
0.1457267101697927
0.10623437376771133
-0.32260790746985163
-0.43800174247440815
-0.38536701070528756
-0.06428796781125
-0.18746270665710899
-0.18746270665710899
-0.18560253217292405
0.2873577306785914
0.2646060040907833
-0.3546857296594477
-0.28307974639164646
-0.24709764975671192
-0.031320983045781334
-0.07860646541925491
-0.2890753501480144
-0.3868034909676003
-0.30669600666456964
-0.09920900036571613
-0.08851437187246187
-0.2012145462333736
0.02692582211821661
0.013952430598530746
0.07674769452091917
0.28993629034905544
0.07935479202149559
0.10002497201170574
0.2883435363305894
-0.2103915166769848
-0.13388235105206228
-0.41659103623543325
-0.4590459700325515
-0.3826896024287995
-0.010380125163291407
-0.13986856774673606
0.072999013082869
0.17931283125292447
0.07890819083457717
0.3025129303055829
0.17903215347398904
0.14052133838660785
-0.08851437187246187
-0.1903089321193473
0.13761070216641408
0.27690993400996705
0.013952430598530746
0.26806715198821535
-0.19733461599671273
0.04727115232224302
-0.3546857296594477
-0.30351691721529817
-0.3031104573037596
-0.07803287512535549
0.17209349271556548
-0.19666100410727164
-0.010380125163291407
-0.035971906513354523
-0.21619906560941365
-0.19623111746917876
-0.07973283107722423
-0.31077864210966216
-0.39795320463380607
-0.03093756201499173
-0.2020025932923933
-0.035971906513354523
-0.18704362975943986
0.02298440879358917
-0.20075776557237748
0.08100130988395535
0.1765249086561944
0.2661987581092493
-0.035971906513354523
-0.19668825962658829
0.051590733075048995
-0.07973283107722423
-0.3055279363652464
-0.39594940326626404
-0.3037930573806083
0.06938240072968609
0.17485101971491146
-0.18746270665710899
0.013952430598530746
0.17209349271556548
-0.010380125163291407
0.013952430598530746
-0.18746270665710899
-0.18746270665710899
0.06641025167552428
0.2694568148281003
-0.08851437187246187
-0.2055291709142682
-0.09479508135368844
-0.2963230023627699
0.1948497131914203
0.013952430598530746
-0.18746270665710899
0.05761359635446157
-0.19666100410727164
0.2582303638058079
-0.35581536542725845
-0.24785874677383646
0.08969671482263576
0.29367907646937935
0.1743887653917002
0.09128339377719051
-0.18746270665710899
0.17735826453270612
0.17485101971491146
-0.18746270665710899
-0.18746270665710899
0.2802245566479415
0.2889504846970574
0.1737673816568484
-0.18746270665710899
0.06938240072968609
0.19847816885292158
0.013952430598530746
0.08100130988395535
0.09903111728449476
-0.18746270665710899
0.013952430598530746
-0.18746270665710899
0.1884721698948215
-0.05558222493317305
-0.18412715022492154
-0.08533602403825949
-0.2335313139983192
-0.11960333008703808
-0.2546323038286849
-0.4154875962720444
-0.3063612813364459
-0.28726629659673486
-0.03321186566410148
0.1912296968941675
-0.086271120871032
-0.07860646541925491
-0.24207583203854438
-0.09935700538847632
1.1026656258541687
1.5772618282581714
2.2811503943395635
