2.8249530234129194
1.8652036497967959
1.539348242048857
0.2696370346955687
-0.13200355542813055
0.2809044757965425
0.07578632506097556
0.2741501111083187
0.2897311851140795
0.013952430598530746
-0.18746270665710899
0.294655186578194
0.17655530425357846
0.07591528997147587
-0.20084330611298554
-0.07860646541925491
-0.29670706234640903
-0.4041446361076347
0.2704290738161709
0.14890960933630154
-0.12638057221603016
-0.3336149796541117
-0.40559628428226774
-0.3695931874431961
-0.12602443348913447
-0.00742369201642794
0.18178968047333505
0.17962314161145682
0.11409190757284214
0.18011579153205212
0.08317590568988212
-0.19477407315605602
0.17903215347398904
0.08308726056648195
-0.08851437187246187
-0.25135554618925676
-0.40525889658052344
0.09428411753069264
0.09128339377719051
0.2746441277466986
-0.1104587240804919
-0.18746270665710899
0.013952430598530746
0.013952430598530746
0.2889504846970574
0.14492374989066503
-0.42323932843362677
-0.46159695914859816
-0.6101616036686941
-0.5324066435111573
-0.21508107572716395
0.013952430598530746
0.2893909623587849
0.32493273921053745
0.013952430598530746
-0.021201875039077875
0.25721162020610366
-0.20194070373108172
-0.4377991096803067
-0.23588478412464764
-0.008270568403697946
0.08535341233566303
0.02993881842349682
-0.35389695761590745
-0.37269641384287483
-0.09768086451255004
-0.03593381608182095
0.3201951196916725
0.013952430598530746
-0.18746270665710899
-0.18746270665710899
0.1737673816568484
0.2889504846970574
0.06632068720520165
-0.13767955301304918
-0.18151712937373385
-0.009107156032577331
-0.019701330393418846
-0.18746270665710899
-0.18110450203339945
0.013952430598530746
0.2897311851140795
0.013952430598530746
-0.11986519608724415
-0.0787846084720762
-0.010380125163291407
-0.08851437187246187
-0.20236529934108952
0.08105216825668883
0.013952430598530746
0.2873577306785914
0.2669794585262714
-0.13767955301304918
-0.23420585241866912
0.04746922569066835
-0.03198653021016929
0.2746441277466986
-0.11171040124498603
-0.18746270665710899
-0.19487757932315788
-0.18746270665710899
0.0656158931555479
-0.19477407315605602
-0.18746270665710899
0.06033410296287805
0.34936361810529903
0.013952430598530746
0.1737673816568484
-0.20923222949757705
-0.06960855385169852
-0.36712598403755137
-0.37044276858107084
-0.16534688237504458
0.24421107509027187
-0.18746270665710899
0.06266157023747414
0.109531141164473
0.08347991493980274
-0.35581536542725845
-0.30098247549029344
-0.26029591733859503
-0.10066606322148866
0.17822919319486139
0.0891878670126359
0.1788683974513715
0.0977496509756204
-0.18746270665710899
0.2669754434590135
0.0759533360009428
-0.19666100410727164
0.27510404608583644
0.14797946154176292
-0.14058028385156132
-0.06979298087012213
-0.13880591867101852
-0.2646943806729031
-0.10705537448894681
0.2590863261386357
0.06796720506766142
-0.13767955301304918
-0.30617132911996975
-0.43330883573131035
-0.30463268892315926
0.05109635255083894
-0.07860646541925491
-0.24226067314932745
-0.24709764975671192
-0.04097261861379316
-0.08922486890996781
-0.2754547324809865
-0.30096352603876786
-0.13241993843658123
-0.23522424306063502
-0.004205031770803552
-0.07721248097110407
0.17735826453270612
0.19491641023831197
0.37607320663743093
0.24227489474701383
-0.0787846084720762
0.27849625180416404
0.07467186969206843
-0.0787846084720762
-0.0836407555092139
0.06943054612234897
0.26220727333976607
-0.1898497958377089
0.21485463348559822
-0.0787846084720762
-0.18746270665710899
-0.0787846084720762
0.27849625180416404
0.07822720144341169
-0.17754183476963414
0.07329672651315616
-0.10317985055211716
-0.18746270665710899
0.013952430598530746
0.013952430598530746
-0.06384709790081597
-0.19261174477936271
0.2702375152451224
-0.12974367546239884
-0.21049963961508925
0.06161572040456078
-0.10028108834561443
0.0759533360009428
0.29743697125929985
0.2534071047590295
-0.07206797091939128
0.08051420209505734
0.10789472398787023
-0.08851437187246187
-0.19765782811501495
0.053275431275287645
0.08440942547382291
-0.22938300976211615
-0.2984653813808848
0.31432579167762453
0.294395704720429
0.16992695385368722
-0.0787846084720762
-0.0787846084720762
0.29117105445622654
0.072999013082869
0.0977496509756204
0.2816851762135646
0.013952430598530746
0.17209349271556548
-0.0787846084720762
-0.010380125163291407
0.17655530425357846
0.19491641023831197
0.3633147803101592
0.013952430598530746
0.0665758960209442
-0.10615883511036214
-0.35591576953225357
-0.2597066157595213
0.04898202585459623
-0.28151086203934794
-0.13516462749516112
-0.13767955301304918
-0.24888864235658467
0.05847769929914674
0.10605156888715482
-0.2479032212154104
-0.3761354695391021
0.013952430598530746
0.17655530425357846
0.17485101971491146
-0.18746270665710899
0.2930492098881306
0.08179566840393171
0.11102222801678044
0.09142164453888704
-0.17567737522077434
-0.1169962904370498
-0.0787846084720762
0.23922244654765307
-0.18746270665710899
-0.19361330251663691
0.17655530425357846
0.07890819083457717
-0.17356573446416718
0.07971984357508098
0.17485101971491146
-0.18746270665710899
-0.0787846084720762
-0.11986519608724415
-0.07803287512535549
0.17655530425357846
0.07870503608462907
-0.3871388132626104
-0.23298982380161276
-0.11209064082114564
-0.21646104178114572
0.013952430598530746
-0.18746270665710899
-0.010380125163291407
-0.1125592812159553
-0.18746270665710899
0.19383277218024894
0.2980955481937134
0.17735826453270612
0.1765249086561944
-0.07803287512535549
0.07217156947272528
0.10301787287480706
0.2741501111083187
0.2873577306785914
-0.0787846084720762
0.2889504846970574
0.0778621498898263
0.2880821148192224
0.14776053150343998
0.06627859434495373
-0.2613022317067945
-0.3601010169573741
-0.34770008563758203
0.12075820277057517
-0.3125089287148452
-0.10590072085442856
0.14702173966297488
0.08092841871668258
-0.18628499231195292
-0.17194007035609016
-0.1781580862329288
-0.3856538726775374
-0.4047391135089283
-0.04486297363702483
-0.39767096905773897
-0.17071289602711875
0.018776634255740058
-0.21096352425266812
-0.18746270665710899
0.19404675291229265
0.013952430598530746
0.2746441277466986
-0.1056853340581247
-0.07860646541925491
-0.22238267107296128
0.027175428792540136
-0.0787846084720762
0.31512123794197516
-0.17107753661504044
0.14890960933630154
-0.12638057221603016
-0.21433442544960676
-0.14678923948177836
-0.07803287512535549
0.18927513017394917
-0.02588665430168395
-0.12974367546239884
-0.2664520208822866
-0.24709764975671192
-0.3021307548355296
-0.13701693756052377
-0.20921825804060615
-0.013819477400630402
-0.39035257549464
-0.44640372010996415
-0.24709764975671192
-0.06557068047167872
0.09128339377719051
-0.010380125163291407
0.3669973070705118
0.2809967409433743
0.0641420048390655
-0.3546857296594477
-0.24959486232533107
0.08778908556438707
0.29100390417482913
0.17655530425357846
0.19491641023831197
0.3182250540479692
-0.1606431737347277
0.07971984357508098
0.19659029917959495
0.2968615214445141
0.07615137661456094
-0.1726154859749322
0.20184029081885477
-0.08758490078920918
-0.22730291174366019
0.08496655577487887
0.013952430598530746
0.08100130988395535
0.19491641023831197
-0.13077229462382808
0.2490642580559226
-0.18746270665710899
-0.07803287512535549
0.17655530425357846
0.19462180409351465
0.013952430598530746
0.013952430598530746
0.013952430598530746
-0.00900046649826488
-0.35514925111500595
-0.41698556957738986
-0.22686966872905936
0.091517304485934
-0.010380125163291407
0.07122529312798123
-0.12028624728821471
-0.049601818701640585
0.013952430598530746
0.04542648851714816
-0.24841691497342858
-0.28726629659673486
-0.1462007009846963
-0.26052060600562865
-0.28726629659673486
-0.0787846084720762
-0.18746270665710899
0.3711464043792836
0.2809967409433743
0.06795103919985646
-0.20078141655167397
-0.07860646541925491
-0.28724377909393134
-0.4049095620793131
-0.043918053565241505
0.26771047527734315
0.2883435363305894
-0.08091319033849065
-0.08851437187246187
-0.26338419679220915
-0.20577778993118961
-0.23490631354715036
0.10417676188283345
0.26900325842788736
0.18986022291877203
0.2636512560370791
-0.20084330611298554
0.10782264344495092
-0.19030948551806404
0.04589867502415974
-0.30503370411949093
0.17655530425357846
0.08445737199875653
-0.07803287512535549
0.14761457984311935
-0.12638057221603016
-0.3573095950477211
-0.3920676107131216
0.11502179522448623
-0.055799042648145294
0.013952430598530746
-0.4290450828981624
-0.3063612813364459
-0.28726629659673486
0.25887493969061776
-0.03761187463411316
-0.2108760586719277
-0.11878964005556927
0.06572432837011856
-0.30549911828847515
-0.2299229164677986
0.8376863057334518
1.5889146753987786
2.4709424507183937
