2.769828992171498
1.6891919386854628
0.9368421032384247
0.34439790254866876
-0.12139524271202323
-0.08091319033849065
-0.08851437187246187
-0.2625289355657887
-0.40657650905142584
-0.0787846084720762
0.013952430598530746
-0.08851437187246187
-0.1962027395544637
-0.07580193717228889
-0.30032164270093437
0.013952430598530746
-0.08851437187246187
-0.1538375845187798
0.018117900864188834
0.10227527615555589
0.17732786893532207
0.2694568148281003
-0.035971906513354523
-0.21443562248380327
-0.18398262567641843
-0.1448421829337879
-0.2896265449604574
-0.40525889658052344
-0.03019517972483941
0.09903111728449476
0.2816851762135646
0.013952430598530746
-0.18746270665710899
0.013952430598530746
0.2889504846970574
0.06758598764627109
-0.19563454650577713
0.262903571767887
0.09892443057416299
-0.22000459381709925
-0.2520382889896211
-0.26353223122841407
-0.14265793334206336
-0.07803287512535549
0.17289645299469314
-0.010380125163291407
0.17593073182300453
-0.13767955301304918
-0.45233957806245606
-0.4494250050716605
-0.40525889658052344
0.013952430598530746
0.072999013082869
0.19440782336147097
0.30140557983486826
0.1403831953476645
-0.08533602403825949
-0.2285820911335397
-0.24709764975671192
0.2451952832745303
0.06434004545268364
0.1069023537153399
-0.24719092802607115
-0.3499628636955521
0.21726944180950894
-0.18746270665710899
-0.18746270665710899
0.06581393376916606
0.013952430598530746
0.013952430598530746
-0.18746270665710899
0.29743697125929985
0.2724848914077893
-0.18746270665710899
0.06033410296287805
0.2636512560370791
-0.20327679904379117
0.07453233261320644
-0.20760041318784936
-0.12473137400163116
0.09593620341395707
-0.0787846084720762
-0.110249347709129
-0.18746270665710899
0.1743887653917002
0.0897587513174483
-0.3546857296594477
-0.21027679914677908
-0.07118767866540579
-0.08166492368521133
-0.07860646541925491
-0.30310411477604776
-0.4935093064672945
-0.4238322476871842
-0.39272348639851573
-0.3300256386870405
0.12362444415754215
0.10284579890217099
0.2488881094075983
-0.010380125163291407
0.29277703114629
0.17655530425357846
0.08317590568988212
-0.07803287512535549
0.0658957716824865
-0.13767955301304918
-0.2321247505174494
-0.12293227114607591
-0.0059326051641205016
0.1054097824083518
-0.10688987843577351
-0.1739693932328991
0.10038404366756845
-0.02848879789324986
0.013952430598530746
-0.0787846084720762
-0.08096966098306663
0.17655530425357846
0.07591528997147587
-0.18746270665710899
0.013952430598530746
0.17209349271556548
0.2897311851140795
0.013952430598530746
-0.31913406078976936
-0.34486639190568774
-0.36142464988164413
-0.3643462295041113
-0.11880412065567425
-0.21194554864796672
-0.18746270665710899
-0.18899026891187962
0.19572064185357557
0.013952430598530746
0.0742430028579002
0.10202401814759607
-0.17656490210545647
0.013952430598530746
-0.4095405839566491
-0.21261255794948006
0.03799059018346386
-0.1941984009063933
-0.010380125163291407
-0.18746270665710899
0.06266157023747414
0.10509369770365778
0.013952430598530746
0.19296184351809365
0.28145021732203157
0.2889504846970574
0.06621084446735882
-0.07061102914213148
0.08051420209505734
0.11181658653675682
0.18178968047333505
0.14138846710439806
-0.035971906513354523
-0.2920141710939766
-0.3402210972714257
0.1959146453382622
-0.0787846084720762
-0.18746270665710899
0.06433442684667354
-0.18746270665710899
-0.18746270665710899
0.0656158931555479
-0.18746270665710899
0.013952430598530746
0.35062755875991586
0.26364726456913634
-0.07803287512535549
0.07615576805823678
0.2880821148192224
0.07694573513453731
-0.17922436278829246
0.06919502897488765
-0.010380125163291407
-0.20211751186438343
-0.4162079250178714
-0.32445560815274155
-0.4003396536788242
0.013952430598530746
0.26709729632653934
-0.20194218719109316
-0.03504243543010183
-0.2303917553277757
-0.11447638239340341
-0.2971626339053209
0.2559435484539248
-0.18746270665710899
0.24203575038543015
-0.07803287512535549
0.18905726263964437
0.22256234106875256
-0.0787846084720762
-0.2020025932923933
-0.035971906513354523
-0.2699655188208207
-0.28726629659673486
-0.028958439873327767
0.10002497201170574
0.29743697125929985
0.3020618785802386
-0.1653810473842322
0.26009615306101125
0.17209349271556548
-0.19666100410727164
-0.20084330611298554
-0.08851437187246187
-0.20742083294378158
0.049980538630955314
0.08715327095275537
-0.18746270665710899
0.17289645299469314
-0.18746270665710899
0.2803744072360681
0.07615137661456094
0.2741501111083187
0.2897311851140795
-0.010380125163291407
-0.07860646541925491
-0.2776543322226888
-0.4062850124660357
-0.3021307548355296
0.06660829228914242
-0.17242693374207818
0.07743284292343532
0.3630919000942468
0.3652000553620487
0.26364726456913634
-0.07803287512535549
0.07615576805823678
-0.17884362096757825
0.17903215347398904
0.14052133838660785
-0.08851437187246187
-0.25969090757408514
-0.2712800008103994
-0.2856730746378682
0.049980538630955314
-0.025481497777511724
0.013952430598530746
0.08100130988395535
0.10381223139478342
0.2192127717473748
-0.08851437187246187
-0.26633018186323876
-0.25246237502539765
-0.027844040949965284
-0.03668240355086047
-0.15251075889097915
-0.02701842372715584
-0.1448421829337879
-0.26951980815512927
-0.2938947246943164
0.23077984006883145
0.07467186969206843
-0.08166492368521133
-0.3546857296594477
-0.24091772842491657
0.06673749140899772
-0.1462007009846963
-0.19698208762149483
0.05478315021413986
0.2676118900507459
0.06919502897488765
-0.010380125163291407
-0.0787846084720762
-0.0787846084720762
-0.14484473042813278
0.13485190941747674
-0.08533602403825949
-0.25904817197799607
-0.24709764975671192
-0.14694321974913513
0.06943054612234897
0.3579620278930806
0.18886416996069635
-0.13767955301304918
-0.2628819214360428
-0.09951621910180217
-0.0046397033540477636
0.251826191107889
-0.010380125163291407
0.07098808623895406
-0.035971906513354523
-0.23832100988283642
-0.40525889658052344
0.013952430598530746
0.06943054612234897
-0.17706346829754385
0.03927075232645059
-0.24840507167371492
-0.3523182363632592
-0.3500067923468467
-0.11339633662306092
-0.013147161569005836
-0.19654734561608625
-0.2847541457296467
-0.28726629659673486
0.25214530777830446
-0.1929403101253263
0.2734951168380659
0.0759533360009428
-0.0787846084720762
0.21162400166825182
-0.11741924786593916
-0.13767955301304918
-0.21370375450262435
0.10385972865047916
-0.031048170661549756
-0.08049369002357498
0.06919502897488765
0.2897311851140795
-0.18434661212488396
-0.19543416909144107
-0.0787846084720762
0.19501127436009913
-0.4077781160635204
-0.28344315452158686
-0.0969172262497957
-0.011081757715985009
-0.18701541763271495
-0.19919006256500738
0.04624958978305562
-0.15691706845025055
0.1252465108086241
0.2704290738161709
0.07706779136984993
-0.16440782470158313
0.27510109352812934
0.192158883238966
0.2516351497534476
-0.07206797091939128
0.17606265433298318
0.1123036943256548
0.10281837666757244
0.28968809150928587
0.17457034193597606
-0.07803287512535549
0.19296184351809365
-0.19078875336341614
-0.2020025932923933
-0.07860646541925491
-0.26590869569025766
-0.2582368803242383
-0.29276597959502515
-0.12083770669887148
-0.0009241202495412147
0.11102222801678044
0.1760804748546415
-0.19477407315605602
0.17735826453270612
0.09437254837047959
-0.18746270665710899
0.2809044757965425
0.17209349271556548
-0.0787846084720762
-0.18746270665710899
-0.019715274307357603
0.23091736629604281
-0.08166492368521133
0.05742906336068945
-0.26041920584137074
-0.3301796254893567
0.10117577359801032
0.2880821148192224
0.17072991413281488
-0.010380125163291407
-0.18746270665710899
-0.2029459130047242
-0.2020025932923933
-0.08851437187246187
-0.174928958694118
0.13283075979517492
-0.02612625472079631
-0.19726023843844165
0.2319767813962966
-0.12974367546239884
-0.24686697403911986
0.0416441597469678
-0.1467816778010419
-0.26538870785418084
-0.24709764975671192
0.07855271950290742
-0.32388517111682114
-0.4585331044261279
-0.4334138068508571
-0.3269055460007425
-0.3072995738617477
0.2889504846970574
0.07558828444735742
-0.19361330251663691
-0.07803287512535549
0.06450446263576928
-0.07300964768088165
0.17519172567082786
0.19273393442018802
-0.17910186487203775
-0.18746270665710899
0.05909310327695408
-0.1842553991970059
-0.1898497958377089
0.06641025167552428
-0.010380125163291407
0.07407994322938602
0.013952430598530746
0.3683242633846438
0.294395704720429
0.06943054612234897
0.013952430598530746
0.17457034193597606
-0.07803287512535549
0.0748743017493624
0.013952430598530746
0.0759533360009428
-0.10029644429575212
0.01884486818510315
0.6286504073977757
1.3045276588106847
2.531954021093505
