2.517028849318267
1.5718566061545058
0.7216525638675166
-0.050239354448161036
-0.2792991864546828
-0.3825260457188184
-0.07803287512535549
0.07407994322938602
0.2741501111083187
0.2702375152451224
-0.13767955301304918
-0.2727400405530849
-0.11632986441255372
-0.0046397033540477636
0.013952430598530746
-0.19468246646255377
0.13964440350719942
-0.035971906513354523
-0.23898498835407953
-0.40525889658052344
-0.03019517972483941
0.2873577306785914
-0.1898497958377089
0.2559435484539248
-0.18746270665710899
0.3511787578776879
0.33718406345923313
0.013952430598530746
-0.08166492368521133
-0.33029688200924157
-0.31139850440679434
-0.2616680329043297
-0.2717908465174953
0.0531001591130497
-0.028969844270907208
-0.07803287512535549
0.18986022291877203
0.37725275135935604
0.2098698862141128
-0.03504243543010183
-0.20339569258129417
-0.027938050384499195
-0.1467816778010419
-0.2806321405105415
-0.3890140076668657
-0.010380125163291407
-0.08987312068741309
0.07467186969206843
-0.18746270665710899
-0.014560145741162808
0.35222080680304996
0.013952430598530746
0.0665758960209442
-0.07628916200868038
0.1457267101697927
0.05384006958902429
-0.3588470729857123
-0.4605739734054549
-0.3596241568406452
-0.35646537906159437
-0.13504673435043169
-0.2992259516467312
0.17735826453270612
0.10212027187778386
-0.18746270665710899
-0.010380125163291407
-0.110249347709129
-0.19726023843844165
0.17818363839584983
-0.035971906513354523
-0.3199242947881063
-0.4187795543794289
-0.39475943622660803
-0.4691633610051553
-0.3375426961312457
0.04588328037820058
-0.3021307548355296
0.0656158931555479
0.29743697125929985
0.13890614551104538
-0.282535049116224
-0.3294387427031482
-0.28726629659673486
0.09624621827806915
0.25903169888531613
-0.18746270665710899
-0.18746270665710899
-0.07803287512535549
0.17822919319486139
0.17931283125292447
0.09736544923358091
0.213939745380866
-0.06111645455996726
-0.2528978099728031
-0.24709764975671192
0.2704290738161709
0.06906549456876361
-0.2459004673467179
-0.1156831094781383
-0.18746270665710899
0.1737673816568484
-0.18746270665710899
0.18927513017394917
-0.21062289692492123
-0.303776763387859
-0.28381502738348574
-0.13406460683717017
-0.07803287512535549
0.18927513017394917
-0.11175930588364157
-0.2031014743705009
-0.4026636829383144
-0.24620647149291636
-0.06603544825843244
0.2789155603784134
0.25981008875572675
-0.18746270665710899
-0.1535951040550082
0.19367276476978193
-0.08758490078920918
-0.2615497972662706
-0.24709764975671192
-0.07803287512535549
0.07615576805823678
0.2880821148192224
0.17457034193597606
0.2694568148281003
-0.08851437187246187
-0.1961089381035321
0.05452984176578576
0.21964029235888635
-0.18746270665710899
-0.18746270665710899
0.27827784016993123
0.07457819282203054
-0.17948857043733327
-0.11441264877761466
-0.2031014743705009
-0.13767955301304918
-0.21095694158158954
0.10459114811797506
-0.027252058041738234
-0.13767955301304918
-0.1791163825208127
-0.07006341726607389
-0.2963230023627699
-0.12107067666641297
-0.19477407315605602
0.07145822555853683
0.10683129185443586
0.0942762946402918
0.2880821148192224
0.07822720144341169
-0.1844610843224203
0.17457034193597606
-0.010380125163291407
0.06712359558971273
-0.18746270665710899
-0.1912459276419307
-0.019715274307357603
0.22357803289818043
-0.11531754812517284
-0.07803287512535549
0.059362362011058906
-0.07860646541925491
-0.28539397298879726
-0.36934170877261185
0.013952430598530746
0.27982320811829614
0.190945132312971
0.013952430598530746
-0.0836407555092139
0.07615137661456094
0.20445450268829973
-0.3546857296594477
-0.23055491156083982
0.06038161927241139
-0.02755982416815427
-0.07931490002566409
0.07067453589738017
0.38065824957204925
0.294395704720429
0.0759533360009428
-0.08166492368521133
0.09088252557669424
-0.2011079115927285
-0.10634935072895627
-0.010380125163291407
0.2763996847380273
0.07329672651315616
-0.10429018113663487
-0.3546857296594477
-0.26573719597667067
-0.26064681721706123
-0.3244304580573371
-0.39059432722390963
0.013952430598530746
-0.30263289221823886
-0.34375090611097797
-0.32895507479724123
0.23219371614377754
-0.18746270665710899
-0.18817515402531274
0.2889504846970574
0.06397499389909826
-0.12638057221603016
-0.3612024960593056
-0.38971129690586
-0.10261614696253794
0.271209774233193
-0.010380125163291407
-0.010380125163291407
0.07764841018990606
0.09142164453888704
-0.07529876826331025
-0.10688987843577351
-0.21889910362826215
-0.10016717585976691
0.21771364664983467
-0.0787846084720762
-0.0787846084720762
-0.010380125163291407
0.31401388747126047
-0.16634017358202868
0.072999013082869
0.10153691035869807
0.2880821148192224
0.07467186969206843
-0.0787846084720762
-0.11581457340632623
-0.3546857296594477
-0.3115771702663055
-0.40525889658052344
0.013952430598530746
0.0759533360009428
-0.010380125163291407
-0.3546857296594477
-0.2911548087287917
-0.2814563250860967
0.17937889923700126
-0.12164799801826158
-0.0787846084720762
-0.0787846084720762
0.2984227769112979
0.2980231006606473
0.07971984357508098
0.1968042799116386
0.013952430598530746
-0.07803287512535549
0.17209349271556548
-0.18746270665710899
0.013952430598530746
-0.08165269971075523
-0.3246780575392308
-0.3497324869732201
-0.3719914191933384
0.09583170702412129
-0.07803287512535549
0.06860310251220525
0.287591524443149
0.19094901911523213
-0.07099587297327037
0.14782469994210254
0.11323673764569231
-0.24718942223280094
-0.36503463376912604
-0.03442590850838721
0.013952430598530746
0.0759533360009428
-0.2020025932923933
0.09691470335258562
-0.166857798446153
0.03553263994823807
0.013952430598530746
-0.2020025932923933
-0.36523793418656125
-0.317115907198296
-0.26029591733859503
0.26982212544970297
0.2889504846970574
0.07500749978842151
-0.07480984224121573
-0.08851437187246187
-0.2509658450725092
-0.25403097207963193
-0.03269252543270104
-0.07935261542493989
-0.13241292213834388
0.07329672651315616
-0.11440693998881724
-0.20084330611298554
-0.08533602403825949
-0.2874410004226413
-0.40267738923550156
-0.1055414006897605
0.07457819282203054
-0.07005542027448064
-0.26436673435360436
-0.29042044322765126
-0.051911809706548045
0.091517304485934
0.08665591434188145
-0.18432400789560444
-0.1678353540116392
0.34429946747968565
0.24642229268351326
-0.010380125163291407
0.2897311851140795
0.013952430598530746
-0.18746270665710899
0.1884721698948215
-0.03817065150562457
-0.17889643049357296
0.08051420209505734
0.1809867201942074
0.0891878670126359
0.10534020500212843
0.09372220230774075
-0.1891387779327279
-0.2683989208010291
-0.28726629659673486
0.09560442266704966
-0.0616422337190673
-0.1875068208036503
-0.18746270665710899
0.06548174966255961
-0.10200106055420627
-0.18746270665710899
-0.19102956718426609
0.2889504846970574
0.07558828444735742
-0.010380125163291407
-0.0787846084720762
0.26456424809326035
0.2897311851140795
0.013952430598530746
-0.07860646541925491
-0.2708515692901038
-0.28726629659673486
0.0936520474053375
-0.11273788730835013
-0.0787846084720762
0.12796494652519771
-0.2268580190357381
-0.3093752928089138
-0.2518405951214893
0.09513373070792804
-0.07031864154364093
0.17686561461211084
0.17931283125292447
0.07605354073317239
-0.07480984224121573
-0.10688987843577351
-0.2625289355657887
-0.40388344619380084
0.09754271445667703
0.3195113952493389
-0.21446099783958722
-0.0945826966457387
-0.2741997627592485
-0.42624004953401273
-0.37532697033388196
-0.17621296529576935
0.255197377458595
0.19094901911523213
-0.051990576296864245
0.17735826453270612
0.09451079913217614
-0.11492466091220505
-0.010380125163291407
0.06587960581468154
-0.18746270665710899
-0.1912459276419307
-0.010380125163291407
0.07201965164795761
-0.07388693249836031
0.17519172567082786
0.23405067925897494
1.2667030777872583
1.519400784875862
2.443052923184796
