2.4231177312502017
1.4939622524646077
0.803641311704176
0.1663095459328116
0.31449747388772487
-0.1898497958377089
-0.0787846084720762
-0.010380125163291407
-0.18746270665710899
-0.0787846084720762
0.2897311851140795
-0.010380125163291407
-0.18650796871573186
-0.18746270665710899
-0.010380125163291407
0.192158883238966
0.25923387392520975
-0.19666100410727164
0.25114319820872205
-0.2616637798918518
-0.26738467623792833
0.05768447552845195
0.09524140274456608
-0.21735298109577486
-0.28726629659673486
0.2554978103680487
0.08100130988395535
0.1765249086561944
-0.18746270665710899
0.06833639976396438
0.3065300887061548
-0.22402325490994643
-0.08043654246665674
0.17209349271556548
-0.19666100410727164
-0.08166492368521133
-0.07860646541925491
-0.2946406456734949
-0.38201482158157035
0.07990469010060365
0.10223904760225301
-0.12681603825688487
0.19174809259209866
0.013952430598530746
-0.07860646541925491
-0.4115667453171551
-0.45001446560535185
-0.40657650905142584
-0.08166492368521133
-0.12974367546239884
-0.26516867433005287
-0.24709764975671192
0.2704290738161709
0.07706779136984993
0.013952430598530746
-0.0787846084720762
-0.0787846084720762
-0.0836407555092139
0.07467186969206843
0.2873577306785914
-0.18746270665710899
-0.08074726113513013
-0.07595856202320501
0.06943054612234897
-0.27397647316901996
-0.08541482189201326
0.08100130988395535
0.0942762946402918
0.013952430598530746
0.0742430028579002
0.17931283125292447
0.10511317274088519
-0.19907650678766525
-0.4408423100392291
-0.3057169085952519
-0.26029591733859503
0.013952430598530746
0.06943054612234897
0.16607815182363017
-0.29718237588637775
-0.31211213830810375
-0.26029591733859503
0.013952430598530746
0.25539234933615285
-0.19666100410727164
0.013952430598530746
-0.3546857296594477
-0.2889697599801497
-0.29202576332049857
0.2789155603784134
0.2670335870740904
0.07019873716579625
-0.3360094319070857
-0.42562035477081805
-0.28903590072782864
-0.30503370411949093
-0.07803287512535549
0.0797242350187568
0.17931283125292447
0.08665591434188145
0.013952430598530746
0.2777266410521593
0.0665758960209442
-0.011761319256436736
0.21612270523777707
-0.0787846084720762
-0.19477407315605602
-0.0834164314524841
0.06795103919985646
-0.18746270665710899
0.17735826453270612
0.10212027187778386
-0.18746270665710899
0.2873577306785914
0.2873577306785914
-0.19828669603993615
0.013952430598530746
-0.035971906513354523
-0.2940246564392756
-0.3790038951450336
-0.07803287512535549
0.07615576805823678
-0.1790372354178593
0.0742430028579002
0.11180646220055834
0.09903111728449476
-0.010380125163291407
-0.010380125163291407
0.07892987649878043
0.09903111728449476
-0.18746270665710899
-0.12551241620866105
-0.07803287512535549
0.07250675943685563
-0.14244164189070663
0.2799796873094371
-0.2020025932923933
-0.08533602403825949
-0.20886927881717013
0.029098534205174678
-0.08091319033849065
-0.03668240355086047
-0.16361044718007076
0.12928939443541684
-0.03263128715345386
0.23467037365839322
-0.0063663227898425765
0.2712451891824667
0.17209349271556548
-0.18746270665710899
0.013952430598530746
-0.18746270665710899
-0.08190167798355849
0.17655530425357846
0.10532820219554212
-0.12843533826017295
0.08179566840393171
0.10917619029674458
-0.13197064794238844
-0.39290108357716996
-0.5527537573460105
-0.5361820995721482
-0.5112488636356176
-0.4520989466269916
-0.24709764975671192
0.08688423405113457
-0.2935127747266089
-0.28909831682619824
-0.2804450328765399
-0.30699690798528967
-0.12305734916470698
-0.18746270665710899
0.06833639976396438
0.2636512560370791
-0.18746270665710899
0.2873577306785914
0.29071699076607754
-0.17931400171585454
0.072999013082869
0.09788790173731693
-0.004153361969560325
0.30085910731182647
-0.18758741108519536
0.013952430598530746
-0.18494754178849718
0.4235544489822981
1.1340130721073707
2.0024382752034064
