2.8372588629206366
1.6723737678778798
0.9319093871406088
0.06474680867561868
-0.3505443162938346
-0.1919617606700733
0.009573910801181265
-0.0035139000331058383
0.013952430598530746
0.08100130988395535
0.08958043620448403
-0.07860646541925491
-0.2432381860958766
-0.21909475972773695
-0.47031097795313054
-0.42083115487549594
0.043980457821305226
0.26883631979770484
-0.0787846084720762
-0.010380125163291407
-0.0787846084720762
0.013952430598530746
-0.035971906513354523
-0.22085723503318064
0.029653972885961066
-0.0787846084720762
0.12322114079510944
-0.28785870390330276
-0.4411857320970301
-0.415472199957302
-0.40525889658052344
-0.057505424479734835
0.19659029917959495
-0.1626170199966654
0.19296184351809365
0.3100430624716111
0.11142854075102786
-0.22932457866380104
-0.24709764975671192
0.271414879468169
0.1743887653917002
0.17485101971491146
0.26786406080963426
-0.3546857296594477
-0.32687258944680314
-0.3438014022742088
-0.21928368861032893
0.06461836295585673
-0.23328060413656934
-0.30257477034570324
-0.3196765784466064
-0.07860646541925491
-0.31337117096943673
-0.4001678057723932
-0.07973283107722423
-0.23309304267011313
0.057041824631019644
0.25887493969061776
-0.08697599215901812
-0.23079980259462182
-0.10212484405275374
-0.21849854566188917
-0.010380125163291407
-0.18746270665710899
0.013952430598530746
0.18704443823678285
-0.15866237084000107
-0.035971906513354523
-0.22778628146992014
-0.11831557565808676
0.0973563679164281
0.18011579153205212
0.19760724019076625
0.013952430598530746
0.29743697125929985
0.17433548117648912
-0.13767955301304918
-0.27638498919419896
-0.13761754280204588
0.2704290738161709
0.08063625833036996
0.1765249086561944
-0.08091319033849065
-0.08851437187246187
-0.2613406224652835
-0.26029591733859503
-0.0014509257144743543
-0.1718132158132276
0.08020705977802128
0.013952430598530746
0.29743697125929985
0.23626753550095436
-0.010380125163291407
0.2646060040907833
-0.13767955301304918
-0.29248185785082387
-0.3040703251637949
0.09109676489049214
0.17485101971491146
-0.18746270665710899
-0.1402417255174468
-0.18746270665710899
-0.18746270665710899
-0.1078678856178078
0.2873577306785914
-0.10228200862027587
-0.20941909624612096
-0.184023882252749
0.1618313214724728
-0.13767955301304918
-0.2548034302416196
-0.17517403981334836
-0.3570421351902229
-0.1759679714569991
-0.3321923198479538
0.14854581236356193
-0.1920143375803444
0.0481949347680902
0.08522038794341177
-0.368405234035859
-0.3338844602297609
-0.5041067175804556
-0.3874899164402249
-0.28726629659673486
-0.300718205842252
0.05381685915925542
0.07643981764851851
-0.17423711979751444
0.05177731295746233
-0.025481497777511724
0.19462180409351465
0.013952430598530746
-0.13415068771442867
-0.010380125163291407
-0.13767955301304918
-0.30544224403268255
-0.36319778562186855
-0.37563005281332695
-0.4017151040655467
-0.028958439873327767
0.29743697125929985
0.27030894382696635
0.2984227769112979
0.2980231006606473
0.08100130988395535
0.19491641023831197
0.3623449246484832
0.013952430598530746
0.13485190941747674
-0.03504243543010183
-0.23472060745794235
-0.2943682392436825
-0.19474944719199275
-0.0787846084720762
-0.18746270665710899
0.05761359635446157
-0.19733461599671273
0.1403831953476645
-0.035971906513354523
-0.20383844017952227
-0.053869798064655694
0.00020168307140070992
0.09147018587167523
-0.12638057221603016
-0.27572963952180535
-0.24709764975671192
0.271209774233193
-0.21352013991458968
-0.18746270665710899
-0.0787846084720762
-0.07622851048099805
-0.1963553545132661
-0.08533602403825949
-0.2279339259833889
0.04839459331848756
-0.30297038637808055
0.0656158931555479
0.2873577306785914
-0.18746270665710899
0.2930492098881306
0.07305951962412897
-0.08533602403825949
-0.23047014528875193
-0.24709764975671192
-0.028958439873327767
0.19491641023831197
0.2957543565299073
0.2889504846970574
0.1737673816568484
-0.18746270665710899
0.06833639976396438
0.2636512560370791
-0.18746270665710899
0.013952430598530746
0.2883435363305894
-0.2020025932923933
-0.08851437187246187
-0.24592637062158215
-0.17206133419366598
-0.1781580862329288
-0.3923194580161045
-0.4749287752976876
-0.4043906090081735
-0.49455565047991107
-0.3848166232530341
-0.36944749095374796
-0.3037930573806083
0.2685814201490769
0.1737673816568484
-0.18746270665710899
0.06705493345509002
0.3253660460705393
-0.1551754092033214
0.07615137661456094
0.013952430598530746
-0.18746270665710899
0.0656158931555479
-0.0787846084720762
0.29743697125929985
0.2724848914077893
-0.18746270665710899
0.07066386703856047
0.17527751457551385
-0.18746270665710899
0.06390556001250532
0.09982547580447113
-0.07803287512535549
0.07217156947272528
0.17806543717224385
0.19571937051743962
0.2315439227339378
-0.0787846084720762
-0.07803287512535549
0.07892987649878043
0.09128339377719051
-0.18746270665710899
0.17519172567082786
0.09982547580447113
-0.19468246646255377
0.13004210626621865
-0.3546857296594477
-0.26437293926954986
-0.29444488808525016
-0.44989828261076714
-0.3552895360823988
0.10578459853613181
0.013952430598530746
0.1271132767494936
-0.13767955301304918
-0.2754397212426178
-0.28726629659673486
-0.36892687123262263
-0.2916699514555185
-0.1282631531210651
0.091517304485934
0.2582303638058079
-0.35581536542725845
-0.24581286054310353
0.08174984703250415
0.22259161855793658
-0.010380125163291407
-0.18746270665710899
0.2889504846970574
0.07500749978842151
-0.07480984224121573
-0.035971906513354523
-0.18966993591883735
0.10623132333096948
0.0967412151346742
0.1765249086561944
-0.08091319033849065
-0.08851437187246187
-0.20696125629707002
0.048250033217123726
-0.1448421829337879
-0.24929075469558268
-0.29793299890950636
-0.3248589968964638
-0.07860646541925491
-0.26087546469559264
-0.1992105385454319
0.6429467460038418
1.6998366298017316
2.3943238040276857
