2.5327081165606673
1.6076604449470961
0.8763713168041778
0.3519745549020201
0.2643727428263442
0.20008358911686527
-0.13767955301304918
-0.27277017005441906
-0.159464694698516
-0.2736867943497661
0.01576122450479671
-0.13880591867101852
-0.2368510538286776
0.024316764270060152
-0.3021307548355296
0.05761359635446157
-0.010380125163291407
0.3191880434768314
0.013952430598530746
-0.050619579788162054
-0.12974367546239884
-0.27075896111103626
-0.27193991144497515
-0.07973283107722423
-0.21844660652047984
0.08067310407473524
0.013952430598530746
-0.35581536542725845
-0.311684727161291
-0.4062850124660357
-0.4078668116637872
-0.2640869701818709
0.044367161928808165
0.10194349540864846
-0.0958953587207339
-0.18746270665710899
0.17655530425357846
0.10511317274088519
0.2741501111083187
0.2873577306785914
-0.0787846084720762
-0.19666100410727164
-0.20084182265297412
-0.08851437187246187
-0.3001186353573996
-0.4089437796341873
-0.07973283107722423
-0.17520552847197243
-0.05615420994522183
0.26883631979770484
0.2873577306785914
-0.0787846084720762
0.013952430598530746
-0.19190983868950148
0.013952430598530746
-0.07860646541925491
-0.22207057174264253
0.05027377656042724
-0.07973283107722423
-0.3216448891310517
-0.40856278310479177
-0.34532870391733395
-0.04332890994055985
-0.0009241202495412147
0.17732786893532207
-0.010380125163291407
0.07844276870988243
0.17931283125292447
0.192617749918118
0.2636512560370791
-0.18746270665710899
0.25384698138778794
-0.20084330611298554
-0.3525566220629901
-0.350711711967633
-0.37649518767485773
-0.03206336533593365
0.10202401814759607
0.013952430598530746
-0.0787846084720762
-0.016377987692766983
0.25860731748731464
-0.18746270665710899
0.013952430598530746
-0.010380125163291407
-0.2020025932923933
-0.08851437187246187
-0.1912971828402483
0.0588239674324403
0.25421292627369135
0.17072991413281488
-0.18746270665710899
0.2897311851140795
-0.18378037146534562
0.2889504846970574
0.06758598764627109
0.2694568148281003
-0.06111645455996726
-0.1559657913886024
0.12994331629592212
0.23746187963877777
0.0641420048390655
-0.3546857296594477
-0.22461101603187444
0.090079986632248
-0.0787846084720762
-0.05643802813162495
0.013952430598530746
-0.0787846084720762
-0.02335506676586685
0.16313508752154401
-0.21580639460513418
-0.08747146622877076
-0.3089859415308628
-0.2835035495429616
0.2309752149108351
0.06795103919985646
-0.18746270665710899
0.013952430598530746
-0.18746270665710899
0.24618314832192958
-0.010380125163291407
-0.03504243543010183
-0.2183432469149239
-0.2226414138972426
-0.36062104037164544
-0.12434017084718837
0.0929431268249754
0.2756299333986966
-0.08285394942381094
-0.035971906513354523
-0.20776440571530996
-0.24269476744975893
-0.2657601802761382
-0.15094053267693774
-0.1448421829337879
-0.16025740609569264
0.11153839409781012
-0.12905683519021255
-0.2939494343090635
-0.36034908639141955
0.25016866903356744
0.06943054612234897
0.013952430598530746
-0.18434661212488396
-0.19398159800936793
0.0754662282120448
0.28993629034905544
0.17735826453270612
0.08445737199875653
-0.010380125163291407
0.17289645299469314
-0.18746270665710899
-0.18746270665710899
0.17209349271556548
-0.18746270665710899
0.3511787578776879
0.31221663576279746
-0.18635240601112094
-0.19378684442561533
-0.07803287512535549
0.19073115158092732
0.22931713223493067
-0.035971906513354523
-0.24419693663785963
-0.28726629659673486
0.1570544991469259
-0.07187136570290148
-0.4265022913252756
-0.5419619201631907
-0.433145633808128
-0.32603839019290687
-0.30214444404195784
0.06705493345509002
0.25025229226002443
-0.18746270665710899
-0.18746270665710899
0.06938240072968609
0.10301787287480706
-0.13005160244260025
0.2490642580559226
-0.19828669603993615
0.2661987581092493
-0.035971906513354523
-0.2163748042845168
0.08426115997279114
0.2698801546278846
0.2984227769112979
0.2969157501899326
0.1743887653917002
0.10202401814759607
0.013952430598530746
-0.18746270665710899
-0.07803287512535549
0.07764841018990606
0.12814642797151468
-0.3681156117150857
-0.43860539742488575
-0.399370299119783
-0.1864504382975885
-0.03444306599519447
0.013952430598530746
-0.13767955301304918
-0.27008299762154614
-0.11173515500287469
0.013952430598530746
0.17072991413281488
-0.08166492368521133
-0.3681156117150857
-0.4348043874726191
-0.49641721868602173
-0.480623551617684
-0.4439844704235459
-0.12808108100192397
-0.006297888695486015
0.11180646220055834
0.13098320958428966
-0.07860646541925491
-0.2692524630684823
-0.4062850124660357
-0.1448421829337879
-0.20749981930030492
0.048072831294760386
0.09674592816583891
-0.18746270665710899
-0.0787846084720762
0.20357550630163732
-0.035971906513354523
-0.24640091977804576
-0.28726629659673486
0.2704290738161709
0.19073115158092732
-0.17111474064985885
0.19296184351809365
0.21313387144725154
-0.13767955301304918
-0.29118198693950714
-0.26569269105032367
-0.3381584295571948
-0.43188263438809993
0.08454718243182867
0.1765249086561944
-0.07803287512535549
0.1946357324593766
0.29441236537125937
0.17686561461211084
0.1809867201942074
0.0891878670126359
0.19203265717329515
-0.10066035927151434
-0.0787846084720762
-0.19080351953443322
0.013952430598530746
0.27794330139034285
0.0867472046211207
-0.21141776127004738
-0.1278042453812877
-0.021939021098189612
-0.35581536542725845
-0.28864769401537105
-0.24709764975671192
0.08244259208000779
0.08686552442061357
-0.2426633657944708
-0.28726629659673486
-0.031320983045781334
0.2746831510421678
0.17072991413281488
-0.18746270665710899
-0.18746270665710899
0.013952430598530746
0.192158883238966
0.3193324045186839
-0.16227236562698327
0.16992695385368722
-0.0787846084720762
-0.045504023030512285
0.013952430598530746
0.1884721698948215
-0.04353986519617133
-0.41174820990546407
-0.30242692813033656
-0.2520368281588992
-0.24484490467234454
-0.004734609394146267
-0.018187936452810048
0.26155468897094236
-0.1898497958377089
-0.027323231594234013
0.2543115115002885
0.26786406080963426
-0.3546857296594477
-0.2751939014669316
-0.06302098231151274
-0.011081757715985009
-0.12027974127292561
-0.0787846084720762
0.2927766330830827
-0.21634541884629338
-0.02307402613676673
0.25721162020610366
-0.18746270665710899
0.2873577306785914
0.29743697125929985
0.2744662612836104
0.11030573561006433
-0.24230323454492186
-0.28726629659673486
-0.0787846084720762
0.11146034105734888
-0.3060603839314244
-0.29056147493854234
-0.11217109851172191
0.013952430598530746
-0.0787846084720762
0.013952430598530746
0.06795103919985646
-0.0787846084720762
0.013952430598530746
-0.2031014743705009
-0.08758490078920918
-0.2527978177202012
-0.30538208777467457
0.25965564010763986
-0.13767955301304918
-0.2024006594004752
0.13153689094303234
0.0019209134359817648
-0.367256936177509
-0.5002780128855496
-0.4418466620235917
-0.41437208769872264
0.04110907073674639
-0.3021307548355296
-0.07803287512535549
0.192158883238966
0.18910584347122758
-0.29143104668592873
-0.2660191310391392
0.05177731295746233
0.0967412151346742
0.0969355905199402
0.1760804748546415
0.2889504846970574
0.19094901911523213
-0.0585643745153374
0.07674769452091917
-0.18746270665710899
0.17289645299469314
0.2883435363305894
-0.07803287512535549
0.07092757969769409
0.1912296968941675
-0.11589120958224348
-0.13767955301304918
-0.431525052229192
-0.45235218288806395
-0.31156164611825693
0.23121102322389223
0.0665758960209442
-0.01050964209194262
0.2824048767900177
0.1884721698948215
-0.09104451089339918
-0.19828669603993615
0.26786406080963426
-0.07860646541925491
-0.2998246212523457
-0.34814690906101686
0.2789155603784134
0.3270293062766742
0.013952430598530746
-0.07803287512535549
0.17606265433298318
0.14052133838660785
-0.08851437187246187
-0.2571875321757312
-0.28726629659673486
-0.3581717709580336
-0.2509330271431306
0.048428020659732667
0.0896103685567369
0.17931283125292447
0.10083880556890948
0.2897311851140795
0.013952430598530746
-0.18746270665710899
0.06033410296287805
0.2880821148192224
0.07743284292343532
-0.18981467974894348
-0.0787846084720762
0.2756299333986966
-0.0779785877024301
0.07537255134200689
-0.07388693249836031
0.17519172567082786
0.0942762946402918
0.013952430598530746
-0.016377987692766983
0.28303817626945793
0.07467186969206843
-0.08166492368521133
-0.251654728807456
-0.3285961604288017
-0.28726629659673486
-0.0292662059997438
-0.16879922567282235
-0.035971906513354523
-0.22773847481022996
-0.26648857206846344
-0.03322327006168092
-0.18746270665710899
-0.08572636495931041
0.07615137661456094
0.23451732214849422
-0.0787846084720762
0.26786406080963426
-0.3546857296594477
-0.2535721985633684
0.008325737079463684
0.24086082473498538
-0.2020025932923933
-0.12974367546239884
-0.24653346463172743
0.04301677807294132
-0.30297038637808055
0.26786406080963426
-0.07860646541925491
-0.23532880070166542
-0.05413814001314937
-0.10737769150135618
-0.17303451927020144
0.04242602725136813
-0.3021307548355296
-0.21470594780575028
0.17822919319486139
0.17806543717224385
0.09355871481327582
-0.010380125163291407
-0.13767955301304918
-0.2402102671250657
0.036447325257170385
-0.1448421829337879
-0.25307634625205827
-0.29379950157422363
-0.3072995738617477
-0.18746270665710899
0.0656158931555479
0.37037692378578263
1.0373718038132262
1.5804265734684484
2.3341711506470784
