2.7085161285655306
1.5576225520967564
0.9334415402651779
-0.0811087927455446
-0.292250040518287
-0.38602776641836295
-0.32319282696676255
0.044458363034476076
-0.3152199738330572
0.18081418871460778
-0.08851437187246187
-0.19560672855733524
-0.00586142328467074
0.091517304485934
0.07890819083457717
0.23596130484580727
-0.0787846084720762
0.013952430598530746
0.29249801077035864
0.13958023506853684
-0.08533602403825949
-0.19149149117845457
-0.025590349489534137
-0.010380125163291407
-0.0787846084720762
0.013952430598530746
-0.0787846084720762
0.2263754418307489
-0.0787846084720762
0.2694568148281003
-0.08851437187246187
-0.21789005971913
-0.1249101756708217
-0.006153097294656552
0.2883435363305894
0.2889504846970574
0.06621084446735882
-0.09744028892180763
-0.07860646541925491
-0.2082572909668835
-0.07287947245942138
-0.2974186934169731
0.17519172567082786
0.1968042799116386
0.013952430598530746
-0.07860646541925491
-0.2561168427456998
-0.24709764975671192
-0.03162874917219737
-0.11910095127501473
-0.010380125163291407
-0.08166492368521133
-0.13767955301304918
-0.23235871988127227
-0.029089518705361982
-0.1448421829337879
-0.18985957892014327
0.05955313757130664
0.2704290738161709
0.07510117665845942
-0.19468246646255377
0.05749561872927821
-0.20190908187140266
-0.3838947805929046
-0.4724347604866304
-0.41466065918187267
-0.43071045648957584
-0.052687974863015435
0.09748481498468074
-0.0068859773089776696
0.2821945973811652
0.07537255134200689
-0.07411997826539936
-0.08851437187246187
-0.2650640277950653
-0.28126508628039565
-0.31377673255392596
-0.1831456378063413
-0.2426760544451286
0.044458363034476076
-0.3021307548355296
0.18727980204725775
-0.035971906513354523
-0.26834964742453765
-0.3471473244930932
0.07808774508752149
0.08381208312005485
-0.3524227068007545
-0.45619042688889444
-0.48660635459302204
-0.43461898880669997
-0.24709764975671192
-0.3024731005399366
0.06627610818253597
-0.07388693249836031
0.08100130988395535
0.0942762946402918
0.013952430598530746
-0.35591576953225357
-0.21883476847262778
0.11104237510486539
0.25745998333648973
0.072999013082869
0.17931283125292447
0.07880409989207189
-0.0787846084720762
-0.20217791796568357
-0.08851437187246187
-0.23415500456577065
-0.11764045547396451
-0.2068569858782291
0.0742430028579002
0.09903111728449476
0.27931172177807645
-0.18746270665710899
0.2889504846970574
0.08143061685034635
0.1809867201942074
0.0969355905199402
0.09128339377719051
-0.010380125163291407
0.2902011987945506
0.072999013082869
0.1912296968941675
-0.09104451089339918
-0.18746270665710899
-0.010380125163291407
-0.18650796871573186
-0.18746270665710899
-0.1853963867431055
0.17655530425357846
0.1934886785802733
-0.17356573446416718
0.0759533360009428
0.2984227769112979
0.28424094753787005
0.16992695385368722
0.29743697125929985
0.25981008875572675
-0.18746270665710899
-0.0787846084720762
-0.18746270665710899
0.190945132312971
0.013952430598530746
0.24110591252145444
-0.07553149687582218
0.072999013082869
0.0942762946402918
0.013952430598530746
0.07067453589738017
0.34936361810529903
0.013952430598530746
0.17209349271556548
-0.18746270665710899
0.2686183511059873
-0.19468246646255377
0.055244244806416806
-0.08851437187246187
-0.19242686081406202
-0.11848202276836614
0.00020168307140070992
0.19928112913204923
0.013952430598530746
0.08179566840393171
0.17931283125292447
0.1970986533139253
0.013952430598530746
0.07305951962412897
-0.08758490078920918
-0.23175349184098565
-0.24709764975671192
-0.030392009320685726
-0.13064249081997134
-0.2020025932923933
-0.43724055511873006
-0.31511918460076527
-0.2976940413966858
-0.10873620955226461
-0.2546420210277828
-0.26029591733859503
-0.13880591867101852
-0.25061441015887487
0.0568875994372622
-0.030860726889227363
0.0959975233438261
-0.17407582627240462
-0.3981367022448893
-0.4275867035104655
-0.26075220282778816
-0.05883190357377
-0.19339432305345278
0.23477782124122423
-0.07206797091939128
0.06943054612234897
-0.17981806901798256
0.07067453589738017
-0.19192214700576735
-0.1898497958377089
-0.0787846084720762
0.28993629034905544
0.08063625833036996
0.19659029917959495
0.2968615214445141
0.07674769452091917
-0.010380125163291407
0.18927513017394917
0.00698852519559814
0.3258265350082621
0.013952430598530746
-0.0787846084720762
-0.06384709790081597
-0.19975981673166848
-0.19664125758456868
-0.07803287512535549
0.07892987649878043
0.17485101971491146
-0.0787846084720762
0.29117105445622654
0.08100130988395535
0.10210079684055647
-0.07803287512535549
0.17735826453270612
0.1081828522969469
0.013952430598530746
0.08100130988395535
0.0942762946402918
0.013952430598530746
0.07467186969206843
-0.18746270665710899
-0.18746270665710899
0.013952430598530746
-0.18746270665710899
-0.1825288888717288
0.31118542812343075
1.503935673887763
1.6938088505430076
2.4759874645553714
