3.3619823341022537
1.8259914259381436
1.1097893702043258
0.3906100937634407
0.22768622471645905
-0.03504243543010183
-0.22556612403728513
-0.16774108650739936
-0.26513935105336595
0.13151180483742247
0.013952430598530746
-0.18746270665710899
-0.18990356477118486
-0.010380125163291407
0.27849625180416404
0.19261902125425398
0.013952430598530746
0.17289645299469314
-0.18746270665710899
-0.14484869447225596
0.2730045264619925
0.19014605883610447
-0.054739687539585476
0.1946357324593766
0.3071350270727834
0.17903215347398904
0.10992044644772495
0.11388228702940907
0.10455597081835054
0.14230761188559574
-0.10688987843577351
-0.1940022785791041
-0.1370751850026688
-0.2963230023627699
0.2802975274300745
-0.19477407315605602
0.06938240072968609
0.0942762946402918
-0.17209523247769148
0.2816851762135646
0.013952430598530746
0.24037720079694352
-0.07803287512535549
0.07092757969769409
0.10223904760225301
-0.06800617070721884
0.17289645299469314
-0.08166492368521133
-0.07860646541925491
-0.43798115086921413
-0.4324999714233932
0.043063057326654164
-0.060975493275253256
-0.01795841137812968
0.2838005740712286
0.1884721698948215
-0.055371189684928025
-0.19903283917442138
-0.13767955301304918
-0.45165971230097385
-0.42357336092465053
-0.1046411600694586
-0.3716016530136716
-0.4031514339499337
-0.3688402419585671
0.04599480962898051
-0.05515428570486071
0.19659029917959495
0.2953822210329353
0.17735826453270612
0.09964077026966627
0.013952430598530746
0.07067453589738017
-0.1595447160241824
-0.007270119526465699
-0.3160358674116868
-0.3345422963805452
0.09260259956452524
0.013952430598530746
0.06795103919985646
-0.07803287512535549
0.19094901911523213
-0.05671263194952839
0.08179566840393171
0.17931283125292447
0.10439559291386921
-0.08166492368521133
-0.07860646541925491
-0.4051686782736423
-0.38021910509317997
-0.20219144333887173
-0.2192338268295434
0.17240380307409786
-0.07803287512535549
0.19296184351809365
0.3431924817444048
0.013952430598530746
0.072999013082869
0.11081260747334737
0.08361816570149927
-0.2591310870595645
-0.42470963815439006
-0.3447733893843445
0.05388374529534696
0.013952430598530746
0.19652360213270323
0.013952430598530746
0.17903215347398904
0.11618720743892026
0.1123036943256548
0.0942762946402918
0.29882974748312885
0.17735826453270612
0.1912296968941675
0.007981977689157633
0.34248095470240125
0.20845379964362082
-0.4302740764084366
-0.32010426238519135
-0.28726629659673486
-0.07803287512535549
0.17655530425357846
0.19491641023831197
-0.17525385273314598
0.28993629034905544
0.07263396152928364
0.1478986745423833
0.11969755160656219
-0.26315439911100263
-0.37431434674854297
0.2704290738161709
0.148845440897639
-0.12638057221603016
-0.32278471451440555
-0.36267764339989994
-0.3707277324287663
-0.09474215111394874
-0.0787846084720762
-0.19314575475432588
0.19383277218024894
0.2968615214445141
0.06434004545268364
-0.34587639024084993
-0.22398106358524575
0.10282849099000561
0.013952430598530746
0.29249801077035864
0.08179566840393171
0.11457901536174013
0.14870163482151097
0.12203767493370306
-0.15679967343538218
-0.042381097779613984
-0.008522384947685126
0.013952430598530746
-0.10688987843577351
-0.2775882834401034
-0.26045176721640123
-0.2690252672294749
0.09730041850807084
0.013952430598530746
0.0742430028579002
0.17931283125292447
0.10252958019026226
0.2741501111083187
0.27931172177807645
0.24778539151316686
-0.25150261751909436
-0.3098314571320801
-0.24709764975671192
-0.028958439873327767
-0.13459284808956823
-0.3722707501099498
-0.4008879388836981
-0.3069655641366576
0.23419370349662993
0.148845440897639
-0.12638057221603016
-0.23852464326629375
0.050335727995927594
0.08844505410019857
0.07699360153040213
-0.35231749841724225
-0.2890615323329714
-0.4062850124660357
-0.2619803372834062
0.013952430598530746
0.013952430598530746
0.253295782270016
-0.18746270665710899
-0.048841309645102894
0.013952430598530746
-0.0787846084720762
0.27849625180416404
0.16992695385368722
0.2873577306785914
-0.20084330611298554
-0.12974367546239884
-0.29322910581045564
-0.28726629659673486
0.26982212544970297
0.2889504846970574
0.06758598764627109
-0.18746270665710899
0.013952430598530746
-0.07981606853346201
0.17209349271556548
-0.08166492368521133
-0.3546857296594477
-0.3299110673161312
-0.37561399542751467
0.09583170702412129
0.17485101971491146
-0.0787846084720762
-0.17602357740166927
0.2756299333986966
-0.07692756270729274
0.17822919319486139
0.10764512541163963
0.17565397999403914
-0.010380125163291407
-0.07860646541925491
-0.23533376372549136
0.05721956290090498
-0.027844040949965284
0.1466919500859836
0.084920399985829
-0.2642969786281792
-0.4184014098744926
-0.3201611465053438
-0.268116651144382
0.047003103316008155
0.09481264883071117
-0.05007322874788816
-0.17702548572768445
0.013952430598530746
0.29410398746042204
0.17822919319486139
0.0969355905199402
0.09128339377719051
-0.19477407315605602
0.17519172567082786
0.09128339377719051
-0.18746270665710899
-0.07803287512535549
0.192158883238966
0.2315439227339378
-0.0787846084720762
-0.010380125163291407
0.07892987649878043
0.09142164453888704
-0.06687502719830345
0.19652360213270323
0.013952430598530746
0.17289645299469314
0.2702375152451224
-0.12974367546239884
-0.31643698915720003
-0.37242607134764666
-0.0787846084720762
-0.19666100410727164
0.21784220580741437
-0.12974367546239884
-0.2890411645025287
-0.4030327165364491
0.09090686473534479
-0.010380125163291407
0.06860310251220525
0.013952430598530746
0.27982320811829614
0.07674769452091917
-0.010380125163291407
-0.035971906513354523
-0.2736455669183363
-0.40657650905142584
0.13820974195664656
-0.07860646541925491
-0.20672627185066275
0.0004653726379441138
0.10644931524174185
-0.2113054220088043
0.08179566840393171
0.1123036943256548
0.1954247643726423
0.013952430598530746
-0.28284531406228364
-0.2855997051665027
0.052503347562163724
-0.025481497777511724
0.17973932611352683
0.11309805284563117
0.10535099006814864
-0.07192893080572331
-0.37465690120292977
-0.479600932152412
-0.40854228602012926
-0.4770658487306721
-0.38589763184700837
-0.21704619416437348
-0.37769880082725593
-0.2858862481003398
-0.2581727319533325
-0.2548736596408386
0.052418035416963875
0.21508713755137487
-0.0901543399932205
-0.2670644125603842
-0.2650544371536443
-0.025481497777511724
-0.21999314923002827
-0.18746270665710899
0.013952430598530746
-0.17890520623044953
0.17655530425357846
0.08445737199875653
-0.18746270665710899
0.17289645299469314
0.2873577306785914
-0.2020025932923933
-0.035971906513354523
-0.254244289879326
-0.24709764975671192
0.09090686473534479
0.08745027286185782
0.013952430598530746
0.06659206188874915
-0.22045115752280098
-0.21922053332816036
-0.13877798055288923
-0.12905683519021255
-0.30719632077115344
-0.4012168069821414
-0.32595648131191945
-0.00014569872629379115
0.09811688511003586
0.09772994903991655
0.1413242986657355
-0.08851437187246187
-0.2458745803779495
-0.2838336167553758
0.25887493969061776
-0.08697599215901812
-0.30070124705052703
-0.3911339891541424
0.09829351765926755
0.13874629178827344
-0.035971906513354523
-0.24690072282202125
-0.2701326088260314
-0.26791932687104764
0.058316555891581204
-0.13241993843658123
-0.26520919015941713
-0.1116027736586605
-0.29953633028980176
0.21877585769611
-0.08054823018528684
-0.08448783654191341
-0.06930192649889014
-0.4204679444354621
-0.4219226047689243
0.014007185415269775
-0.010380125163291407
0.12930331442575357
-0.13767955301304918
-0.25810419371911153
-0.10419969605659184
0.27278896041440237
-0.18433483953377874
0.07971984357508098
0.1329921234393456
-0.24698419453833595
-0.20849093229744675
0.07201663147910524
-0.13241993843658123
-0.1916458641437092
-0.04520271379659769
-0.013717294224497937
0.19203265717329515
-0.05377069546605522
-0.11574461327255565
-0.0787846084720762
-0.0787846084720762
0.013952430598530746
0.027414276706996425
-0.3791848430824026
-0.428767247954556
-0.24709764975671192
0.1044053060437947
-0.08823832928345993
0.1356548696966044
-0.03504243543010183
-0.20733270397107614
-0.1296107686440198
-0.08808478044192439
0.19342198153338164
0.013952430598530746
0.13387982309827
-0.03504243543010183
-0.2129469749490463
0.05870455987034787
-0.08737858571483507
-0.08344260436589834
0.072999013082869
0.19491641023831197
-0.13810405513841412
0.31628347557687003
0.013952430598530746
-0.1818866235682432
0.072999013082869
0.14150465160646808
-0.06111645455996726
-0.19880351161027562
-0.14970868323012856
0.07998828351369816
-0.24618625529647553
-0.28726629659673486
-0.03019517972483941
0.013952430598530746
0.27156766110536745
0.08005131625532029
-0.19606122755765243
-0.04228777255425805
0.10097877997694799
0.18011579153205212
0.08459562276045306
-0.06652644214091427
0.07674769452091917
-0.07803287512535549
0.0797242350187568
0.10683129185443586
0.10534020500212843
0.19353689469931568
-0.14611076323820224
0.19709610482287462
-0.08758490078920918
-0.2998009314711057
-0.37208553173631004
-0.03206336533593365
0.013952430598530746
0.0742430028579002
0.10095758129337865
-0.07029529128964745
-0.035971906513354523
-0.19135367000028736
-0.012665103687723016
-0.004806801843178577
-0.03761187463411316
-0.15342135723182415
-0.033649029969536996
0.0973563679164281
0.09903111728449476
-0.18746270665710899
-0.18746270665710899
0.192158883238966
-0.1842553991970059
-0.18746270665710899
0.07066386703856047
0.17485101971491146
-0.010380125163291407
0.23905024448281145
-0.07803287512535549
0.07092757969769409
0.10301787287480706
-0.26134355777542606
-0.08195129593558236
0.072999013082869
0.109531141164473
0.10429933918368141
0.013952430598530746
0.013952430598530746
0.18324977010726953
-0.3546857296594477
-0.24078848062290029
0.07788395992298013
-0.1448421829337879
-0.3011876274341708
-0.39282915737811375
-0.13493394015195198
-0.18746270665710899
-0.0787846084720762
-0.17912038726557353
0.1716008427949702
-0.20710540735796354
-0.13197064794238844
-0.40750994616019304
-0.4653205439819258
-0.24709764975671192
-0.052760536573387036
0.17931283125292447
0.08945787945368788
-0.13767955301304918
-0.40042849534464026
-0.4418073389698147
-0.24709764975671192
0.19612552730044744
0.06403841917529024
-0.22932457866380104
-0.24709764975671192
-0.30297038637808055
0.190945132312971
0.013952430598530746
0.013952430598530746
-0.016377987692766983
0.28303817626945793
0.19383277218024894
0.3101849864601599
0.17903215347398904
0.0964484827310422
0.11329754905286578
0.10429933918368141
-0.13859369683108644
0.033767217264379236
-0.2131028056486109
-0.1014960514796315
0.1037239626469407
-0.06863336604605254
0.0742430028579002
0.1809867201942074
0.11618720743892026
0.18011579153205212
0.07713185229209868
-0.28449763141673995
-0.2745037095978159
-0.282516987925972
-0.3043966245777864
0.06266157023747414
0.17360362563423087
0.27931172177807645
-0.19477407315605602
-0.07803287512535549
0.06587960581468154
-0.07803287512535549
0.07844276870988243
0.13579301273554775
-0.035971906513354523
-0.1800760014357137
0.03607565147626228
-0.10239648402434001
-0.19477407315605602
0.06938240072968609
0.09944042559697318
0.013952430598530746
0.07743284292343532
-0.19304256189427288
-0.18746270665710899
0.05761359635446157
-0.19477407315605602
-0.07803287512535549
0.06735911273717406
0.37983129039249447
0.31479821888087545
0.072999013082869
0.17485101971491146
0.26148842052465887
-0.13767955301304918
-0.3034364542211333
-0.27491731142459513
-0.31745921155121637
-0.24709764975671192
-0.028958439873327767
-0.17710471747700143
0.20559218524962566
-0.03504243543010183
-0.15743316474619556
-0.045587356587470956
-0.020072074590555204
-0.08166492368521133
-0.3580592647699454
-0.42346114926630407
-0.4032820504475966
-0.37245099851362645
0.09829351765926755
0.19659029917959495
0.23696603589782467
-0.08851437187246187
-0.2161325935892935
-0.1367271622766323
-0.010380125163291407
-0.0901543399932205
-0.2258388945732529
-0.26949285837232323
-0.2858420022712933
-0.4443026693422635
-0.5186326968097513
-0.3879698129162433
-0.15933280606854863
-0.2963230023627699
0.06641025167552428
-0.18746270665710899
0.17735826453270612
0.19847816885292158
0.013952430598530746
0.07305951962412897
-0.08758490078920918
-0.19031794289601334
-0.10998059111585662
0.24956729819232104
0.2802975274300745
-0.07803287512535549
0.06735911273717406
0.013952430598530746
-0.010380125163291407
-0.08758490078920918
-0.268489337044753
-0.26107410016128535
-0.2788682443339142
-0.04379079910002009
0.10721454546651431
0.013952430598530746
-0.36342535280509125
-0.29995108535829124
-0.27396809533829164
-0.3487825258158114
-0.33742691332680197
-0.34206478126601103
0.08402239637246492
0.013952430598530746
-0.13767955301304918
-0.2796184834288322
-0.24709764975671192
-0.22516224032481832
-0.034939496271899066
0.7845102664476066
1.621568664685523
2.4749089100893555
