2.6918724570866175
2.0021144371918593
2.0418526677680906
0.18795613799225638
0.013952430598530746
-0.20084330611298554
-0.03504243543010183
-0.2340742143537994
-0.24709764975671192
0.09428411753069264
0.11181658653675682
0.18178968047333505
0.0891878670126359
0.19353689469931568
0.22387723263409437
-0.10579978446194722
-0.18746270665710899
0.0656158931555479
-0.18746270665710899
-0.19477407315605602
0.06938240072968609
0.0942762946402918
0.013952430598530746
0.21528960765096467
-0.06867091285508793
-0.10381883138761423
-0.18746270665710899
0.013952430598530746
0.07674769452091917
-0.07803287512535549
0.07892987649878043
0.17485101971491146
-0.0787846084720762
-0.18746270665710899
-0.18746270665710899
0.0651287853666499
-0.18746270665710899
0.06705493345509002
0.26155468897094236
-0.19477407315605602
-0.08572636495931041
0.072999013082869
0.18904722107604355
-0.058364181160197724
-0.06982394154062681
0.19572064185357557
0.013952430598530746
0.0742430028579002
0.17931283125292447
0.19370654611457813
-0.0585643745153374
0.07067453589738017
0.28663813212190936
0.07067453589738017
0.2746831510421678
0.0759533360009428
-0.18746270665710899
0.2664424035251643
0.2756212087544222
0.06502815135536023
-0.3589364725444705
-0.4095177158838558
-0.14471132068183284
-0.2940708218269414
0.29743697125929985
0.35504529817948993
0.24227489474701383
-0.0787846084720762
0.2305228397672483
-0.010380125163291407
-0.0787846084720762
-0.04319408952368598
0.013952430598530746
0.2889504846970574
0.07263396152928364
0.19659029917959495
-0.16676768043545975
0.19652360213270323
0.013952430598530746
0.17735826453270612
0.08665591434188145
-0.18038938504261487
-0.19477407315605602
0.2930492098881306
0.072999013082869
0.09142164453888704
-0.07069971417405535
0.0742430028579002
0.17931283125292447
0.19760724019076625
0.013952430598530746
0.29743697125929985
0.23212013756445493
-0.0787846084720762
0.24015759495352615
-0.07803287512535549
0.1716008427949702
-0.18746270665710899
0.06833639976396438
0.26341697622572124
-0.07437790442621757
0.07743284292343532
0.013952430598530746
0.26642424434124146
0.06795103919985646
-0.18746270665710899
0.05885758612949275
-0.18746270665710899
0.26553583665187136
-0.11776463895178074
-0.0787846084720762
0.27705226910685105
0.06795103919985646
0.2889504846970574
0.07638264296733378
-0.19477407315605602
0.06390556001250532
0.0942762946402918
0.013952430598530746
0.06919502897488765
-0.18746270665710899
0.06390556001250532
0.17485101971491146
-0.1898497958377089
0.2984227769112979
0.2821443804717333
0.07409108503313253
-0.07183085768297075
0.06781988579597538
-0.017344745226006333
0.2816424789882469
0.06943054612234897
0.24767879317138963
-0.07803287512535549
0.06587960581468154
0.2873577306785914
-0.1963455296335681
0.27827784016993123
0.0665758960209442
-0.11279569893023228
-0.07803287512535549
0.16992695385368722
0.2873577306785914
-0.07803287512535549
0.192158883238966
0.37120847364722054
0.29355212583213625
0.07409108503313253
-0.07183085768297075
0.07067453589738017
-0.18855095001570732
0.013952430598530746
0.08100130988395535
0.17527751457551385
-0.18746270665710899
0.17735826453270612
0.08238154716990577
-0.18746270665710899
0.24410594218953893
-0.010380125163291407
0.1737673816568484
-0.19468246646255377
0.1403831953476645
-0.035971906513354523
-0.1853693361255728
-0.12676645211180537
-0.006668632892622368
0.19152407029645416
-0.06671947088080031
0.0742430028579002
0.17485101971491146
-0.07855847342130151
0.26153821894845664
1.3592572046959375
1.7613965154793663
2.859118566079559
