3.880854587855288
2.580953392611724
1.7063524516928386
0.1490455099919226
0.08538866995009008
-0.035971906513354523
-0.2646630887022132
-0.294905975939179
0.013952430598530746
0.17209349271556548
-0.18746270665710899
-0.1418789798551047
-0.19570892406404825
0.14702173966297488
0.110814611079789
-0.14872072029752867
0.0911382997841705
0.294786426940094
0.17822919319486139
0.17931283125292447
0.17440658591335853
-0.010380125163291407
-0.12453483933631354
-0.2031014743705009
-0.08533602403825949
-0.25625616406207624
-0.1666833326726281
-0.27613909021303046
-0.271474880000694
-0.13241993843658123
-0.2888647097702109
-0.26199358747795576
-0.25383384172728873
0.08426115997279114
0.2562338749587334
-0.19563454650577713
0.013952430598530746
-0.07860646541925491
-0.294521485447162
-0.36420556659901543
-0.033300105187445285
0.1809867201942074
0.10504208621149846
-0.035971906513354523
-0.27001627752013924
-0.3977942219040159
0.09699702148065965
0.0964484827310422
0.18178968047333505
0.1153928489189439
0.09982547580447113
-0.08091319033849065
-0.08851437187246187
-0.22730291174366019
0.08019242421137095
0.013952430598530746
-0.18746270665710899
0.2803744072360681
0.19404675291229265
0.013952430598530746
0.26786406080963426
-0.36342535280509125
-0.28807483638376247
-0.17968055208770164
-0.3570421351902229
-0.31742920850359896
-0.3707461306869721
-0.03205910550152132
0.2880821148192224
0.19296184351809365
0.27777374254095977
-0.06824328394363936
0.17822919319486139
0.1153928489189439
0.0977496509756204
0.2984227769112979
0.28424094753787005
0.17209349271556548
0.29071699076607754
-0.17060532247961255
0.06434004545268364
0.09988819175227646
-0.24534189596884937
-0.26029591733859503
-0.010380125163291407
-0.22620717316349395
-0.3681156117150857
-0.459221671853846
-0.39675428462841367
-0.11402032737323861
-0.29825832495952403
0.2897311851140795
0.013952430598530746
0.192158883238966
0.24326141105952023
-0.07803287512535549
0.07892987649878043
0.10509369770365778
0.013952430598530746
-0.08851437187246187
-0.2805935971876686
-0.3633203633508228
-0.03917224395840273
0.04209695199008034
-0.339902878233943
-0.41064700150721506
-0.24709764975671192
-0.057505424479734835
0.013952430598530746
0.17903215347398904
0.17931283125292447
0.10590753126086155
0.013952430598530746
0.07067453589738017
0.013952430598530746
-0.19964732761904155
-0.010380125163291407
-0.13197064794238844
-0.46909789806281055
-0.6436944963459795
-0.6755129040714788
-0.555609705331641
-0.5655519409112072
-0.4033815642017383
0.04047329846866354
0.10338177788717111
0.3009069536155195
0.17519172567082786
0.1765249086561944
-0.18746270665710899
0.06548174966255961
-0.14116672176949374
0.3736684664717569
0.2929517220231159
0.17209349271556548
-0.0787846084720762
-0.18746270665710899
0.07066386703856047
0.1765249086561944
0.2889504846970574
0.07706779136984993
0.013952430598530746
0.29410398746042204
0.17655530425357846
0.08537444803300709
0.013952430598530746
0.2897311851140795
-0.19429289789566834
-0.07860646541925491
-0.2224349301649433
0.048195260295369746
-0.028969844270907208
-0.20848548679104437
0.07467186969206843
0.26786406080963426
-0.07860646541925491
-0.21477782120502262
-0.11180412587971489
-0.2977610391213801
0.013952430598530746
-0.08181968355933882
-0.03504243543010183
-0.23497141359859178
-0.2588507656876729
0.013952430598530746
0.05623345198872564
-0.21850517111998258
-0.23048710969712677
0.011863635885152
-0.02018820861912117
0.13515354133055008
-0.16460618677274824
0.060125938866454225
0.08591069507245067
-0.3155937909517341
-0.34132917288499476
-0.052233450264402
0.25402412895330073
-0.3534471341850528
-0.2576572181544672
0.04866105714275038
0.2207286098153086
0.8640475818985881
1.6275061317970643
2.7986837005102125
