1.804411764224253
1.2465890448335175
0.9838440521888079
0.6124250932856632
0.19059906872115862
0.1784682947399944
0.16377797714351858
0.04042103246901962
-0.2130602952973493
-0.08013942753695227
0.00784816948517963
-0.2385599081681177
-0.308643657741695
-0.1528890937902806
-0.14845119821442251
-0.21256852303719054
0.05075560475125929
0.17505306167258863
0.157590688504667
0.12507716026333673
0.10953210632648715
-0.0645143418798955
0.026586388575087924
0.29667190027234935
0.42815768440157503
0.2683917478571768
0.028858291646409507
0.26455011165871417
0.14816665633389403
-0.05906069699188585
-0.2410613477288177
-0.06054732764521774
-0.03963763932470076
-0.4064106702168327
-0.3646366239318914
-0.256412824838135
-0.26566315570013854
-0.3040539858514452
-0.0713570777974546
0.15721911072979516
0.10595313045473169
0.19159529702665543
0.021512530561498794
-0.04844271074963487
-0.17038083099972268
-0.004784943667045452
-0.27660051147017034
-0.28082460545051113
-0.06302875374322206
-0.014076112024469139
-0.31949140082545674
-0.2989746339910247
0.0111152361353822
-0.04250025254413932
-0.15246244431133857
0.04178299928660871
0.3292304128467056
0.42753377433542605
0.32023819858784147
0.31393508195296244
0.38238343513667333
0.4239881640906319
0.26034380172833044
-0.06044858930977191
-0.024734676670886562
0.25993692174291727
0.20164164756230182
0.07148210572866699
0.08750240958895897
0.10481633765550169
-0.025694793506901042
-0.07277768041779777
-0.4240801406471276
-0.6506282039540261
-0.6973050227828649
-0.5715896567995743
-0.5800361589139104
-0.7419316873233441
-0.6061294130725787
-0.18938399871655098
-0.25452599318583424
-0.27102060234859776
0.11613029513902962
0.35273399828942276
0.23059652081206722
0.2491175931840874
0.4873841439941708
0.4800755689036038
0.3623425734895141
0.07962972219255328
-0.07983928295822233
-0.2906561156046645
-0.21172976624662498
-0.2185886714296526
-0.2131220254125679
0.07333086006284957
0.10577833608621501
-0.061124332883555635
-0.24284802393726215
-0.6129508348242546
-0.8701803507818949
-1.0126383401295929
-0.9092232629907692
-0.6365729301302857
-0.3975779870930145
-0.2751585883676883
0.14677855687807223
0.381447904330173
0.4856096079656436
0.5000645347996986
0.4343503703264155
0.16931021231232654
-0.011919361333803506
-0.14775309311160922
-0.30608466860141076
-0.4074269939955121
-0.4418465936705454
-0.6610752815248048
-0.6415954768981997
-0.6112890822559115
-0.5401013434607991
-0.2753941709197391
0.2161637775353723
0.4361132934016527
0.6249601337685919
0.5083011253728096
0.3198661906111509
0.06852118215816748
-0.13417435592865837
-0.3760162211082439
-0.5220835185747172
-0.45907358131066334
-0.30352616116699765
-0.06935791451973558
0.20258160984122708
0.240449501484155
0.3323029269840154
0.2789361735041636
0.2874066464796264
0.22876264540052962
0.08882050248661108
0.16446114062160633
0.16739284619950495
-0.08302850565283064
-0.2745578472195947
-0.06825555035366772
-0.05360825307155133
-0.009004428784480207
0.24705967515419505
0.4845367378899759
0.4443932592027597
0.17099173647940205
0.0888054168143548
-0.15824200839293334
-0.207100449908723
-0.4420922658163373
-0.42622376045793026
-0.11442512757831363
-0.12432900692365767
0.1505399005601672
0.5112348090193434
0.7486304620533256
0.8289352028094679
0.5899272993648507
0.540888007312195
0.6518902036232994
0.3261138421224103
0.01060949791037974
0.047713636502194345
0.042751946443568514
-0.017292282514823985
-0.026114177869494274
0.3354793351979581
0.3769563175643672
0.31512878727939675
0.20931029886845906
0.22292389123184647
0.1755831152177431
0.27513297496001937
0.0371392422701422
-0.03163506034457841
-0.1315527055331543
-0.4313813897978101
-0.5452820478129198
-0.5964060493819123
-0.4402830405723518
-0.11611844177203025
-0.023032742509627127
0.08367757286211054
0.09659860952083468
-0.01365216434125066
-0.09129078764431894
0.05803128454824735
-0.021357210162562583
0.12046937504351111
0.13367421241820396
0.03994133253403363
-0.021410783324808114
0.08124860430238394
0.15305288899498762
0.10195200700816771
-0.20252870201412726
-0.13753563390898035
-0.024220410401031928
-0.15725312988613302
0.12678907529058092
0.30067327486245626
0.19057631731180832
0.27651671667798616
0.3934358721570852
0.443922244281877
0.38506590595764545
0.11687978796013401
-0.3789982217128852
-0.6572127376413845
-0.7692854897221846
-0.7346924389444802
-0.6118541318626497
-0.2621145655591175
-0.1436524504270038
0.05499230171595897
0.17696240537061408
0.2605403829443538
0.26226447721521023
0.1668901289663118
-0.18201340256441034
-0.30676437178947075
-0.26104235635751283
-0.38372484735298823
-0.33091902398226813
-0.14461399863276372
-0.12003774034405512
-0.06779796364609636
0.24464925401527549
0.40975380870315425
0.3182670821496238
0.07071864623366686
0.05017116376541366
-0.16652629891705295
-0.26007622063718666
-0.37627938158640944
-0.5915879307763519
-0.7143713583655321
-0.701115339708541
-0.4377218425337668
-0.1685207578248891
-0.06883684106072174
0.2916344417157124
0.4387894063942207
0.45191376465525684
0.29607766270272834
0.4031422919883706
0.2868075012182613
0.045994079338259566
-0.22133877210173575
-0.36094297050141216
-0.4246928687426366
-0.35603655627754655
-0.3276538967106446
-0.20637453357029387
-0.21530093363478756
-0.20960845984412757
-0.016128186285864887
-0.007620420394902999
-0.09692257620603817
-0.3383977161452089
-0.5332018756087817
-0.6195063542799544
-0.5223425396761878
-0.19859751304794535
0.07996625262612839
0.07251291547582828
-0.12000363137156353
0.0023544088881539095
-0.044485814154398895
-0.22592335429686955
-0.35432045356728964
-0.1643999861518016
0.006409480342905673
-0.10710836048728965
-0.17890903621153897
-0.04441407326454219
0.05311921684102877
-0.012558274396056245
-0.03533596653933305
0.32804784446605667
0.8831849459020144
1.4045740752929803
1.8445238909504018
