1.8842047909184094
1.2675143998258644
0.7833357242998236
0.5646295165795042
0.0738803167944306
-0.06497370551276688
-0.029118397604942614
-0.18956928376574086
-0.12268432339429355
-0.2332635165815762
0.025853637239635182
0.11941510009437933
0.2517010336409422
0.5119439305444007
0.49953827562734915
0.4359825976501307
0.4328466261719664
0.2703972036796499
0.11035462962464831
0.05372332102313161
0.08285658035090482
0.02752814922392593
-0.15208993120661615
-0.1854071927038003
-0.3126384855895047
-0.1269343482978423
-0.025445862863573865
-0.04718543221501335
0.18552816534443758
0.5218938872005722
0.46724870371385085
0.3239244718483469
0.33705445736164513
0.2119801818773343
-0.2546333378997414
-0.5550589958648979
-0.6184971101686328
-0.5255747654674368
-0.5836189657519559
-0.4987391758171065
-0.051938126497760834
0.4062474704832947
0.5939687979717898
0.706821797062544
0.7462380659085422
0.4681682072795994
0.07255310133175663
-0.08011117176949227
-0.19420452752000997
-0.10838235570551036
-0.24841779921514223
-0.28464047978613666
-0.06805649812782141
0.18695362817478856
0.3413348253136711
0.35794557006242184
0.44315173802179775
0.1023282012466525
0.04549044027192546
-0.15203694309343915
-0.19680125658755102
-0.17475629392532752
-0.4182725846605633
-0.4748646129489032
-0.28013047862985785
0.1274300541913147
0.23624570550805996
0.1884397610832723
0.23691547355221024
0.18778180868151617
0.11660311617011093
0.05287502786852523
-0.07513780971985883
-0.0751376546032284
0.12546161856840762
0.48219363902356194
0.6941931990088763
0.8591381517396744
1.0369894709648646
1.0822272000677746
0.9669225900768517
0.8062154486021803
0.5193564608897011
0.002370382255392169
-0.4540759471538765
-0.6555151443394412
-0.5631179037782157
-0.5429261271324091
-0.2989065632245406
-0.12136668171930935
0.15376534315272566
0.3771854492765641
0.6081971706333387
0.6247070092247714
0.38057969080792203
0.41201242189059883
0.3764443636674071
0.1423734676024846
-0.14889829397667262
-0.11361507457576007
-0.01718058724296204
0.45252210524784264
1.0760655017170284
1.5839326642650207
1.7318316145254224
