2.1670921327052035
1.9107109918753684
1.27853585639131
0.7181606251270997
0.4495837990541911
0.25876714196682704
0.0017647018344432084
-0.1623341482046092
-0.01931387319503658
-0.028868331642349948
-0.19330938773393186
-0.04312753186143645
-0.007174375436154319
0.30666893264958733
0.30169787368327117
0.1478911159190561
0.3867456577375971
0.46018953013778996
0.4464537048702423
0.308782759175883
0.2562001309383741
0.13151794695100663
-0.11605649740400448
-0.4151525411683899
-0.45373961576040567
-0.6690817320605208
-0.7006818770159555
-0.44874679835052717
-0.3022109612067738
0.13931128971359039
0.36921846547399534
0.34572931498333137
0.19303845937788683
-0.00032971093591412375
-0.30391297404638334
-0.4441033649876213
-0.5193762573091736
-0.75649186737026
-0.6743011178895264
-0.2155327331706268
-0.05294107131853594
-0.08968502196378837
-0.20812444350807688
-0.07115784240244248
-0.1249615748970797
-0.24159273056729536
-0.36410234783984036
-0.10227378466856658
-0.13151267167467123
-0.159667377817394
0.0854694014468258
0.06240296252500767
0.35545876258141457
0.45802564430995
0.33394394509219316
0.097329215663247
-0.06086238768399253
-0.1798968100612719
-0.37545129742573524
-0.39068599551509126
-0.428062108798067
-0.3485097904107322
-0.3687062277716847
-0.2274773162830618
-0.0014436829896646239
0.1528988798763854
0.12414283886302294
-0.02327802341224933
-0.03373003582108963
-0.23497506915313943
-0.413501588617276
-0.3618406862532224
-0.41502689747763616
-0.2342950443686769
-0.11226595610728875
0.17305135002120167
0.2608200671050459
0.3684656546443814
0.37054811150981803
0.23637235895489664
0.009028322985944677
-0.33507170999887576
-0.4735285431410914
-0.531615437876403
-0.6853198394033154
-0.8432168213562972
-0.8023027861283341
-0.5702888046180864
-0.2487963712691942
-0.055326120778544007
0.10220462230636777
0.17186803063210407
0.07516132722632668
-0.07642498108287775
0.10133537822923977
-0.09988792286543151
-0.2777357270479082
-0.12806715325421242
-0.12285290783113856
-0.28217902876512924
-0.19742436609537362
-0.20411979730400795
-0.16558223179442869
-0.21091629773551457
0.02392246582131474
0.15564211764351035
0.19623034879153883
0.21302486428712653
0.15006808595154428
-0.08857853802104296
-0.03621310122740233
-0.25868666538208657
-0.6261927216753925
-0.7640700082129913
-0.812485008371769
-0.7149176336672568
-0.4898385827037491
-0.11550140359351692
0.006038401427910424
0.009120216293463147
-0.09267298891061325
-0.042512089442802756
-0.18080562795102645
-0.2091446840826622
-0.5337058392347314
-0.48974278072219773
-0.23542904898220335
0.13258723607325518
0.8466655588058437
1.651408883801661
2.132563963395731
