2.3393324096883554
1.841992559403431
1.47207535908136
1.2627762542806433
0.9597143079374587
0.7441007581192789
0.3489966094998179
0.36720512543573747
0.3634576154121435
0.11084820705453002
0.09219877099760002
-0.11194116643344804
-0.12194660798773338
-0.07576985586190758
-0.07148379998630064
0.03190644396142066
0.30281458346766643
0.4379661124893151
0.4316510592145346
0.3613386827529708
0.17628318318310762
0.09403234717436945
0.06273682005005796
-0.0973034958600601
-0.16073819168405462
-0.3235236842332563
-0.2631231843213522
-0.12906030572063032
-0.16271393623683317
-0.18975378646035757
0.04517032808099347
0.054942987761257465
0.11707475741423287
0.19034458619671757
0.22966222129826097
0.1959480440105666
-0.041160027444057085
-0.29902013648678033
-0.6979003387915179
-0.9050158751113012
-0.9404180426969618
-0.8173434299991672
-0.6268858484042814
-0.3639392751670968
-0.2728328777724139
-0.18231514504321714
-0.26577607211252996
-0.23854381301863978
-0.2934967458912923
-0.10053023402082918
-0.0664428887146733
-0.060606478269344496
0.22611794973960592
0.43608519859662676
0.5184212064049348
0.3328955585832321
0.4302128314091413
0.3457961777933879
-0.025119593185127746
-0.076445418409956
-0.029878757319450323
0.06935812904144806
0.0012510647368108193
0.12831801449763752
0.30505345529016165
0.5246907119076509
0.43724630651706475
0.25367305313130634
-0.09632906397216476
-0.09438933294214887
-0.29041610842886245
-0.42585427232236905
-0.47372044849428024
-0.24666366862355216
-0.17203016387168096
-0.08082300063871727
0.17201683423578812
0.43819188818090365
0.5361614730131158
0.32314160957184973
0.40720657761054335
0.38942692269771967
0.18971535654093857
-0.127784774171974
-0.17168056200990556
-0.28960815703013587
-0.39979582568233174
-0.5906157004844016
-0.6465980012534532
-0.516568555660204
-0.16899644469693922
-0.005121121015349607
0.28152708271843463
0.3906895856939697
0.4334408849399822
0.39957321634691834
0.053872693356421045
-0.10992483960044323
-0.03206349739425585
-0.27239265561029985
-0.5882430019978889
-0.5300947678149868
-0.46351197620381906
-0.3196737517895272
-0.06656686252831792
0.20543246164053472
0.35970247079538215
0.18004137033126957
0.31946027349043365
0.5207952989333652
0.6183401778321674
0.29580292289265275
0.2419040966433177
0.23942336491876662
0.05391186152500391
0.2408801789318644
0.2633566741071098
0.45149677183980663
0.30010010406080856
0.29329562527452874
0.34391405598196856
0.23976705656300304
0.22630663730768916
0.016826763623920504
0.017695593553384514
-0.10367587448689435
-0.12665789971850752
0.17626790616485605
0.5268390423483328
0.626082258049425
0.5440664882018036
0.5888811233029421
0.44627641163504506
0.441423029628645
0.2686661799256523
-0.001650355212335573
0.12485843826410332
0.07605836477125671
-0.25265049199343537
-0.24011180302599086
-0.10771438865024373
-0.3223309099168399
-0.6829655899383142
-0.7795765636286227
-0.6901996564922409
-0.5316631752232513
-0.6584126105789531
-0.5342011049340302
-0.35094588945562355
-0.4583812617797201
-0.34721676499405474
-0.24616515243812107
-0.3276145464203289
-0.5130146820385937
-0.5129286101671444
-0.20102512195763023
-0.30787811409442617
-0.5916824855188152
-0.5604424253760344
-0.41158830706123756
-0.2562748656032757
-0.10175684304739718
0.16411496014825108
0.3019536712883913
0.29555367905415014
0.20990055216941916
0.01689283570183207
-0.2730675406992526
-0.39058891610723606
-0.29256211609513016
-0.10979116805858213
-0.07822670065071405
0.01885168716252807
0.4062991679287931
0.560462385059789
0.6744687503131168
0.5708348839613834
0.35411805527376594
-0.030758248539713092
-0.27331715034595977
-0.4215728049675055
-0.7118120622585933
-0.874686212151312
-0.911883038860767
-0.8359765531003452
-0.6402281313303101
-0.6320962526988084
-0.3003847675496409
-0.2214641337059774
-0.00967683427380134
0.30338409557331214
0.33635501979389076
0.09021318060067665
0.1530808447357013
0.3193850016105262
0.03433503520061777
-0.17644436291535792
-0.17680035881406306
0.041278304611346905
0.0014893518461368104
0.05222077518664826
0.30317754516691126
0.5213486130773574
0.36411929634732076
0.2654410071164568
0.22713300251052132
-0.0530596008133044
-0.10704777221755431
-0.20576440674849455
0.027897526592416566
-0.20751252845983134
-0.10090740741364748
0.14841570019151168
0.08302598946166256
-0.20507189318855762
-0.21617764184789878
-0.4817454894165717
-0.7034022733181667
-0.6687774879582093
-0.7331130141900207
-0.7027961162101882
-0.5648411872895189
-0.12837152885835912
0.0685826468627979
0.1115807871625491
0.007367763363316733
0.18022064442806499
0.046861048569646735
-0.1812763713587081
-0.10623553183153363
-0.21348989615048425
-0.04947317028272952
-0.10963785263735364
-0.05037134779963321
0.09930694225181719
0.07915476953020492
-0.11360193969357292
0.051570545060164744
0.11014484451204984
-0.00879614425939492
0.29557525112476435
0.2451009381894002
0.38840680371044173
0.28379460776489485
0.16022178167660306
-0.07006296243295126
-0.5170171162796091
-0.7247383713754151
-0.6024714101769485
-0.45941295355919787
-0.559775829479528
-0.49436598801188675
-0.5314786651566664
-0.7495556272272278
-0.7162123888332059
-0.5930458417995079
-0.4554772746442486
-0.4929455016731214
-0.27255556200103537
-0.07737087549359611
-0.08306281765918512
-0.3363528332977016
-0.2649634859739328
-0.03734201270940235
-0.19719369404603207
-0.22096141523017973
-0.29017395651092776
-0.2695014182620811
-0.33685388365121866
-0.47773284855072073
-0.2653696048790504
-0.38202521007296825
-0.28675128086464835
0.02741456993504872
0.1154983236197149
0.30682262093145035
0.23614103065995368
0.16757267377205315
-0.012396348611215852
-0.32027272633614395
-0.33334557132736603
-0.5470820582067476
-0.673489057335524
-0.5413280149869052
-0.25724739726752904
-0.21627204660038904
-0.11889527203671257
-0.17627556934968452
0.013457740233269516
0.031121925951793243
-0.13044509024919962
-0.08371184785665893
0.09799592535007418
0.15775426136988796
0.21731517544445073
0.4482762206030819
0.5421718437088234
0.7423006644214694
0.8477757650485656
0.952024598241552
1.0192041532857403
0.9242965540637954
0.9550396783365019
0.7770762577921869
0.6698318975555202
0.5387584689323496
0.3891663733243614
0.09308911671817985
-0.0546405373072214
0.009553425160058379
-0.12428687257390947
-0.029892481105318745
-0.010248172538118548
-0.29738354914184484
-0.33614939229561797
-0.09751709297646804
-0.05561508354073203
-0.3113957821537499
-0.5665524866888466
-0.5341439709602356
-0.3125053225122765
-0.3324582373362596
-0.07610921778347422
0.4251882212588211
0.8936085585771778
1.1895486478200785
1.492823043719021
1.9693667461955717
2.1973702400119675
