2.179976861178856
1.700119921042357
1.3183408040098987
0.8698863755648286
0.6292587260254758
0.3427764651621831
0.12193562572233882
-0.20961299143208176
-0.15704848923831125
-0.04755785807884243
-0.06576003891796467
0.00785411534255486
0.09600131694968629
0.12401958842822045
0.0014782803128091792
0.18456209076432867
0.3586714611173778
0.3689138394279518
0.4392810508385746
0.3460470839777797
0.0696933553005427
0.04679947435873344
-0.09198139312129198
-0.4136059891800661
-0.4236488939296945
-0.17648784496640132
-0.04304977884387291
-0.1529690213269847
-0.17158890288453288
0.09011758650339814
0.26786671508886173
0.25214998821296664
0.26440439685391387
0.1985034211180388
0.2827306495914042
0.2293635062881018
0.2339679400034977
0.06690714489224475
-0.2011760448898811
-0.0424326631893278
0.013330199752127533
-0.24774694592487165
-0.19789687105563464
0.10406865605285961
0.20235269688415666
0.14441089994443596
0.32243717956829987
0.19485530303695098
0.002981736948686162
0.07737292736390337
-0.051764136594109514
-0.41392387204907294
-0.5707715098721032
-0.4297475956887923
-0.39644034128773153
-0.14796857103030253
0.2203792723730352
0.40230221678557015
0.5321115752564639
0.4301154631373479
0.39265630767063875
0.34736325373470234
0.10872492433021559
-0.22277003396677783
-0.5695426328113158
-0.6307825180556582
-0.48344417603658474
-0.523515823789456
-0.3192121267809279
-0.0796835926133439
0.011772995573957999
-0.1472151282576584
-0.013599481141296351
0.18243112218288152
0.35520883004464615
0.4951386574923055
0.3240876420026296
0.13349846690413616
0.18754415915378858
0.01009412492422422
-0.28486985171579493
-0.5767424439966897
-0.7667669678489359
-0.9105775273004135
-0.8407355578864624
-0.5098185220499443
-0.3614582147559437
-0.3499101246331413
0.0021403260631374095
0.13670797866297343
0.012793765364353006
-0.026092238398780224
0.04188720045251715
-0.04492558643360653
-0.2758078062519574
-0.43233241945669587
-0.2250705446116512
-0.31247002948385477
-0.20259969159962343
0.021821427283440647
-0.09977538604047198
-0.0829356793129554
-0.05510496281152326
-0.028547892266582102
-0.4510787991019071
-0.6580177224008726
-0.669052069922673
-0.6644979572165067
-0.7945556942331765
-0.6383979325882426
-0.4687820664921079
-0.5452913478834329
-0.32396420493936445
-0.2958578598601728
-0.24098633036108902
-0.36429915483703385
-0.27078563774646947
-0.20269230780948366
-0.1934905407750911
-0.1001444929317321
-0.03357498055121662
-0.03702418744879561
-0.2158190515029332
-0.32472755812511783
-0.5293946964532691
-0.5109233652159648
-0.29077903497291635
-0.4317753158690715
-0.5056852055883226
-0.46863840743367086
-0.3951794895909858
-0.45836773123201796
-0.27789862738047016
-0.22097201802061825
-0.11424553169569586
-0.32600140913374365
-0.11614261220680996
-0.02290274658859055
-0.06081432159751601
-0.1144427517442371
0.03862776635083296
-0.20837663258415356
-0.2291217442466053
0.09663484216414771
0.19715113133174103
0.11386532804421526
-0.23384129929675943
-0.18716913638381813
-0.43129101186408686
-0.7302076244223735
-0.7044038816856515
-0.5609029795701643
-0.31205646597971054
-0.11354758608782439
0.25150068592060015
0.5632798176536726
0.7939029450597561
0.8554512298579166
0.8729390110122455
0.7025282814978492
0.4824532155497344
0.3167410208926357
0.21874542704713565
-0.026485530619214357
0.06468793256163448
-0.06407667445604129
-0.19558259340923295
-0.3880907344051548
-0.2430389914918603
-0.17321852215360312
-0.24830161411427595
-0.17075689329888286
-0.22122814562768311
-0.3756432621177879
-0.3132376877917163
-0.21045705919135085
-0.32696104597587705
-0.26246944183913906
-0.03904964994776779
0.16747464763239905
0.06472812832356174
-0.14305064641641968
-0.03866059321480987
-0.17085791684800805
-0.4503763275251918
-0.44584468047871345
-0.31927718609768657
-0.14594508709571408
-0.1886403203726247
0.1526260982839144
0.3373665272943454
0.41831428107393376
0.16972499800652127
-0.0791958621731091
-0.26932724275408515
-0.26614874205394434
-0.43254970329634435
-0.4039500231376214
-0.2230271014634958
-0.25345569172695215
-0.21659384693384168
-0.047491879344689084
-0.166751321342839
-0.22541205800222308
-0.19834120403519978
-0.33596494997124676
-0.512199037806567
-0.5224235236692084
-0.504184719730763
-0.7048089343882694
-0.6660428027049055
-0.3054899253362738
-0.22942481896175726
-0.11764779253053019
-0.05094416626973311
-0.153037476629473
-0.08641711347329803
0.16563461249084888
0.13492019872202693
0.054313373349475474
-0.15587816793774653
-0.4622622460436567
-0.5337398895984309
-0.5452572758854884
-0.39573760829614407
-0.18913574517802087
0.09519547943706712
0.1586296662476777
0.2620941441748851
0.18459649761402522
0.3745733126901567
0.3834140673285029
0.1308539752732631
0.3256054375058993
0.45580902350306457
0.2733289301898515
0.033614721941790715
0.12280034260648745
0.000434934152130251
-0.0714886713000112
-0.30700628265216523
-0.280327641959312
-0.3792489923925981
-0.2798506861914098
-0.27653572011141764
-0.3636458457935541
-0.24746023539596332
-0.08914475618769255
0.050088594708105366
0.12174031381192266
0.06906658527347732
0.14029794944529808
0.2531524774042925
0.351330764502832
0.34078140095122283
0.3394581698932711
0.3013375504326201
0.3980206094846488
0.3502559445655486
0.1752135258383783
0.09833971961180846
-0.02913904003736081
-0.23294785157128178
-0.31250648236843565
-0.5437636712011441
-0.584568403362118
-0.442168419784156
-0.39683136618532566
-0.1562742358033713
-0.1606627698349544
0.0005939946327215319
-0.09474619388190385
-0.2674344926969277
-0.5664600256197116
-0.5959665527627489
-0.8397720751036781
-0.8713507373587681
-0.6629142873121935
-0.46416800261827124
-0.5594620113885542
-0.3930619769426049
-0.3237270500885918
-0.6092537518345682
-0.6731005416890414
-0.6569681745623417
-0.7210224450162483
-0.5587261182927395
-0.45231263252627596
-0.37389670273430237
-0.1971538461324294
-0.1913432652037814
-0.15697265532029095
-0.2899371597645437
-0.4850237196928018
-0.6806893170804494
-0.6792601861386494
-0.6602809685243254
-0.7571700143770365
-0.8130424336062665
-0.7617437395541069
-0.4468986658094778
-0.4080242143891456
-0.1766130638147168
-0.09194633782716924
-0.1957646648540079
-0.2304245669422727
-0.11164035189692247
0.007091152399010642
0.321085285113936
0.7560439084498385
1.2140712625028995
1.831807705462545
