2.3911065704918273
1.8378894555659235
1.2003107651172111
1.0812149828715643
0.8731584828996161
0.4466000959131303
0.12949889113793644
0.2485689688840171
0.2314710396712333
-0.030496645428109648
-0.073972635271914
0.20254012226074009
0.3904025272921931
0.2625517615071839
0.13044683083255093
0.25052755573220736
0.19485769153237292
0.2911291957901274
0.33511071524090713
0.4525959452919454
0.3977586313370359
0.16443135706568004
0.2709156972962012
0.27235379725721715
0.14919057843422168
0.014300267805317896
-0.009360000886155495
-0.32624783719076966
-0.2650916046253222
0.10372203939944558
0.16228420061949853
0.07479411973195398
0.2696305556903541
0.3396371729018629
0.43776749487650485
0.3086354892914342
0.17413337597940257
0.1814376246922511
-0.12389726152087763
-0.3333231320323171
-0.31111985806732345
-0.6090204570500797
-0.6562644360048008
-0.41069567595351925
-0.2505842926216214
-0.15851900385572656
0.2253789434878134
0.5050314222577111
0.5518710826293551
0.37559303998332827
0.5584826321838827
0.6276673500814185
0.7360201939430835
0.4839763497276112
0.6430633097270131
0.9056464259131798
0.9480597804338865
0.8390277771548129
0.5944237867314058
0.604098100876993
0.3883302043361248
0.043526505383634874
-0.04458651922903617
-0.2304952179484654
-0.4298637308557939
-0.3305355932871811
-0.43658112690340245
-0.4637545758398191
-0.4037751759138826
-0.1431100473268493
-0.21102764913446262
0.05801861841184028
0.48238323543559075
0.7709343917492
1.037057068164131
1.5196197474613555
1.8628287632967626
