2.3551166687221943
1.8247616946281673
1.0283437482465632
0.5586822811014387
0.3155554822163764
-0.2306605940699242
-0.4104894489260241
-0.312856594517787
-0.4251728691097437
-0.5479710623288624
-0.32609366134933565
0.15403073969598394
0.25604618712814825
0.13786294420513504
0.2789160571889251
0.2960469131602328
-0.12928964040666718
-0.16273545801727374
0.20368428312476078
0.1998270677525987
-0.028172217286741758
0.17792414705410753
0.2667954628210413
0.03504780642619628
-0.15737677770336136
-0.016630217063978353
0.24697198834952244
0.20814959092867902
0.5502227825804213
0.7605098218966037
0.6975074562679139
0.7345267409972404
0.8871466004296014
0.6070678517779206
0.3076401639971729
0.24227717486704403
-0.18394563464732186
-0.3705331441913522
-0.2314945595075128
-0.20313527188250918
-0.45098358457234533
-0.5794714802026667
-0.3965288431145807
-0.4606815213243423
-0.46385424663764463
-0.3831566408437072
-0.32758178250022063
-0.3384145379549896
-0.017559434351296054
0.07685487576002571
-0.03030741173445856
-0.08461163369113522
-0.06918437440424366
-0.08233816203025848
-0.14403248867817006
-0.22705572174889677
-0.401534948807865
-0.24691642771224157
-0.2817755747513965
-0.32790268122202243
-0.3039251061439513
-0.2225513174028846
-0.4988207830039392
-0.43457111075873306
-0.31592250284531814
-0.3411974989777784
-0.371140027648322
-0.08148932519068014
-0.050356176844134064
-0.20872747701414193
-0.10302085932387361
0.27781124282754327
0.47952515467859336
0.3566344743222178
0.4407127515843894
0.46983688040297444
0.4061002356752343
0.28876669451810666
-0.010018926421066289
0.09623614515414072
-0.14102946172025535
-0.15537475610068086
0.022224892281836398
0.12782480881799532
-0.13592939353084485
-0.17911784662621236
-0.010905126046284559
-0.06241154183408391
-0.36255431515964187
-0.4019312416039058
-0.2363106832391556
-0.2676012699620644
-0.38101901200695765
-0.17758524611410148
-0.32021258640637057
-0.4548140332649577
-0.28270462082315584
-0.09842497295860173
-0.06941256587244853
-0.0087373561555235
0.4160519840254463
0.6789062749619862
0.8055542546082847
1.2469464327082391
1.8893530678516441
