1.9249397345094197
1.4375015555976676
1.0851809423381686
0.46078047241378617
0.22028233844110068
0.2914004655794499
0.23806669561791463
0.2768509248184927
0.1873591636649827
0.2307900377212921
0.04385821034048701
-0.1674663334004699
-0.2126801676529039
-0.37259742096854775
-0.40126996084424044
-0.35111260806558103
-0.377979288699398
-0.11876485109973123
0.14153301397528195
0.04516658259439197
-0.11267763307035103
-0.26244629189021107
-0.3445671587904244
-0.5008694971529607
-0.49380491136925797
-0.2713783987928444
0.18899461282345317
0.5682568390477447
0.5568309401747357
0.5044095517843128
0.5246278264229215
0.4919666776627738
0.09487606060394227
-0.052667734128283725
-0.4298832895300038
-0.5152583053074987
-0.47624968373667564
-0.2627762489733959
0.13777605602569
0.5214969660159348
0.5643192278921819
0.7373769480879886
0.9039425898693417
1.0531299851804228
1.0192849369827173
0.9133463082252122
0.8304211084365283
0.794681029418317
0.6067327070982597
0.3814922889526001
0.1599818689436021
0.034909260964697916
-0.18710833935055296
-0.14112820166579712
0.05984647229563555
0.11697557176731711
-0.09037575339662815
-0.03888209117335101
-0.09128703357814098
-0.396649717582997
-0.4960194100802296
-0.37862281422194977
-0.40633490021274055
-0.6009023019455034
-0.5095257961574394
-0.09158989242896
-0.028911218011689745
0.10095472008923653
0.2436575036552755
0.10806127278553829
0.1933777885265727
0.17124451238809577
0.2315064741111015
0.0664555957555242
-0.31649436598613145
-0.5102192205233067
-0.5209404725548481
-0.371727600218081
-0.33394681508645707
-0.41926835914027255
-0.25276142805993407
0.09029475117139217
0.14366664876785357
0.2906260572315433
0.4263678775198443
0.6345363212537003
0.7186243397821499
0.6233049063982878
0.6131906653883925
0.5300518652370069
0.5134477658636291
0.3233988391248016
0.47817900838939453
0.605392941823802
0.4820779441512846
0.15098498251269316
0.14890359503398087
-0.049494862003686094
-0.06265692741843899
-0.023977117120931417
0.07897687069937595
0.07314969718397178
-0.2471570365427653
-0.3470761248693612
-0.23510281352018117
0.0007165103413703728
-0.06676313096784392
-0.18567440015031406
-0.009287331692605448
-0.20188873220914683
-0.29476506483985987
-0.2780898956565451
-0.1606059565195679
-0.20216907487988187
-0.504722565889968
-0.5745102328858408
-0.5246581234584548
-0.36750522855579065
-0.4055466901919571
-0.3319231241151767
-0.39789236486195856
-0.5082154304687415
-0.5186823623462032
-0.4418380534753426
-0.282132053558673
-0.4962146600817794
-0.43619947740462817
-0.17587135065785844
0.08891855344375718
0.17859592542634947
0.10143347230321813
-0.09697884045525697
-0.0735875653538241
-0.22765911072270537
-0.11303382764675052
-0.03426079015307665
-0.16077344984904537
-0.07487227104426528
-0.014874653239289848
-0.0018949302722403108
-0.38382421428296043
-0.43622808771111937
-0.18481275118934684
-0.31750802470516154
-0.2744309003937879
-0.28331511051961283
-0.3895072937710936
-0.32309768501423836
-0.5787713657207709
-0.7157072378523315
-0.5182547684918948
-0.4196934612626637
-0.5389568120755103
-0.5682398565462409
-0.47367431598467014
-0.43756277022336726
-0.5392000552156787
-0.49384646190310694
-0.2506051137997269
0.04908446225337297
0.16551519194390432
0.3297768360130717
0.5336000298395964
0.5700850058563314
0.560135518877193
0.755219819661769
0.7432011306185271
0.5177341963056981
0.38357487440174604
0.3431139258847131
-0.07276309480174856
-0.3645667848151475
-0.37226896417073485
-0.5044285004710507
-0.45606405106349207
-0.2936679307436653
-0.2735924443160615
0.011295988555462549
0.10856442148961784
-0.13550613321316424
0.07363763099122607
0.14413768934985854
0.11533195475669393
0.2096358065189813
0.5778645474287262
0.658868131001531
0.7019510992192377
0.9457041909919611
1.362840745733214
1.8063573847154715
2.1792740459685285
2.4111424214826176
