2.2477231185521904
1.9828129918604853
1.288662981650306
0.6798362884437577
0.4409706349272119
0.3524714352711069
-0.02936763997007391
-0.0795945166336901
0.00020122241094998916
0.2067997175828147
0.2004686811499566
0.3145066855638976
0.4078891446265403
0.25812665235953675
0.39418061727755954
0.36845359981909015
0.25774211652838236
0.2485780981835264
0.2870129418033002
0.4605316262373565
0.5896465765021847
0.5783773385780882
0.5598336028292534
0.26936685145792466
0.3322926325191026
0.43441276767858555
0.4104281929109418
0.23610722597195002
0.04096084493034322
0.03115609612036844
-0.0412129924229168
0.1582152287855165
0.02803893669348835
-0.08802156143938547
-0.14371627987979385
-0.343656232825566
-0.3777486125395232
-0.22496743382483295
-0.22236168912323967
-0.1278999119733885
-0.09023313828872259
-0.19669748984374166
-0.3482553319727078
-0.15684421696720985
0.013635185044622819
-0.19745530538685482
-0.05905989047037716
0.22309857618072423
0.16635918170787115
0.1430885937141024
0.24623119912668517
0.19091561037564597
0.23631861288847003
-0.07429643712903146
-0.2314235732850551
-0.052432057158779646
-0.10536424937761193
-0.09050410885270346
-0.12888796406113331
0.08700581800826764
0.055815899327422897
-0.08763408818990102
0.11674877253116671
0.14372419377020118
0.07370396801084357
-0.26126389723424787
-0.3561517965145932
-0.39237369077267464
-0.2609288222759461
-0.1666484658321288
-0.19500286011327536
-0.06852004650172852
0.10776564116255771
0.1746348750952755
0.24087035895726513
0.32462317291469184
0.24059489809006415
-0.008755615422824724
-0.21008521495477164
-0.3875584629360351
-0.522734950443972
-0.43593218566555936
-0.15712997121193784
-0.17802684810157463
-0.2678795513567565
-0.2564463016170966
-0.26130183017112507
-0.31494369938111444
-0.09407366845892172
-0.21554673100127805
-0.15569477052840858
-0.2296346237037747
-0.08898211541112443
-0.1487951576131069
-0.11475942935335888
0.1114421746728112
0.16150148172955206
-0.06488938762572516
0.023328193141336603
0.3382004737332505
0.4747257755531534
0.41518645897777423
0.284434195120261
0.1303678198211028
-0.08223768278403679
0.01425148384477924
0.18480557903294753
0.053308663518654764
0.2437925212737708
0.6474706684449624
0.7664226770493225
0.7794775577567935
0.7323063205292432
0.6907122439911747
0.4045911795568218
0.21420664830553668
0.06582524391987787
-0.0596619783535023
-0.11425993405765152
0.03516462916141906
0.27112960277987497
0.27509328162275765
0.38392366735287015
0.4447642911128358
0.36472712794559947
0.05810250373591907
-0.21458286696445478
-0.3672268657336276
-0.7300841651841281
-0.835026402202874
-0.8152984945495093
-0.586694847281738
-0.24617268485912466
0.024160196206728997
0.1572444000837056
0.1906074545117911
0.07565945883536511
-0.09486397422092206
-0.4231783782122871
-0.41517371761191124
-0.5260742347674647
-0.5797474201918892
-0.5177872566697828
-0.20117578882039386
-0.05743674236704424
0.17819370733083723
0.4129715341252416
0.4641693915006665
0.3734824690761451
0.07655946352402235
-0.029761551254430328
-0.4007200063081971
-0.5514404172717641
-0.5675710928636903
-0.3847775495130067
-0.05249516796057866
0.06987799119112224
0.10330365478146314
0.059010163999463475
0.022802256836556897
0.0920592356993772
0.29829750130598454
0.18666537395199873
-0.012373818259102769
-0.2076395572729124
-0.17111642704658722
-0.38662113922295865
-0.29259480923974823
-0.11817933117240836
0.05856108262414543
-0.04762346114756112
-0.17877179245930308
-0.16299218676483757
-0.2602604910597018
-0.2306954358210825
-0.24575453865309432
0.032533382950382404
0.28925575838794343
0.44450676113182536
0.5281234725699323
0.6110331447840865
0.5209688062285691
0.6292105545008719
0.6091295562215054
0.4076888564903555
0.5604749023749885
0.6632278392251254
0.4205056581999347
0.27074838157525327
0.24130685628652196
-0.12187530718859413
-0.25435477038602944
-0.26592771831996015
0.10297330307226171
0.15273362208967373
0.11218459163151508
0.30553970932255475
0.6319518383234636
0.6245385319727137
0.5152088627041161
0.5201778374465376
0.4391597944634814
0.2597093433930257
0.30785366207582904
0.2027369833101092
0.1411561816030131
-0.1123251197562291
-0.4290290584650103
-0.4488414566730103
-0.21293664816649768
-0.3864052345272935
-0.34121462805194747
0.07765597643966018
0.3143579420098504
0.3455092883138249
0.4625436890403085
0.6350935040642008
0.5292755637900238
0.19547097095341776
-0.05646298662595485
-0.07878615798681406
-0.5083257123119893
-0.565230683202817
-0.47041300927208524
-0.3442110561286653
-0.21444648011036024
-0.12662183702497803
-0.0927808956794967
-0.05270829176296376
-0.2599482083491318
-0.15272094813332523
-0.10203463441721217
-0.27906952956863434
-0.2329013894887479
-0.2315556220605328
-0.16085793044575325
-0.07743604452335828
-0.07083768591279321
-0.18410670880951469
-0.2073944221782097
-0.34568639363738773
-0.24318579073590094
-0.1619763929689145
-0.19383002644713263
-0.14340280791992768
-0.05841116131067951
0.11333965063620963
0.326092133245801
0.3915243991474776
0.3609290330467459
0.23436057504072005
0.07182098710595039
-0.16999493608523603
-0.2852330448876595
-0.49155460339784834
-0.671613116494306
-0.9510276505202291
-0.9846247669609088
-0.8255920316296921
-0.8337898786972896
-0.7760593319265003
-0.5408558870444992
-0.09350014324670491
0.03839467120285782
-0.02659847152303216
-0.04846180040456232
0.11363734579198981
0.007381412931861494
-0.12062469359499632
-0.2439623670403759
-0.10628076244881046
-0.25144884355238645
-0.13561067284132527
-0.10555289703178793
-0.0034113519728853087
0.014799597170771516
0.0027548212212067857
-0.1189568401297594
-0.2165097544115842
-0.017367691326037604
-0.23714443030084442
-0.09776964583776246
0.3835920085670191
0.6866115972938915
0.7078353301882153
0.7989466068435994
0.6645903142640981
0.3441960259008008
0.010806480070803768
0.012042132859374274
-0.25849827215981463
-0.6166057457135112
-0.7738901042416093
-0.6218145164955456
-0.26091400344658866
-0.28802759465382255
-0.36014787675781934
-0.38728855094355075
-0.13934556788191943
-0.32789547198756275
-0.6104421712840526
-0.6997505756352809
-0.7220337868298803
-0.6454246090569016
-0.4144792893241303
-0.38224623095884724
-0.3119500320611714
-0.5512018097412418
-0.7198017364901831
-0.7898402075441322
-0.7033935185660775
-0.529506533446919
-0.2369833159621477
-0.022934143917681584
-0.028849644162250058
-0.1271815406317144
0.09436982924523626
0.42439551136341597
0.40968432594636744
0.34731153138628484
0.37805321705844985
0.12556153546223398
-0.09233713608085575
0.050582222452654174
0.2905045881597369
0.17692701063218705
0.2740827272761052
0.3508785827425842
0.3254860991210433
0.10149564762805205
0.2830042902421864
0.1020275347184112
-0.26837207314248823
-0.2483210775975527
-0.033495655380808044
0.0778785208469475
0.14866537922277767
0.20729231659234687
0.2942236448717365
0.31420497694307115
0.148657119131656
0.11557208124490648
0.23799497808257236
0.2154932016050385
-0.05836682526646819
-0.22048929529961606
-0.18178804854908592
-0.34214158719924126
-0.22293438301395382
0.10653086070445986
0.1399030961538674
0.14219625050829401
0.3220363655974329
0.30074980456672773
0.0559352200781109
-0.03026686744164707
0.14454032613131065
0.06860179981328116
-0.1782184565140247
-0.20729879583811436
-0.4788674833859271
-0.4678312970363586
-0.2250260823077341
-0.18502289332409066
-0.15104615212154768
-0.020259473507937838
0.038370551173899384
-0.0445096469164919
0.09009734334847448
0.10920179443463925
0.3149160514050979
0.14980630922202975
-0.062423107549087385
-0.3583917620596621
-0.5106605908626287
-0.6657581379680665
-0.531792267957673
-0.29544947332836446
-0.4126175799573532
-0.33209321240652545
-0.008083466573810915
0.13878875932658846
0.06489441102759382
-0.12862275156627018
-0.3448561377965801
-0.5248511591503231
-0.6230657017983702
-0.5123344378470553
-0.1884600155008414
0.0967905341245217
0.32939662632355693
0.19230221631008615
0.2386856004597478
0.10877582794559443
-0.19788870242118622
-0.21184881189074306
-0.03760004998937523
0.0005872434196882461
-0.20127334802121064
-0.060655270086165614
0.10443282443034654
0.24505086990213232
0.3523789378436056
0.35183740275146064
0.12516849535989344
-0.013729429849449233
-0.21126978347708436
-0.29878688917684887
-0.49260032510263563
-0.5005268690277235
-0.24101892013011136
0.05751351736408934
0.11701845986131455
0.17154754152967638
0.2216935075916754
-0.011385806279520452
-0.34056392942250685
-0.5765246947900194
-0.6188782122362929
-0.5664255816717041
-0.4772114182984999
-0.053670303990139036
0.20709688243514365
0.17553690897147722
0.03233731568131063
0.23154005485336746
0.35676848131779304
0.20206147240349798
0.02479148912831797
0.22626800043831868
0.2174721988370594
-0.043682001874258164
0.04739750817440898
0.016243160183346365
-0.2647697079365938
-0.31953398670951644
-0.1877100312567041
-0.1893540796761232
-0.15217641506932034
-0.26750009904028665
-0.20490170940194724
-0.06841627558790808
-0.0236619105963407
0.026187576006284297
0.18447263117946902
0.002370306699750308
-0.22921878614205837
-0.22357847897273003
-0.03680702158957339
-0.10698861747829666
0.00907695845519037
0.19313508958333314
0.16667022857194508
0.34861900956576536
0.3506009670480356
0.28922418210546047
0.4168948143315111
0.3070788076756746
0.2947129720467374
0.01322994064319613
-0.212686751465623
-0.11343029466155145
0.019148505844892853
-0.23465981516499257
-0.4424337673957421
-0.3215655392038342
-0.3072766134975753
-0.39452114037214014
-0.18011027583562692
-0.09932320274651192
-0.16875038044788895
-0.07668085365739093
0.2954647405113688
0.4947271269148237
0.5453195616093381
0.6679005508904702
0.6039426904993133
0.503087442584444
0.5096700886820866
0.28900514681813266
0.3911169413579212
0.20267460387329825
0.2169775070963506
0.1945844233983193
-0.12218382126079931
-0.01606683132647627
0.07729807635156159
-0.048901584823905934
0.002864116706261274
0.2851384459340232
0.4378563559159517
0.16074983840282872
-0.08909650827222804
-0.3792787927293529
-0.5132106714584747
-0.5611614310393954
-0.4580295104412547
-0.23210746952147862
-0.3853350652467233
-0.284599142210951
-0.048707291147486
-0.0104247357084936
-0.25003994111965344
-0.2557138525030574
-0.26200906838243415
-0.22785873081317784
-0.20057625152996233
-0.11552213350606985
-0.1906562170911366
-0.4231061692704366
-0.44790946579181684
-0.3868042771595475
-0.13961065986695695
-0.1719108039651119
-0.006757080824666774
0.005487421595382182
0.19302708728344958
0.010418372814641948
0.17795929212959885
0.34603998908592953
0.2213554699240493
0.26890535487383155
0.20027915840119317
0.06221223534794916
-0.21309754193303104
-0.2876419422696262
-0.10175636435716898
-0.1845610982892702
-0.36410735660726706
-0.29941227692875544
-0.06360765080851019
-0.08623660982848833
-0.05969217552182114
-0.015183434063711356
-0.19374506348622575
-0.14261998067788256
-0.15495662538980642
-0.25605553387694935
-0.4044265249323623
-0.32129167704144046
-0.2605483830491348
-0.29789790890315926
-0.18752622421275608
-0.05182442677812208
-0.028830034382861334
0.11154256164325307
0.11726658833383705
0.003517081492762297
-0.28813293536388146
-0.4726588952156257
-0.4360332894598461
-0.5310362878970935
-0.83775668534502
-0.8214878802995829
-0.6774665558217094
-0.7371181825555645
-0.5132977289453421
-0.3047829987376359
-0.13243678939057507
0.1084844243545585
0.3597973990939956
0.6411582120286854
0.7232624512665956
0.6326240131198718
0.8393034577212051
1.2757353543747085
1.503594192701433
1.9884604411530478
