2.4753019420451565
2.03302450394338
1.6334550901313194
1.059199467667942
0.5229053976744314
0.44463673815659954
0.2533367283383634
-0.165997031402169
-0.2468263134916925
-0.3545145193080561
-0.2122046175101045
-0.23014560617085522
0.16382019865561107
0.2811419538627759
0.4198968236128843
0.3685001093720008
0.33853963937419784
-0.025454558558405487
-0.3572889632020385
-0.5908891537748302
-0.5982468602740252
-0.46752345431362546
-0.4384667385445961
-0.1728598208548334
-0.042492486016041484
0.11017293203579065
0.13699527018247137
0.2993269711039956
0.258232848947018
0.5110896793741745
0.4136889619463547
0.21987646467308813
0.3836341844828986
0.18253449279991033
0.1216847457692106
-0.1898482657116951
-0.19572788087352574
-0.21294763830284627
-0.20514407426881012
-0.2136429042555026
-0.05550296810390387
0.013187063833211827
-0.029194461840170237
-0.04108181068722429
0.1478992982573258
0.12488637867404692
0.26734707380283196
0.13576303340113605
-0.3004177378740783
0.4942644482872046
0.6244418538068698
0.41710647338848456
-0.046793624577157675
-0.10090247990625469
-0.2883698044873217
-0.3463036982374933
-0.21789476034729846
0.2584703568654784
0.3995123031496276
0.5168991881312066
0.7613133992439085
0.6925184141593554
0.4530166259223545
0.486024327892168
0.3858125020643951
0.028508446975804076
-0.19802479756947733
-0.08915032818010629
-0.1978938601297655
-0.07857854595925987
0.25383967799187324
0.48480796191931613
0.7273273976805414
0.8989464847463926
0.83817207720516
0.2043602595654086
0.8760757681866547
0.6816399779404066
0.22797196322945035
0.08288790182289067
-0.04928014106583048
0.03250157465672643
0.3583556310520744
0.9976291180952886
1.701191500161944
