1.8840920136818045
1.2339238799561285
0.5100708159729274
0.08454958203990445
-0.4082093707844693
-0.6738611389593476
-0.686873746596198
-0.5289945441025207
-0.29404433028981547
-0.2391197945489629
-0.1574873336808217
-0.1746713579731733
0.04218275331685832
0.033268690890035806
-0.12043824682325491
-0.10289104512333838
-0.3804516767029567
-0.6129807291562034
-0.7445495709224538
-0.7636068718713921
-0.639987054796828
-0.36436727481396086
-0.0572672760679537
0.14236213437092862
0.03751666271780198
-0.17049698039379405
-0.18368305301446364
-0.2524116248154651
-0.21385189543836455
-0.3811481271942358
-0.40288435880985024
-0.2451773715611087
-0.07131357224110081
-0.09420955598990555
-0.17625373406447872
-0.027256175766612985
-0.1455021174285527
-0.2301248751004182
-0.2616764663323855
-0.18896477847938245
-0.009887299467252243
-0.018639956979070046
0.14468648956990515
0.4708069292131462
0.7455528908686275
0.847229855628358
0.7684754721692617
0.790438608995747
0.569680594817453
0.5269186600207943
0.5332790566015272
0.4157904776596462
0.17338277699770258
-0.14801522553866706
-0.22438367131767775
0.011915576547345505
0.041571568129519655
0.05385913010716226
0.2069625468981349
0.48058627040907476
0.5933587446980637
0.7422267806918418
0.6004619119729008
0.3897998950364638
-0.05419131671037368
-0.510061646386969
-0.7186693759583814
-0.7506224153175751
-0.8071674976573294
-0.6290694802445438
-0.5079270302129439
-0.37107011862862244
-0.3623274828877759
-0.1695081025973386
-0.40175087308180935
-0.46161523389658854
-0.26215906605390044
0.15060706374755436
0.033391161467119124
-0.20341433943234014
-0.17550170612489513
-0.24995978665852242
-0.41621924608200506
-0.4843702569741021
-0.5831404374722593
-0.6072098806301776
-0.40023320749637914
-0.3882395262171043
-0.32620159764864304
-0.27687793535961325
-0.14296657938642046
-0.20241077088408946
-0.3753996417527739
-0.41623498493049105
-0.180156953903461
0.15544658422045365
0.052911922317845965
-0.10257951971880348
-0.1821301814810788
-0.3013057045835291
-0.3399642792866688
-0.31758875697147637
-0.4229456437432445
-0.3217416201141121
-0.2652246739875814
-0.10081786519431585
0.4046741269650314
0.4256309744460512
0.44857982426579285
0.6224685683294522
0.640162354401782
0.6272945425827219
0.47988554347172147
0.3072696075971643
-0.028896456182449872
-0.5334292816758998
-0.7453764364737133
-0.7462035398466821
-0.651256516427287
-0.6366844111052417
-0.514850303959025
-0.5059633447362935
-0.6043380735957644
-0.4999417432909763
-0.4438029254657218
-0.5386706986920211
-0.567905193564554
-0.7067575227046385
-0.7014793055014052
-0.49991541055232885
-0.19898005967259993
-0.19245222098508805
-0.40229796582991606
-0.3314201205324894
0.022312520052511855
0.1635630248596724
0.0650912189789965
0.1775036199195603
0.18032613807191214
0.03947935616137661
0.1625080615041694
0.3797354852032679
0.2940624510660503
0.15029843088600245
-0.07474184496357884
0.15684722811948984
0.18195177961813225
-0.15283123961114647
-0.10290588697056109
0.25189640485102566
0.08544903102339499
-0.2192432370019913
-0.09438360244466888
-0.06436036887679712
-0.2728769710258527
-0.3499785707443267
-0.4437439569418708
-0.31649081443337956
-0.4710174352660602
-0.3247624499504072
0.10915808975357659
0.3285324333242723
0.5493834344810298
0.5977961740312664
0.6836725614142266
0.3426476361950234
0.3338140512397325
0.35779451440036686
0.1907363590654025
-0.25884591768795306
-0.4415183243767097
-0.6746632862564674
-0.6833580941379022
-0.874895748071874
-0.7558817535669696
-0.4833138709131625
-0.3168646432505505
-0.13908370104068474
0.18757798350730762
0.5511038287891826
0.5228641542387332
0.3026512519926892
0.49738602741853943
0.472524916730066
0.3136133710186316
0.05362176748168795
-0.1174191701961116
-0.07289589817020482
-0.1859881032786554
0.020947686220198616
-0.014783406236862192
-0.09303513520291856
0.13308086313448736
-0.07977134738036393
-0.4467697866421351
-0.579958949026708
-0.5659276358425954
-0.6117316065617254
-0.5778004879496761
-0.6673117533639894
-0.5850988548804841
-0.48214253058885875
-0.16374428790463466
0.11068419374478236
0.10337581258383638
0.0353859232142775
-0.1422333127785965
-0.030751914776127428
0.048400760393567055
0.06383715359820591
0.2968949863106316
0.604014029121451
0.5965956516481635
0.3496595629277342
0.36594874727123156
0.2936477301874725
0.008661116349662304
-0.0036269630109858836
0.23236404046491335
0.09661057865884866
-0.02264418460296014
0.27494943108091746
0.8320995962529752
1.4376100472718296
1.6677696479173134
