1.979266714308751
1.5137461220515638
0.8339625074826821
0.6287621059875121
0.5249064895317906
0.2751536668755155
0.3400323236501164
0.5837482171422068
0.6120390096238006
0.3313015002069991
0.10101679927830767
0.2962677962776295
0.1734371808932137
-0.07911409361349103
0.00767777588981823
0.06759578936500824
0.034121192303471
0.14858936039298462
0.28770906836128785
0.3175981422887788
0.10291708218308743
-0.025361706841751222
-0.14040892039729605
-0.1336710280849949
-0.2991974262468825
-0.3398724693184561
-0.6184200194725912
-0.8137888500448769
-0.7396145845189313
-0.8491512958221412
-0.835043011682333
-0.5623028934533817
-0.237898036113685
-0.15980311273086542
-0.14976792205458353
-0.15921809800017026
-0.09264648601887181
-0.28472647715493815
-0.2511851810520191
0.04519292831115829
0.48355866637639766
0.6111264335037165
0.5484435518153635
0.6513471344458649
0.5668417288002247
0.3413222028659243
0.1699568389255066
-0.04329371240751323
-0.37215687724040514
-0.5101317717956247
-0.5881632915782729
-0.5194144232542462
-0.34847454227813596
-0.39747771956497885
-0.3876914314128262
-0.2639673424145959
0.08175876495159638
0.20021868050694105
0.27547886517707576
-0.03353536038802603
-0.16823577507528492
-0.3074058029005618
-0.5114817139023513
-0.6447139032392335
-0.6527553776354623
-0.478541525807584
-0.3394607660138208
-0.23703635179750387
0.15448182903259783
0.15325554190783447
0.07558944328208093
-0.047215798152976655
-0.12151799585990633
0.05537706845836604
-0.2612222370014528
-0.3943709836320964
-0.16784112732914977
-0.16536737821713265
-0.4976158519078512
-0.616823717804427
-0.4146493564404937
-0.4360630330504642
-0.5562862081159441
-0.5023551632949824
-0.14079726282910957
-0.07594687602960477
-0.15190894509071406
-0.09396207481136469
0.14951840814558873
0.06906254245365746
-0.05977202906813425
-0.42183059827400043
-0.5501342564480016
-0.4688192050060752
-0.6991180785288044
-0.6073181716217071
-0.4160905685712474
-0.16865378856633412
0.03124363638599258
0.3995803897124984
0.5977504511778372
0.7513079557039773
0.6296809542149433
0.7257018910318516
0.6254638353606995
0.27788060592875047
0.44005908851836073
0.4127629833709025
0.11973125051999071
-0.018727654888265628
0.2553494752520375
0.2507591788179274
0.2988358858083526
0.1188026415385004
-0.053514362551781235
-0.03649128603744792
-0.09299159769853084
-0.2059117771400998
-0.36560494712765446
-0.6181199028053176
-0.7190424973844622
-0.6667687406667777
-0.6620514328797354
-0.61770381708357
-0.2770797274647312
-0.0561320434409346
0.38587262843921516
0.9818257330437695
1.5988187756337857
2.0453204696794547
