2.0097607352069407
1.5448238925842375
1.133386526537015
0.7220356480771117
0.3637476324341208
0.32366348480844476
0.4107041813751231
0.47426241015208126
0.284244513544179
0.08968221942886725
0.24213594207941172
0.2975202788418266
0.29093997787469483
0.09818632382217826
0.1650310449840032
-0.07032035559446315
-0.29568018184630257
-0.3431024407986617
-0.16609949354881715
-0.19389087587778983
-0.3364764473813802
-0.15259895043952423
-0.17275761695215258
-0.28452720493488975
-0.33827617100592455
-0.10902746072456733
0.00496073906858196
0.10955654841020993
0.04419395681310971
0.2479246885585269
0.20368426899729794
-0.1827105591678801
-0.10313991336076027
-0.17143836464718257
-0.4269011591898434
-0.45138873189530704
-0.11727488713278504
0.025569291181122458
-0.07513191233029837
0.15072907075543873
0.39872523077368904
0.29875308957441216
-0.05453725694987225
-0.16367490496128853
-0.2169675283492405
-0.3348107799535545
-0.5221032948403701
-0.4030717839343089
-0.23362995536611256
-0.3414144770219358
-0.1668869880911684
-0.13471490247958348
-0.03670724472958342
0.2197532625338937
0.3205608820543627
0.43051368228705506
0.38468911400320055
0.3268806349710378
0.010246614747026754
-0.3456997156843524
-0.6244260456368863
-0.5850189805726815
-0.691645477310512
-0.701178257461964
-0.4833847337051537
-0.4546819674052382
-0.30218568966762804
-0.07877416938013919
-0.11805589812287191
0.14225522869418378
0.09800341738702227
0.0957899003089285
-0.03814866002723134
-0.14533208144612378
-0.055527406542612436
0.04958953935995161
0.28773051554564283
0.19675265108525583
0.2484526958506042
0.3917331956049991
0.2820431242926206
0.027030960600201357
0.20288231474898574
0.18767519796187312
0.12065367619894464
-0.05108956451631449
-0.23234811036718545
-0.3124109963177738
-0.43800405139843557
-0.4094951401889004
-0.092838301208904
-0.03996482001746655
-0.13230021461596597
-0.2561446596343437
-0.016528598377142604
0.13379901591141624
0.239852128901562
0.150598934182549
-0.016730288695701253
-0.006812533119076814
0.046296255311135404
-0.1441718986720972
-0.047875075941499194
-0.02712213859292104
-0.10581078933675916
-0.30225873775857365
-0.3746549555070281
-0.1960479652838443
-0.3412463029239739
-0.2586222881187583
0.013360404454019684
0.14369203984529144
0.20165496176754846
0.142863444831178
0.0435188035742636
0.2381768438136861
0.2512487263906508
-0.055310672910728095
-0.18922634752528855
-0.13338954886871462
-0.060881721951515436
-0.001790854055019502
-0.3550372962035269
-0.5199900540050472
-0.44798024941919395
-0.5791339022963978
-0.6255638675320179
-0.5614414878350887
-0.3005521079568126
-0.13939582979086915
-0.07110414030351483
0.10668347683068177
0.08838588319217958
0.14394237594744164
0.15460774180302597
0.29338977335850985
0.31763616794495864
0.34042954170421263
0.469317756429869
0.4099001167522298
0.17088215555880712
0.15057685338035398
0.14572795169212877
-0.07636699316745853
-0.06063985299215645
-0.16741736362722667
-0.40622308902306375
-0.46858645672540683
-0.37191233374047467
-0.47334566779675014
-0.6389630242921106
-0.6194550164635194
-0.4276066058833315
-0.2829670825450935
0.22078997092996755
0.4998186642496302
0.697286636355003
0.5883075082945057
0.5846496254940311
0.4066299261250836
0.06593730959052464
-0.009733220502196192
0.11690172747096261
0.16869825767010238
0.1282987217460428
-0.22411224685630288
-0.2306607172920359
-0.37971622851734566
-0.47982410675472636
-0.553694285852129
-0.2653008556365578
0.018174269852924387
-0.015266895180421005
-0.04702418474673644
0.14817305929201452
0.3021454403631867
0.3118276480837571
0.3912139043018345
0.5917198014589538
0.6055836531400847
0.4451799016619521
0.32611800755924636
0.31243642857134835
0.38638386296061905
0.1705767142589864
-0.05178942528492522
0.001389787644561771
-0.036240794237745406
-0.04693463166156377
0.005654368221500688
0.18362973088131632
0.21994676672014032
0.1544677436573766
-0.08907610928325842
-0.32058015486277003
-0.2205607471839806
-0.34476888958714286
-0.6039939114963834
-0.7032010157376939
-0.5988900666635384
-0.3190908700845378
-0.36674223403419426
-0.5303747123511547
-0.4367518025117347
-0.4520649027150047
-0.6887249518275566
-0.7906023310983632
-0.6054593123614803
-0.4299122709010711
-0.5186720041051694
-0.4005555208383935
-0.05090502730958108
0.06367132857904821
-0.04888916635286159
-0.2497172763025778
-0.14849659849623842
-0.0745074109907214
-0.2652394890616186
-0.175451573458483
-0.15877400685540105
-0.29728009585779674
-0.29739189536273114
-0.14760344894196079
-0.046159038824896
-0.03121394367474624
0.033256713419595886
0.16805776447888918
0.2529704641222519
0.10146801927221474
0.29025500293259515
0.2680333797585971
-0.03196619043714311
0.028301430925243103
0.05601086157855763
0.18797212967248225
0.06304890874665897
-0.1274581669770665
-0.18537347488896053
-0.45861749341907687
-0.5480555367321618
-0.4342720101718958
-0.42303061019791854
-0.41474421096697117
-0.1578548849354972
-0.2528377800548139
-0.4522001306961294
-0.3498701912570093
-0.34926657476090756
-0.3312493841437788
-0.13114912078596955
0.11064934805493917
0.07370240927396902
0.016972117377353612
0.2266933371046876
0.3542924067129127
0.308713494716564
0.031218174675199786
-0.26704516508450354
-0.4154659424012709
-0.4897190892471521
-0.55919946844444
-0.5281858841998561
-0.36768826793564446
-0.42787712212495954
-0.19457168330016805
0.031050876999787307
-0.2018668485689627
-0.3676299662710651
-0.5604027427532202
-0.6870887475084945
-0.6942217595323297
-0.7293316857172523
-0.6209826737604354
-0.32015712430720245
-0.12006808529158405
-0.024173116694354548
0.12703509011731867
0.6058172001099162
0.6503375678068098
0.43052517109254185
0.5166100092622368
0.6266713422545693
0.5140630180099801
0.35216882569985053
0.07212682887450625
0.06435988866941718
0.10600050804909554
-0.014213721543801421
-0.00350377115326382
0.11347246391735152
0.11300557507617864
0.03624317037774025
-0.20606791927291312
-0.23306566495867978
-0.08295392269838628
-0.11090280144119381
0.02713161078321538
0.2189060526960132
0.10003982662534316
-0.26884684479314763
-0.3081189959145691
-0.19568999618785984
-0.39450165917981805
-0.594404747254233
-0.4402017472199281
-0.11066441417957182
-0.3105540627912917
-0.31692051702789914
-0.05388934141698137
0.08738488392990724
-0.061554204681468355
0.09828142932729964
0.26446326456430325
0.1912933822269995
0.4479850685343865
0.43307287751858076
0.3887908353932151
0.27641409771557396
-0.011486315036441814
-0.37666699347910293
-0.6520833887582401
-0.7848813755902323
-0.7146798645455777
-0.6318890607958685
-0.4633723540609154
-0.5942591612242383
-0.539238959676488
-0.40566607852006364
-0.2833838729827829
-0.3055241809054348
-0.28004321712355246
-0.061377677627289004
0.04945426367973779
0.32422391488297203
0.3042262501980674
0.3675602301432968
0.4117179081958225
0.2450907195829198
-0.0009587430841178784
-0.03291795180800941
-0.19979452046482607
-0.5260391206480336
-0.6313251092438339
-0.7929051658786695
-0.7546430063269748
-0.4722770832512021
-0.3701372811423921
-0.28225737395593226
-0.04155202436714573
-0.015796921616040804
-0.021227755516620244
0.20376120748088417
0.18742301111400472
-0.040913699356395106
-0.2592347570897519
-0.2510908894431938
-0.3225159855720115
-0.3129622499952661
-0.20311403044224052
-0.07195874546847215
-0.2300263678381543
-0.011103341071425556
-0.0200704553096493
-0.02385289637972538
0.0912672581419105
0.4580337761986922
0.6346544738330476
0.5969857471623016
0.5631355934173663
0.6364872057844049
0.6995388008831654
0.7097311917031719
0.6071869138874048
0.21101617844116408
0.22148083120806702
0.27997623169585467
0.3520481612566567
0.24920110906276177
0.06774634570562334
0.2524611847840653
0.14801103014830502
0.06700790969976032
-0.044652504081189606
0.15808883203450222
-0.07115419542679988
-0.2857108489394695
-0.5209346062317468
-0.5173152302511361
-0.5526493495199675
-0.3617571160870488
-0.28160941356841823
-0.3937836870467849
-0.19022142049339869
-0.11193178298216963
0.047539514451383436
0.1043546149299964
0.23305679879730207
0.26826540577567437
0.34552292449413946
0.604700270035646
1.09197039883068
1.5847308759688878
2.0324815658238014
