1.7807609833606086
1.3141912350584257
0.5070832033159859
-0.11280466792538085
-0.33881908424719287
-0.3273251725703783
-0.11485747025760912
0.17905854454781406
0.41826605655971927
0.5170267109528005
0.5195426185127485
0.534749737352984
0.27117734866074444
0.06700893075405352
0.18087390418424437
0.08088750243157311
-0.05510055126114025
0.07103249215558842
0.17836763915005907
0.24301297133739633
0.13656710395335073
0.21875026228097977
0.3140900285414149
0.051345899716992875
-0.27908296863123455
-0.37224179360419446
-0.16388153018438867
-0.2082500879950594
-0.2358478441946686
0.011620062215957057
0.16174590177008966
0.008232831292776173
-0.24222483016093813
-0.2048091044057792
-0.04999731672961723
-0.3836231945774364
-0.4858556125642676
-0.47572194904353376
-0.22014445574352118
-0.4767825619544843
-0.45778716199514513
-0.11910259201597911
0.1798948476796352
0.10445881381182372
0.07080111849422219
-0.08158801643595667
-0.0567920200627219
-0.19989463630474558
-0.5422687614983256
-0.5722235202114478
-0.663282664872548
-0.6395153390600035
-0.48113291945826486
-0.07200209848438842
0.26642012170042856
0.5050222470623148
0.4259817014233924
0.5518597520391478
0.6209034282212545
0.25227861839014254
0.18084253693534283
0.523888978629502
0.5858758907297993
0.42559830328889686
0.2136691328513166
0.4192655053006251
0.3451177767280256
-0.034188497814712525
-0.07535528129438704
-0.14557721369850843
-0.14998521083023303
-0.047500176723701916
0.15461838697795932
0.41450744457839866
0.5508748221673305
0.5197276941292553
0.397172219836567
0.5713350376696212
0.3828593972613477
0.17597203291282765
-0.05320411196267412
-0.3027552076328089
-0.4958533987943685
-0.6519493823429184
-0.6122400877289418
-0.34175417515158696
-0.18251314026370064
0.018935238518800808
-0.05719482964484303
0.12024843873441182
0.19781218010398313
0.13401424473627122
-0.32076914837881604
-0.6700559773816928
-0.786884839919618
-0.8293724598877821
-0.8109696299782855
-0.5651561745947151
-0.3747376598325183
-0.5319181635737121
-0.43826218937446176
-0.19406358156049938
0.17070141153604687
0.29967242711086034
0.3555378947668956
0.32851533442999803
0.14917255951602595
-0.22394593011596084
-0.293666959260747
-0.33085974634869325
-0.5592729507199897
-0.5395339483790699
-0.43316656055661773
-0.35256263810310584
0.046297423359125234
0.1408333803581921
0.05274392624748309
-0.1701570271415686
-0.24085476093601174
-0.2508225361895638
-0.19472696274920664
-0.2664279612465532
-0.03377137844754953
0.045576264129624795
0.324911253435562
0.39689352980901943
0.41795516976125735
0.5888949898512232
0.37876311551683733
-0.04589210530818959
-0.22336152156851402
-0.5390117032641277
-0.7333884023356227
-0.6959319721735719
-0.4246281151479503
-0.0031318384852331753
0.13484050012935955
0.3600415207092687
0.4914687742291904
0.3863041260789185
0.18635261348299342
0.287614563499491
0.3222887990818482
0.0493548649066223
0.08178259773912269
0.4282953162964982
0.43488785193294677
0.4870670503850261
0.6224442396938176
0.4022145317499101
0.35598870119814124
0.32988438838408385
0.31365164175472676
0.11673652636832145
-0.21882039283169652
-0.3128816657008299
-0.2484894187160912
-0.26551278145549523
-0.3004316210984208
-0.5595414019707661
-0.5206137421588537
-0.2486344092615166
-0.32564492337061535
-0.1789949908060856
0.010724215692270257
-0.023514626964001292
-0.426695846869025
-0.5328441841738983
-0.43296753634352786
-0.5256165036165344
-0.4855338455756209
-0.2154428094655016
-0.07707651046038136
-0.19710352598644418
-0.05639369277703838
0.0011709832674200611
0.2521773544885807
0.4121559918330442
0.37942512938844775
0.31795957452492546
0.32294629673452674
0.0741167127760938
0.07493653315613105
-0.17796452464896878
-0.11895445188653797
-0.04464733711041462
-0.2720106373831605
-0.3520704923836778
-0.25018565851366187
-0.2571205736545812
-0.10421383079034154
-0.027663171908817293
0.2928145096838613
0.2688293758219484
0.03632830660147054
-0.05848407991591388
-0.19305760189168075
-0.17287809807407367
-0.48288337553552657
-0.4840333641943415
-0.30614739163484606
-0.4372986617832588
-0.19572983397495405
-0.2859975378606209
-0.489019603665018
-0.5270218194090639
-0.2366847974051002
0.031902117866454915
0.006660294210772621
0.12290903542034416
0.09621268300038043
-0.08825844783523441
-0.28827339053051926
-0.33578698992393113
-0.4991817893416764
-0.4367718578763303
-0.26263442583328483
-0.36076538028686345
-0.2474714472041799
-0.18713605932963315
-0.3587036961258429
-0.3752324458450965
-0.324917122506278
-0.15763987337552976
-0.22898358250692974
-0.45552931780579264
-0.5159769524680375
-0.5277083286384062
-0.2533391631139383
-0.013372397516182225
0.07349856182889289
0.06675674400145996
0.2718188501503865
0.2352807266662159
0.1495302950575037
0.43635549096428616
0.4321074507887186
0.2423125034180609
0.07337476372560894
0.2718623935524533
0.12120715791942988
0.2452986146288911
0.11053461438045928
0.057029095157159135
-0.2122535908676084
-0.3605900713729412
-0.24257674392230782
0.12477884293663752
0.29004091693315304
0.27234733320070714
0.2779117754308788
0.43377915883250134
0.2829850237971845
0.4140822168233886
0.4313376953593217
0.27268120633187565
0.018670949047749717
-0.2648715483773109
-0.18707968146346185
0.017100103581319494
-0.1873814435760847
-0.3260833946539802
-0.40829292431083697
-0.45246496390836377
-0.2571223906187778
0.07416395153069218
0.30858605898631175
0.24110354486849422
0.3129255378535874
0.45419262501618823
0.30163967060858066
0.25128759264608774
0.2271083641000005
0.2330670607747878
0.054279162399799
-0.2604924290371206
-0.37948488992058843
-0.36015427838901576
-0.41887382458835454
-0.5908550170434751
-0.5562673931286547
-0.61177144955181
-0.5071865100425104
-0.2997333987118994
0.16590947696159955
0.295769430117195
0.30251479484537847
0.4275197345629989
0.37985701651279447
0.41524510116483526
0.2974974597469444
0.2434059030612944
0.08530130325223367
0.19971025044500132
-0.08768943411623306
0.01951588699636548
0.10427674042991741
-0.04090506833049871
-0.2380524123811822
-0.15896273245976075
0.08446906740392675
0.363652836709666
0.30974661162179123
0.2598236440115085
0.23767484826160762
-0.04688936297204277
-0.012451929810109692
-0.16133043562262844
-0.3037071773320659
-0.21539138985701184
-0.23427375323765415
-0.20827061705412178
-0.06819680405110248
-0.018575952859961983
-0.14271515284742955
-0.3811848828868836
-0.472578720513091
-0.331980120943559
-0.07671297430745161
-0.15796997699883913
-0.2699079970138028
-0.10630789619564793
-0.18475323107739508
-0.08288203383327404
-0.16029324324407565
-0.23644980514898958
-0.47323727205447325
-0.7373874112815787
-0.6702057779573432
-0.5322799006773047
-0.3993471765295542
-0.39910896961690606
-0.04495718461795621
0.05708040546951447
0.3695608819622841
0.5309854187809666
0.5740223766034184
0.4700504885330552
0.21160919645031356
0.29376024751185154
0.12567478122816722
0.1967264237747716
0.10570850567859055
0.33361704001023296
0.244718503863534
0.23897429325422978
0.07018319820313493
-0.011690582540228183
0.2161757165369182
0.30161835356022065
0.16570802646418714
-0.014798702858995249
-0.0015748510791551266
-0.07519816448053622
-0.30925143371880404
-0.3272764769797492
-0.43375887007098307
-0.5971072610049714
-0.5079692068110142
-0.23104407280884337
-0.19007801404241387
-0.37380495199754316
-0.4497328027698892
-0.2945687778498909
-0.21152042533180482
-0.2894433807309468
-0.41666662313387415
-0.42733351142184683
-0.5970886426623829
-0.5812203319732743
-0.6237092174301576
-0.538355835243665
-0.27055722236780294
-0.2193585977820459
-0.321271969828752
-0.20722866854475827
-0.3324296226673306
-0.3241224335037709
-0.4238270771726566
-0.6109895151123309
-0.5988160320552237
-0.49190859364755685
-0.5583005451047915
-0.565494734894
-0.29383385230502784
-0.20750839504500299
-0.3408039354957441
-0.424783639979667
-0.36000118365253975
-0.22705108019714612
-0.15115148868624145
0.052821123226586275
0.06656614437559275
0.1446499352682742
0.02246379506023985
0.22191659775695416
0.3820358516449785
0.2204662074980673
0.4857861821265212
1.217738127562726
1.5638263603537828
