3.014945277806673
2.4386884169435428
1.1813397140186224
1.407216138688467
1.1065612272569656
0.5275289623227086
0.13995442231139366
0.043723408579868
-0.35274031159600416
-0.43475659047497606
-0.26773529156493225
-0.14123737456025073
0.1279028183837144
0.28468761073667836
0.5454231622352519
0.570093002228805
-0.1542797857571706
0.3896514377724603
0.25758510049058414
0.06650658080248585
-0.039236242074802426
0.07817106926411557
-0.04081334147071995
0.0910010172622312
0.23582565616894224
-0.021585186313520195
0.0027721743867444642
0.2727206123548
0.18956379916700772
0.3088041303514418
0.3872445701774927
0.2624161586587386
0.41757034494174494
0.5433643502513222
0.5814748317761944
0.26088789148913244
0.02098484421939745
-0.44500020817192415
-0.6503058243843562
-0.6293161656730655
-0.4370704898943488
-0.20280512231578898
-0.08261973155371005
0.06954180285067185
-0.17207493553185468
-0.4863244098064203
-0.621793990351533
-0.6487526450356503
-0.5691530995805202
-0.5797995793186599
-0.25374096378513145
0.0014039731932653117
0.4117391181829169
0.707972127248914
0.8283712638206243
0.8697175457339333
0.8150120969985174
0.745377036545105
0.813229556893204
0.5677959207488849
0.19930429378166112
0.2653155638800657
0.10523801488146074
-0.16761044467733596
-0.5266627578680585
-0.5533236152920474
-0.4785887108803785
-0.5066450158512145
-0.30611133485571895
-0.07156198060998331
0.12934871231490827
0.2584765473013069
0.24891854401336072
0.22219791745978004
0.11507285447583931
0.1286765687980033
0.20474329477306846
0.2836277530017436
0.015720725859037284
-0.28181877104275593
-0.5316168347759619
-0.621237555419906
-0.5189118022349061
-0.4122265932139701
-0.0675983907237629
0.05113430404029578
0.1044968038917079
0.04969804326725481
0.29207446999913056
0.1139189091219568
0.1678175084902224
0.13966112879693035
-0.12562440651165932
-0.44165590061509585
-0.6135408102465832
-0.6557435220690261
-0.6257442422834658
-0.4330824624350045
-0.0258267270061813
0.2822242374811707
0.4759752704588029
0.6983779945220022
0.68272581413405
0.5013728111233675
0.5343207655582555
0.6054433315567564
0.3460469170713463
-0.29301847360796446
0.4264719733873561
0.7560107924852777
0.4880662263680888
0.06166853106942505
0.09758724629290151
-0.018043857425025706
-0.3361850235053023
-0.37541863335789777
-0.12008890209634543
-0.030776239541461664
-0.10979700040036232
0.10286140309966471
0.44305112291416204
0.5890243666012765
0.42949460197418027
0.3562324516490915
0.06117521872757152
-0.3548446227282245
-0.425639168894609
-0.5409675582187877
-0.4254950907818476
-0.3436310707035471
-0.33480775281531294
-0.1860802671946783
-0.08234673646922011
-0.12555330395529074
-0.3300196265539124
-0.34353290282414267
-0.06922926184576864
-0.12730375323839682
0.012048980745280807
0.21452883321689414
-0.1428246990364362
0.6373074052568666
0.6562769041802134
0.7732759605428807
0.6397817624987615
0.36355962291057514
0.035693371040568564
0.043388812584217146
-0.18975523551895357
-0.30362458725074
-0.29738815873733804
-0.11774714669328108
0.06805204014322004
0.3423519627595088
0.5905036787571158
0.5787316488768482
0.6567637698758303
0.7870528198820737
0.8232199437320492
0.6490068350763154
0.5932040024563661
0.5419986441263207
0.21066143518059446
0.2713743239279833
0.3587270283587064
0.3090989053496753
-0.03204221289850605
-0.3938758616812791
-0.812167219635891
-0.8952648110426575
-0.8651693491945862
-0.6559677055303147
-0.24691980034928768
0.01516504324102654
0.3191535197431211
0.5467486138844719
0.7241665130856918
0.8012527746872532
0.5611068910900644
-0.2741832034131507
0.1728049505086667
-0.07342941051748077
-0.36034756494742903
-0.373554694922778
-0.39091767216404216
-0.1313505553697776
0.02727096066026198
0.36694734143585345
0.44934894289280064
0.4075261454776806
0.18701081138615797
-0.03438539819871021
0.023627425171871566
-0.12764812940144799
-0.2762936152067657
-0.16601200537525426
0.041800637376862
0.07425452869707976
0.03281412775454366
0.009214973311210446
0.12763372735843337
0.1515964162981885
-0.18886302150955625
-0.2132422455810037
0.151424033457828
0.26867577194002307
0.44079828219827233
0.653017782793208
0.8277992896654941
0.900333988765884
0.6985896225467025
0.45997953381234524
0.1498160686983415
-0.3415516191381443
-0.6756504243311864
-0.8415658411714989
-0.7344755275712279
-0.5369441746385707
-0.4559676631795201
-0.1584048345037357
-0.060599324597686424
0.12995327387896322
-0.0686315577651716
0.05991235658624745
0.30689476146016204
0.13919726273217503
0.27652179416995615
0.3832000973784618
0.4276150662307199
0.23462450421344772
0.23783022247308497
-0.025231197790059258
-0.004258297601035269
0.038247363717488256
0.3831426462143203
0.440867469276056
0.26782248428639766
1.212016549350072
0.8692237538071029
1.6131502848866537
1.5609771421052492
1.1835917953008237
0.5726310267887004
0.06412021389487414
-0.06571046568507305
-0.4304155123570416
-0.6848531645241872
-0.7127850467085298
-0.37795849099516454
-0.3884436902305928
-0.16333039322376758
0.2784231496958325
0.5441532479094552
0.7722617854892995
0.8295879477441722
0.7160996136016424
0.1615263478068021
0.8110131572103576
0.8358501449971357
0.7933653819031218
0.6388407726484795
0.3898404621107206
0.47534629267481315
0.6417303846730416
0.7464137496184912
0.5903413116294909
0.4858393228059138
0.22721944377161724
-0.19896822443117754
-0.37480541303867876
-0.5375974266606193
-0.4573539274313374
-0.20616347829026718
-0.050356109532571844
0.31687059675177764
1.0940196921732364
1.6300401412992964
