2.078075059906421
1.440540944683456
1.0124808676696473
0.38330784308520294
0.11415386522056092
-0.1370167402576739
-0.29926578537676896
-0.39127190874621276
-0.5005997314929075
-0.3625566680204203
-0.03759668591071122
-0.013645690479464179
0.28234173824338205
0.5246630336466408
0.4831966318399349
0.32715421611170376
0.47049488820369867
0.41386407117078394
0.2584202817697217
-0.016597524161393925
-0.08637056253496157
-0.03309684567902027
-0.033246067659253295
0.08724679377329668
-0.1693055969214736
-0.16765888972760842
-0.23077897835990954
-0.1281012008147267
-0.17406995287673926
-0.1581080437101543
-0.22124885097347186
-0.4920111411094654
-0.7260469917317278
-0.8587703642841639
-0.7503441448938022
-0.4574579742735247
-0.5336847271390949
-0.3060020254403832
0.23509039371290782
0.49193017012356655
0.5756303878843896
0.4080765334794692
0.23026757449638394
-0.0323691036791522
-0.2740515986192379
-0.3772713205858963
-0.19531669172430155
-0.15163421820945588
-0.3731117228686145
-0.2520141358108617
-0.2701607693407661
-0.2930077163455536
-0.18076648356408112
-0.08059499789658923
0.009918169415123844
-0.23037971193024645
-0.19389751782435835
0.06858640360427387
0.02506481243098415
0.09179229793423745
-0.07600196882935688
-0.1913840490697494
-0.10557755098442805
-0.15265020585891453
-0.32016865043621484
-0.15742489923429762
-0.2995409213802639
-0.5546102090551835
-0.562844978392135
-0.23406761369053694
-0.24769976878018843
-0.44260910708453655
-0.24573953308660576
0.3452892372657265
0.5684389902103609
0.5319702775226958
0.6022203250364758
0.6423932957671977
0.5661777875568587
0.2802716234265122
0.0604032071493282
0.18199916144051187
-0.0909439944285937
-0.28987445959701436
-0.04844845628007376
-0.18613527470352415
-0.28528506773519596
-0.2716137613654618
-0.02123425062834155
-0.1897282890675551
-0.11553114892638704
0.215770395514362
0.2647185063556145
0.2338517470989137
0.5285900171654749
0.4622562518899327
0.26787538674193706
0.2748048896495428
0.13652507074173592
-0.044433440076412756
-0.16948526351457477
-0.3914866903300722
-0.5630505516865151
-0.7985855266103303
-0.8778690142830516
-0.8235768760063975
-0.8556384735794245
-0.9357332930884464
-0.8246156351053234
-0.5724068071297074
-0.6552399011454698
-0.6972892856376374
-0.5216752093142555
-0.5579028380867044
-0.5762777178775224
-0.3577200444920833
-0.2330927100418598
-0.45766312978046086
-0.41612811864447513
-0.44640992533264684
-0.4334374092121375
-0.47275802662250793
-0.29465800929081126
-0.2548014723226604
-0.18826153487929034
-0.08220334340960062
0.21313068782271566
0.25657748496897487
0.12797500404374043
0.27850278703615583
0.333081801741647
0.3879701317157064
0.25152619018410416
0.10800801836180283
0.34994649637041014
0.2716877589689706
0.15131137274101616
0.4285654581858625
0.41256660488431457
0.41730595716826757
0.49183833671002913
0.4167222570987636
0.31766008156996695
0.23273871248971736
0.10119238870219746
0.13387699704055064
-0.02482755747797003
0.11086009054377674
-0.07301470481003153
-0.10479629300098021
-0.06135571364172065
-0.0407103654899242
-0.28908792692801555
-0.31606724492628047
-0.35614518774719844
-0.48424591298201003
-0.6425193800602087
-0.5276165904128691
-0.625398825804728
-0.567393720120439
-0.26748353028528615
-0.07249720945512768
-0.23120177567614758
-0.16212583073331138
-0.3559258036054258
-0.42045244671856924
-0.6044980083768741
-0.5136259491808317
-0.6772610613882327
-0.6598380209882602
-0.37084371248042053
0.017960987154835954
0.07796060648435764
0.29130018742342295
0.49106371898620754
0.4536691334079363
0.31670684512633596
0.4342560454729434
0.4139365577856789
0.3632572374769642
0.178869111416047
-0.12722975278322385
-0.08189881793530053
-0.19048464315484534
-0.3769491005737534
-0.31374681447646124
-0.38029402598507867
-0.34814661602982705
-0.1923083975078784
-0.006184657347080587
0.04603227333755992
-0.1179853313107135
-0.33818796144814556
-0.3359214229394295
-0.3340014852359908
-0.2102112129041649
0.20937438944729522
0.26341926561451745
0.20391257434652005
0.1856915484899429
0.4455161192190711
0.2843865067957187
0.02329479791688239
0.1062015464671416
-0.0003172449216970925
-0.07700441818071149
0.13733073203627397
0.25864715425095586
0.10613755583991005
0.2324686370577037
0.4841475321164923
0.40662976473331125
0.2171073148237665
-0.06568800818958395
-0.059781534252602186
-0.09639722150932592
-0.14777781199471657
-0.0739592298437933
-0.010970678369702407
0.2746220150065747
0.4125175397218625
0.3783609789825359
0.15693828037437138
0.10652350775240473
-0.02263142080370682
-0.3035907894857373
-0.3894921512262268
-0.3743192150916212
-0.6453891300275638
-0.6426615420527438
-0.5294931821516718
-0.68857765662878
-0.5828579839493307
-0.32421336223720126
-0.449791740323558
-0.4094934061198244
-0.27091475162640827
-0.36919936656111924
-0.30514606961648993
-0.5828581573314304
-0.6340178868469397
-0.6114229775490085
-0.5598166142157747
-0.30786603504323823
-0.2713274302138761
-0.2786273652327779
-0.04025567363744003
0.1409481500353982
0.3385992070778588
0.29230270080483
0.13926017737701568
0.2047233165952195
0.09050297131820986
-0.17870251116186459
-0.14034807540912855
-0.18142779628616595
-0.34197431095464154
-0.272117610263102
0.028273873623877805
0.02542199462326995
-0.048978761560629705
0.20802262337927088
0.3381024383558477
0.25939261547091647
0.09832342451399124
-0.12192368396548078
-0.21777226766460053
-0.5648506348358118
-0.6791817799158929
-0.5961630035945141
-0.3796225084996696
-0.4165989961011186
-0.5905544362669877
-0.6534413138777112
-0.33543639228326283
-0.4010876616825839
-0.3939196881038501
-0.5517193518761677
-0.4653781379517235
-0.5548797995336798
-0.8476838562796369
-0.9471129636923289
-0.7135498615068555
-0.6424672698629742
-0.5652507880915524
-0.4986878850138166
-0.17760832818678046
0.20368423775554936
0.46625659219805454
0.5625038466371438
0.6025243895353797
0.34573150569071387
0.48322277139228736
0.5057182266340061
0.368434199381374
0.028307247962023226
-0.037930576357163376
-0.025732692099632987
-0.12151083620176506
-0.2210965495301689
-0.42392667880818224
-0.5485221219516274
-0.5256580494955418
-0.19599452124722164
-0.14554477943387
-0.20119223831096592
-0.41770261813973947
-0.3944915096812702
-0.32470925203165635
-0.26456246845618686
-0.09015210520724891
-0.05960888613822861
-0.19087837161142382
-0.1519233816928004
0.19950522753908329
0.4114815110283798
0.24446539161301284
0.13251589122286112
0.12664846608764638
0.3084833525100553
0.03592254585981404
0.09902259912157935
0.15717617684833668
0.11869055628291121
-0.05117672540118483
-0.05381040189620475
0.02210173437059668
-0.19129212154298394
-0.10659774095464128
-0.0691603233569624
-0.18911878004544957
-0.10164326141537115
0.0285479782946163
0.11383145123377955
0.430387878743243
0.38829965087421797
0.3291345922947582
0.376725025760603
0.5328097780603183
0.8239210977875959
1.2556016100856189
1.6561959527505932
