2.283641923312043
1.4480441665754094
0.8381054137532308
0.37612399519225315
0.123142245679494
0.023087902554999463
-0.0011267779163984329
0.02050153155492817
0.252933893905519
0.13976768639074888
0.35085424378808355
0.4902842646007943
0.7115072827980365
0.6430527328265948
0.7176513294860561
0.7328859028173842
0.5792509786119929
0.23105303411831402
-0.007067339437392117
0.09973777884958004
0.004767761873872243
-0.1445810262114725
-0.2771833806790327
-0.16681258080437214
-0.1191183375433496
-0.33476346347282726
-0.3006097983014704
-0.262271818752039
-0.4563264359963365
-0.6700909571491878
-0.6592991474656794
-0.5309539602581582
-0.40622310237700754
-0.2455821354573181
-0.02174301685332095
0.18082317268586975
0.16373830017503838
0.03308031158533471
-8.200143443345807e-06
0.0379554113228498
0.14545298100011475
0.02590234996618836
-0.1869175410303843
-0.22771906463323033
-0.34162445254738094
-0.21262317299093697
-0.07991857047742026
-0.18325143525322668
-0.23222032596857264
-0.08754402534032082
-0.08785119657562203
-0.1877310230852607
0.049445508879629285
0.0019857336557664394
-0.10118249524006835
0.10175583993464113
0.11677820426871408
0.17785673916266256
0.30828825195586174
0.2956927768504766
0.2268303321790487
-0.06024232403912169
0.05726758597201422
0.03879218500128198
-0.2858605626309665
-0.525748575750022
-0.8238148275741236
-0.9282803885426487
-1.0296874481108529
-0.8860936647230975
-0.5369033054159976
-0.041580763606557394
0.1549610923765089
0.23166609852204492
0.19747614586028728
0.14576168749019455
-0.1518589241571558
-0.12581024011893516
0.2318342458697092
0.2611990204085757
0.2421049678070356
0.2337102585944137
0.31703872615919704
0.3239320449554363
0.2687723194522267
0.1473089257692353
0.03050653618304147
-0.14992395922364996
-0.19849612265643804
0.002015165720983705
0.1466497306275439
0.29978351128953556
0.5142048649116086
0.5324382910723111
0.5094717704384367
0.2778143565954696
0.011783927207754794
-0.3528033539324757
-0.569130488540228
-0.8408225790277246
-0.8751582974843815
-0.9413230964034034
-0.7376863350056151
-0.3594079245758332
-0.21415255866799773
-0.20525229440394857
0.21777130529922725
0.4050785826664036
0.3969433662372705
0.3856616142503845
0.5287824416072537
0.5839170111461197
0.6051661678165356
0.5384707425521755
0.2165192944716114
0.18750606161030384
0.4296271617830109
0.24101799823603484
0.10820173664699057
0.2935035447922467
0.3172944071104228
-0.03269869128441799
-0.027995695231809618
0.33517505783241464
0.26418825345529295
0.018064074214259762
-0.030021047700831974
0.18415504665363086
0.13497600433019588
-0.029494181180931476
-0.027272513610963653
-0.23616549000640405
-0.16238406182928286
0.10990569688667551
-0.11157191608166867
-0.31519998391609627
-0.10582323572582454
-0.24374933464786894
-0.16377076065796534
0.0017192510958477711
-0.043216936073163105
-0.06342644978570607
-0.06319172709038398
-0.09203342427526306
0.12056272080053682
0.17063050032855898
0.306512539437494
0.5583326496548184
0.5287724978021914
0.5025012880176909
0.46510689479083195
0.35065568745958703
-0.17171204457984685
-0.5709988798088833
-0.6773043645053661
-0.6550045817179474
-0.7639435267564471
-0.6264278063003269
-0.21509884864792936
-0.036403692451642926
-0.14343716647431348
0.25331622667234827
0.5138375783914322
0.3964857009500006
0.6252044606026593
1.0312821939431323
1.327020404883418
1.4435848633629578
1.6958971638869667
