2.054139132461537
1.5059167731753145
1.046013137861444
1.08691078186344
0.9439791038223038
0.7143110385572656
0.5117508454978862
0.3979320916503939
0.17667823777106684
-0.23423435904312725
-0.2905606259869256
0.0477687784394607
0.007955229228190452
-0.14716498635836198
-0.015249027368763974
0.0993053784669406
0.354055054479225
0.3125378752433433
0.1222974876534543
0.30901521722263275
0.25561929851530135
-0.07733104423457657
-0.0320705123613244
-0.08043079529337917
-0.12159471635266494
-0.10041625759015463
0.11701249975226749
0.28006155204814387
0.2515903626097067
0.28051101750841695
0.3248708068835161
0.2527808520768963
0.03477724974425263
2.7377705277275064e-05
-0.22335733022591062
-0.18849070513471863
-0.1581652986569646
-0.10871363472560684
-0.6745318995246261
0.05098591967587601
0.5598315936748889
0.5112742422195605
0.2933084946763675
0.3209404141258104
0.29138181977057664
0.31699913304477084
0.218440229436641
0.14235343794334962
0.3252971046384885
0.5453422718034568
0.6268253506704271
0.533223584603264
0.20873525654700115
0.24899473158645857
0.1069507175750158
-0.17164661215949661
-0.33914382108630153
-0.2602344913809138
-0.4024059444001625
-0.43821234719586727
-0.28322367162843815
0.10682950433117301
0.20247885461879925
0.07863642143561514
-0.07242104900066348
-0.42008857601029354
-0.5154708254692941
-0.5356961766562881
-0.5371790211156579
-0.29398954330240173
-0.14155283798403595
-0.041897350383793275
-0.31083712282018966
-0.30535101160253353
0.010341669491285692
-0.07403381748051147
-0.3209122128485295
-0.3489917901420556
-0.24688071424654875
-0.32209448041511457
-0.12516011171499183
0.16922574458905507
0.09697460806973189
0.180246647977827
0.28566634540617236
0.37242086301600347
0.38745265971608545
0.20979284179720056
0.05081788477292505
0.1472328367468368
0.1267721671005914
0.11130629096663182
0.1028000096262815
0.24250232873893013
-0.40717537002255516
0.18664714216822972
0.49789865736177014
0.7122380645655948
0.7523657524654095
0.4155232769197448
0.26644136146656083
0.14262729837651092
0.2672451792263954
0.14101377076421845
0.14883683421343674
0.14393975260504846
0.02102711419487901
-0.10179704355073455
-0.25171089847096584
-0.1833995007005595
-0.3361725282013859
-0.37781019326305465
-0.14918059059532446
-0.10371744955135573
-0.3158020475201641
-0.4593143052153479
-0.37081753827862296
-0.3030911510900981
-0.4408881672608651
-0.21826615256038762
0.000509960560560042
-0.04453888077809628
-0.03657878994234241
0.167680384243508
0.31719789518945246
0.24476899213107167
0.2786378320189228
0.7934834337910798
1.1283129282562108
1.3984360521231363
1.9926277091234976
