1.837004353142757
1.32687805618876
0.9322362343102022
0.5861629343482053
0.6417346225052613
0.41398907463899715
0.1714930145231639
0.21182807375545865
0.11216256290984647
0.29401947198619516
0.26185317499810556
0.011176205633195076
-0.22087035626392368
-0.24110380305517223
-0.10894183907625682
-0.0734553012640875
-0.12813723366649643
-0.07028542086897412
-0.31966613934971594
-0.3002794110807576
-0.22003858580026728
-0.27944633124259244
0.0025791972136487073
-0.09870379747601234
-0.26311835946708717
-0.08741450864916926
0.036132295488274575
-0.03314314397892535
-0.16281128866461633
0.023165696036938587
0.004542001441066499
0.1620119846818143
0.11341770925069176
0.20008685464034365
0.24189130612551968
0.1318409708085416
-0.15209782607572297
-0.3962546799611759
-0.5578806619015845
-0.8351337863880345
-0.9217138045012947
-0.7674908267592393
-0.7324472419266418
-0.5413977777971279
-0.2893177847590588
0.1665993667199046
0.360537893486882
0.40462694364368207
0.4266522298105382
0.2239849986610587
-0.07300110673375583
-0.38648827755971576
-0.4568257829273695
-0.4472501472492455
-0.4060258706752683
-0.12967613214862145
-0.03379888988899455
-0.18587765911134085
-0.10993397571058174
0.1397857528278738
0.07010622108702369
0.15038918574852195
-0.006364834669993069
0.026643285787006577
-0.06924310337537544
0.11734240453112386
0.05057572359903948
-0.06328345687621689
-0.018181492381696505
0.09578553627539291
-0.16267264291606978
-0.11244377441624742
0.14395398065795098
0.33852262467185285
0.32780950300543543
0.3082078229821304
0.19169085868723088
0.27986214459495
0.09306428257547489
-0.12257294357984429
-0.1523502528506074
-0.3171058399664522
-0.2674952402343434
0.009681289227755933
0.344538382464723
0.4491496469285056
0.5813880249117447
0.6154426523899909
0.4337072685013366
0.32676651511625887
0.19279137764357968
0.037860099431651945
0.05201698314188578
-0.17627596454227387
-0.24294815826738014
-0.1508048802599484
-0.2033341706526007
0.036531580663320906
-0.06638303065458567
-0.0993011636414069
-0.17793004079035168
-0.08779617915003658
-0.11738494411427766
-0.008871082509162265
0.37630693584940067
0.40754757518538637
0.42981697425597876
0.7383545126614174
0.8685151832996528
0.6977683425376623
0.7197606341401754
0.6781009356638056
0.41490746814898083
0.2577580365978516
0.4029656195419168
0.16660494692873837
0.05947306036784138
0.13241287601023805
0.017932759649249695
-0.29031592409407925
-0.1938694365808125
0.1614167467379105
0.18084112489726914
-0.09839459353545428
-0.03277403128581511
-0.22052924019694736
-0.3509161813207554
-0.4463033074002241
-0.3386785184619131
-0.09269332314111094
-0.04961755029451555
-0.008252750694309032
0.11237512040199774
0.07772269971222522
0.15337049668390332
0.14128132867451867
-0.08988799526960188
-0.08543808912522263
0.010868808680623345
0.012023967606869428
-0.18414037567406952
0.08818374335485046
0.03388047506382995
-0.06712587450218906
0.1048253098501071
0.10293676359389844
0.35506882511121396
0.44489911794733705
0.7357123556759658
0.960942545986134
0.9331596573294991
0.8656793023510742
0.7177798836552729
0.47060667990725247
0.16576554218861123
0.18964872766457647
0.20987645660219906
0.14785194179068334
0.49626971063996533
0.6364690437242588
0.6630443562318473
0.6673793078357967
0.492189797281502
0.24667703104739583
0.045361805920386196
-0.13518662361857708
0.02854559888538456
-0.24686167611518386
-0.28417542985783995
-0.24271069621213606
-0.20282038954152426
-0.001483648633210229
0.29758688701697766
1.010087207504673
1.5163610523834585
1.8842518045112087
1.7303484485655474
2.9126986141190447
