2.6083834156966663
2.235913995904655
1.6081770436426865
1.2908741514873787
1.113818419298674
0.7599009523010968
0.5366198283277449
0.24994233703488675
0.069871249213622
-0.2278814087430339
-0.288010958598978
-0.3874918057006105
-0.39423220347083776
-0.47863376019545123
-0.10067359871525383
-0.0371800388976412
0.03488918379647889
0.10851029838654959
0.5314698037794793
0.6914029102070188
0.4995454847868803
0.428484880716851
0.4019755777351092
0.17570086704423915
-0.14592043967343335
-0.3712832387737083
-0.3530024911243149
-0.44543667902898665
-0.45780414880429876
-0.37825602397958547
-0.17217093873546063
-0.14510829074653203
0.24151277491537354
0.3454618172637114
0.44400360821423657
0.42893168058166853
0.3063873683251777
0.11104713495125695
0.059596121669217655
-0.021429186657471982
-0.04191576506069447
-0.14719445613338894
-0.021611160956740587
-0.0313283144750779
-0.29191597768177235
-0.33793066835562763
-0.6425211102782379
-0.6905844964506787
-0.8426797415824032
-0.8446592159142031
-0.6902156522857581
-0.1883616230167063
0.2904108892887037
0.6348920504094856
0.7096602776048572
0.7022042641980107
0.6704822241060333
0.4268174682538936
0.1494461110910818
-0.1187498026320166
-0.5006407472411422
-0.7176346694704474
-0.6759118999202396
-0.584046375094059
-0.7315965566867174
-0.5090589244421728
-0.2653381420947726
-0.15394206866848048
0.059379677075888926
0.2583083366858852
0.4343045525968579
0.34878137109305124
0.14158244005567283
0.3373056592186391
0.20617967533415021
-0.11997789926801393
-0.18505434967153422
0.08828922290714124
0.132340236154071
0.021699168107629768
0.36219639415174093
0.38390329680270174
0.3616231642880519
0.2515109500899928
0.48837305807771353
0.46957720620484855
0.24823861073781067
0.17190955260460192
-0.0752647580043557
-0.3954182916321411
-0.49548040614447053
-0.3778419200493766
-0.45811913825562195
-0.34092235436098983
-0.4048098875731293
-0.11682991977218087
0.2299081151362796
0.3062544469241849
0.19848362943164774
0.2499715882271024
0.155906552772576
0.02771871062401903
0.13905290601853493
0.4087356369562367
0.5670464126236124
0.48617958083393586
0.38048908566688405
0.2673385385760402
0.0788706380233601
-0.2322304623801831
-0.5389525238769295
-0.5206946171195724
-0.6552998949256523
-0.5278485458436102
-0.3951071215218519
0.05677267436022104
0.03489656783566277
0.006124137888522436
0.10729576222569445
0.2964861850685385
0.13112656687677093
0.31743906887518153
0.42313702829653277
0.4505773459301899
0.4684185855439372
0.35080210877927465
0.11215477839532972
0.12074434848071074
-0.02797077132104855
0.05985302133537882
0.16413751450860015
0.3023315375308906
0.14551495610534182
0.2669702096249995
0.5010912429137988
0.5180762453872297
0.3912026605385195
0.49849750586672603
0.540861645440789
0.2844791623895457
0.09495821128977694
-0.01612559753320529
-0.39376256577172386
-0.4697222941792003
-0.45763801638156065
-0.47891295761484065
-0.3858916682447185
0.06429278563683455
0.23640837064092401
0.2639512837407794
0.19731151848522124
0.41120357245854694
0.28828930706407196
0.29686402774839665
0.3212313873333203
0.732877762316562
0.9100440404658265
1.3196527696064697
1.7966198422325803
