2.537754743025087
2.040627246986027
1.2655190331726118
0.9508331442259054
0.5164431302537337
0.4390920227797346
0.3013361181004741
-0.027742048912831246
-0.05166986308418317
-0.08072959096815668
-0.20520672575288687
-0.20613721533751575
-0.06554226082217549
-0.020570967891784555
-0.34764391887633894
-0.3415675330919571
-0.18795002597279448
-0.3384752074523096
-0.16763939164061029
0.05202293588322348
-0.11892856106931846
-0.28009685582160676
0.0739161232947308
0.16807733445194312
0.19960837176041332
0.15009488505027613
0.3510386547133963
0.26452758911297897
-0.004051544285543864
0.19002934379259387
0.0981054560742213
0.3035234526871697
0.24717954836436806
0.09660732273791457
0.2976744751478564
0.40216477109864757
0.31681449405707873
0.49724430930274716
0.38766607298583444
0.3222050211050508
0.3885055838120025
0.05895092188018601
-0.008413819641005045
0.19262525068805986
0.17794703982823915
-0.04722868898914503
0.025659844624543033
-0.008409961948807606
0.2549549198329221
0.42965106297231626
0.5464055011586579
0.5619172777390049
0.5089630273840531
0.6894646421092676
0.7777690215993756
0.6260158598912193
0.29888525948629063
0.06319197128793967
-0.3631628478577475
-0.6101338176925919
-0.6965098749879021
-0.5851971325861748
-0.3921345455811207
-0.29657080501152283
-0.1910500168712239
-0.13140100682118383
-0.2401086686361924
-0.44729678446294957
-0.43662671655010943
-0.17174779522820577
-0.23667928254942805
-0.38171023745847743
-0.2790669292667318
0.007025858179939672
0.14224154326111776
0.048493398408646055
-0.15745692629673982
-0.02249102831038781
-0.13085055050033648
-0.3856838600603484
-0.44683582970414115
-0.26789704193192343
0.0031253382188937045
-0.015975863028157233
0.07826887255532661
0.3739062175088706
0.3698017085868013
0.36482729388365376
0.22034371547371495
0.25958570602464826
0.1788562328369178
-0.14969650591079392
-0.4869265778328904
-0.6565778027912548
-0.7119417963134288
-0.5115247960676024
-0.22575244972327702
-0.13775830858480498
-0.2768649144730647
-0.3175226726663367
-0.2825868816494812
-0.08020831955575068
0.055308283941871525
0.2988982166030081
0.2645047506185903
0.0867396906124511
0.21586804222252842
0.21960448616377262
0.31972599184761613
0.16738608874102096
0.20158550661465022
-0.10416493445436889
-0.5274323512215544
-0.7159482529146315
-0.7816850013682173
-0.9171583313657515
-0.9568246408360902
-0.8493532911008953
-0.6810938700926539
-0.7078015627841953
-0.6425032209691218
-0.4793573568578185
-0.21937629776807607
-0.1431758605214754
-0.3625874771319252
-0.19342749800259576
0.23206222337787386
0.16606624556926117
0.0575875605757666
-0.06523852967685799
0.06714879095698686
0.028793320729842174
0.27804397847404155
0.4664466495081503
0.5196029719706714
0.5199987000222427
0.5770713897687879
0.4721373043202925
0.20935020753637948
0.3235256656073198
0.20411827866715831
0.022139566568086858
0.05684356807887185
0.26351101061492765
0.30270713470825583
0.42201907607639944
0.45398617270287994
0.31153305586669183
0.14763526424603993
-0.012571112465447945
-0.4631664596192978
-0.6848523566583318
-0.74401358475988
-0.7348287691923944
-0.5352926463855092
-0.1172875262880701
0.17104978984613997
0.28584998246686955
0.34060459324672315
0.11073907518824577
-0.14899791971904208
-0.05683451870107388
-0.004161594974702508
-0.3112947863604053
-0.3762845879685646
-0.09951956676767733
0.34183295129939223
0.4545105876868285
1.0748994456402974
1.928477186247385
2.377708750419039
