1.9738344045453364
1.6785103708071136
0.9838816982950752
0.70466987214257
0.5724747802197674
0.40592993349213746
0.26845233450022643
0.31914687169920586
0.3274306673234698
0.05649646131256665
0.09255261155981077
-0.03688937824200536
-0.3575395143975947
-0.42116326291811335
-0.48639204678654335
-0.3567495449972699
-0.0029163877154165458
0.0735913741897653
0.42625234560787284
0.5674045504678163
0.6648185123483563
0.7564514621376689
0.659746230723689
0.7122326152094701
0.7707284465822436
0.46935841263075084
0.004395026320538773
0.007554013129558708
-0.03460690690068817
-0.34613283165822206
-0.45825272516481014
-0.44323900314493947
-0.5751858336089264
-0.7202210002692437
-0.5125086328818731
-0.2450246452490317
-0.39073169132494606
-0.34783112029998764
-0.0046175869205577385
0.15220555366226382
0.17644982942250137
0.07263036421264808
-0.05518385055345928
0.030732611970430302
-0.023545232810998948
0.018666279667076575
0.08495372613114002
0.14495481919521894
-0.06696013830625094
0.13294151364390233
0.2769224293291446
0.24069572323880667
0.08687278642325348
0.07639163318695924
0.09457846604614643
0.08211319227783175
0.01999608796028319
0.33349573030446406
0.4897730701825516
0.425751520473975
0.4356715865821837
0.42509976834607044
0.29428537266119914
-0.14844432137913718
-0.20775322817475603
-0.041961805066636146
0.05502439058929304
-0.16718693036003737
0.15991778354386177
0.3187388686076954
0.10164505713854952
0.11689533641970803
0.25464597826021157
0.138975646507969
-0.12396384146907717
-0.29269118172956177
-0.6658026341267337
-0.8176191384001291
-0.839289096707016
-0.757868278719267
-0.65951060415757
-0.5030033813823973
-0.11183080647113955
0.09287169840949316
0.20441968967346122
0.1295778369322342
-0.13813238867247168
-0.312174819149775
-0.5200227652780351
-0.5412244849843502
-0.38561447834688567
-0.4774695390868286
-0.47310939975438154
-0.19796423202464072
-0.1482638609736068
-0.14513128297770206
-0.07312415318400851
0.021099324080659385
-0.15902015822166654
-0.1957555416405786
-0.33796252246727454
-0.31250830233489424
-0.5374683061140825
-0.6163284417437125
-0.6743950603058734
-0.8044752045341186
-0.7690300268107547
-0.7057259531546928
-0.6314952402127351
-0.46010825030152264
-0.1693503000213148
-0.11087905307245906
-0.253555374175986
-0.12387120666473085
0.17119577136837166
0.27720838333159276
0.3599772887226621
0.2268304003785266
0.023135076154716487
-0.24873920669688956
-0.2979020667375601
-0.5750090988152541
-0.7054524612311929
-0.5486934067173189
-0.370265319745509
-0.397379058592182
-0.34135399734400373
-0.46141757449621756
-0.2643065231894698
-0.40551833421097827
-0.38341052910591167
-0.39310122949819537
-0.06262240185828513
-0.026784098962316764
0.2292137737953564
0.3189897709429894
0.2993212242407934
0.3073061217187642
0.22211597081788753
0.12919871166160624
-0.089710585850995
0.07615985460007658
-0.12089218679370017
-0.20410719953391668
-0.31150772298559787
-0.16781342870855745
-0.2334973069417526
-0.20519111088793113
0.0706872121491805
0.35980030151033315
0.27149391519097466
0.17715588490174444
0.0015172956005870175
-0.18848336286241058
-0.3627524906174008
-0.3899141538620712
-0.31632075231868517
-0.4310842773646866
-0.28673766384695965
-0.3202242756635629
-0.13460467306716634
-0.15106795341559084
-0.03846115716208875
0.04659659809257551
-0.0019908179098471557
-0.05128460147375519
0.1182012253346961
0.26379677629581244
0.41555627370173637
0.4593757223062437
0.3464189837754259
0.3939052207129291
0.40782981306604926
0.3856424797183277
0.14376976352718068
0.11915114443016511
-0.05369725118724993
-0.33309482927425343
-0.35796055458674264
-0.3718572258772354
-0.6552233079189282
-0.6666442588355259
-0.368066586660507
-0.34536548226054103
-0.36906209195771206
-0.038123514225856595
0.08814474821302593
-0.002971917785293228
-0.12751093311628958
0.006295144429291961
-0.06771644241556342
-0.5089902858502027
-0.4875782645038111
-0.4389812649170294
-0.43516689186913965
-0.4377965930181487
-0.26944269517733077
0.01291547458510071
0.16292679522629844
0.37721061770263076
0.5338749992476476
0.5009081608295057
0.47690781385042885
0.5236408324941825
0.3310167396224787
0.09556803915584118
0.07531541787929563
0.22455140969586534
0.13253538343043203
-0.08349885189539138
0.14601747579085075
0.364735747654071
0.32988807128147013
0.039191023716605405
0.1805599950036626
0.07895286101383209
-0.11765751047159895
-0.2655476975018526
-0.11632427752930168
-0.315476252388191
-0.3525087594866066
-0.008622398537560971
0.23652254121777005
0.3015720941519415
0.4466895951322829
0.596423878997713
0.5849295786709279
0.5100230378254034
0.4848538157840993
0.323451052378343
-0.031547342456609
0.018761912253452893
0.07640131041115042
-0.31629728517969463
-0.6790379709200445
-0.7246425563607729
-0.7697514859994286
-0.6807396368398946
-0.21143812300111736
0.17690821490141265
0.22276953943521963
0.14330957847766287
0.3626133441546246
0.4845958113759941
0.29330615883806316
0.021150991229923595
-0.2796375290927848
-0.20532104874155857
-0.3246278815215503
-0.41993698059646384
-0.2845249718319434
0.148286828231964
0.2454158878814889
0.21813987018905315
-0.03631731361230563
-0.004296757888980798
-0.2027394376711337
-0.3283956913347257
-0.2269201626538369
-0.3098419754348399
-0.4080796810159729
-0.410234096288904
-0.24415357550627326
-0.38825534562517916
-0.3925567415521868
-0.29846550693179585
0.05730437741344628
0.2506279951434698
0.3761519653884704
0.42402469183431707
0.08821824772644592
-0.006225788324850027
-0.13591731371426052
-0.4019773356402059
-0.5417903445554647
-0.7400132518480257
-0.8073726630084859
-0.8069357586894965
-0.6258693892243107
-0.6540540487568282
-0.6681203413046304
-0.792951964664223
-0.6317893521142829
-0.6586772011879076
-0.6873283464439186
-0.6511354872339284
-0.38610742732693193
-0.3493769466302722
-0.5842344264607962
-0.5939774765341325
-0.3091438630992149
-0.08039081930563782
0.16162697289056369
0.13489405920444666
0.32989135993030194
0.3912549355481472
0.40682161724130217
0.25517459710249246
0.272970931929509
0.36701577662833423
0.07197083807514605
-0.07299473061557425
0.14458428060512338
0.025889911733652873
-0.2298745152695066
-0.16260997392920512
-0.09111286855896879
-0.12058766119778883
-0.37932308939129206
-0.4843938706586594
-0.5211590141802847
-0.46220489597414866
-0.404225557012376
-0.31960080634510446
-0.16994152904758797
-0.2517975146319637
-0.46272331277042417
-0.5044168033450958
-0.34781286215003127
-0.2756551741192982
-0.4892607667776513
-0.4759592490844578
-0.331081452611036
-0.13881529580790786
-0.15759532993959466
-0.18966956807393304
-0.09034693400430795
-0.13421259163578309
-0.09988319899012568
-0.03833136982180757
0.14008466252783808
0.1103772514993886
-0.19588426346186116
-0.18601656983197457
0.2022725591203512
0.1857425814347284
0.26014076634558375
0.6053631067641418
0.7774022244103468
0.715272690747675
0.6390811694007326
0.5423220471374448
0.2920524659826149
0.2790794145679199
0.12498736319910463
0.16481630067518846
0.0531395190333801
-0.2813965705007928
-0.21254557230004498
-0.13982508608841182
-0.15889956596905408
0.02566875169670004
0.127867316588046
0.15308064816624473
0.11510152423703392
-0.0686478767739199
-0.23977725818397058
-0.28845820443041953
-0.08201924960322218
0.019552771637767044
-0.11473393071461008
0.10125867921503032
0.192857268482009
0.1842947663457357
0.19876542370226657
0.32280264102852807
0.683559326239224
1.1193360435273134
