2.0774544175914724
1.8357461807772937
1.326795495940339
0.7606644022457855
0.5833328453739466
0.3142955445857122
0.29709461839356394
0.10507705028826174
-0.13640931226758166
-0.20189097554674942
-0.3966218727332598
-0.3530104832517065
-0.12896864397420046
-0.31917605496240525
-0.4197215999301879
-0.2316278057929287
0.04746917562993158
-0.0710160640010172
0.11443792814287611
0.19260461360079356
0.05944759459684652
-0.02644630333306107
0.25276327842392676
0.21451654254492222
-0.064869344815767
-0.040800025556015175
-0.06301718024114504
-0.14135984679471403
-0.21948792746563292
-0.3647870831605108
-0.3367427649248438
-0.5076365942948864
-0.6908696684130252
-0.5929525633370522
-0.624728271222152
-0.4465885895911484
-0.11816614510152829
0.16884543469841176
0.35606836139646303
0.2873099750515593
0.232447621273147
0.20122226995030956
-0.107643157893396
-0.4190751430524768
-0.34455690623290675
-0.29025127572989473
-0.5222442665827358
-0.5627336167079314
-0.2664785345590687
0.006481043634211851
-0.09212431017536216
-0.05794016031629451
0.25154231143374484
0.3936517710514073
0.45056791771443944
0.4927222391884522
0.3115933833971381
0.10227154023370397
0.2192489982347124
0.10493887891809349
-0.06299406514354752
0.12768295163881946
0.4125297750002967
0.3642593671998485
0.5196207842204328
0.7615041374260414
0.8890599243154307
0.9361500712466779
0.713128840204318
0.47155544274022493
0.2484612995086247
-0.01876386064960066
-0.3770770582374078
-0.48901908782746994
-0.5439302084739934
-0.32385125469512865
0.04602920231807553
0.5315149745668117
1.2337248977685977
1.887890013115866
