2.191926068537569
1.7287813617940684
1.2933845689564656
0.9258522076663506
0.6901930141835267
0.3692365658215673
0.22374928973244038
0.25352823861716
0.33212528165105815
0.4668235278522973
0.3148850427774589
0.15067914443309774
0.003025063921277659
-0.18442337740307535
-0.3702842505360124
-0.40616796077380496
-0.37424397358848127
-0.12134332300125804
-0.11026087217989348
0.17207285602525643
0.42725178625444765
0.5928344545330321
0.46724129864677216
0.5123227882954244
0.5225704238263961
0.3365345967439409
0.2671986366545242
0.017715617506066927
-0.1577638337090383
-0.0875808207891305
0.039691460202461296
0.11595602594906003
0.32015765035702487
0.5607999860278303
0.6546807569533104
0.5085571965977554
0.5876830172123557
0.6573565029622773
0.6852825853576537
0.5277061212596434
0.29955860518760813
0.00758602028343024
-0.10132058657735316
-0.1543305683246113
-0.23127291316520698
-0.39814505265359484
-0.38543095268317723
-0.5531462311880673
-0.4425553153576879
-0.29043404983401705
-0.1640387070720714
0.005723438205594658
0.06555700301195604
0.36439940579696134
0.5868203724489248
0.45058212825015814
0.3041133526933442
0.07193565209575181
0.22723792794699335
-0.04313397305671273
-0.24265686124555821
-0.19252257163267364
-0.31386505889426225
-0.431067888743474
-0.14550883204476567
-0.06571784658391908
-0.08470499291037951
-0.3829724709437983
-0.3535465609442582
-0.2341886193272285
-0.36046083563089665
-0.28273911202769236
-0.36539481801706614
-0.5480006800316708
-0.5653639971785528
-0.4388173301919982
-0.22600816222605413
-0.23555268119727213
0.018360127730988995
0.3286033683227194
1.0985930790053131
1.5961921700551815
2.108482532916308
