2.1368516392360264
1.5785884431038826
1.1016994409913203
0.5703105101735075
0.4925203748336934
0.10123705426926419
-0.08406962256177497
0.0822545347458942
0.06301309383611234
-0.19795358508377559
-0.38482454754005924
-0.14214388311275838
-0.39128790074641434
-0.49651755478577575
-0.37847382541265406
-0.0628781841046201
0.06569542122310426
-0.04945456909446063
0.20537840660525233
0.4227422993020664
0.36959119274313834
0.6666863492167109
0.6344690121732762
0.44952412197893576
0.33014004038103684
0.18626873839945793
-0.14120741231290498
-0.5764372164181675
-0.8388230859117981
-0.8396709533944389
-0.7510314509476236
-0.5335530668377221
-0.21010240693635082
0.07987889151171881
0.352400441279586
0.5153236656728443
0.5488305788026658
0.7445088433733787
0.49943672432036984
0.33455770288978925
0.16152282266044596
0.11955305623069976
0.01785545355299108
-0.2395027483750422
-0.3955231863226591
-0.5493415983997929
-0.6032043921836732
-0.5778470038478858
-0.5466491581489481
-0.7109179880493599
-0.6796548341038712
-0.6017440223870575
-0.40155736133311876
-0.3181465680242501
-0.05828384121502567
-0.35594702451694443
-0.2697013375918132
-0.25213950658216056
-0.32993925121394846
-0.5275600181066916
-0.5112625035955598
-0.38662836102084536
-0.34712492091635067
-0.2665438315911902
-0.006744177343635838
-0.03310288082054637
-0.20550908895416742
-0.5696487649256246
-0.7244947717706558
-0.7429074450966442
-0.6598619473416101
-0.4603284900350126
-0.20599519106976005
0.07569358536549196
0.1571295066748486
0.3241960184241002
0.26300915640163347
0.4041600338920925
0.1489558532260341
-0.02355267383088263
0.05858994842332712
0.06395479761979475
-0.16308948846749846
-0.1696680425830935
0.03263189055529545
-0.0880102093261146
-0.036330375216593776
0.32372627008741295
0.3796121315752567
0.2250033000908181
0.19897202835073077
-0.1329840250895734
-0.29447150807429384
-0.35730486249222476
-0.17638717248188845
-0.35096564505410927
-0.3385430130913665
0.04499552072826979
0.3520693655954847
0.5749586433311379
0.766314796561161
0.9392601817977716
0.8487173089881068
0.7875545660311171
0.8520241674496606
0.5279500366815807
0.4394173945803874
0.4675003498652398
0.3413182064469414
-0.05912992644175046
-0.14165867710059082
0.0474462918712609
-0.17218943943031254
-0.617953202506155
-0.653685959752822
-0.6472046852280372
-0.7292444943914629
-0.5449547346655647
-0.12916451558693648
0.13542695259128673
0.20416782837952968
0.3016092300438798
0.36487212109874134
0.2276049976623835
0.11010876755777116
0.13059296548610352
0.0002019658778725862
0.2321192607038597
0.4578909366672941
0.5256695978787971
0.49661502731313034
0.4178636303262613
0.2622767074510459
0.31617026455346664
0.1952953038422714
0.12947461705983979
-0.19165664941449778
-0.20793097511314027
-0.030739895841069426
0.033964121167414735
-0.20065733132954044
-0.15747044252076378
-0.11502649988956797
-0.2551827837514333
-0.37333879400560344
-0.042316220083759855
-0.052956376714582226
-0.06441050739950759
0.020054742965283995
0.3784707014943533
0.4880594815227673
0.3251816523689596
0.2617273633450666
-0.03439712748750831
-0.17543093888820266
-0.40130129883216065
-0.44551069913685587
-0.3585219694825113
-0.44364561556988164
-0.28317642558282047
-0.19436979580826924
-0.04994596763959473
-0.14500371534617923
-0.054086621128742005
-8.836687035714103e-05
-0.20505932521976558
-0.2564120281558168
-0.012455137348016376
-0.0283596374410678
0.27618690871113666
0.3910892792420823
0.26764737899991425
0.3087773170142937
0.26162541161293223
0.11537322499391692
-0.20010344857915882
-0.42904323091980884
-0.3382766520120376
-0.11377574952899414
-0.08065269986407292
0.19148419855148746
0.4627716024956684
0.742117946599175
0.6232002372523207
0.5001300993115857
0.5006608033383966
0.3386126048305052
-0.14571429474083933
-0.21691189754043924
-0.05552396542138985
-0.25225901622399727
-0.29835312773929723
-0.09059594511441663
0.07599138358499907
0.08611341967997779
-0.18979436355863058
-0.27435685863909004
-0.044242428158896493
-0.0762615691138743
-0.10329007665605947
0.1831486493747834
0.3908397012394701
0.2826786475496096
-0.029727880197648694
0.18088177367503336
0.09529103541407523
0.11366620339216847
0.1416366542613563
0.21348054068888817
0.3812666581254999
0.22352466484656466
0.4519930014784022
0.5991934602994003
0.5531901239219983
0.3624628794537884
0.5261179886497603
0.42054692490606743
0.38383357683311586
0.2999589759714603
0.41336003571733365
0.2783330053708633
0.03944348800370443
0.13699119031122095
-0.19444587475934744
-0.1953071610177755
0.18250895880778795
0.244801122185212
0.1488428777918479
0.27772958827878197
0.4484088375990061
0.40628082669986687
0.08549343245228747
0.14432872804809954
0.10018201195153371
-0.045336715543285055
-0.13898772007713459
0.02347540891762678
0.15932521056383445
0.03427535050119108
-0.1622736994318104
-0.039420705630397984
-0.26363489781792643
-0.2874706045851715
-0.3305462798784917
-0.1319801744798897
-0.35697615344024086
-0.349689000832982
-0.15574750721505026
-0.35125251637360017
-0.35774751736702387
-0.45485350194624485
-0.27221784968607016
-0.25419927519558616
-0.3107801058814358
-0.17374481904068112
0.23841918837681195
0.3294836666524542
0.29132385234086516
0.39172904774465184
0.3166546531084504
0.0075461597806458945
-0.003415223154870841
-0.19070219918544787
-0.13443146666115002
-0.26233987046385004
-0.15117513015241718
-0.12489579104764659
0.05925942077367849
0.19212343703469764
0.23087468176306922
0.28118070110417953
0.2607379241426337
0.13019972347031986
-0.10856895243806987
-0.17212845417980285
-0.0479892883545443
-0.1375563922886848
-0.37156656537122223
-0.6411245584019958
-0.8463177648591551
-0.9104474324520406
-0.7310255206243214
-0.5413443795716095
-0.5545804544773303
-0.5044322010236998
-0.5311765254418268
-0.4565056210846493
-0.4966989755818492
-0.24742791211731965
-0.2263758034693667
-0.4070431258084153
-0.3780025028321455
-0.16140680602343258
-0.11508461164312013
-0.38365293223665986
-0.392800999268062
-0.38271788471348306
-0.4305901884979901
-0.6056433063599433
-0.4745952350869097
-0.18884469926885006
0.11815692476840119
0.15217637924021002
0.3267559695303159
0.5278663716158914
0.49347593678854884
0.21304173721899178
0.15766465765020032
0.18067350216652114
-0.06800588095841362
-0.3007434833621843
-0.23988334918876847
-0.4975455009469205
-0.5662950345293414
-0.4459708088229891
-0.2648740913810434
-0.31178749284269164
-0.1470238863163481
0.04563915360871662
0.04629745393905722
-0.25005363511388046
-0.2872333126885107
-0.0996240110304164
-0.07601713125768288
-0.1559070150500452
0.019543442330170215
0.3829180724555436
0.5647509735427747
0.727814663964229
0.8021733222066019
0.6423374296561575
0.5169924309338951
0.603836537243123
0.45881079854746454
-0.028862876343260874
-0.19870093001342212
0.00686077625729068
-0.1686276773394752
-0.4623639605812932
-0.35717599569425823
-0.045163370867871526
-0.22191870621816062
-0.0928861181467224
0.47159648762782796
0.6900314331115601
0.5433336097979081
0.5560050499003601
0.6296472789767136
0.6302010181577669
0.18269338192077228
-0.006060589248826405
0.2149347896636829
0.16035346617243423
-0.16743438511302414
-0.06071041321074573
0.18900012822936071
0.037963605289310975
-0.1634453675886011
-0.07846646433722053
-0.23005784162776086
-0.473799758591533
-0.5111246685327144
-0.42333886172682783
-0.4637989332305984
-0.2604500696557738
-0.3740718084276295
-0.14838709462507219
0.0352129667659063
-0.024165446921363326
-0.14962444778572345
-0.46261820976248047
-0.5215890609185057
-0.4370509359160061
-0.22932154172877564
-0.2521578604946961
0.08893782347687314
0.2124878495143122
0.1917918019952771
-0.03134578213666289
0.07117799304779582
0.15764874814074936
-0.04400045764559876
0.05162109788555045
0.08221865488474665
0.063266258108436
-0.08652178989415034
-0.3612784584002968
-0.5343630818308399
-0.5554135090265366
-0.6674624092151145
-0.4990209336409914
-0.4682351104800062
-0.30543824373448575
-0.31211384407642434
-0.02082217449878513
0.0710564375695774
0.062163941366261875
0.3527689584328786
0.39504720758025635
0.37872127775809633
0.40460215374704867
0.3528205811436189
0.18727458501810254
0.1726415122005497
-0.039596690764017936
-0.312260988524487
-0.3796294181669986
-0.3994410996205542
-0.2224123572238086
-0.303016905144058
-0.11126444311232593
0.08242932609714651
-0.01733757290607484
-0.09502356986229585
0.03366262376900306
-0.02445620665507515
0.16895489346209033
0.3089397926223775
0.6111572871948785
0.755399332769554
0.7162945481738108
0.6280223426632556
0.37686434967412263
0.2727317329918074
0.16935669114042473
-0.16012888831172928
-0.232078665384532
-0.033830192826782735
0.013028463889786115
-0.10683761030898997
0.09789290668566968
0.37108461175817303
0.3289071979043366
0.46219374793317347
0.4393819770254762
0.3541509763572021
0.15008028971521092
0.2750568994123932
0.3710732729855113
0.7629460077418725
1.1951795360192514
