2.6511754369590426
2.0726552269136493
1.2784395107850615
0.8738273100771032
0.5260002144401442
0.14119160040941306
0.11752122142448707
0.20731491389377146
0.3162070309072781
0.17332939087438964
0.10296945974079613
0.22819974437278898
0.29361023912944517
0.07442898012207387
0.18192053880779183
0.028557026763527078
-0.11474861249976268
-0.17486929212988112
-0.2631271425221681
-0.352180943596864
-0.2989347981275383
-0.05786961042010935
0.0761147004082606
0.40200400743055825
0.6038945417444898
0.4816657719116905
0.4833971862837799
0.5953338687431091
0.5761453730781991
0.33227924932037
0.19082022302379475
-0.011564366868693403
0.1306425305044642
-0.06431543846349133
-0.24813937127132954
-0.2030558337654591
-0.3573572161339524
-0.5025315399149833
-0.6521703959739344
-0.7055379284057877
-0.8052873792592383
-0.8434377949880669
-0.6744164681829006
-0.3558496160324955
-0.3016058478372882
-0.3772429985006801
-0.21672057982063478
0.12431078363167428
0.5177965092938123
0.6136999127793841
0.7593363057468691
0.7774028984548769
0.6456995576120654
0.46403101535885677
0.4415276838556316
0.2261280001365593
0.11946425177887218
-0.009706956137421207
0.05390478146910083
0.03054555887660264
-0.11843847408563574
-0.1515063503368623
-0.16428083348095276
-0.06384258448014325
0.2959875031613973
0.5609439917018063
0.7369791564442061
0.7858530569365005
0.7771593987064657
0.581938017084903
0.5902706026097722
0.4062246361608006
0.08390258038561017
0.13158456599351528
0.04595271958795685
-0.21765218780320458
-0.4155918061025622
-0.3975549483585451
-0.2590990262848319
-0.28559027488195815
-0.44684148000360346
-0.32270767639408976
-0.0693606171677156
-0.05877409333584878
0.11005726232788447
0.37268934346788685
0.5043752514991989
0.5174315226706796
0.5105754289582711
0.667138566009131
0.35157376639331095
0.10866596272476003
0.02647295004024425
0.04779692481544069
-0.015085307098713701
0.12501651063030397
0.2592175833554682
0.24925726160559059
0.45314784745050124
0.8680621440429561
1.668153897870278
2.0700662443353153
