2.322259513742007
1.7944339742686661
1.2960727749483485
0.6839365656807966
0.12234831489915432
-0.20842348522448537
-0.2494534543944081
-0.0738106081875245
-0.18042968060644074
-0.3569383128310363
-0.2405550918351184
-0.3976883950345443
-0.3721334869614634
-0.37692158038683715
-0.09085121452937672
-0.06953788159880318
-0.21677220173854153
-0.22726439868902149
-0.36818278451534453
-0.23283873647842604
-0.08381289086340869
-0.09273576492317898
-0.19312887060661374
-0.08107857130800077
-0.22096693441298665
-0.026834198581312314
-0.14054464265133698
0.1509138445538264
0.48998627313055615
0.7558860933635224
0.9302385726351325
0.8564591581656108
0.766651081475039
0.7415721073713155
0.7862939361410286
0.6103493344456219
0.5273890788937352
0.22296607720662528
-0.027211265922267962
-0.22378160903212238
-0.15883948175891735
-0.07128961244447111
-0.020903238983880218
-0.26520213257478803
-0.1835297639412358
-0.09279053919464306
-0.2370606728559792
-0.5883453340255758
-0.640464032437685
-0.4681856533052277
-0.6549312545192785
-0.5973213367973196
-0.45919570913604696
-0.07073283393498338
0.07799918374303758
0.27895319651993683
0.2658254606960233
0.22848992298303017
0.07288288424945881
-0.1467498149386396
-0.3314006502278408
-0.25319692182423326
-0.19313812445010645
-0.04537222673476275
0.07059605225913355
0.2629211989587713
0.15697742975596682
0.13290949909602498
-0.03857770681558434
0.10878465455097255
0.04511114450412115
0.28726124693750643
0.23099550635753008
0.39848097949662536
0.8581734999376678
1.1544848320476349
1.3465895379658426
1.901491233882667
2.2756901230808615
