2.016286973377901
1.362738176684785
0.8448687464592723
0.37101190716036536
0.1746422067564961
-0.10388657470491264
-0.12583087752312944
-0.3199192564371687
-0.30288104637419533
-0.1565196477668443
0.18394277412798618
0.4301325513533751
0.4623302852175254
0.466013540367759
0.4480516689749639
0.42867866265434923
0.42627864329532766
0.4512332864172946
0.23677941029180857
0.24648658901336043
0.22501806458102291
-0.02842204900223813
-0.3081597514648995
-0.20338673770657684
-0.26369369558704475
-0.2561337888427749
-0.375558250138937
-0.2848697792424849
-0.5348561564390535
-0.6502505808132588
-0.6122058028634696
-0.3321343004843927
-0.4035498599142908
-0.32661343275893484
0.07384701589987742
0.29663427427743844
0.37040344514734713
0.1864481010769173
-0.01687779762801281
-0.12455822796573875
-0.00996030281303979
0.2307122112420211
0.2645731815174712
0.007960423956043483
-0.23981829694588808
-0.23508612354697506
-0.46365585107399193
-0.5018112400063466
-0.5940846308063195
-0.4864011266923155
-0.6350977377118908
-0.5598365836218123
-0.23475972680235266
-0.11770517179280249
-0.059708975712708265
-0.17929447698644133
-0.032395510734039734
-0.0431425191534856
0.052678299054654217
0.1505202428826607
0.25989814376065035
0.15343349706139914
0.025487535055465922
0.16207694148673102
0.01628850724849146
-0.40817339130631936
-0.48301708039693947
-0.17286263337661006
-0.015471470539647042
-0.21853757081631925
-0.02184330316887544
0.10007544036474456
-0.08868018653128994
-0.3563905943182136
-0.4907110954875975
-0.8247263497843491
-0.985766569291825
-1.013256905515157
-0.9981235923030777
-0.8283497215221541
-0.5281708762019974
-0.4320681975905783
-0.1749417545372977
0.05658996555286733
0.23411915404717099
0.4152722053278838
0.40409616701054696
0.5449288707771889
0.5212782944322828
0.29690161229200346
0.4437526549203361
0.6014319437341862
0.5382847536707575
0.3919784869895173
0.4805614885515107
0.40342565874590963
0.3365476332485214
0.10217636877644258
-0.31827877261937987
-0.4283052839087369
-0.6169574898310136
-0.555608262908604
-0.3869287410616881
-0.29034008959336977
-0.1395753588288409
-0.2256304390530538
-0.10826177069642651
-0.12768674396255525
0.015594720582206395
-0.27455371566071035
-0.3464885030846396
-0.2574371466740422
-0.10191771476279887
-0.1421132004630201
-0.20381323964582254
-0.0478668884492065
-0.17048017654795866
-0.11810042743222854
0.09932724874698683
0.16231731326848772
0.3035057674445604
0.3558617746346012
0.06453716523341038
0.07946983148468065
0.029012806769118615
0.004277581021832201
-0.19241673793511654
-0.2534840904917237
-0.17596368548875277
-0.3458751358021043
-0.6384054809413634
-0.7031633592951344
-0.7339078896539419
-0.6941609047367481
-0.49272343150595577
-0.15508908067762503
0.06617672102729903
0.020843053631882644
0.20890431158718356
0.2874953778600722
0.1792277357536984
0.03341511748686565
-0.2959085622685092
-0.3719554958022588
-0.39820513401651436
-0.3019232518586895
-0.1804526483090389
0.022985043770077863
0.023060586338209867
0.08255000332624247
-0.1152410246317437
-0.13432432879726008
-0.1866502857694584
-0.04949726034593718
0.07002203497837468
0.037875815520861084
0.039007404689855515
0.06339424117692961
0.12002970305051061
-0.06895905461268823
-0.17627216952169308
0.06790470196516932
0.2562908330760683
0.094953254842467
0.04531637226559321
0.1773876079637575
0.24811039158492867
0.05205980785010458
-0.0609981133591658
-0.25643743560761795
-0.24620521059117456
-0.42194330809680203
-0.32973908418059167
-0.10046170805284423
-0.03396322408420335
-0.15392152276373774
-0.012840104826139108
-0.1855401256047353
-0.11913550549649467
-0.12349873243387346
-0.0001926578441941134
-0.018862078172635608
0.07208788159164671
0.3673201710807492
0.35011222461831315
0.3820590774906583
0.2351805865241824
0.3768329569317502
0.22326637144264896
0.0681835435267428
0.14837770517963236
0.4391894522598115
0.472945901181234
-0.23444774280799582
0.35850186644604976
0.6471707286340578
0.6445653309639047
0.5394056610786852
0.3855983174191721
0.2526329884839141
-0.2266051548986196
-0.35748351872223527
-0.3972801760203522
-0.32969182935314223
-0.22321067208891943
-0.2413508012028099
-0.34585697571343926
-0.34064004530667974
-0.22449048681428613
-0.2868800433540157
-0.34476291511788076
-0.24227687906925935
-0.2671368963395416
-0.15774616042898423
0.0895427195192657
0.3224708455954268
0.23238681374122175
-0.3548434705486515
0.29398744036920454
0.5296810485963372
0.2799109730189557
0.0803505410065842
-0.16329230091591665
-0.1985718810207844
-0.4762354288494047
-0.6876974683002081
-0.7468630950895613
-0.6753694075859139
-0.5108478300309415
-0.45973407507442177
-0.48518364177832624
-0.33226263201537315
-0.1225361424479473
-0.08388351962358302
0.2578668482397485
0.4281806201458246
0.2987734922872067
0.07382123779463605
0.05013382637834306
0.08693953606608504
-0.12730399424723543
-0.10979584647150928
0.14832659405301313
0.37423224926712695
0.32074330892619907
0.20427089568845835
-0.011235832394635305
-0.0825710160443757
-0.12633020336392303
-0.32901429903572965
-0.3664522492899782
-0.3278878336480698
-0.46060679003369626
-0.4142236770983877
-0.3516889442006553
-0.3473080269525849
-0.33373734899759117
-0.18774897000658783
0.09311749168382517
-0.31178161400356014
0.3591211221172365
0.7353722102504509
0.74684952684802
0.5026690802628434
0.30920794005490954
0.44938035811533267
0.14948270397263919
-0.28109218450307016
-0.30146481275561354
-0.39193700009864074
-0.6097648343618712
-0.5302917492995648
-0.037923207040726784
0.09854129017367837
0.3337264423723626
0.5048669189383364
0.11329345981554917
0.9087997623490403
0.9407902951895074
0.6958962717845653
0.6402838984444196
0.6089994822095669
0.4062958256193822
0.1676148349541376
-0.09325592177990066
-0.16138147080658174
-0.39074843098372336
-0.437781331386322
-0.6052763280500546
-0.5647410273387368
-0.3653899637592153
-0.415108406504011
-0.683142267946592
-0.7010217682326016
-0.6678120775194298
-0.8765506633334603
-0.9322785823008513
-0.9438358469862967
-0.8714258063467272
-0.6807103681927985
-0.3010612658148901
-0.2986315751781918
-0.2076647709070333
0.13241728396187194
0.15669143808208139
0.03534980052389232
0.08582321192287916
0.23870486938028238
0.38615635352202204
0.311889153543125
0.09459382288226044
0.3696957031420726
0.6158163527665844
0.5693639813669318
0.4768888167478023
0.49226493911751396
0.5469916777772713
0.14355124964521243
-0.07164753840023755
0.16514608229620603
0.20115339950548106
-0.13853776995305586
-0.1687031160377209
0.11910016157290365
0.045061633101274645
-0.006625796835293158
-0.0646871900271243
-0.08460882503284974
0.08202077038029866
-0.03274732651334956
0.101926093182941
0.01128010608463447
-0.22569940239737515
-0.20974985157682588
-0.18585296369245666
-0.06127909563234814
-0.14831623152906445
-0.17683249219967478
-0.034627729226269124
-0.1561113920651257
0.03645821489130556
0.03598714616863739
-0.02229224608336238
-0.3389057053369397
-0.4225203277686392
-0.4982366915108096
-0.5429552190300618
-0.6827197400299446
-0.6485988677070171
-0.5873907163801085
-0.8243008948822168
-0.9833728098694621
-0.8630540147453242
-0.6038913333784708
-0.17607654252864866
-0.07116268637204501
0.25321714804822326
0.5986730648029762
0.6165844287730119
0.5466555434731765
0.5807162084799106
0.3982270760226035
0.53198208307797
0.3820323597198081
-0.07381019436599745
0.7072939759669877
0.8258233382810668
0.5871461305286898
0.6531553231040261
0.491320937666803
0.47082033943474316
0.408632505176267
0.26838950351779167
0.08281612930871025
0.1367987074745185
-0.10052760306459316
-0.12472311892790372
-0.03562840935911735
-0.07445869193850695
0.1477304268635807
0.516879719590335
1.3197056009655206
1.9413405995443755
2.2344382446704296
