2.4509654721184675
1.8831101171302203
1.0229050237877255
0.6460716249617717
0.211840191281997
-0.20776728128318897
-0.43089552408170007
-0.40893192104549914
-0.24089775823134038
-0.15553441738193058
-0.2864036795880381
-0.40621963239696757
-0.3557044144645484
-0.4709547536559928
-0.3457212935523921
0.03018235070467946
0.17955665436756002
0.1530837298003492
-0.0316004991062215
0.07495932844973231
-0.10493015566117997
-0.26459740605298093
-0.2639415273040808
-0.1154601626635106
-0.18163466345911705
-0.3658118848506041
-0.36139538017910705
-0.5617601392495951
-0.48413630936096147
-0.7802096390137336
-0.8148571748299134
-0.6977948286634851
-0.4422678592290363
-0.4019602696175212
-0.26191600725802894
-0.04368487434485356
0.07022295179051714
-0.07779751382718429
-0.22241486948857742
-0.015997396862427637
0.1206878042976183
0.16588451320754208
0.19430780435471223
0.039636511270905485
-0.2881443937069882
-0.33308567771580394
-0.1550502663244869
-0.39744509323888977
-0.42737849935415334
-0.23698785099305567
-0.2763172666999066
-0.2818483813589027
-0.05727305027922981
0.2991852951340569
0.34631942234856083
0.23100902416776237
0.03262598124292607
0.17777356126367336
0.1382911658507054
-0.07108121116193086
0.05053029577680394
0.1970614748642335
0.20738439670838096
-0.11236949636394554
-0.12734653703864837
0.009571227023484391
-0.06027180220225696
0.013520963130160376
0.10777575474388155
0.10661491630845435
-0.07326913211967126
0.11425317246051458
0.061806063659787754
0.05894737183534999
-0.015052701871156373
-0.1531120333139177
-0.38086824359377974
-0.5056374857061703
-0.45579685058267877
-0.20085697459857482
-0.29120366928662894
-0.1484898449806483
-0.23887532838540018
-0.41471380257988727
-0.4257417234170982
-0.6367751273844053
-0.6380160612345331
-0.43638545990659355
-0.36106559319599296
-0.17325106000343596
0.018286007424645638
0.24670417562746094
0.4809484449589292
0.6442115453161692
0.6198405388608107
0.6408988931764182
0.3818790302569099
0.29108882593891644
0.15531705720569902
-0.011230444997555681
-0.3895050110256975
-0.5712906264698074
-0.53935791577437
-0.3368981669973938
-0.4353106720251793
-0.4007626078187464
-0.1252007286117567
0.037480731269519285
0.09639704177280549
0.3382016080532582
0.5486201023783474
0.7531571636811542
0.7009634052165025
0.5168541737418215
0.3604099909075991
0.20749464433713197
-0.10064916209261618
-0.22324931555570918
-0.32459411194618215
-0.5532531371489101
-0.59228758551157
-0.42233866588074886
-0.4432402856792118
-0.4301333333635367
-0.5336531027113859
-0.5105191254818471
-0.35201306894418266
-0.3504515625223742
-0.15408001726658366
-0.1773584770235615
0.12985610544428
0.04790732480118506
-0.03769957541727177
-0.2128111759865363
-0.08452355522432835
-0.38011235451140796
-0.5428593614172362
-0.36719110819337264
-0.05589652366165963
-0.05925217571032619
0.07337838241502727
0.2531253742984509
0.301450942822921
0.4304527278130459
0.265102741023009
-0.09089654580785213
-0.08482657004470388
-0.4204905612018221
-0.5498382064371576
-0.5109310048442348
-0.38548806245401984
-0.12897410248988664
0.12280732694071757
0.18554031911958385
0.26822851056843783
0.06394794751329207
0.07969001345199196
0.2478941577157669
0.14475948401868552
0.44319799420304745
0.5643163092715934
0.5790073454500149
1.0182882981679817
1.7320325915066797
2.1545058174772618
