2.174847018327003
1.5757786114432053
0.9072747450383886
0.5708693385922046
0.46241035043584366
0.2294264950742357
-0.07878413793426114
-0.4122407503196077
-0.7393560799404562
-0.9451349876175713
-0.9410510257996026
-0.68917161064026
-0.5967550108542998
-0.1388245678004469
0.3792607784269751
0.617188951128819
0.6662973950420585
0.5251791208410052
0.30537127529920544
-0.0156962630981948
-0.31341854889944404
-0.38892331102839955
-0.48659671851298597
-0.44841824825189236
-0.3926793322048401
-0.41023917309523494
-0.43097920829446434
-0.3425462115659292
-0.38577443385654797
-0.29769499822142015
-0.008384549062209328
0.1886920990924903
0.2107302952599141
0.07465393237453895
0.04872974281117949
-0.3676586848531988
-0.5470734807988158
-0.5984761831431685
-0.685093145771471
-0.7465625869373276
-0.504002668101107
-0.13797234183572282
0.2108069990116782
0.295448191678279
0.3259604092511246
0.41031254465815836
0.0897290593407123
-0.12496006606627565
-0.00492490054677932
-0.07548322529214206
-0.20010272314173072
-0.106711540046407
0.23585172721151546
0.5523503951677678
0.42834698458643905
0.20138043548550097
0.11810288538895185
-0.003689375710004582
-0.20366654912714088
-0.2603189727991933
-0.046791886424394455
-0.0957039365521316
-0.16218756809369808
-0.08817327177693127
0.07106548315985042
0.12188373678252444
0.05216119521200586
0.22278065750436946
0.3316606550411456
0.2988786499750327
0.2587160036072878
0.12364283961125141
0.05243994311926969
0.12013896515732506
0.016326354808933807
0.005693898477148954
-0.05397082255295922
-0.2745957470664795
-0.3015368603328285
-0.1465842324987306
-0.11074410051740717
-0.22569407316495285
-0.4854733383959316
-0.48085386812638553
-0.22418949766399662
-0.29463233171015984
-0.0866659316977284
0.13713003130616966
0.2531664763282887
0.31144028412923536
0.2927684140315114
-0.13100395944510218
-0.5123278143495695
-0.6658016131456648
-0.9110123127004133
-1.0661706724726805
-1.0947432553008698
-0.9274133038014682
-0.6578614393002405
-0.2563745354092273
-0.0833271246185991
-0.047384980532898205
-0.23306676459183887
-0.2365551289764603
-0.382589655920488
-0.21009433832542487
-0.2998829593803279
-0.6296666333907172
-0.6767395346985476
-0.47209882929091657
-0.28434432743718185
-0.3394421275957896
0.007099273358550107
-0.03375544431119826
-0.0565479178372159
-0.15185748199896174
-0.02881500980118526
0.04336531846886793
0.0016246749836963937
0.3389082453129503
0.4050070385180416
0.3764341115049818
0.3068373436638342
0.4610470150778423
0.3763274266484671
0.4302181969735675
0.23463919323166504
-0.10938007292405708
-0.340567028362219
-0.3286783889337632
-0.22543319060125444
-0.3499788969120194
-0.22004084976223082
-0.2270321311222188
-0.1424856226010423
0.029072167953721383
0.14139182005821083
0.02871234619832757
-0.10060157328374383
-0.3068688937280839
-0.28881013205574024
-0.2661165400855256
0.040788965537059206
0.2765244111845265
0.3835741257816671
0.400541342649272
0.3183527239715827
-0.08196985623015311
-0.10045992881351777
0.000435633953815028
-0.1401826762430996
-0.22681783656245275
0.017286982080156152
0.24591294325394647
0.19187313476293533
0.03227259406881457
0.14524219283060005
0.19033207695489754
0.09474142100272115
0.0662157936187392
0.1406939756724224
0.06574806904953334
0.04777758861828625
-0.1489600310743197
-0.35503193086137547
-0.1804205030635304
-0.04180027229545549
-0.055928477707207866
-0.026301713438791934
-0.04901031989252504
-0.08940319149111664
-0.2850558144598863
-0.4104986278822485
-0.3458926907140443
-0.3016468591581345
-0.5847551498724094
-0.4019725041040351
-0.2983990691815631
-0.28137777308649253
-0.12261213414835734
-0.05801950974435937
-0.03363057829996069
-0.1250525042085905
0.0886412118454671
0.31227668967959926
0.08773142349652911
-0.1258582074942823
0.08989206806511471
-0.019047946902850305
-0.08313207000188902
0.14689916397124483
0.4394333271161286
0.5084627093526118
0.41252350617755185
0.33272041531268853
0.09466463211043097
0.06712813600439882
-0.041216603615615265
0.13588051582591168
0.23943378864094078
0.1970669704152417
0.48291732346328775
0.700649647112292
0.7298149482707836
0.5935308607654532
0.8633762971949653
0.9957392967139136
1.194439941876159
1.633883945903138
2.0380188280334304
