2.2449062725946898
1.80725039888475
1.2814808147929309
0.9821137490912432
0.9003672387017146
0.6819123567806066
0.622727672289528
0.3764865546414894
0.5395569968414524
0.43429130972043506
0.03278169394702776
-0.1217554977392414
0.0035597845075323155
-0.30757547823959863
-0.3273823948203197
0.06537050268810862
0.2297601575335216
0.2158596673883966
0.5562946025460679
0.9724166455642603
1.0820585334673447
0.9044659379342918
0.8026046492528996
0.6328794866894019
0.6039162063076638
0.5033971334152496
0.4548363476143192
0.4745356898854939
0.3970779246782267
0.2255400340443499
-0.09665374011144971
-0.44151314287472115
-0.5978819802010235
-0.7604901433404547
-0.7550027002290709
-0.4054504175868977
-0.5218704536824516
-0.4332077640116614
-0.013031431336724573
0.11757146126760185
0.03638609381088261
0.08055740367192372
0.06671362142559993
0.187846857295744
0.11829652183471238
-0.08320274710165501
-0.012899589632931639
-0.15988222562293802
-0.12252998854579324
-0.1275139712652757
-0.039896614827837386
-0.0670060379566664
-0.2642658848111042
-0.19078573308056823
-0.057558563032045346
-0.22079518594028943
-0.034879986609351696
0.14339757616243204
0.2110505553788397
0.04798790019858108
0.11871975967726739
0.010638611088981004
0.14079525232946657
-0.029076688567274373
-0.07381174087276852
0.16313094090998362
0.16655310783044083
0.19778141870577906
0.5402296374856003
0.5071607830401701
0.40280459538446783
0.36726091452423465
0.3891986865101463
0.2806741442613037
-0.02519889949126345
-0.15867911531904508
-0.22419817595419955
-0.02505179938804879
0.0001751336994241903
-0.3248809916913428
-0.26875204178083045
0.08255302091391281
0.051026854188340035
-0.3096064726130938
-0.2510112641061882
0.09220084258185775
-0.12148675998186396
-0.12940400372054134
0.2977060207714479
0.6244559257689195
0.6240082162302689
0.7778494762830841
0.8518948092299548
1.0757899227133783
0.9253521861440146
0.6193402433606912
0.6060090328359234
0.46096685656736314
0.018382912500611116
-0.06342847132289833
0.1549218030680358
0.4212871744934466
0.46377604382825083
1.0328143699199532
1.4703858676594725
1.8617921158819424
