2.4729315817985476
2.0080961180399832
1.3722693286015972
1.0325490908048394
0.9455571728560465
0.8258028696640055
0.7017049460095359
0.62787533207008
0.44404501316103906
0.17279101331481722
-0.057254681414332036
-0.11207576568758387
-0.040325742909998075
-0.02112234113363371
0.22099600894076257
0.33189145242583046
0.29933225667541213
0.35969757739683084
0.2380350486610548
-0.10581451632173951
-0.24955222305538513
-0.38223091345904897
-0.4191985826220518
-0.23628425339768874
-0.1593781357147911
-0.05425918296634513
0.007705972318158034
0.04696471186763833
0.1953496831488148
0.20120102755291852
0.04924244478047841
0.16323186213121738
0.25441248351008355
0.19106730179348588
0.012764675288825788
-0.31229163070434596
-0.5139728217780903
-0.5684894209370296
-0.5071740671850729
-0.5251830861435697
-0.3042565571489619
-0.4025136259936838
-0.3385845945609924
-0.140597319801787
0.03276780256848983
0.23465114937286968
0.3882153268880018
0.5794339274837363
0.5773786291155433
0.4597711788613908
0.36047196810205107
0.07839218982400409
-0.16079808005566365
-0.4137631186272693
-0.6190913323459072
-0.6255895447983014
-0.5731998624596706
-0.4342335120510169
-0.2067653499526501
-0.08832526443762886
-0.02353920240198009
-0.17928810064543127
-0.11676912668858168
-0.14636047415715392
-0.3777941632100432
-0.6015046071190715
-0.5625452330621028
-0.41699095903370864
-0.3472302590971189
-0.11273888951314628
-0.016208824238958114
0.02133370567003504
-0.22305157768504946
-0.28125166863411416
-0.41549981182421164
-0.4724135067364167
-0.31498019955285406
-0.3271237515446558
-0.16376009057100227
-0.0690312132249232
-0.13660112743229177
-0.2661813516619092
-0.18830936785292118
0.05158520636309557
0.042593928959765576
0.14561896676710212
0.18516335931733474
0.3168964797255435
0.16317634491143257
0.05071084442962451
0.2811730173264433
0.40282821148435344
0.3294691842221418
0.46731205418871996
0.6577161165430592
0.5773125015422171
0.37211921648973323
0.07360101461832573
-0.18354468843672958
-0.19581377429559346
-0.27377070764424394
-0.5398653755493905
-0.5053618212074383
-0.4381606769342718
-0.2403045759192789
-0.19424339019677223
-0.18276932772491214
-0.21878848133082732
-0.41085399597769007
-0.47691176399262664
-0.24968780982256797
-0.019499611217927877
-0.1604126857029219
0.09501888307426778
0.3891285122921591
0.27602184546049946
0.045444941272924935
0.026853858898814174
-0.11672435233701389
0.022496099064274112
-0.08258201075908748
-0.18672068210018736
-0.15631889685447953
-0.20683907437797722
-0.30711544376581473
-0.08020143828030427
0.0351299058680402
-0.04626711225487343
-0.21165117222460622
-0.18301933985876173
-0.24430404936501246
-0.2609905546975119
-0.27493988286992227
-0.4311386120547953
-0.46053033388261105
-0.3954042188186793
-0.2354338000619381
-0.33103631136209327
-0.19692261861337446
-0.010573251612557325
0.001768598995877145
0.19223479105821561
0.2565196534489276
0.5073969616876024
0.638084944154415
0.721863916531802
0.8175259093906011
0.8844073067210836
0.995073373212358
0.855431272317728
0.7303351904662786
0.7511778929043318
0.6928359328999822
0.4951985876509616
0.344071930560481
0.16780892956632762
-0.1668043005600395
-0.5443333550832503
-0.8218582930223156
-0.9557120548578028
-0.9574836757957849
-0.7667262664407929
-0.45445381268430296
-0.08084358993294014
0.06791416728968389
0.10304508024427196
0.08326118432752166
-0.02200729118902425
-0.12416931827326384
-0.28528445519256795
-0.3896473840775268
-0.6161217023822776
-0.6117788627093552
-0.5959930191811273
-0.46307628767392844
-0.5634530309633952
-0.52710431252528
-0.32147412831257904
-0.28122712449502724
-0.055723827363751255
-0.08907519765941288
-0.37453440124571036
-0.5348293599192182
-0.43576107456843904
-0.44596546380359875
-0.3432715944446887
-0.263687010981595
-0.22387720777200978
-0.0947904346583312
-0.001300701401401581
0.030963988377552456
-0.04622532075635134
-0.13981246332348468
0.08038540975508984
-0.029431976088876252
0.060327458654969135
0.2745039306916364
0.34230187811936524
0.4074488728691125
0.37559999043936815
0.20133545634398492
0.2663863746483574
0.1101438326194254
-0.3110526770421549
-0.36139725283261154
-0.1403314653296732
-0.23102302508339345
-0.08378258036537012
-0.0880893081954078
0.1555401974831687
0.14910498330096342
-0.11211797970846948
-0.10118001086116249
-0.07087685583835618
-0.3422496274966093
-0.5260591222140353
-0.3379391964455645
-0.30054805472472623
-0.3614865120878902
-0.13437709695408995
0.19730989564893625
0.2557148325930105
-0.018030435147093446
-0.222415689385694
-0.22196323474126772
-0.42883028352538716
-0.49900322522064533
-0.4200206716450442
-0.22396040301250206
-0.3243690410499561
-0.33409111792698337
-0.11797769762623435
-0.05100024985285104
-0.0881139226483245
0.0333357818500319
-0.11606117804250615
-0.34582885911016803
-0.5135551755161815
-0.8258958958356518
-0.9418241615514735
-1.0258081859480495
-0.8100040995874432
-0.6594288471644312
-0.537973608857449
-0.2694702872166893
-0.05019982233039557
0.01862332194359278
0.1250251405525333
0.021614574230049977
-0.2577845124686146
-0.5139525008005427
-0.4994020839110038
-0.27634805728989137
-0.1768513093686943
0.027843180524304765
0.14167203242704254
0.08378517377724061
0.32305706619821845
0.5191765555229688
0.26902680557167374
0.1476380903971757
0.20436953185621284
-0.03909667931470514
-0.18513558978027506
-0.11971843490815691
-0.07362378432203072
-0.06501039630921175
-0.27787724950228826
-0.10652145227895139
-0.12574212310870134
-0.1554888472283925
-0.16180542027984157
-0.17375489089627844
-0.2870765265165828
-0.18363668466710734
0.11336027404224759
0.29803305144576286
0.21430583468164807
0.15742654810219303
0.08806743864528763
-0.1841535375184451
-0.07823700129103443
-0.001200657021700866
0.1518530027221653
0.16063005422480298
0.3802350273503983
0.47456801132995363
0.5961699686040344
0.6499759782594048
0.681891942539474
0.7388954680890094
0.5726611243879437
0.38877209646715216
0.3045543999603202
0.2732379708357907
0.04462513976622205
0.13372669664878575
0.24838973177128523
0.027811792463219926
-0.40289757099241147
-0.5047930109374513
-0.39311007793195984
-0.4866125422926301
-0.35634819155905667
-0.15321221444016037
-0.13453812829339656
-0.28913201253343435
-0.11461545344268267
0.24957611787094025
0.28629771230996487
0.1442445030733982
0.026726529858642958
-0.22863382878342836
-0.36458309062335204
-0.30957865201149
-0.3797031433613259
-0.4392634656011153
-0.511006728897666
-0.4277015572880552
-0.5036072469182767
-0.40828211050305774
-0.011552384841786436
0.10502475433243695
-0.025737767948484678
-0.134107613870228
0.06313026393494024
-0.11176853645708901
-0.21655877584223313
0.06407252448408944
0.1301992472362719
-0.024927810576576993
-0.1430185401608434
-0.040459736267128565
-0.29385680871056086
-0.2822476645556096
0.051582701270267026
0.3530254360506224
0.39498126813909223
0.5024756967896413
0.4348794052398514
0.508012063989129
0.4958708650024827
0.4743416636088608
0.2274420516007378
-0.1639145229820593
-0.23377199357997558
-0.07498574808268779
0.2675718450317624
0.6400603421063122
1.3930362663607927
1.8373780732789615
2.2577991766763197
