1.9315453525915185
1.1932314040400553
0.5261233866525551
0.2725645610633947
0.24609223830388668
0.0941455690217268
0.4129807476931443
0.49603045027562687
0.5776685200580156
0.6081845932998453
0.6458967086446934
0.49605606613472897
0.5297241670005737
0.5827711677222942
0.4112479803422371
0.26380794596215734
0.10068085418489056
0.13278269299206796
0.10582390726998518
-0.6693253632962558
-0.050093702235611645
-0.03920123924308755
-0.20150989269144207
-0.10496421479228697
0.1328476178043292
0.20334328206905283
0.5764982778385831
0.8042814703860515
0.8855112114959613
0.9325040104262852
0.7622164598740531
-0.10302582083143991
0.22942204002316213
0.2266699037302918
0.1277643702691349
0.36732961566710326
0.28057362786309525
0.36942381048324124
0.45037181712573926
0.49772285183751425
0.1481394064074576
-0.09300689083151689
0.03722767741498033
0.186665242402679
-0.009707370726622781
0.04469241882681887
0.05622306654363204
0.20924388572165376
0.06831276057517718
-0.36924563937522165
0.417929065316633
0.31493973435173844
0.0652385939197983
-0.22596894654899458
-0.19057144600220674
-0.38552620524601905
-0.35683676672349113
-0.0640285649510763
0.15641062709096154
-0.038387215725042986
-0.1219540327587521
0.19860715092929124
0.14359310152606802
-0.07816923142411207
-0.0964946428480178
-0.2986363250608623
-0.6275431999594754
-0.830588411108264
-0.818746307470194
-0.7460905926035193
-0.5171324103996947
-0.34280593516799673
0.02821793862328539
0.15885684364557381
0.21639620352852526
0.1324278564090252
0.16589879387415227
-0.06743540882483906
-0.25495898506648784
-0.37237695011820576
-0.3260135295947393
-0.3350150387741636
-0.2603634424203345
-0.34205713622354045
-0.5473510303127548
-0.48919878209396017
-0.5927089923718473
-0.4997608638913104
-0.4216441243510615
-0.12431959643222071
-0.15536914974472205
0.10061064488736682
0.2307656608109691
0.25199902426904897
0.36022375209198554
0.30849752840023126
0.22320982956075272
-0.0001545310261513177
-0.3937088881582889
-0.536234516320908
-0.676693185018007
-0.7372953920447178
-0.616324647358964
-0.20697137368420346
0.13766467923937584
0.21408767535870676
0.30617183558929933
0.7319084821903606
0.8406754895867448
0.723493637147842
0.4584397597728739
0.38682405385253554
0.10757245055492157
0.05145387891113465
-0.1510566350502937
-0.14301701392499697
-0.21978261757865863
-0.30545414412920363
-0.06969495675698324
0.2625206846315046
0.2712025782811053
0.32091656760637244
0.49788667817862897
0.29580659321863
0.41181847727104487
0.4671318747176492
0.3402058086560176
0.03410412986409286
-0.1616443389876232
-0.05640798354557648
-0.07333508943386952
-0.26914740281520594
-0.22004706595195164
-0.16830821384086042
-0.32386936674384603
-0.27233529028368336
-0.2398416843980196
-0.24403533920729492
-0.3998431280159507
-0.7588718070043983
-0.8508209237078318
-0.7987602647467981
-0.663453004197391
-0.3185063136565408
-0.15367716881341717
-0.05950242382201527
0.008599474563466112
-0.08891871067365958
-0.22626768487903254
-0.11549716665936272
0.0870773674211039
0.03132543448107883
-0.05533898396562545
-0.0191536827156477
-0.14771713347347737
-0.1320781839899179
-0.2293618538789758
-0.08802888372803792
0.19533693456334744
0.22705964912226623
0.32143998697476794
0.38169465580742407
0.2393966056843447
0.018768536634114912
-0.1821294660106698
-0.23859464889524426
-0.24358660998184703
-0.31195251195154244
-0.5504695254199176
-0.7253957392311006
-0.6607476403318189
-0.49058202645026344
-0.7129878233816704
-0.6888925531955123
-0.5780663797278249
-0.6011647361329304
-0.6513780987101536
-0.42579996319606706
-0.5607627558882315
-0.49438852129895866
-0.2274422152175773
-0.32570287854821045
-0.23742718411329905
-0.25815593054639435
-0.28331788433260385
-0.2287218865920408
-0.19083868992600964
0.13656301785079633
0.326422343641585
0.3582077794468253
0.5058493634314879
0.49129308484290557
0.14604750291170907
-0.07246459910071176
0.011178035401646297
-0.2105847741966698
-0.4355521563123204
-0.6404367410550282
-0.4360601927191684
-0.4540382199851518
-0.5588234369179459
-0.39759347278842366
-0.008602547664915769
0.0610853390963342
0.09680211010687224
0.5219464096996109
0.9243792846158765
1.0728124125330698
1.0808513638145962
0.8448831602526214
0.6885610558514017
0.3382929857079733
-0.1355039659813823
-0.21044304450646154
-0.44458492200918076
-0.5771299132450346
-0.5015315743441632
-0.06605144278999167
-0.05146435796741719
-0.22980354222098748
0.08027977789191229
0.21106685146368565
0.23464746502297434
0.20464353782490527
0.059788500989989696
0.21607922665654697
-0.051372193792030035
-0.3399021072120049
-0.37765341281074016
-0.26021609497462816
-0.29267753963663096
-0.026807730853145594
-0.05950279199491557
-0.1838755742039087
-0.4058111680383203
-0.503768320711662
-0.4628984276974773
-0.2630128782626972
-0.054934675487981935
-0.1725873131211745
-0.330591178080824
-0.5298802353338633
-0.5592396169112619
-0.4612076663778486
-0.41824518624260626
-0.3699050236424471
-0.284350781436803
-0.4388377578588359
-0.4786761633996897
-0.5754678884233684
-0.6429059009549865
-0.5851798182780602
-0.419104291204541
-0.2442249884022157
-0.2386841329068487
-0.08594912030753182
-0.05041095764357416
0.005532211264257176
-0.07974077697999347
-0.08217891753969775
-0.19309031995824869
-0.0481745762867829
0.04026925018337638
-0.0606969997985064
-0.24113019863423302
-0.1594870464557913
-0.14359974823878885
0.1396221807367056
0.10115871170610247
-0.014259767774449946
0.2205501838089567
0.22949826841509502
-0.013078265628450342
-0.13406793234268216
0.06485332883825044
-0.10103520299046256
-0.1944334464544195
-0.09729245182434117
-0.04262462339777046
-0.18558264793912613
-0.13184404910288738
-0.14248054478311198
-0.32695708967626025
-0.4259623781738485
-0.7356499959666422
-0.7355388754839611
-0.6524574830205935
-0.5963234796356043
-0.4618977058042536
-0.18247145139445323
-0.17637033552636674
-0.14272045961805413
-0.16210695206921238
-0.5043415194366588
-0.5475232317335672
-0.5031948314796757
-0.20668743360677433
-0.002452892995403173
0.2812632971926875
0.40406729039855693
0.3617570198040368
0.3178955106684664
0.1344245880092876
-0.11148904105126148
-0.1366678661797039
0.1324606080163388
0.13878812438527768
0.032161844742391164
-0.09846298628913283
0.017754520022010386
-0.17171136968502354
-0.32622998601666386
-0.23849137938094198
-0.12900430259529733
-0.2252500520009828
-0.06412460795159831
0.1851951476511877
0.5540989225533597
0.656803590286771
0.5060059953165363
0.5495362682963588
0.39909336372293014
0.09967884209623326
0.03220876028444783
0.15863173548762927
-0.05587790472068012
-0.3309264310073854
-0.6237658574869116
-0.6976404708175669
-0.555211281969826
-0.6544072592177207
-0.46288062391010987
-0.00954564019018492
0.08118122298867093
-0.06256479971983274
0.037266604511630816
0.09562196491761155
-0.041013995548283236
-0.5907707195016016
-0.7290748067493558
-0.657850779838358
-0.8626231884467198
-0.9472781089698569
-0.6334684708324378
-0.3983864030573485
-0.5585083466888575
-0.4111868396037559
-0.007711902168266644
0.24037006732602012
0.3239625677935801
0.443852786068886
0.5914521904053046
0.362676227051658
0.24804530782395626
0.18388850579410376
-0.12727587638747634
-0.2160744656994014
-0.03933619769365271
0.029851234435250677
0.05533898289293021
-0.08774302414394713
0.05029136754033116
0.3077187040509984
0.11618896231046025
-0.33751180790927576
0.400102032688173
0.4437390836554769
0.22588687035772262
0.2613411805802565
0.19561560483317406
-0.022368824985084766
0.09921339562714702
-0.0992091362228516
-0.09930523565840989
0.19229329476897386
0.1923793373769967
0.22290694675589579
0.5080565969238098
0.529495305775892
0.4619601066925448
0.2895887554855684
0.24688580740310945
0.013594687262268297
-0.026073448182311006
-0.12380368418998663
0.046235973192459034
0.12409443864845524
0.1300762119338779
-0.09930688125014392
-0.04981673191463078
-0.29458254457078714
-0.545052044658963
-0.731001546262975
-0.6782632003109839
-0.40421268028752033
-0.5459010324640471
-0.5585480224811953
-0.35045480348572605
-0.291505065726251
-0.1562230372673398
0.02957945703139039
0.28111028863040904
0.17694256917115558
-0.024430270906371218
0.02742398121946133
-0.07449518140279662
-0.392263912950495
-0.5467261964986923
-0.4446096580258413
-0.2317067836598874
-0.16662989086174515
0.18816345162510573
0.6090602622699424
1.343241415700685
1.6598498655068632
