1.8319290582735108
1.1026871668395115
0.4509448566122217
-0.1170698495484725
-0.4820945958336704
-0.5549978689881087
-0.48864964757509255
-0.42272328024725225
-0.35688347040716617
-0.006780275651122791
-0.01518323140633168
0.09894264973545999
0.022732421750763288
0.039068703538286065
0.015888128420704608
-0.3126542418198855
-0.2314162621576593
-0.2846843634296504
-0.28372670743244577
-0.23826157448487087
-0.010422762597362597
0.27305051692493165
0.42438084386426705
0.5599342103446465
0.43943931250940305
0.17287308696538412
-0.1595794029276195
-0.3218283003822332
-0.544109742273014
-0.4791420194500838
-0.5385347901541494
-0.5505323431009765
-0.6071167351683098
-0.5570531452132764
-0.4453682878528607
-0.11307818659160881
-0.030138681695739418
0.07922386002971049
0.4792329249123601
0.7383194649488096
0.7591730441203397
0.7192351777241519
0.5304937705980137
0.31962030992889373
0.08780681142241849
0.25555903913139805
0.2841314009614498
0.27543023013966134
0.18644490650667628
0.28068245649089324
0.16643214336798018
-0.24493870054820735
-0.3124406506590058
-0.15674050862004632
-0.34486740678888117
-0.5236339305124786
-0.4407315669980312
-0.3816908147600176
-0.4836465794498047
-0.4275415173749933
-0.215159408706506
-0.20867179015539297
-0.404788987239328
-0.3632824671890177
-0.055773467729710494
0.09107527234953054
0.09773995888206229
0.04191514368446654
0.1496763936218231
-0.077482896243367
-0.13739703862544528
-0.21082031312759766
-0.430324904143356
-0.451019127946935
-0.52733633674454
-0.5486093084420132
-0.4502604021519445
-0.17767291067555435
0.3063631468227548
0.6127618877476485
0.562926483303121
-0.12754357302976405
0.6129908675775423
0.6052098557592521
0.2170989423310727
0.10629388753715009
0.20417486255345182
0.2455361327103442
0.4973550113857492
0.6365961444891782
0.6683882338620176
0.4767617240776183
0.41632945824062645
0.160628033850651
-0.12943035136885758
-0.2359870582652507
-0.2773155268653521
-0.4442516256698873
-0.5883146883485734
-0.4597674128198145
-0.22793281186784792
0.1680570505802339
0.4317221055056569
0.5928743487969456
0.5723919910831593
0.4636417809285538
0.4083778227144953
0.5979784436155607
0.5368096720062348
0.24327355328759212
0.2815536873818815
0.24167982908401528
-0.02194268828997132
-0.015961596495508844
-0.044068120349975565
0.09769996903684519
0.10968004490433399
0.08830845852232654
0.09997659248126056
0.2543358909330253
0.050843225763401396
-0.27985252590416854
-0.35203906633775334
-0.12191051241580352
-0.015895084801046497
0.16309088202569563
0.6479390255562915
0.7023114818420906
0.6127351002664355
0.08083371919859315
0.6451073602888212
0.5562242803153907
0.3272287118547938
0.17885485729976153
-0.09848563230346652
-0.3202711251553098
-0.2581446207407969
-0.2690531603029729
-0.5654163924927338
-0.6434274702967607
-0.7469421539331148
-0.7762692599213926
-0.524850484550571
-0.3410647798470086
-0.19732644798509846
-0.36408733395338944
-0.09770291760065836
0.07368066851508408
-0.09938669122405788
-0.21531051600209752
-0.16059087463722585
-0.3225594933328894
-0.593409138246068
-0.546366693677646
-0.5888495789202667
-0.6685074847524191
-0.6076233958165755
-0.36205074519809666
-0.11070622954469293
-0.15097522259388396
-0.04920858828876709
-0.18944877239772115
-0.5426874528327355
-0.7008374357629039
-0.8061951885021991
-0.8003195781155451
-0.5853734859821899
-0.5201811755527054
-0.2969642978145665
-0.09033700652671355
0.019160889636998676
0.04144513848790751
0.05535945327626414
0.17943533755226213
0.26101910262393896
0.19498395914996167
0.18918977550462504
0.20076850911742028
0.10679887784224737
0.14390156162866258
0.060230131067496376
0.05482558911286751
-0.0038059272173828597
-0.17536629842495127
-0.1885441826650241
0.021641910460839478
0.2208112779133634
0.47179002946812215
0.5087485127593004
0.3817044289541029
0.08725175395319064
-0.2891831012172609
-0.50275538324183
-0.5985705094357642
-0.4556275498311247
-0.714364547355719
-0.6037623313753471
-0.3241050215672543
-0.09046625401555461
-0.18026271870949154
-0.028133276903580914
-0.1127848475565313
0.07192210755123982
0.2036689615254191
0.510118039025705
0.2661958991368376
-0.32879282072491184
0.4411505884268824
0.5723877736063137
0.3132248632841917
0.3691156209166593
0.6768351744702057
0.6112485308484408
0.5692611588963258
0.5744419521657725
0.45021270263114466
0.2169315726995665
0.17595057570625736
-0.03908293600767272
-0.363200785889443
-0.36573130903701345
-0.4547530892084407
-0.5193620301229633
-0.40928759287453864
-0.26154463403453426
-0.1117864998360734
-0.01376003796433995
0.045075754233305926
-0.004327354447989537
-0.15645434599247462
-0.14920672594803644
0.049841079584057715
-0.05974276492496476
-0.3052605755135938
-0.41289948195013726
-0.5888508438753969
-0.6209526129028438
-0.426811337177828
-0.28603625134154204
-0.26212229001868215
-0.07531223188072625
0.09316315568129549
0.050319235815224905
0.013770406831629866
-0.16333976789366283
-0.23580420838620123
-0.2861944137145262
-0.38939618546046445
-0.3290549136831305
-0.3782587895217436
-0.320634393608008
-0.36292244223888936
-0.23786112451425226
0.11309855674538641
0.26260896095757247
0.2789808189668601
0.10651693232049227
-0.25103933609390894
-0.4916915641949035
-0.5517317255544245
-0.4687676477626038
-0.3695123498611455
-0.26799709176825187
-0.2681494417633804
-0.23332088547937135
-0.26817024054481564
-0.5384388208882532
-0.6011507396248393
-0.4429423853490639
-0.2146821744299572
-0.22987077427133687
0.08090061629174555
0.3202126176630423
0.4884221333643363
0.6287638382923638
0.7752220973107209
0.8984611869656837
1.0594676505678757
0.9238260568353761
0.014606726750553524
0.5096940113544165
0.38556322109417196
0.1080909637149193
-0.3108324171293077
-0.736352546851767
-0.8668659007979698
-0.7623135915287433
-0.7986387429689943
-0.6101786097545816
-0.45018488511858923
-0.5015559657968157
-0.3404157841034585
-0.14204512712371958
0.04545520981585995
0.09055780421880637
-0.14063165275441492
-0.30721262102117713
-0.2087941354297289
-0.4119812805200232
-0.4529019783891579
-0.371655589322082
-0.41097058707369194
-0.33417879516860105
-0.09190168105598813
-0.052993248777294194
0.024906336193237677
-0.18934212650844418
-0.5468805731148266
-0.6863188238685357
-0.6521275239046146
-0.8719909815861553
-0.9173310125240356
-0.8642289798659054
-0.6421891748661009
-0.5376266016793868
-0.2968073753727403
-0.002918885948089139
0.17866048118003314
0.2523072504766756
0.4455884776257822
0.5386962584184773
0.6247421303273443
0.3962141109278298
0.01602580161693877
-0.019322985180381988
0.06651714834573744
-0.2762572698484386
-0.24866003037369405
-0.08713046307813731
-0.47863158832924013
0.23968532559638717
0.4445795187804128
0.3957066129416993
0.4258900073630442
0.18699253544219688
0.2613778323564585
0.17499713907093253
-0.008697018247923008
-0.023340277781715546
-0.11656700226722097
0.04000341640272189
0.1372391543186977
-0.09717128969080895
-0.3931702045107085
-0.5809989548826706
-0.7484921085714263
-0.7833762984926892
-0.6409060629851552
-0.6185178938965568
-0.48444563991916717
-0.2572038959749201
-0.033248855015920106
0.25017377068374913
0.1921316959346421
0.010061894860105607
0.07034755215476061
0.10764525745617276
0.20222161303363928
-0.009078823239172246
0.15617868318020414
0.14071534490226173
0.18655909169413856
0.21097638358778595
0.10183237443579235
-0.14830025900779933
-0.3574609901777474
-0.3622735818241167
-0.26899667295868357
-0.3499295911422378
-0.19473487289996463
-0.10911595789688053
-0.12948360712903345
-0.14369581568729414
-0.1916115480704492
-0.27011367380907164
-0.4314548897131652
-0.5107858374058944
-0.7991691546723657
-0.8915507203853321
-0.8657552172410342
-0.7414213092700558
-0.7009076073112431
-0.48839041437691805
-0.1073801620100476
-0.10916651669636608
-0.23868066134645274
-0.25201473261364127
-0.35574755327365987
-0.37517178253969274
-0.5510426262888773
-0.4926087299613284
-0.6350920210856291
-0.5909666127239676
-0.33981510609301585
0.03996952368004256
0.05687464686720959
0.34842579997379924
0.5982143303609495
0.03851122424324593
0.6996502484954067
0.6623910084311033
0.3204762071417088
0.11023164500750773
-0.25822461517613343
-0.40889786202395384
-0.2778341973680647
-0.3867131083171779
-0.22222878628341688
0.12439422845755685
0.28822933183650806
0.24531182876286128
0.09379721401263358
0.07863696625682944
0.04146050591032754
0.08324332850044638
-0.1718043504470247
-0.34757212285420164
-0.2725491955173678
-0.12265104562532697
-0.6384377171374774
0.03156278823212333
0.3575050286054375
0.5305964974573543
0.3584817487526107
0.12606587142356476
0.0300068221367337
-0.20442871670863874
-0.21116879647447606
-0.3685507633061859
-0.3317906404201776
-0.24388531032466676
-0.036257640315567254
0.06885313112435311
0.20938950604751816
0.09807912334613644
-0.014016885000666881
-0.16605137538611303
-0.24541368412381445
-0.22860466261409665
-0.303546233998126
-0.18033800206169634
-0.2759326158436804
-0.49553432431350825
-0.46792816984217717
-0.48351653381597526
-0.5514968155865633
-0.48866233717032154
-0.43962376484012666
-0.39349590398614387
-0.17102318173563544
-0.23499372127696247
-0.0646642910308504
-0.23578667854846672
-0.09161039820449463
-0.035215631073274634
-0.05877629591158992
-0.2502862197510856
-0.03826196426697702
-0.03173098203885916
-0.33814139853662945
-0.3414899261982622
-0.10679404891343873
0.10078361523437895
0.050361665155251305
0.18289780760658564
0.10937096478733307
0.20135220370452112
0.18376075186117247
0.09315140201843956
-0.06502674522938265
-0.09722714448981784
-0.07657602877296645
0.10263350409963269
0.2131634599276057
0.24894271238156523
0.35496611072109024
0.5953430700777859
0.6940312148164923
0.5134485638798564
0.34547993120819237
0.25936891875629764
0.2158366464395974
0.18775047309387782
0.1958421256739155
0.03162684768024
0.22666925820613226
0.04476067548980717
-0.10982154982142397
0.2055548406619339
0.25012102089977556
0.021739374817898487
0.09472400885230571
0.5747325212145115
0.7360467374161374
0.9859769444208728
1.6172920407089542
2.071879560465922
