1.978221492551841
1.6570354283896427
0.9783993787662011
0.6326290974280133
0.4100824596519206
0.5010918216093321
0.3535586174695021
0.15826567557980536
0.07772838402084763
0.03125132639398197
-0.4000166013247699
0.3943177378791792
0.5646956992932596
0.7779718723475006
0.773543535820028
0.5982703899066313
0.2770977705413611
0.26200549924860156
0.0882296371423337
-0.023450842281050138
-0.0806413425355019
-0.3668573566479161
-0.33944963377652293
-0.2836437340322518
-0.21971960618116376
-0.07020848985186533
-0.09363728655446246
-0.39661812561361964
-0.4563440131586369
-0.26179090231170454
-0.045501686683966654
-0.08218275945426848
0.15904152096477672
0.30405905994735977
0.32975971922086755
0.11810360166250194
0.10937369743687526
0.36307069829936484
0.2759278458713547
0.14050356865715954
0.13927864789916827
0.05311774328461426
-0.4349469982463231
-0.49611548064552846
-0.295183205534544
-0.39785953856826795
-0.3600326792582251
-0.1749314292531819
0.08484185269701391
0.3282357561863729
0.4253743302125484
0.30964816063836326
0.36765823027881483
0.3205309261204571
-0.012258153971516686
-0.26420889570047973
-0.15498834388453026
-0.3034073783481384
-0.25245471210221077
-0.21516254643380586
0.2821603176278771
0.4133789681973864
0.5980930682631167
0.8037616943967271
0.8696134416064536
0.7323096367407214
0.6459467241369996
0.48210461711421104
0.185250467682903
0.12799599321139546
-0.13185464741548436
-0.07791475330380648
-0.3316911628522023
-0.17854952207063055
-0.100389940023766
0.0519611413613664
0.3967209188189734
0.6348672403654174
0.8046016415017393
0.6648985307916612
0.48933455924410363
0.43780023396374756
0.2853076163417437
-0.12732129889172686
-0.3268589361754641
-0.5130999596716211
-0.5299611837934702
-0.5943608937968087
-0.36450303230367376
0.1149132518091357
0.34450632033543616
0.4191839024635357
0.8834914063256774
1.4008021644724988
1.7726709532184877
