1.8950840118361634
1.2313578468574975
0.5989644776046599
0.2265148493333918
0.24633041977456074
0.029747160579062328
-0.257232147344454
-0.2896909586514018
-0.2804470175433901
-0.1113805200000573
-0.21064249893415338
0.045966174222633736
0.11959028515101615
0.10047650792733902
0.2595095876326333
0.11150229920775473
-0.06483758849930008
0.12067344518505745
0.08682071722020271
-0.16621035216851576
-0.0632297813836028
0.28481101419783245
0.3574138763760114
0.1392244552820435
-0.011756919901730415
-0.28565031838524785
-0.4745392229691188
-0.5628275790365834
-0.5045559559168228
-0.32242946884624174
0.007861731001138282
0.049722364646298416
0.17373319367995838
0.3403603084265178
0.1810794339094718
-0.0446459584842349
-0.032318386370316865
-0.1143003131931218
-0.08343178014466988
-0.08484929331147323
-0.018619477000495457
-0.19813239297633636
-0.2164928065857891
0.06580369390553488
0.07860223192408677
-0.20257907553889173
-0.19343539197053292
-0.11098904602094574
-0.3875476034437682
-0.40799132103499974
-0.14092691310535227
0.4198897235674791
0.6618217237965006
0.727271920256748
0.19210993886376262
0.8609048677451268
0.5878594006412599
-0.01023522163683052
-0.40305245373967824
-0.5851664470707983
-0.6438708980650387
-0.5070108326437096
-0.21260597352103194
-0.011808638891079281
0.19453932613046232
0.2963937761175566
0.34436920940497556
0.17988088664165264
0.24810028142293866
0.21602146596788702
-0.07410727579240435
-0.11550445496411857
0.02488661372565145
0.30113346475267666
0.38907208926751063
0.36028579752863765
0.3978537103641063
0.34412209875162164
0.5389758407910423
0.47369230887004243
0.5097941742817957
0.2660066229551932
0.17720855318971726
0.09532212438348665
-0.29611098243302064
-0.595107472556175
-0.6717329128158881
-0.5455665983470296
-0.2699854160853149
0.10810246489052641
0.33570593220837297
0.3569495642534156
-0.4453659715268579
0.12662480409407623
0.24486155244778804
0.32825142670130963
0.3710495918551814
0.4820742127460662
0.3612498111057403
0.34294209042106305
0.27743017604029513
0.04665158707825145
0.030166331171856287
-0.16093916730783692
-0.010966965630546405
0.018972890573306953
0.1043839479722365
0.42287182591394273
0.8436140314384225
1.2059293061174015
1.9401611575377857
2.381615410438616
