2.3672350957984913
1.978070452984875
1.397691441887997
0.6854196272754075
0.24347193236159906
0.19737884818435775
0.05486036935311057
-0.0808015142379076
-0.1116358102392721
0.20130282396617297
0.25380561808103286
0.13830610601060905
0.3002292657087445
0.5769256478643324
0.5646582391408715
0.23995577803165083
0.33002407764070896
0.4319192879270125
0.2908678850631318
0.04880992609288985
0.01447482542099904
0.18768696435715113
0.13787072102099132
0.2003206831120576
0.19304626731568456
0.13541295467301662
-0.031323846556645225
0.18313405906355312
0.07977995301640924
0.0509402266313283
-0.14376850850935474
-0.031168142003559475
0.1648011654019526
0.16704166285908595
0.27713519791827623
0.43392913581253323
0.22803403180734128
-0.0046941268456016745
0.3095103398544005
0.46809509955308626
0.2053109472357656
0.18458059927075018
0.4247715558483188
0.490204260860049
0.24359909029523366
0.2221144193301799
0.17892861528305914
0.10378788403455631
-0.27534192576830163
-0.3142763923196505
-0.2779439775062809
0.10074708449204683
0.3531067524645607
0.5524007224448361
0.7013014118478992
0.5830412695779819
0.5969092892669189
0.5165057987037999
0.2951281869199397
0.1990274048677757
-0.00874220215217567
-0.2680355058980105
-0.27568948929842746
-0.18311324286463695
-0.049114613564706304
-0.06649390036650837
-0.06315393067743628
0.2730994938680039
0.4146794487263122
0.23865661766801777
0.03037449327698449
0.05761772093363385
-0.03684506508944062
-0.37137779995909176
-0.5138180184991965
-0.5537989401955679
-0.42003090144639527
-0.4729451292200488
-0.2689479759641119
-0.0684413959941595
-0.0038691106640739324
-0.19882633129336894
-0.00567351225524394
0.057768030430959426
-0.16198265918511306
-0.11611651184247805
-0.3149910845097067
-0.23851889234083748
-0.2994520310828944
-0.09092799568802841
0.2498477147728428
0.2287086843444839
0.1580978479931708
0.5030925054814844
0.7452835452836666
0.699180974748911
0.5447054489424613
0.4156706639760005
0.2628483048403829
0.20932921781354016
0.30069110046143555
0.23538410399596443
0.008422130671542422
-0.16297826122892878
-0.08611212996094016
-0.09359234725550784
0.1466212945182322
0.04478648971566918
-0.007897874417505075
-0.15766882137292035
-0.1906699626893978
-0.09713022109934896
-0.25759117139956883
-0.11127148291233865
-0.003672763224388337
0.21707261924670318
0.39890833207593424
0.44995472955905114
0.5091524935798616
0.41145169824017463
0.31307539262394407
0.16139305960458084
-0.13327716421103686
-0.2839408508831394
-0.5619095521304399
-0.7051830677663765
-0.6736264696947903
-0.5578027901739188
-0.6776388517549555
-0.618169487112548
-0.4642070754331411
-0.0918780286391378
-0.1310245832982371
-0.17678786958512
-0.3353853566060429
-0.28680773940523746
-0.6107205726538663
-0.6654641630423974
-0.6409054370068817
-0.44414529196676983
-0.10893887659234189
-0.021308150313140886
0.08741919660842458
-0.00043020932677401255
-0.07427357229237273
-0.23807770755717905
-0.20445751608735824
-0.13377371863424536
0.0232678851935559
0.06873370177244868
0.40839777249798126
0.5561016343838653
0.8234710878721252
0.9204007516593546
1.256451015889641
1.6673790928311285
1.9978041243046922
