1.9160066490828527
2.0232211222812335
1.2965723013429542
0.5136899520239839
0.09957616834906208
-0.08944939998815366
-0.05974514005960846
-0.08787708789228199
-0.07835260887984302
-0.1490734209755067
-0.07626371951836963
-0.2561752862226405
-0.544176165673689
-0.6188427241388352
-0.47380658083107335
-0.4464966975535407
-0.36572369357908036
-0.2092683228488338
-0.15785304593843602
0.1564563118094067
0.4056802422057641
0.38803475556370404
0.3945639020703202
0.23756136100467368
0.1643852389373971
-0.11973403901257952
-0.12832628856855224
-0.4381284354431575
-0.49928476575023056
-0.19540546209240883
-0.25508995657963474
-0.4263091602469299
-0.1880645710840338
-0.043172489237336284
0.11016425942063877
0.10091507629321965
0.05499940670743184
-0.1267203363060286
-0.3747331346080425
-0.2584334590033299
-0.21080253749868436
-0.3519913713716877
-0.2814887957914036
-0.2784080257623193
-0.0470222270954478
-0.08861429599182008
-0.23892007168312324
-0.08083875137591892
-0.16090182095681316
-0.012406808484387402
0.14264512048056238
0.18239738575926667
0.00798060125459618
0.0072834393345747326
0.0745377972076991
-0.39397567554341945
0.3141891141013152
0.7807731548584701
0.9991108162900584
0.8611424708745143
0.8405516640988694
0.7799224384011492
0.45542648975608924
0.04655608497225577
-0.28412510272504926
-0.3639635291845452
-0.5266917216796593
-0.679981331032657
-0.5284449611029322
-0.1021339991011983
0.04420885554716699
-0.07360541163571202
0.2428687734007436
0.17365579664281308
0.1137293746033306
-0.02019592981404569
0.059621515475765524
-0.07743744464961616
0.021730077918560478
0.3195574031679857
0.6218293155749308
0.6340718941164477
-0.1095905279899597
0.45741087998107827
0.4692190070894219
0.18933412203737876
0.11392288588068766
0.03731139933690822
0.10786839774557284
0.16473317145183106
0.603214342705817
0.9000274256733568
0.8081806227893621
0.6137235734290947
0.6232805152576859
0.5334935771449616
0.018700404850803442
-0.033028464823737294
0.16951081589934477
0.025326008667330563
-0.22491538140544964
0.00341803729317399
0.05831822280174692
-0.121650574757036
-0.06883392192056682
-0.09588676191325489
0.14071955241651538
0.07401772505068617
-0.17953503967219525
-0.0446698125117438
-0.0183630295377618
-0.2108661929713898
-0.13080369302170228
0.10982067159863955
0.174674841877828
0.6042236661437957
0.7910647074693694
0.6486353916480941
-0.09710851930994784
0.40758183899820016
0.11618442730193287
-0.22675413082238208
-0.5071057833652077
-0.6303003233640099
-0.6443048115423049
-0.48097907442502547
-0.1676696856701758
0.05479459853321228
0.3427411199927376
0.5631773481846062
0.5952822436583245
0.6133063113708263
0.7039206092248806
0.7199155755462036
0.5904417089019671
0.44980340771561467
0.1601893833791309
-0.15891997589980372
-0.1592582962347539
-0.3231879492526358
-0.5067869362945016
-0.436280267063028
-0.10709720010984736
0.027698001563207217
0.1435622150563899
0.09682007645160429
0.19805719406643604
0.24129305855240993
0.1446544697716929
-0.3966207131019642
-0.6563388066893
-0.5802482874039
-0.34785081618778824
-0.5465885092750551
-0.3807756342740484
-0.1327250725696009
-0.17334421040397247
-0.36775791442236905
-0.336543537471845
-0.30208726458572005
-0.48646748355124386
-0.4389718406479533
-0.3280905316119657
-0.059073541024164206
0.09793063866677384
0.4974952933961729
0.6278471817594993
0.7620908434459606
0.7491432387255483
0.39415231936126083
0.25951589141557846
0.17565500223842942
0.28520225647830993
0.036892269915223416
-0.3809023302147426
-0.4457209768801439
-0.1856238856774767
-0.3058318848447303
-0.1820337762550987
0.28265942306728437
0.2044260894647543
-0.5439811501566191
0.07012012162359438
0.3909433489827763
0.29726093628503375
0.3476587119023755
0.36033614999536984
0.3435256267272514
0.2017174303798115
-0.04734983339835935
0.1838993942766489
0.5190425079039758
0.37114073345413817
0.17467694000484563
0.04375617837572662
0.1285252761675058
-0.09172889781741603
-0.4262191098111768
-0.4273989671406537
-0.2194413230879576
-0.4772161113231451
-0.5772695119730421
-0.3791989515416008
-0.45817094712790646
-0.5775804218874552
-0.5209475665297542
-0.1451061045949482
0.08607541434444456
0.3442876128800195
0.4104288736670483
0.3566531984267365
0.2704881573045131
0.06472755033397776
0.10381205754407503
0.13169718243859843
0.146281663815494
0.15041167578473322
0.09022192774276651
-0.30138123672154915
-0.2723683740554822
-0.2137095551043621
-0.46097405925360163
-0.5370943683401803
-0.30313905141909675
0.19865033682012687
0.21506489153553887
0.1942842038722455
0.2916740048567301
0.08644549944085664
-0.07451553830371292
-0.1813548752267084
-0.3818690569739359
-0.4378811963999858
-0.26534363699775754
-0.035951946705198454
-0.007825302299511899
-0.03871203512890835
-0.11664221799839608
-0.05810836917705732
-0.038764413679640036
-0.17080771851141385
-0.1739759921188357
-0.4752637922261083
-0.6432646611331401
-0.5817011077618864
-0.31478879063326565
-0.18804894623177965
-0.24086679352153012
-0.1267700239043739
-0.17318606624540756
-0.2626739059723276
-0.3792118096038126
-0.44813075306228084
-0.5552848660472803
-0.5954818091917876
-0.6325312817397624
-0.510646055048309
-0.18053818931771928
0.0844625070170934
0.030884272333050272
-0.008199369074708028
0.2927326038093886
0.5748048577012724
0.5445996612901799
0.31873663103483024
0.3398312114885646
0.21041681463008538
0.12182507141629575
-0.025632428786767934
0.04332685152227771
0.2735026932370666
-0.365297129981606
0.2663976457491982
0.5678861462109398
0.46530815706826467
0.25117213172466635
0.28968185679973846
0.2892729815881877
0.3279457478171254
0.17519245350898213
0.030033922870225452
-0.27603344238036387
-0.32764796395746976
-0.6175245354884078
-0.6395218834348385
-0.5020396538312283
-0.2624009326492119
-0.05317854589918237
0.18479137638351636
0.25656828795474235
0.17665339694540141
0.03740846370522027
0.020450273756684838
0.13561828832393275
-0.09588792008048543
-0.23776823781698994
-0.2929973914330913
-0.4973826102002141
-0.6411907994724401
-0.6140930822404113
-0.5130471049029183
-0.40287595184249525
-0.45455525584635975
-0.33055397628181266
-0.14733392575858
-0.10019259816887424
-0.07310337019872573
0.235633410434593
0.18502523006521024
0.04211251036611208
0.12664639217796303
0.2000817965004676
0.0013535635425946273
0.09424002430950512
0.30877059824125913
0.32497859971971665
0.3973178131704591
0.49137918842495915
0.727516218170701
0.5215107930684724
0.4956495156770558
0.6905667894845148
0.7079146457418389
0.6895282013687412
0.673252770826733
0.4584009071858183
0.27124922022932046
0.2214376264683032
-0.3957719504219874
0.062167479388449826
0.06363065485761171
0.03750503131162942
-0.16789908986111735
-0.1293373011368831
-0.014922895082025966
0.3000637667739416
0.55717561446281
0.4968719466220977
0.36651032448397003
0.5849040114975902
0.4441293650278523
0.28294584105964954
0.5369298686427271
0.570527225694585
0.5870455536121699
0.5379796040168127
0.7918734531248874
0.1871028206187777
0.7149309448593409
0.6973466398238612
0.8400160279934893
0.5922889182463087
0.20439368647752096
0.34370215336334337
0.38069764625324515
0.0633788161309075
0.019864388541460706
0.3273759221253999
0.3979781792900287
0.3107574919036575
0.03511560255513077
-0.2841787581864876
-0.2778843249282714
-0.6059163594200252
-0.6889766367898047
-0.7068034746702014
-0.6226561808163613
-0.3427276035097602
-0.19932664316200444
-0.17706731780375767
0.06072729690382275
0.26523536757527894
0.28757026612029674
-0.08575329939985148
-0.05472073115590757
-0.08921042249874794
-0.05644261099129319
-0.0559588691809132
0.03162396550881289
0.2057405860400358
0.4665307187510032
0.5888435922695795
0.6647700883579575
0.732193821947928
0.7673772408310103
0.7804824503284651
0.6439141829610283
0.5259249303850128
0.18981826496931836
-0.04209834699081653
-0.2177422055194619
-0.19680421894873992
-0.4166655148276561
-0.7589432856862243
-0.8973285671388367
-0.7954910673885114
-0.5329246166483047
-0.12098379929040004
0.20584841257334924
0.3120932611385116
0.3903768005342392
0.6199106244386122
0.6315571675547978
0.7033291960163035
0.4906182533224902
0.2268306118205571
-0.023256176743114313
-0.016968218304171473
-0.2074350991493932
0.004692634913052769
-0.10226249943472551
-0.25817940900581254
-0.04583747974405232
0.24987512406512769
0.5492714244085364
0.5563168597129117
0.33473880651006155
1.3616657139832034
1.5678301618382595
1.3288233947163577
2.5334415877055774
3.004157906502626
