1.9233660879339907
1.3284885788485292
0.6462226727995471
0.19871274690181867
0.07783469531505546
0.08515478363559018
-0.07405641680956748
-0.10349671039591934
-0.15870643285209876
-0.1911711977612866
0.05880305013025774
0.3437970878772867
0.17104547771254702
-0.13867278398850402
-0.1346532308449116
-0.08030854133711057
-0.2183501549677404
-0.4262908629529891
-0.3725777915438163
-0.4953795860315536
-0.25944264705148234
-0.29744507657514874
-0.0773100945494509
0.06028536108061237
0.23433230088525778
0.052758447561551264
-0.23605226273656246
-0.33438147044184885
-0.2639022382998271
-0.1047458790533331
-0.29193707168819405
-0.1439297117481027
0.13542919612997803
0.3758905730305844
0.28178247631957476
0.3983210347343018
0.45500236633049607
0.5545223760622653
0.34169848123395186
0.149222149646762
0.22147731180855534
0.0565141900573643
-0.10757238268079461
-0.004627376850231753
-0.026258687540907752
-0.23086560248966267
-0.401139481620445
-0.389892177804874
-0.032442026969931405
0.061421324517337436
-0.12190673451479511
-0.0310591592978347
0.034599344547628655
-0.24794111741447972
-0.29051272113848237
-0.2658088997904804
-0.3428082251958773
-0.5286423368301526
-0.635571019495492
-0.4231041165037273
-0.3633353802757401
-0.4738596187120034
-0.3527414363910892
-0.2206301236829876
-0.20184230245825957
-0.40444598428450446
-0.2726432283143613
0.00555990449630678
-0.05557666308112409
0.12333811173316189
0.3831648427153509
0.4102732056166695
0.409895615959176
0.44948851102242354
0.3291876311722756
0.01971769344027156
-0.39123817752749895
-0.5377353747306525
-0.6377730587530698
-0.873480643645193
-0.6767310354828839
-0.49011297106022106
-0.6837346654570207
-0.7516589363744955
-0.6876573331637371
-0.49624611409197683
-0.5306659927840779
-0.47955467235966653
-0.20338527707553677
0.06701171455959581
0.10497925326540067
0.25417381236399755
0.46043246653998654
0.5194492218130979
0.1822418137720581
-0.15917689039943786
-0.086728175627365
-0.44752091651586406
-0.647691130267758
-0.7110588723486766
-0.6837917996204133
-0.6521617911217209
-0.8227888940061806
-0.8785407523449619
-0.6587972571215372
-0.30552249303575096
-0.39377573703504753
-0.37958615402089035
0.037052562833323886
0.03098276388953219
-0.06614983684089758
-0.3223724331576685
-0.2582811504902814
-0.3851011305197582
-0.5235114248432747
-0.5096117786963287
-0.4470654509957199
-0.7785126399452971
-0.7877340803727864
-0.8000096781014576
-0.688461866740819
-0.4812407189630039
-0.2353519257894634
0.027079841622494206
0.11424180910072831
0.3746177567203067
0.3599240007862923
0.27807187637069036
0.1509179879476427
0.04315766061743974
0.18558936300171916
0.2092936982161521
0.13863606489132102
0.12528815511107644
0.14414198708084353
-0.19897557598993856
-0.2591805049599415
-0.39385560882530585
-0.3671839337227187
-0.5144688293372318
-0.3706175787096333
-0.25623892261312525
-0.25300630739538404
-0.22037735581878384
-0.06973757964172662
-0.052126630083091666
-0.03194031437577878
-0.05029069136285255
-0.22655735985119213
-0.30473740150563566
-0.538192037421828
-0.5869904071184749
-0.797030848875366
-0.9174045102091462
-0.8059172291400315
-0.8484855933886314
-0.8961283610360568
-0.7566747957256962
-0.4078303850900217
-0.30247107774786436
-0.10632617546318583
0.11169858542096257
0.1340573526533135
0.311012038721045
0.36892558740894377
0.3391212644196975
0.24406232727986193
0.2203190835661829
0.3740683564842198
0.49503801158467614
0.2348217107933557
-0.0039241502305653085
-0.13139473130763774
-0.2667460602266403
-0.43931621369390644
-0.2497359268121664
0.04995137963927309
0.01857949232667073
0.013305621351384996
0.09279310531423443
-0.2456177116018715
-0.5395270569120169
-0.5138981723098999
-0.26721065583787723
-0.5273915793193011
-0.5464929889604868
-0.26590861343091293
-0.20653934986165468
-0.3011155474118128
-0.059764152198763874
-0.0749328550595051
-0.07039459961652961
-0.06127704878149373
0.20552570844777576
0.14118541116014258
0.08397024818542567
0.07895758610583392
-0.06400399136260895
-0.191994500812203
-0.3718832990269861
-0.397202068232338
-0.6117193439750859
-0.7282863050653384
-0.7552436430875509
-0.5532989056798255
-0.44760056088030614
-0.44037888333555514
-0.1419069669838857
-0.027407375191747907
-0.03999348370325807
-0.02916792665450388
0.04812407134728118
0.08729362858148766
-0.13857076839694635
-0.4411315138196321
-0.49771635499794387
-0.5117697484376665
-0.6429660268437853
-0.5540172191411316
-0.23863387543787504
0.03669092176544467
0.20133065914934214
0.2783749730832912
0.47238381173017
0.3397374510246758
-0.06652940572939775
-0.17064252151832457
-0.4155053793465277
-0.543989852910041
-0.6166115266839185
-0.5126454120840639
-0.407588831980553
-0.08346732504783977
0.32717044303506637
0.404419469901465
0.4871098520753294
0.6099769978195815
0.5888906429527196
0.3351562967522532
0.4838570697451859
0.38703552764040183
0.13777325926422457
0.078601288472528
-0.0278237611676816
-0.08531419906308657
0.08767976177134133
0.1109011467048395
0.16226280095290765
-0.007280658476149064
-0.12925883850584186
-0.27074638448165594
-0.24442319078166272
-0.5370849121727693
-0.6672561262362295
-0.5174176749592168
-0.17724391109195414
-0.18657458195582724
-0.27626544125512675
-0.1658392282702114
-0.11566294540028321
-0.044491336222945224
-0.2133938290079347
-0.37171595509375344
-0.678321877317186
-0.7852214762390262
-0.7822596641896793
-0.6730418883630166
-0.4695594971685473
-0.3393110402788868
-0.0798553767255304
0.07119133241038816
0.22842533717659075
0.3253087592730951
0.22219879850426805
0.12403076182724648
0.06812910220568197
-0.3263478315826912
-0.40306574565084496
-0.3731980238590663
-0.3161140388210147
-0.3149053431838442
-0.0992963616520028
-0.00990415110609034
-0.02460880984803422
-0.1987558455308875
-0.33926682949628634
-0.3633814072243316
-0.42264959856864187
-0.6176447772598369
-0.6498107980161922
-0.5879924743666728
-0.3235091341875723
-0.17158110011062871
0.06077436393772585
0.1090527772926903
0.22578877499156472
0.17714634638531337
0.352088762604504
0.36894396262385837
0.07499463287054657
-0.2807737928028603
-0.5130674533394145
-0.3973392483495613
-0.4416740899733277
-0.41736994318390974
-0.3386248251021955
-0.5580850711649827
-0.5018724078430493
-0.22009942032625385
0.10015161622869828
0.10885072712819487
0.027800047768071354
-0.005517483312427921
-0.09374541975008766
0.015264264908778096
0.04185556325678638
0.1725124841489374
0.1996445694002677
0.21149322049177682
0.11086134615296266
-0.06511855490883817
-0.2666775376109144
-0.2774506089851389
-0.4076946258511111
-0.36955820915159465
-0.532498264122734
-0.514683502451029
-0.2387619164563437
-0.2516081250236207
-0.4761395831241051
-0.4121395092618454
-0.5250012877808923
-0.44330940564411014
-0.10206189658162157
-0.20004976418412201
-0.06335252154296432
0.05210764326533024
0.032827865058234415
-0.06584209556491062
0.15649638854965162
0.34382738834146953
0.3154613859967163
0.37754163874701024
0.30409145293872497
0.24751965098395717
0.10883814231890801
-0.07998236066315909
-0.06844616188500978
0.2451800884197228
0.38326714168366843
0.3539920541846077
0.23398048047642245
0.16543901269573752
0.034931972496615366
-0.18409320778312854
-0.2166259906362414
-0.3546936367430573
-0.5625372207936058
-0.7604340912639931
-0.6941336774626583
-0.4349199927265034
-0.4730153480201642
-0.4477279488667695
-0.3026842865984438
-0.013922051381180899
0.1424128950823334
0.056091596571819544
-0.038996715765135935
0.07948967409926543
-0.026319647867919335
-0.10292185504571816
0.012179696707999331
0.001027856243013587
-0.09728035913734183
-0.20765556277223152
-0.16997240429996144
-0.2385850452163136
-0.3848974540046201
-0.3511832021639587
-0.2878931985753017
-0.22747389097749862
-0.27905660392826237
-0.28685026350241644
-0.31301655592085514
-0.2904236038457966
-0.5428119416180459
-0.5542702648565891
-0.44052752071455825
-0.17289828955181347
0.28005616161436436
0.36555185799769596
0.3777938125394619
0.24577591157807802
0.0864614415434461
-0.17072044691455068
-0.2913697571782128
-0.21385301740921853
-0.056005503329813924
0.0183635607757349
0.23445990986023557
0.11253030372183975
0.05009940988396604
-0.17973881629008648
-0.4168715123812711
-0.6243980249723572
-0.625612433363226
-0.702459617799026
-0.935960174080876
-0.859363955857071
-0.5305174023047992
-0.056679016912999786
0.30658871273220256
0.38002776459012877
0.36612060354049647
0.2400938868928447
0.038786863882227254
-0.24675680425852967
-0.21546155099290878
-0.29021287494581555
-0.5577995845886855
-0.5620062732796507
-0.5806851198594856
-0.4990869208047311
-0.4753773700996611
-0.5784778809703317
-0.7949362271531254
-0.8018427422384403
-0.61073141922444
-0.16277220681563115
0.07434896333725356
0.08720014730920499
0.19421160282512479
0.2384725523978484
0.30626392073645775
0.4225119598836865
0.5101725499645713
0.453884620796056
0.2051747820346401
0.02612591847283077
-0.11565949952091507
-0.052956021291386005
-0.2611387483291291
-0.5048648007524592
-0.40994920803281654
-0.06727247654454414
-0.005239148206334992
0.2878056901150136
0.9307621757542401
1.5554583670126922
1.7434619293874674
