2.4967865629533272
2.1394405694500445
1.7336865473397345
1.3352226891039487
0.8710691060525774
0.5430737433239503
0.15595328141044687
-0.24157423101348827
-0.22165158492351636
0.08406607597362689
0.4178649489024227
0.6520771087681001
0.6430260982440645
0.2932830359992629
1.1687125439998076
1.0487418307654899
0.7306558495857457
0.420853693515366
-0.048491924829356006
-0.39603899231216155
-0.49380438618699474
-0.33550263094514055
-0.21316400305883698
-0.2929639403037052
-0.1288859444842568
0.04283673247181677
-0.2628595254233961
0.6073152497485849
0.8350965069454188
0.6499313981566762
0.4460034719869258
0.41746004675509407
0.26695096705372734
0.03153008048033956
-0.01140026146105169
0.15655527267586536
0.25383519105086294
0.2693602624838235
0.37318918663407397
-0.32869187142650846
0.15843624485652008
0.4389326477985759
0.31463959274451786
0.3471447856647196
0.3452712854880162
0.6163676854246511
0.6767814100068635
0.7564314837107491
0.6580569881223943
0.5933356848001381
0.4701386667562282
0.20751128856146758
0.005844078643922473
0.0605204425984805
-0.05582450855749935
-0.27207364544003776
-0.49678673548146796
-0.5431906386007969
-0.5989365506625709
-0.44947451337279853
-0.5267824627321602
-0.3977819161166273
0.008431617036222486
0.08254610983667995
0.06782372815714183
0.0770062300491729
0.3251624649497259
0.3094360144455366
0.3192582675423238
0.1740503017001771
0.11592681430077319
-0.048690628984683626
-0.28082599758186666
-0.30543559288190897
-0.11740215056670708
-0.041672546212899925
-0.03455641412758874
0.22580665713296275
0.2729119963533968
0.3420289146891734
0.18435752239750472
0.08672685676362685
-0.07162347872800806
-0.03662406129079053
-0.32611621294240367
-0.2237814726648678
-0.18923853089992282
-0.08311249649676038
0.1290022085011222
0.40915552549846007
0.5949370512909371
0.6339646671406863
0.5238256756180969
0.4086511878311879
0.27054415230142975
0.3662242759498575
0.07693928090378774
0.03827787140403551
-0.02600279445120775
-0.22380763626773814
-0.6460818105526688
-0.7726369343288411
-0.6852124538135037
-0.5071402412782726
-0.14783376779590543
0.22024900530754404
0.30669824791968187
0.22119078052579422
0.2000084106113086
0.009028388883915979
-0.35108883989465267
-0.5407584200354231
-0.4642466210517526
-0.36139122727748
-0.4582145866233627
-0.22697671849495588
0.11555074807685595
0.4650661424586752
-0.006991197222685764
0.7608024865623412
0.9329335525725625
0.7706030532733246
0.44718979183632185
0.21891125719706514
0.045947471425825004
-0.292275843478129
-0.4075543167442463
-0.2727757373985196
0.07153346711702305
0.27855254531844026
0.4023919256670773
0.31786165078914475
0.26543581186169246
0.3045395745253114
0.45982990559451375
0.5452821785316576
0.884178309128336
1.6707991699569147
2.0496508320747453
