2.4182496779779195
1.8051147850453817
0.9869614682247524
0.6462132004501152
0.4497912368402279
0.2017144951487626
0.3196847290564251
0.4931428645454703
0.5522729150577088
0.3493202476773143
0.18677669379688763
0.17007257243208498
-0.016717375152505144
-0.3498446300031936
-0.33199558037231297
0.10887793750814843
0.4095918549185806
0.5269889358729891
0.7709677971047254
0.8411600456586463
0.8777542233140084
0.9014849353184234
0.8555594311112072
0.8684247639531455
0.7477757571665887
0.5089342160813192
0.026315664003975343
0.560482062491357
0.1783307588793815
0.7680195625602106
0.7016701592974003
0.5909429597806395
0.4799329552212116
0.3809665203218378
0.6760530367902645
0.5652728974491893
-0.14445488420163002
0.566799102283124
0.6988166029240015
0.38580998953055445
0.4148665821784488
0.7986301774058794
0.9156499683760161
0.6342202930687448
-0.17722147656635787
0.41843382817370267
0.18176696280225954
-0.2720536322560471
-0.3808219242177878
-0.15345416165971595
-0.1758200278664622
0.005154551955999522
0.18949438811933322
0.4432967353021318
0.44928051753343823
0.49865712233732407
-0.10254729616206368
0.5107670074798192
0.5432668367576413
0.2759208188664073
0.3169019965499423
0.14161475362010806
-0.12345844288839274
-0.002334173813715424
0.0416705628888932
0.08741646521939463
0.39961981690015813
0.46778119719903843
0.5278517228805681
0.4567290484867922
0.2866240199183631
-0.15556905963452308
-0.2291926408172534
-0.31206115598706197
-0.18926949852018785
-0.27477680613667865
-0.07948059595715021
0.07379325014583007
0.4250378782779795
0.4160520143008528
0.40170855754031826
0.2268630883061357
-0.06634733852711236
-0.3575795816622043
-0.4522288422116588
-0.18109723119236554
-0.2488463608286899
-0.37122794555626837
-0.06581522413615891
-0.020674865760452014
0.18078549341341213
0.2728434042424023
0.4634984787270156
0.284366029774021
-0.188174189084598
-0.15847400100228845
-0.23114265600474088
-0.5688977523951522
-0.6772773009958741
-0.6003829071957945
-0.7391550895630413
-0.6940954540776975
-0.4832419543105905
-0.16200827506077686
-0.09539984658947674
-0.22911739840986883
-0.09786243134489389
-0.10081990709856363
-0.2711687375896331
-0.30512892389531054
-0.5100200195458975
-0.5157788193392747
-0.36271728728852143
-0.3545552365424221
-0.2305613145678514
-0.24711933033711966
-0.011716658248351585
0.019399059075797528
-0.05516166069365695
0.018112489694344248
0.013679627301138841
-0.204194267311363
-0.4786018456416499
-0.5260903815704452
-0.8000927966753932
-0.8909844733821459
-0.7629565188981003
-0.6942250052485512
-0.7687846581280366
-0.5966885638264268
-0.28891577368877525
-0.18380063412393458
0.22718826705099682
0.48577256619406134
0.7840223114214435
0.8490092849186064
0.8748719405921721
0.7591652049512815
0.6672467267655898
0.5057615171183915
0.17640056922556208
-0.09185003453624967
-0.3264003792215337
-0.6139387319830941
-0.6834372309494382
-0.5715327643438184
-0.6575433456088382
-0.5992875827758742
-0.3851061145827866
-0.2730395993738836
-0.21508580998358146
-0.15764053346031828
-0.35958881388960307
-0.3556928249813805
-0.14256328701019086
-0.028751904272239174
-0.031161666541567018
-0.12113011710908198
-0.05809948002709718
-0.043322199383478005
-0.2326740119732186
-0.5103131751422234
-0.5676122231572164
-0.5903285781780011
-0.7383837510133819
-0.6993257629451292
-0.42521538483024
-0.1637513945181975
-0.07173487966802033
0.11522620400024583
0.4654064800821787
0.44047681145203976
0.31558513405329075
0.25999424973979146
0.03485856900381707
-0.3112456154629229
-0.3789106531778857
-0.0983109825408432
-0.15187894007425562
-0.30074623793779665
-0.27531558014719787
-0.03295032904540703
-0.0006591370164718017
-0.13478408993478438
-0.1701411997895947
-0.24044114725624074
-0.08495445668038026
-0.035762846835605586
-0.05526530952952141
-0.031000773428586585
0.103713485922979
0.3107167919454432
0.34910468969776653
0.33430127077197097
0.33919656248345903
0.19215236821214257
0.10011513851750439
-0.06292738939082694
-0.21264207734307494
-0.21641388598569364
-0.222036389930766
-0.2666728565994779
-0.1595717387083854
-0.24871955992182718
-0.20221069382035375
-0.284208838077944
-0.20976530990122208
-0.3646020129977711
-0.6537963947634149
-0.681518648940345
-0.41235351046925883
-0.5289823361501047
-0.7506167369433877
-0.7739392170995474
-0.6535978503112332
-0.5619372037093862
-0.4665726325367292
-0.45528824758786557
-0.3662321269258493
-0.17636214012852364
-0.1298792852656476
0.01045377522114801
0.27782749234894977
0.30864211225108173
0.17652993143870185
-0.026033509189153255
0.036076535371155946
-0.11134124712073602
-0.3928317152128211
-0.44613668045542243
-0.2047731247489808
-0.14783626425329102
-0.2554463723518019
0.019306845016237365
0.19105411196200234
0.05632066961731699
-0.13615547515708737
-0.04399857388773841
-0.2308976267438984
-0.31833522703542677
-0.3384785527911158
-0.08545093805314936
-0.08399759317323091
-0.10133851032586629
-0.10579915053976341
-0.14400448078121383
-0.25343344071610596
-0.08900542164447504
-4.2753825690068105e-06
-0.15312830732812238
-0.04930778779016588
-0.02148435793743633
-0.01703987464115421
0.12104835104083408
0.03169714780986525
0.10808518510516998
0.07075719190470811
-0.019303086772480802
-0.2104636240997329
-0.2648517319107736
-0.41683632220780437
-0.639144353056193
-0.6134576832617802
-0.5232000638294566
-0.5619268881645239
-0.4081453677492801
-0.2721503849674882
-0.08369650779956303
-0.11304879524957243
0.044108716244674245
0.03614432219999553
-0.10807659864137716
0.020920836780056618
-0.184123635785458
-0.364214260420921
-0.4380992828248649
-0.3832190663237034
-0.4042132291493788
-0.2528037730713131
-0.29583047699872533
-0.42535587970511113
-0.4520940372462221
-0.29687457475768775
0.028179125249418683
0.027425809325973424
0.23134573097911126
0.3994828941202641
0.37781696609405363
0.17150895944962063
0.02708104367953444
0.22201748162791912
0.2575861713751553
0.4194119143503097
0.5337791271327754
0.59737310891371
0.4583121634967811
0.4278877020405671
0.2971279344255382
0.27250277901511394
0.081137523647627
-0.11561763064779522
-0.29114913866146874
-0.4372933673113247
-0.28641751229710416
-0.24357041764099543
-0.3569240736687752
-0.16648051195312308
0.19149939264048865
0.1585772864656138
0.13420032158572165
0.41629145764786313
0.37503936170145624
-0.007591894888403586
-0.07900184558138826
-0.25573745038604984
-0.6886093716248868
-0.9141155089627888
-0.8744615416602733
-0.648724561822364
-0.6010140779140413
-0.41618373865803354
-0.15178379426968394
-0.0015741780458607476
-0.16643078347023596
-0.05326016879637091
0.35627511591549665
0.5078626636405447
0.4267220493642671
0.39075741479772685
0.47025651641206817
0.2535554947251286
-0.11275230347697562
-0.14608396152733819
-0.18445571426512777
-0.09730892437151521
0.3066336304030666
0.6047070128822369
1.3498833684532285
2.053738297350522
