1.9064416485058393
1.2097687482319688
0.630482997811366
0.3457545659834744
0.2667327198195675
0.09684347143298264
0.35881173799954635
0.4311917017582809
0.427087779152013
0.2080220654998602
0.36617555315528666
0.25709037405100066
0.07932357599773487
0.027419134786387706
0.3050540112653022
0.2927755881827059
0.1207949239252401
0.28979853454051485
0.2872363959206291
0.296598989393964
0.16508408436807667
0.361223648866689
0.6017781225258056
0.4245770486953218
0.477392813895979
0.5822597924801419
0.5120271709064235
0.3547476952806982
0.28440545034248016
0.395238539129892
0.43615341952321574
0.34002653806753225
0.28745575902229814
0.1969928109068048
0.100985311357359
0.010943187493741796
0.2249519459678998
0.10470578655162757
0.07922182990233584
0.37673415403739907
0.46084621842555806
0.40078106979773925
0.4127562826672582
0.5009783816535545
0.38463917927248703
-0.04687284189693742
-0.12584103189935053
0.08645071719434139
-0.1301777587912488
-0.12275139970380827
0.16185835605102206
0.17751330328418075
0.0586434817657223
0.045118301936992164
0.026199542049857534
0.16235181883984628
-0.06483708991378376
0.05773720073019807
0.18749093765398853
0.17919483855343596
0.10253480570147816
0.28112204675098196
0.3354479632275717
0.16044580960643773
0.21904685440494157
0.23801441015130162
0.06552379178815618
-0.12926142328634455
-0.14875044683671607
-0.20524730703795852
0.07407894844893023
0.049110249458635014
0.16990322247838266
0.05893852166383752
0.3308059800242798
0.4332032462468301
0.08702047327180015
0.30613881379443303
0.4483812724063309
0.25512344061573516
0.10962904552113817
0.36557475445167004
0.502173100548248
0.47757283791357114
0.23864020890889584
0.41666346245618185
0.2680375570796072
0.14621617358771988
0.08642598349091368
0.3048861743175532
0.30838001972327306
0.21422627613648795
0.4951850093526139
1.1141828680901789
1.5662876649011324
2.0352126313146903
2.433403183300621
