2.4174002049829446
1.3471137702749396
1.2384113023317591
0.9788530139028718
0.6740211292850188
0.39945508954430176
0.05753538724099631
0.04811183768509678
0.2759903043056928
0.17460973896582005
0.19932334724424738
0.3936746718575841
0.27265295680748186
0.0917414481640286
-0.25425129594028056
-0.1709841556262968
-0.34017986995855504
-0.38050130881105654
-0.09856420329253918
0.4506712760430674
0.6786928133142324
0.80574067340819
0.5779501069940962
0.34781887474000484
0.20574033182232715
-0.1579669519783748
-0.450753187572524
-0.6621446528637692
-0.6499422310366404
-0.7486942601913028
-0.8094267641515523
-0.6587074404221236
-0.26012248835825513
0.00988324597378403
0.0078601804939435
0.3537062936498197
0.6622333469528515
0.6399761030674392
0.4379311593969431
0.28805334983391034
0.06341777708228047
-0.19092445841761588
-0.17132997328688865
-0.0844897029003063
-0.12818803740735488
-0.2953198126701715
-0.1251383102140157
-0.044452867462358145
-0.34926865846849814
-0.607023926553046
-0.621405406439223
-0.838723748987078
-0.9798953143126585
-0.9544408463711307
-0.6863064250360431
-0.4402606717383819
-0.39758878475332127
0.07189989959877353
0.2316746653589605
0.28977017674139904
0.4430339522967736
0.5117030840199875
0.5531554210308925
0.6711638524192044
0.6033301149300163
0.5565044063987408
0.783759594930523
0.7604294892207255
0.7586998163322688
0.7627303449403997
0.8405592576398299
0.6595618374053714
0.5686132724887712
-0.04433705800940861
0.652651878357151
0.7907786960514303
0.4182853044155031
0.2076548874035038
0.4190464481416739
0.2732199631563666
0.0009665387210748249
0.139586607471949
-0.10041375158775254
-0.3174013401157061
-0.30980126111972595
-0.24040046531821754
-0.5193401038088044
-0.6719450665924581
-0.6828052380150321
-0.5635234474164947
-0.41365425993170135
-0.34286855612245665
-0.39091857865320156
-0.31847340342541264
-0.36444751884826876
-0.17357185374801357
-0.009219522322184042
0.03944201270336203
0.23576324902429632
0.40955279213526885
0.5348331185098287
0.291575836136835
-0.5751678329503473
-0.2141279170161615
-0.2172215026750804
-0.4611912761940677
-0.5771360288341059
-0.5574327561700296
-0.36950430161036096
-0.01758644040493949
0.30479097518425285
0.2655157713078841
0.42727175821975727
0.48834655119201675
0.23577835433194758
-0.10106853072688496
-0.16518715882097246
-0.24565289717742592
-0.5769749560741323
-0.6065999692247498
-0.39254856142483024
-0.16161648806610682
-0.12182917974317649
-0.11488754292738312
-0.02339748009494539
0.018865549614818976
0.10899746893492807
0.2599778770026901
0.3088833365312303
0.028768849958244126
0.10243794537692266
0.2472571996446702
0.2758437778576425
0.31694085712349057
0.21785429033712622
0.01533974039659704
-0.2027869666099615
-0.3009820837033595
-0.22583175311580295
-0.03538773690614273
0.14975339766740525
0.14145066269161463
-0.04361507301392305
0.039769964486212686
-0.17161943145298422
-0.1536860854324854
-0.23359319934639722
-0.4033356016729692
-0.30939804458598685
-0.060991939100617044
-0.13295174269482207
-0.5105969960671499
0.3671419932069265
0.507130031944416
0.5390052810687749
0.6847844772205528
0.8237896339380345
0.7730553599640057
0.6075337852651689
0.40351355691332613
0.24737340828649357
0.37706911061632664
0.38601776903639107
0.3163383128365536
0.2490579326172511
0.33869656430827677
0.23449044558667492
0.1038484254456103
0.1883381451499362
0.22357465851775207
0.22307898535858464
-0.0280819955604544
0.05014941140624617
-0.03155285008783305
-0.5128957815093044
0.2338718385279998
0.2963451164240104
0.24842259261866745
0.3944169017236689
0.677572402333628
0.7114223896514954
0.5449821934805876
0.3097237772638564
0.5324288819644766
0.5108110549263408
0.1858975220075297
0.14692906693654137
0.3424443895071552
0.19540277130467207
0.44436938432115786
0.6456377637908036
0.5944174825611372
0.5107524241294583
0.43545179440455994
0.19604877220694272
0.0017414185217885009
0.04891712471898691
-0.07486120982102298
-0.3083794857730594
-0.4939516268742087
-0.4191361281812321
-0.5875000359437195
-0.5929693812295646
-0.3883374525775063
-0.2212585093490011
-0.24345696286409838
-0.022214663317289263
-0.08783560008880324
0.20921290140062468
0.31068221936665325
0.18637342763724013
0.3340418284000533
0.18909370012507934
0.2810313342658204
0.2591080901195102
0.2124158539017427
-0.025537016860715654
0.056663821010871945
-0.22925154284369018
-0.2386750261347674
-0.14147545992561336
-0.36736703861388587
-0.3013527519079504
-0.3737186883034537
-0.5728471345174216
-0.533369342656956
-0.41127141165083536
-0.22854003770100295
0.03516404399828067
0.23154184684764348
0.19216907289454208
0.1841485572501852
0.008403930478926213
-0.008595980724415525
-0.3568626052914063
-0.4760412511057568
-0.6427899680956379
-0.735155597145084
-0.7458792462305542
-0.5623977950201011
-0.4533806386793884
-0.27887909100936026
-0.4065198109543165
-0.33201654136069286
-0.19560880364746933
-0.30872805608501785
-0.2828402524211321
-0.03998844920015119
0.08119744033599531
-0.020785362170574737
-0.055368449313393533
-0.14799004937675048
0.0020459637414707325
0.13803766932079242
0.055326122840998235
0.4172797598476768
0.6249042017453051
0.6392191083280063
0.5999170526320062
0.516543522819918
0.4222262338843274
0.20897245372499568
-0.08490692950032082
-0.10534851500817019
0.17281290769974142
0.10334811653444738
-0.08729447281356276
0.16380981985400833
0.26680132818701807
0.058967249732239886
0.16499267965168507
0.29427647832008724
0.19556887854229008
0.29801790589809485
0.7606531118125354
1.1817068221109794
1.4769586618329174
1.733295232442633
