2.455328102707021
1.9213501275477247
1.255694137227981
1.0784039161622758
0.7577219001159049
0.8278154334342802
0.644023142722572
0.527637775542905
0.19799791379793064
-0.10273942456653337
-0.17196925140588387
-0.4650982467783994
-0.5553864414770332
-0.4967264500273486
-0.1819645911842931
-0.18091827406008837
0.05845785869059748
0.24543355463392608
0.7829839061390031
0.9142631398344726
0.8933844721874553
0.9378076176685638
0.7298391502633673
0.5084941724218847
0.310074657879416
0.30345672154365405
-0.023006852465642807
-0.048025977859091615
-0.06784076927415232
0.0555364137967443
0.02246275637201128
0.2744081083672362
0.39973811940102155
0.24131913097267269
0.06295682665659248
-0.1512448231226567
-0.10028565758543256
-0.16439568154091344
-0.1407308241286651
-0.05304960273918686
-0.1270594864079563
-0.4480506338339557
-0.4951992208307106
-0.4416866284305168
-0.3558977272323066
-0.38825636962551446
-0.10402722575813482
-0.23321362285025296
-0.06110347482143196
0.10590236922628644
0.1642686536352048
-0.0022363971967421037
0.06365241437457214
0.1345647686080208
-0.026818608199325845
-0.36103545602797393
-0.5179041324173649
-0.453221156511076
-0.5999745934941106
-0.5293201943898302
-0.37825413449117057
-0.01928138259464199
0.035527982866127045
-0.0467268595633792
-0.12475454342355911
-0.059509655985031024
0.019469740863863154
-0.20754369857261873
-0.2918308354068787
-0.17884092870157198
-0.28061077672058454
-0.2041022803301979
-0.336793654506619
-0.5537179363622226
-0.5670267486571399
-0.47938783923722567
-0.24776765053911765
0.0658304732140324
0.10186693699523376
0.08099291615409626
0.21766642091205912
0.23851926348724534
0.3029307114576583
0.05267627883758583
-0.213288035576233
-0.2724492002874485
-0.21811944544173095
-0.3395502412703235
-0.560458057528938
-0.4929176467022731
-0.225697968903963
-0.16137872028567465
0.15795502783085577
0.41473210242302105
0.5189825668146538
0.5542757380403863
0.5486311919058267
0.3779808059519954
0.2046529631673032
0.2811641271740759
0.20900670915249767
0.05802272734890141
-0.4104338018663122
-0.5313001367275424
-0.3920555841831055
-0.2253671141659631
-0.2887542567141672
-0.06550215928045164
-0.04211163841008765
-0.21354379010197205
-0.27758900588739405
-0.05863759597670513
0.07898011751411388
-0.03927529487390609
0.17771324538493852
0.19367359643724766
-0.08859698358621089
-0.3951155999469375
-0.2694725488484975
-0.5575894185525349
-0.7539776434224759
-0.6631903236718641
-0.4329324146910387
-0.5153758098795846
-0.3757303271189339
-0.13687148004884545
-0.15348147884633168
-0.17021964904246498
0.0018025582600325752
0.0824971742374912
0.03870041310349128
-0.057400256665336505
0.12607140448319726
-0.013848785813832023
0.1511267946515527
0.06185406308172796
0.0676120290982477
-0.09789116978228748
-0.22104623352773628
-0.19616698621347128
-0.5492618056305172
-0.6321718917621053
-0.5366725823959052
-0.6271439165874487
-0.6337263128083258
-0.45331864861174287
-0.0556118418364842
0.07520435724527101
-0.03322990068922757
0.15634779591525463
0.22053694640690175
0.3542988287005771
0.46737819382990875
0.3932603682263616
0.04937188605647569
0.16193118803359555
0.02882535884897444
-0.29035683879002494
-0.2552146776193903
0.12026372491829448
0.3429844970615141
0.28915558161762184
0.2728804405332686
0.46859283068417446
0.41907638480200937
0.27286081414715435
0.05274766149311941
-0.2632553466254155
-0.3548555226126221
-0.5851565534282357
-0.5480532269214259
-0.6455017579229697
-0.7555398948326687
-0.8477471190532652
-0.9340738278728101
-0.8525427649624054
-0.9728448610326695
-0.9767894073110461
-0.8125370394510302
-0.5424926437161087
-0.489793181529942
-0.29427976776625026
0.024245467039363998
0.1940013740854889
0.3286553743445394
0.22165611076756303
-0.010600382542250092
-0.09552756917874192
-0.25961662662686985
-0.16619791383307045
-0.3010373228178846
-0.17338364974731982
0.1634418331378283
0.19343441989922439
0.22969961989750684
0.17508929018426128
-0.08676894193572789
-0.2792093442433281
-0.04631761976166836
-0.1231017455355007
-0.35909875460603746
-0.367471319498789
-0.0019134760367863067
-0.07916563182430582
-0.1716333517138893
0.11431042672107498
0.18346134416800608
0.22568435772446804
-0.04800964767474587
0.15861434002464406
0.3464613810256755
0.28695255068314096
0.356409739851079
0.40322501587631654
0.6080851296227178
0.4924784782638309
0.3756026300623773
0.34729655843265184
0.09083222640528642
-0.32283918694733005
-0.44021278135702685
-0.5352458873088285
-0.6445366176554257
-0.7346250047893917
-0.645739454135081
-0.65618780668005
-0.8217813837029836
-0.8391375545796598
-0.7764473411187178
-0.5870616668602948
-0.6808853099941805
-0.4418670767040008
-0.4182467988039554
-0.41013274290643725
-0.2989014659578608
0.10902481622621821
0.4518176111239089
0.5161198142482829
0.5268596737155633
0.4986973000372085
0.4114540844014982
0.11747203226432015
0.09672128944099045
-0.3191419843928905
-0.6040367737930514
-0.5304410765646725
-0.6231279819811516
-0.6204891184922333
-0.40522385312077974
-0.09670666701886996
-0.13149105775386424
-0.07832593535730278
0.09180404452836814
0.1461070762717009
0.30544502707599797
0.20357900472790752
0.3244247197541835
0.2589348221298286
0.19071023621735717
0.3923471077952322
0.3220789475462671
0.02385219538634628
0.19605729100625266
0.3395241243152948
0.13356261070050282
0.2543250755227232
0.24441798277799937
-0.060268020479197805
-0.27999556797719605
-0.42810112293159214
-0.4192499022357902
-0.6224263606696107
-0.5698562199138392
-0.5065687793633229
-0.38315092156013575
-0.32218720954300356
-0.11714745308381619
-0.1008436821933603
-0.17778663476730877
-0.08626526773311613
-0.05699920982303422
-0.13353652409518982
0.04917454128674409
0.04074901228421986
-0.10233086232346546
-0.27763790619352247
-0.09723778112245911
-0.10442659563299955
-0.29003753173373087
-0.20013910215734432
-0.09564596233739757
-0.2343877829938659
-0.4706375361104468
-0.5393190477250557
-0.744156732564002
-0.6972850439223751
-0.45633808111050644
-0.26919708147559646
-0.3502354380402101
-0.0621904462876179
0.030741963602341844
0.1263362191129194
0.12683038394462975
0.3038064297027235
0.18219070458819944
-0.11035165374271645
-0.013677718100626445
0.014347299630692404
-0.14185817488335684
0.1248149364416947
0.2523096544319233
0.11775591032563626
0.3270938419976695
0.8954416050928794
1.2810175951528064
1.551439103413059
2.0474340136131715
