2.4943274643954663
1.955026957981637
1.28208561877012
0.7187169124138697
0.46361363982558235
0.22972712834892173
-0.2391999064629797
0.6628443255034376
0.9094063327700623
0.8434533008873704
0.8916898269178898
0.8733834458879062
0.6006459640115841
0.2374082269122435
0.22483211051296736
0.2769592442695474
0.0003957031081457732
-0.16622905956719902
0.045312842429860056
0.33699513955793736
0.13111332846366952
-0.37967928547949814
0.3790232089656445
0.7625333832104515
0.6993416226979542
0.626799664832815
0.8265436654308759
0.8596163779790205
0.7792264042049347
0.5431807087657322
0.36676911828504394
0.08644307058846748
-0.06466386142539068
-0.38937256040064916
-0.4846724105484132
-0.4018701588451309
-0.3641586002114263
-0.08449894536204357
0.15970790461356413
0.1890760296059567
0.42471977638720754
0.6104217578942377
0.48493602494194676
0.35671548864686614
0.1955517662644214
-0.008218287166571197
0.11861954496104603
0.00368662743963998
0.07775277300371834
0.11901291219435228
0.42452303802390595
0.3657536369463853
0.3849761520050445
0.4093098480861815
0.17535122431349406
0.061294004168072326
-0.236425228218716
-0.2499869001466344
-0.5310148323867827
-0.5556305199076077
-0.6708282294236978
-0.6296620116450722
-0.41484594536518743
0.04741760967915758
0.21643667909857253
0.25788617509323924
0.14201292980046115
0.21628317831235155
0.04410369836218169
-0.0463454383785086
0.06280329748059442
-0.0036659785444254434
-0.3285749778425946
-0.43866805886894866
-0.44105757640313714
-0.2746928995607371
-0.11181040406150293
-0.17496322463135466
-0.0007809043901284487
-0.12570283273856397
0.1144724228910029
0.2725759520813972
0.11611410711666846
0.31636767220657025
0.527942007905094
0.4260256622515084
0.2068363254762172
0.2183219629147436
0.2759199018555891
0.1408289482707669
0.11179401625553845
0.4105350081630074
0.4663736762247563
-0.08513375337875037
0.7967821177798128
1.1493736574184232
0.9439600149807341
0.6793370669647988
0.7910253236124588
0.6484861788116274
0.6199678125433642
0.4948814310033824
0.2643741807638215
-0.061912509114722555
-0.3671125873575238
-0.5470256687329677
-0.5623269335680163
-0.713707095888601
-0.7279623361093894
-0.5620949860891888
-0.6128415170286443
-0.583368839515851
-0.6460267260179215
-0.543295486051561
-0.3764033049597964
-0.033982983276827514
0.2866802249316821
0.4974609209331654
0.5560084106000229
0.5302980188630524
0.8323144097991512
0.8208664093176464
0.8538641831687864
0.7530522077322677
0.40629103593426114
0.26244007102637723
0.16773759591152643
-0.06284172685932365
-0.30010361885306086
-0.2519513174050129
-0.2265555396491588
-0.43076600091720724
-0.2897427861857025
0.015756429251679402
-0.03437444518590248
0.230582078281956
0.34810657406702106
0.237355816315561
0.4385266916151237
0.5743623608439903
0.6723894892046494
0.6710275460491112
0.3961489453275639
-0.24851196890719934
0.4748807523648866
0.42173469920035506
0.05991258685624015
-0.0011297777314317723
-0.031732367961686464
-0.31410810481959006
-0.28203435904765944
-0.2837724014338059
0.026725855791324853
0.03351558676407192
0.09798426675226468
0.12895582466344785
-0.24495713360671648
0.6206079742453742
0.9814208022604928
0.8068346438385234
0.6222574354337724
0.5762577036107607
0.5996453608610356
0.5152995399616142
0.4019333013519793
0.13306812193627623
0.010576952800732167
0.23763052258725084
0.4573417489866785
0.5713116508605595
-0.00781473807071621
0.7741756769778881
0.8280942015383921
0.5572739434415619
0.43624531495086927
0.6731235524105192
0.5795662148644509
0.3087185522564284
0.5807230765784045
0.6490043592257948
0.3163874943645273
0.2420687993572218
0.21065564906931913
0.006484230336258433
-0.3225765897979878
-0.3837737811029858
-0.2503899219786624
-0.5303340595110708
-0.5748021379356569
-0.25560044108287805
-0.009970293849261647
0.07973891493782694
0.2509245414475952
0.3338224446604997
0.2202213413018073
0.24348231964635728
0.16772324503664232
-0.11066442707802798
-0.13565458261678903
0.017231300101572027
0.3839322921497636
0.4905506671858814
0.6427894610856968
0.6132306654804728
0.5398210579933128
-0.3099352780799771
0.1311461080846112
0.15786698425198653
0.11524108873186419
0.09541375978563464
0.36387964353144503
0.6466507443704628
0.6505015156755504
-0.06598120774448293
0.6340973829941116
0.7431457483325158
0.3231040850354542
0.16380507162640237
0.15895715077752104
0.4044480940607988
0.2185496154643392
-0.04329666560170478
0.008412617831135576
-0.07159707904792112
-0.10786855392633174
-0.29068741822736377
-0.24625290287119758
-0.35505718098153444
-0.16203911933522894
-0.14828336987633686
-0.33926423844808495
-0.6922542332927752
-0.8562736666274533
-0.9364202502560931
-0.8768679586432574
-0.6589450185023167
-0.7428077624910692
-0.5545000867458099
-0.28911279568701587
-0.21875511419626903
0.12583661919582168
0.4908266210554209
0.44028577042248007
0.2693264308504572
0.39961599512524076
0.31814574907400944
0.07715142970589663
0.20838549130397663
0.06145907535029863
-0.2210023016550554
-0.40828796259058914
-0.3198427735336314
-0.509607502501121
-0.5606091872628535
-0.3847615867357102
-0.34631587296369726
-0.08563262485469546
0.04230900981043309
0.3027147605367882
0.40522068483043877
0.5610393619325729
0.3719630660482007
0.21977545871977197
0.20066749661261155
0.19720809306020576
-0.036060733386278056
-0.03226691160008545
0.06750742031382151
-0.021184122327947797
-0.2746054075539707
-0.14209995187770552
-0.07814960724621246
-0.03450788792381511
-0.11183940825863477
0.015520231432263712
0.024957620094158056
-0.05667924781160024
-0.31943640052338057
-0.4170947312622714
-0.3953375151952602
-0.10876565903609253
-0.02667378203645594
0.032631595372321305
0.11908842080976371
0.19616064833993388
0.2713794315315534
0.01962154777883912
-0.33952575030235116
-0.3994902754684778
-0.4249482046552548
-0.6128409676415545
-0.5106802365657588
-0.08347643095856114
0.26519372481783976
0.26193418816656605
0.3958980328660668
0.6297273484281073
0.35701916404489503
0.025784975744296067
0.007006836988899308
0.02800174112042018
-0.2584535739831698
-0.2915045711600633
-0.011436237866837817
-0.15343301619026675
-0.08912727751037161
0.08774580688136632
0.1641804846661784
-0.06211398347610346
-0.006501025433980883
0.16191272060152345
0.09353393703968209
0.18722996451685947
0.2814367198054455
0.42999857423456284
0.4726836926970334
0.5267912515414831
0.5226120394460642
0.5083475049300374
0.3823168157246329
0.33101676203733904
0.5052364111997225
0.49702738441580185
0.2937172505051968
0.4272710950755677
0.610180580562936
0.7558718874022994
0.7991333981124734
0.8369483267240337
1.2632905838640283
1.4466411036224913
1.262581881216171
2.150840564851373
