2.2624476833190017
1.831870104562361
1.3760016911448385
0.6751578675034843
0.3951777789789346
0.47330746018792724
0.7054944770001635
0.729355179204073
0.6394934096296776
0.7112528276003502
0.7755267130929205
0.5450239297392474
0.3895499609324477
0.15469028240335114
-0.07296991421044619
-0.08120271386211114
-0.32857724352163487
-0.3274243395396949
-0.03717055075401776
0.09852220725901562
0.04676884734932439
0.005723583198318502
0.2622047751979073
0.444059347721209
0.3273212750908539
-0.06322440352819723
0.06724047271114028
-0.11853976486923225
-0.341350574036401
-0.5302640563556787
-0.43413740180606325
-0.4481669889360846
-0.32094565680542714
0.05439195701444646
0.19936240202702146
0.42914452989877194
0.5445874776131182
0.3965470734473136
0.38744681993244173
0.1964149750767936
0.021763574007035595
-0.29274334149516473
-0.3150610896853453
-0.09873230914512585
-0.008995113551696885
0.23085405356495983
0.37091628836053764
0.5163570073491024
0.5042422316377579
0.3870857925532926
0.2875207776748828
0.2180926049408917
-0.05476728445284
-0.005330532802602408
-0.18691443042823966
-0.5260161960790181
-0.6740493651111172
-0.6715780236937646
-0.7666794175306989
-0.8650508950282458
-0.6905808056530351
-0.29960483112962477
-0.2856207659506881
-0.27990913062809686
0.05492353780080523
0.24680767577010274
0.3979754203614463
0.5022402383351748
0.6283731679371146
0.29707512627795063
-0.1351314282161621
-0.19103726633966076
-0.2937391571007336
-0.5689331845994984
-0.619353717088359
-0.34906476030328554
-0.44256086249023824
-0.4190532331275505
-0.39946715212969186
-0.19808807890513566
0.17060154871290878
0.25080189656885254
0.2815459302789032
0.35661687792891056
0.2011567864460125
-0.013987777724709188
-0.014881127499216655
-0.1795084144620084
0.0588065174870598
-0.04209161770367554
-0.16473521151636628
-0.18042879620770316
-0.1305491928336765
-0.31601995643688646
-0.302140059485883
0.04088907453865036
0.12084191428484223
0.016314245414809032
-0.15187083341376376
-0.33725042543039196
-0.31293948828915563
-0.33810925139788345
-0.46083758960420373
-0.47021402185911654
-0.389077036870273
-0.4259575757226831
-0.4743071228037994
-0.36392323539711985
-0.27592261387919026
-0.03862470845879661
-0.05739624653135622
-0.23492797775940177
-0.5056299181202893
-0.6951336955061859
-0.7028582099376319
-0.5175523884942111
-0.3600309815697574
-0.10151435560567934
0.08013207980592
0.1473505286940628
0.24453651486670974
0.1698337799279867
0.23874851973914055
0.039487029089612616
-0.45806042201814107
-0.5433585748743917
-0.4714828574954375
-0.6309305517094965
-0.5827595969561387
-0.5714752967989428
-0.6372159277298617
-0.6519122353904413
-0.4641939258480316
-0.21878164427003696
-0.17762160275691052
-0.28999200707530437
-0.2664223128589789
-0.07430933768586843
0.013695025912958342
0.07629229110779882
-0.02825556932872216
-0.03287870716614673
0.13053600203237656
-0.026327381466409675
-0.1276701906340446
-0.37906113539955216
-0.43724470277692423
-0.3472228467372544
-0.029252001834018757
0.06748693870937691
0.261128390969684
0.12272320164367644
-0.1611408536515807
-0.14455611203153937
-0.15133900130684416
0.032288841202873036
-0.045328597553786085
0.2827756834044357
0.3904172239701942
0.38843125133444595
0.7942591098273741
1.0578139542517266
1.161718811770749
1.224188368754059
1.2274197629775832
0.9777428889208266
0.8110643120817805
0.597532558340282
0.521016923212864
0.17964170528081005
0.24774680762179635
0.3096748491928315
0.17588512355950991
0.34070761997218507
0.23219893932944174
-0.10835488782490661
-0.012686361100369364
-0.143668654758768
-0.12341968969662828
-0.3027169379188649
-0.23269391750466129
-0.32080011726277446
-0.5442786582320018
-0.6598369446426023
-0.5400686707075427
-0.20909688165443027
-0.023626512662508523
-0.014096223542869398
0.21475062905247594
0.3038951198037168
0.13420046076937803
0.059067813145869785
0.2651120710272139
0.29410875188340607
0.16458380460444308
0.027705074953572873
0.29031769304235017
0.22355408770750232
-0.11282063669828724
-0.2033581174245006
-0.046776383381948464
0.1855043697170917
0.09452477860614988
-0.12581798580860024
-0.03676598191254097
-0.19360877476698757
-0.20319000549683106
-0.3110326276072688
-0.016366793541367136
0.1812695281205387
0.10217073067103442
0.008874561355275671
0.13378388636239105
0.31638625520267777
0.4884924936346293
0.6334092960694491
0.8300309530750979
0.9477604087915653
0.8742318524792936
0.6764086350817422
0.4706975261543162
0.5147816866275279
0.2677670031181491
-0.1461520972445014
-0.1327842155907925
-0.09531518351477496
-0.2531608681840509
-0.3144404401081015
-0.3105112539956241
0.0608770716828536
0.019618956300936033
-0.2731830119240686
-0.045377280078162996
-0.009254396847916969
-0.31688921150367155
-0.42381755498472423
-0.18385957996487398
0.27827787494721873
0.3927787454015731
0.39465376646795103
0.5573829039342902
0.5639749438934387
0.5622310746572661
0.29316597197701516
-0.13141607593261254
-0.2390081843105978
-0.5843542103640226
-0.7207591448043275
-0.6539935288587236
-0.41669902014572874
0.00899992955712234
0.481559578057851
0.634808463778552
0.5206972749233499
0.4252690523968771
0.38423242316221695
0.2195365901857883
-0.27954894668832486
-0.4125178769966441
-0.3132449469194474
-0.5597595926248694
-0.5475024865139748
-0.3041548766445699
-0.24348203505070953
-0.3903768089400252
-0.30567897050998905
-0.0638948776117073
-0.03189109982741912
-0.10820269752998485
0.016081923369097095
-0.04802833727894633
0.15158606352490667
0.25036112858211385
0.09155906864603451
0.27744170874976276
0.5126043534320659
0.4936079174729601
0.23375998017077676
0.10472528499372806
0.1685627098575522
0.01723092011340582
-0.1315853487249091
-0.012277652495838268
-0.14564027753420192
-0.02310393986749797
-0.003389992664205977
0.03430359443044577
0.39899350305658104
0.4786053086471603
0.23570142237416436
0.03590765229669358
-0.10567491793618547
-0.23204151215425411
-0.2787975867503955
-0.002116647409012177
0.19455647225107092
0.2996701890920803
0.27461417835042673
0.5940802534848404
0.7620336566105228
0.6971181770027545
0.7846438897807576
0.8822027906702314
0.7680157938611247
0.5886688681896098
0.4858908797480199
0.19360537806729836
-0.23267520933470928
-0.3685136525320486
-0.40337579267399437
-0.6635782826631608
-0.6722799864787733
-0.6824343528183682
-0.5445283307017063
-0.30174784643947944
-0.023272553892788816
0.15996830076676188
0.46210846068067923
0.3902777001107678
0.6061473689805023
0.5797732024783739
0.5037289917792159
0.35528232514895663
0.32647401115522723
0.3009734932021411
0.2586014222430284
0.12047576141455268
0.1909951177756154
0.20705104160056273
0.46677606765216034
0.33559900604305676
0.1749209335769886
0.11862283956912165
-0.07867417321356313
-0.6005226490323124
-0.9325498383433372
-1.104187726477165
-1.17781591039581
-1.1256057518337632
-1.0495009351763223
-0.8774193247118334
-0.5160113166132394
-0.4131645162446694
-0.5221385637540271
-0.48355245800703983
-0.30635236275192906
-0.11998479740282456
-0.10823392903028863
0.005089859298349962
0.19779435833208336
-0.00030736465962449247
-0.30622085081837996
-0.4882086328797667
-0.5228438926283319
-0.3067862593517747
-0.3859528416449791
-0.40954189487143056
-0.15855410863200675
0.06295712048291263
0.05765678138097062
0.12423499444038744
0.032193521691432095
0.03787585362016517
-0.026828687051524375
-0.17993678776103714
-0.361527187798666
-0.3744856930339633
-0.1237112417047564
0.04965580839042649
0.09410876670360756
-0.011550827498066267
0.16650472009289216
0.1766628994509788
-0.08732170860566633
-0.49949076067611203
-0.6943739731984415
-0.7247590356365194
-1.0493161521191254
-1.1366139412432996
-1.0053577985737672
-0.6375461098682668
-0.5345731187591553
-0.3385979756614427
-0.23573236397055705
0.14007582548965275
0.0888830221688719
0.008169571629819109
0.33940675652974117
0.414485738790394
0.438336249044627
0.4843516797280576
0.6169285615193804
0.415682784209312
0.17249183107822041
0.38596012683114095
0.33101695634047745
0.13579721005210188
0.2468235261015555
0.2631135251097808
-0.047837228348057856
-0.17666773287589776
-0.20218044834554771
-0.0851869305440335
-0.31807083245980894
-0.13489383099685523
-0.10044916318278713
-0.3521121013146255
-0.42951642697695797
-0.23391415653780176
-0.032130191811151995
-0.17253576103793278
-0.23712769819613688
0.07551913184991592
0.1580058176719091
-0.0719168653765095
-0.08950030464882089
0.3377971253717185
0.5733316167800391
0.39885332886004937
0.1680575646494386
0.3225720240475688
0.39003337096310703
0.20297221313964706
-0.02003687923028868
-0.05578728899892782
0.09375778970957575
-0.1169821948242401
-0.13219635459491977
-0.15060771176965662
-0.05152587532273885
-0.27010333708802986
-0.4856861951651551
-0.3556568868302276
-0.5628689959248759
-0.6356338580801456
-0.4852073791589218
-0.02380434574369139
0.2256968986537175
0.23019147139799867
0.34499920612165047
0.3945967005859966
0.6251543984368353
0.5011005964946291
0.4713340541864441
0.4690147473038547
0.14568526303283447
-0.15762446656325374
-0.1646800608619036
-0.5457526396040232
-0.7046823654578382
-0.6304191989821079
-0.28804177100831774
-0.30493940236804584
-0.21852427022558277
0.015521873037546157
0.19540758105165812
0.10286287302875122
0.19583144150388834
0.19670184516067368
0.31243442912063174
0.22244780162407846
0.10788790675405197
-0.1250269408211614
-0.4071319984474333
-0.6448760404830857
-0.6867071662618054
-0.5906846357700692
-0.4199605784207908
-0.5118592583184642
-0.1982639466760089
-0.10081332634225641
-0.3735358411152158
-0.3183326513059133
-0.05336527953931562
-0.10280854570306883
-0.07558266749431432
0.2205884719322491
0.3205163327598121
0.36013523759212607
0.31056105344935114
0.5858404535607129
0.5440973926854471
0.39046744471433253
0.2241902704417182
0.12791416694548902
-0.17362438425504223
-0.29109506969663307
-0.05314948508044219
-0.031113874062366695
-0.32597121003511587
-0.3588963147987062
-0.0668714608750977
-0.01942116017664091
-0.23613962152442633
-0.3446634101980014
-0.21280926445435494
0.01214480871566843
0.0187040392940205
-0.12894004537291337
-0.20301389959507685
-0.32790084068432984
-0.479285883656649
-0.7105457265563819
-0.7417904085347261
-0.6665068333474005
-0.362176371778728
0.1634261822307506
0.30688415215601333
0.47211997747803885
0.5937593324631922
0.436865523798286
0.17529111058031793
0.30175630177730783
0.4793767821124487
0.5036235780954376
0.4832832783809803
0.6306376686289503
0.5769519602179893
0.4892383470161656
0.6692106799453275
0.687768853769355
0.6796568768946472
0.5885169369167469
0.32987622157669505
0.4575746368498219
0.4448545565013703
0.23104945738111246
0.12615820906455638
0.53232649773341
0.5042664687865236
0.32228563280425204
0.5896542482458781
0.8418687680045359
0.8067996983972326
0.6906422106871872
0.6514012881045869
0.6418625318159238
0.3527555963875635
-0.044428001889004094
-0.06864045961974462
0.20405387781846368
0.05033245590585869
-0.06541521559843777
0.2997994020586772
0.3839757931280248
0.1605335948711356
0.330978890981221
0.4911080581107325
0.3674257167678326
0.5690727674194849
0.5722742077083113
0.6035938437750973
0.9345901712673577
0.9013532951481541
0.6046517305130068
0.6122507918040496
0.7544105361880911
0.4274588011007842
0.18838816291887076
0.22722809019930684
0.13967995171134268
-0.3345905097310057
-0.43531587825041224
-0.48398213070923257
-0.49115317594603525
-0.3779467893105464
-0.2942950847483155
0.08752581998631809
0.3616189009165207
0.2981924784362008
0.48380465290102015
0.624481635032651
0.5811005450705425
0.3122726960572704
0.11085163363285515
0.21263658652914494
-0.14593513405332315
-0.29103401250931366
-0.4281271331096504
-0.44250142308563145
-0.7214413419781314
-0.8132181604366393
-0.7494735890673767
-0.39798719949702743
-0.20571195119559507
-0.137119491625121
0.1625402822043405
0.32951555739441446
0.26632999492603693
0.17876723113945148
0.12957226859054066
-0.18692565090950428
-0.18622722966364613
-0.058459041159514995
-0.17470346424247482
-0.21664627561656152
0.0007211998550121768
0.15779817989517106
0.0794446440537111
0.3209213970295188
0.32166679556263506
0.3273523956349079
0.35750136630008744
0.18182766034988504
-0.007270445030529775
-0.09338781926832516
0.22617703525880783
0.3710412018825624
0.1887808081101539
-0.011433425022794213
0.02350781681149379
-0.21613994529359717
-0.4063068165168844
-0.4814135732730444
-0.2237541300084257
-0.18727168686714685
-0.42393570570827127
-0.3285224947652957
-0.08571475215615294
0.3297664314724408
0.43793210303289554
0.4032863224443007
0.4777606560314154
0.42699336154057194
0.6578920067718024
0.5565862164844064
0.2979865954187015
-0.12248773900400076
-0.2680742924395866
-0.5496185013953931
-0.6931425661600914
-0.7224054467009088
-0.540029212630095
-0.1720416459370563
-0.21575468949708818
-0.054527975725209454
0.10286077092172591
0.06796166271195868
-0.1732325234726933
-0.511642767832033
-0.7851504612040768
-1.0184951122674128
-1.0427627813683047
-0.8601619555237145
-0.9908896590237173
-0.9239271854253067
-0.696292614630059
-0.41967659314058053
-0.3348447318618215
-0.054947101913206856
-0.14996347522767803
-0.24063423545425666
-0.21430098118826957
-0.2636085216199006
-0.10031016244694825
-0.17887448541896173
-0.4238366726985715
-0.5309121962562422
-0.6104514816032799
-0.5652766641703628
-0.41393096721529193
-0.5451927575298869
-0.5959714062763574
-0.3958496774961247
-0.4734521102506098
-0.5332234490155837
-0.4008429121444748
-0.16214666846653855
0.27210448007777893
0.4051857756518696
0.6106801666246764
0.7247622389113116
0.7487477485848907
0.8161197174490653
0.7311212296783868
0.5815490818073922
0.45879492446768405
0.43403245355566
0.025428464821242766
-0.5003577518083334
-0.5528150145263399
-0.5422718844652759
-0.5364748026021886
-0.30427538253801717
0.048620394762096994
0.21449469406327407
0.18284394962964692
0.13334435993488214
0.24447835820129254
0.14029501315068726
-0.029300456084032738
-0.08595881710884942
-0.2294913673308822
-0.34323774456651673
-0.5455255914443684
-0.5053331834545769
-0.4695361707432347
-0.31851887689505437
-0.018633406630711644
0.27488343241011226
0.4329902485757319
0.3887747946283496
0.20103354095815668
0.06208199801609711
0.11985369290647162
-0.06176498265734334
-0.005196163224229527
0.07142961265450863
0.08578301231455945
-0.11917848339116693
-0.10477243235730398
-0.15871512734684345
-0.11376370017245868
-0.34694944026315705
-0.5106423726894838
-0.5153411850876937
-0.39139760463973494
-0.48362698032514717
-0.30336526592439783
-0.41936220433321836
-0.4693637736121181
-0.5374591319109601
-0.4553955784973984
-0.21506313458985118
-0.06850940104297748
0.08233551061330484
-0.015034454108817416
0.1877849319828821
0.2468187331982285
-0.045569882013302004
-0.23923067029292439
-0.2179113750610018
-0.3638616090549
-0.4242652126238865
-0.3954438242031493
-0.06881888202946124
-0.1355882668347841
-0.1470756345942298
0.2845093991805927
0.5320966804236467
0.5650229405172433
0.6393051437676857
0.614935495349863
0.7692460897314357
0.673122842288553
0.5977727777926916
0.4940674735275626
0.23930892166381287
-0.22304309005379402
-0.2689303142284546
-0.16959506608698324
-0.3699421155715125
-0.37216054060581105
-0.10719707888926006
0.012760924816733315
0.09215417006022934
0.07918230606320197
0.3417444294667888
0.3110627511335119
0.12637070920690058
0.13134576273482987
0.07796384967468717
-0.0028594842388315186
-0.14434602152242215
0.0719321242608087
0.28753655953587715
0.2379316650753569
-0.1351825337161054
-0.40767232760808575
-0.4387373934061084
-0.6591913823216948
-0.7631052590293893
-0.6716760942525617
-0.4780414822539854
-0.6919529213878239
-0.6377857537425272
-0.28081403593856896
-0.20774234156231047
-0.1138140606311379
-0.05438294790870515
0.10573036323369962
0.07886060642468601
0.06673229218013393
-0.22929434127383724
-0.4749593412511398
-0.5028282349196492
-0.5329712047542503
-0.6493307534032117
-0.8916608476633249
-0.8197275944611288
-0.7064082408072172
-0.5468357761114464
-0.5294010834959866
-0.16200401700124106
-0.17787727893507851
-0.36413950242353577
-0.2333558030714823
0.01759031848419391
-0.04570536329381254
0.1238943338924907
0.22120911013652322
0.08890341526853085
-0.014090774795334314
0.2255612835609854
0.07025720432375296
0.19024686429370913
0.5341287925288145
0.5524425344442937
0.41122937420032796
0.21844817641551129
0.37825827555547253
0.10306391952199932
-0.16873921060886135
-0.025658222608566976
-0.21939599329063697
-0.6006805071190531
-0.7696587724716231
-0.7374111159531908
-0.5561638215593409
-0.5677232280320852
-0.3478959104217914
-0.14362884656917002
0.021792758137035094
-0.054727260917086025
0.022195562411036904
0.27761906004446196
0.35395252385500237
0.325524198040904
0.08721052588872488
-0.2146222900947068
-0.3018570668094889
-0.42198145966853684
-0.3377932884125722
-0.4133818524182513
-0.25915153285863723
-0.08254383240898608
0.011172588522946217
-0.07632426008766222
-0.011049938006540331
-0.21734257093922932
-0.40041872465011147
-0.3268677892110572
-0.5094472723748732
-0.6925222450833677
-0.6512406839546401
-0.29897899007367545
0.04461454372303898
0.15197669744841352
0.3641731678232994
0.5248230543284068
0.30823511542280874
0.029441921052938934
0.2448624420427691
0.011951491367525754
-0.43885902665849646
-0.45959744393956725
-0.3294346568408205
-0.4407222448374695
-0.3068945477460464
0.280923774033355
0.43695066089716933
0.3335710029891161
0.3983333512768091
0.3923391171472095
0.04394641710010477
-0.024426487896258512
0.24025060489825287
0.39689028557726175
0.309410943929578
0.3864171626305108
0.40443883900966743
0.38490274023382987
0.2888629877767559
0.3464150472407555
0.31364248894636515
0.1448485395899446
-0.01325802249435837
-0.1488988893034765
-0.04168257454316007
-0.05110176141852721
-0.19627579205641985
0.012998927683654281
0.265856040049204
0.3103163785777064
0.1697046629871256
0.43364825311032223
0.44350116243901705
0.48547484478076425
0.4710175027050989
0.3002427207977743
0.3658354589307408
0.681176505189611
0.8490964048494758
0.8530961036129483
0.7244897381948301
0.4385916870943428
0.5244104413979123
0.4292506761105339
0.2055237665109021
-0.22525686042452392
-0.36027489295194465
-0.3988967525089487
-0.469840465828138
-0.35618361390437037
-0.31131504366718254
-0.43129245104367603
-0.3537295005534819
-0.18628865964447588
-0.14929501212921542
-0.24658046931192748
-0.14638304375573347
-0.2034537586259648
-0.17644946536008335
-0.2399212553247143
-0.40170848801034187
-0.4286510608453899
-0.2840169855211909
0.0676972448539521
0.2079592161367439
0.34101336226650614
0.4410614805348122
0.2111043203468955
0.1194567869725349
0.25900936869726
0.1892538804278599
-0.06687307191166697
-0.4596644633702787
-0.5862053658792818
-0.8417292262041486
-0.9847772721682397
-0.900418717639323
-0.6762267687696253
-0.5002751593805351
-0.42186389158413967
-0.08472996322045442
-0.023694922673942242
-0.1293159510335729
-0.3872401827150236
-0.4982335842422793
-0.5180718890797683
-0.375771530429298
-0.4609209021816242
-0.4469089084647905
-0.19421316616278272
-0.1649551082117716
-0.21546840898905345
-0.040885283974495756
-0.06263799911228579
-0.29419261463418644
-0.5311853695048081
-0.5264244875276303
-0.6701292636846026
-0.6872537071747203
-0.5039979925144407
-0.29817188988572907
-0.27946993383112284
-0.02490092989738529
-0.05651103351370777
0.15074409132487757
0.03319786391091828
-0.1981180787029378
-0.5192530122015306
-0.7114036962218806
-0.8284943469075238
-0.6454218002395352
-0.2234778825302039
-0.015570279717746903
0.24962108864463478
0.43403509107128824
0.5879500307394596
0.5856246105377049
0.35178854248303887
0.4273275840475751
0.253139013570107
-0.13738416484881463
-0.3313891920323231
-0.22638149652945977
-0.25987206576745375
-0.365697035788495
-0.02657832330919323
0.25918698047799443
0.2296142881028246
0.2846819143509321
0.5739616952211676
0.3533730549577829
-0.004479552907660728
0.10231577204861303
0.22679960561126425
0.013163345283177768
-0.02486883465648105
0.17896172937426583
0.13727423373653055
0.10502548350949292
0.11976378205450125
0.2813423058947137
0.2291226907808146
0.005187804581541518
-0.3870062283273366
-0.5687695246155154
-0.604443047343399
-0.8504012266905303
-0.8956088535207513
-0.7237376949879347
-0.45863838735970813
-0.4220826338869667
-0.3439259844109338
-0.07326846680229657
-0.0028456863018414746
0.050080074511906165
0.2935048752400724
0.34136072233737713
0.3363917193540929
0.34687851187442786
0.30943743246035843
0.2001470341880141
0.001570299384586463
0.05972936326653047
-0.15707195181798972
-0.16911981855720204
-0.1639194284650017
-0.3357567230715692
-0.4014783303946684
-0.6074981315796775
-0.5884970751322293
-0.4390987151027577
-0.3847725736209174
-0.2068749071132884
0.20165927116039195
0.4579711070684409
0.6234544535541361
0.639078089940034
0.7535920260053122
0.7297009238198808
0.4930550616116509
0.21959011111924123
0.06962803775697353
0.055536459061006745
-0.3077660664499764
-0.2356235100489962
-0.020764263329697302
-0.05029914105982031
-0.11785220440679545
0.11127841517170739
0.34198115141739055
0.38511700104816843
0.4820085847165754
0.5420231362646616
0.5294563092500273
0.27499428837180334
-0.16628384438231278
-0.17545968630839331
-0.08981199357858716
-0.3643088422128654
-0.218137288080195
0.04976577613839477
-0.10565593488184732
-0.0700860990968897
0.29470742957322055
0.3726548583401371
0.37861046564598233
0.26011169402881856
0.46473245339719393
0.5147254585106424
0.20502295147515015
0.2859216649801836
0.2207222298208578
-0.10561610330397218
-0.48550309508674566
-0.6136766829175612
-0.6408282417843336
-0.5087216709722724
-0.28692914985307105
-0.060740970928692496
0.29505486302363454
0.5452454122474526
0.48775378999745267
0.30077532666137585
0.33471847445738145
0.218878331931498
-0.24221066877345737
-0.3583748749056842
-0.1456572170399836
0.05023963137943501
0.00839431657313579
0.4188883881927073
0.5639325610842765
0.583512268069417
0.2060733908524742
0.41843570080078774
0.5419097356272387
0.4231699097218838
0.5952722055127672
1.1912061405292815
1.9294218109805137
