2.6709406051504856
2.2832991893486847
1.5423263669746297
1.041201927042093
0.8908375634933046
0.42488436301573995
0.41367973218246024
0.5030115349635321
0.2829744667238496
0.4045741418792391
0.21787954259496206
-0.06046486412206321
-0.11599824505907727
-0.30338302370907105
-0.5918401164187139
-0.5774679498285213
-0.35540255513415653
-0.3114902932405438
-0.16980965423021208
-0.08666772283405895
0.2776189616031321
0.1918831249301305
-0.02822866494301051
0.24723688257478013
0.1881000785106699
-0.11404176862892405
-0.23088689744007834
-0.016908885891646564
-0.1376933391742607
-0.39624550103320255
-0.2903173424513142
-0.5418180424109518
-0.6106528933434804
-0.5755961060293019
-0.5469302461230447
-0.46709959409581236
-0.24435767103949782
0.1766212546092625
0.5022347182500746
0.6146561752135661
0.9309326255348547
1.2159890862732283
1.202253451608362
1.076111029657361
0.9959688882529837
0.708779611800611
0.5447107056286823
0.4072294098842965
0.26428528749123453
0.11519309365454214
-0.019523348076889185
0.12676847314387046
-0.04924264531424684
0.04410486099926239
-0.00945391322036864
-0.36798938699116
-0.5187966684532425
-0.41524699112753216
-0.2044342652577448
-0.36346249402965414
-0.3528920696407116
-0.17532775228705813
-0.049008833441024455
-0.19221863991506374
-0.03421960324981745
0.36520103174469554
0.4677978448755204
0.4686154310337339
0.3171788744809294
0.10889369686312522
0.02521244048620266
-0.18247632239422884
-0.15167271839282062
-0.26885748034122736
-0.17229569053957824
0.11992968897453958
0.257958030283054
0.42676780149017335
0.4485056648345056
0.3675151016074038
0.1934449900693694
0.13301212873093402
-0.026843783362027928
-0.002295944223762325
0.16815602094990595
0.20074765474322986
0.16145162293080553
0.28158094636464864
0.17566494334793253
0.29801505299740494
0.49038100029092746
0.4725374540583261
0.28222329436839716
0.014995232684476093
-0.22810657324121852
-0.35415973838074705
-0.38045960108991816
-0.30429451240160504
0.08237151646918968
0.28853369593471584
0.33670966100099825
0.2566654638495591
-0.05284097044228374
-0.049413594042876596
0.18460603806968506
0.07077398605065863
0.25086764757779556
0.31816813307276914
0.39316412771745124
0.101080168453335
0.11061701191564181
0.15248595292448525
0.1887288613509091
-0.1376411461629506
-0.47490205722183104
-0.5138810961312242
-0.33187664829851227
-0.6172919017319255
-0.6489626319343094
-0.3700654623355782
-0.03395084792943713
-0.12733581531338753
0.03187304534411187
0.451086325221229
0.36682866530960456
0.17857627940812074
0.12659918747999432
0.21256246091278844
-0.05984036965893845
0.021365238165642828
0.3847900367239397
0.3673959882322103
0.3544157214776159
0.27951446141685304
0.22663701335428166
0.021610937814280355
0.11223269120483392
-0.007177300733328096
-0.026695059386860474
0.264676217799516
0.19840318877334773
0.10750380723872696
0.3978054476801013
0.31777517079189
0.12888351522535563
-0.198864705606248
-0.1620878907817972
-0.4277222179940662
-0.4377867141802916
-0.2867841499360592
-0.3728504845644491
-0.2679042736530306
0.2147130586692105
0.4428092628044149
0.6216136889317476
0.6356971722787101
0.5858440845041442
0.5780840318796866
0.14136519531760666
-0.1000949869928377
0.13922245351933232
-0.023359956393586106
-0.1847247316726404
0.1828398668209547
0.41473600599316723
0.23852570062428646
0.2484722666951831
0.5372236051347049
0.39875703662366385
-0.04684064098651523
-0.1447848800534692
-0.14762631539374435
-0.47428811168620194
-0.6653722397590572
-0.5021475667222288
-0.6683266970959598
-0.7149487528439477
-0.42227986151608893
-0.16229872859372804
-0.1696570225834587
0.08945537926428523
0.2421922617186796
0.36861905033966375
0.11355895162880819
0.09713822513965492
0.28671897846432676
0.23226251243884996
-0.08312179850542656
-0.07444229801101304
-0.07531616318326097
0.09570775926954879
-0.034594382553912804
0.059836976308246734
0.07644536116309315
-0.1042324928806336
-0.08401097442235367
-0.37007996966254164
-0.3613436243410713
-0.07374662610050345
-0.11658104968704272
-0.20765171829820134
0.0768322237167533
0.39811876518050326
0.40418816918581024
0.22400741973512084
0.205468701759108
0.35188588620723105
0.31831954322145384
0.6570466981398605
0.8932012528926568
0.9708479354312239
1.046673860885513
1.0325451383492674
0.8643873130355697
0.804337206945679
0.6159566904274811
0.23267562255007593
-0.24452248903188994
-0.3220935012830806
-0.23015943178271703
-0.48431265211285157
-0.424305162181058
0.020360709664501476
0.18027656793920033
0.051784741641858235
0.0994861402672068
0.279598554623038
0.35013414596514497
0.2040062202999935
0.09263325122967536
0.319676896236927
0.44568250908076645
0.30497925204063037
0.4094693345965146
0.44695126328561197
0.5998740571822804
0.3962089384682491
0.11513803496352637
0.014812376343494868
0.15301614766746138
-0.005823070247372829
-0.06273435133956026
0.34606399375262903
0.4807659509399687
0.477337734026907
0.38044739905008046
0.3616421329022319
0.014818190581296105
-0.4324295011662298
-0.6918401394060956
-0.9305098274050246
-0.9128334202433803
-0.7941932100783022
-0.6916265958052799
-0.3246630908597557
0.2485004022212442
0.4826129628015848
0.5432192074213439
0.7475180730573754
0.8353932605548559
0.8335645708272351
0.4421155071097439
0.10489582847002106
0.011095304780531506
-0.5042866183308407
-0.5458098339269659
-0.2759972878659676
-0.4774000780454279
-0.5240755915203348
-0.1167733900590408
0.02572383506403365
-0.009354417728352516
0.24425992330824484
0.5810668622458242
0.752106936195825
0.7591750925958209
0.8450950768980322
0.896730364619807
0.6587356947238313
0.5011982534799253
0.3404518884213082
-0.13134976675375837
-0.3185468057485389
-0.6297810323445885
-0.7326740447626079
-0.6894588895700906
-0.3844764579564508
-0.012264156083318522
0.24279594451929487
0.5116809558134121
0.36625040720101104
0.014124117599156515
0.012918982722277024
-0.21852441783087162
-0.44840919842828797
-0.52044303417439
-0.34831842026081167
-0.4287897020346045
-0.41476919163071774
-0.01769309113775315
0.13255160026694174
-0.002062518716674331
-0.09847064643742104
0.16865965320517576
0.1007650252508097
0.1909390157822932
0.07237644924750253
0.22653424284133844
0.08349052626688218
0.10398407528199115
0.05674202671387066
-0.11963322599920903
-0.15326594960560908
-0.3783872310085909
-0.386774573720981
-0.31252563420725193
-0.31524080431190193
-0.06459819361131355
0.1158093979074096
0.047737173110280036
0.12993987817921857
-0.01871229355358469
-0.2628672148206154
-0.358713614695905
-0.1898282330342477
0.14235432242897203
0.2790855946779785
0.5323907639280968
0.740126858299057
0.9150634830319517
0.970873497335051
0.7664395885941943
0.5122300718227135
0.5877021199803424
0.5441481103126046
0.4568765609443762
0.6179106109844806
0.4596635328040392
0.13675704137354866
0.362737145685124
0.3315187299625354
-0.09985056819920989
-0.1266441529704138
0.2525840407305396
0.3034285098387346
0.09681070777949942
0.273263358403199
0.7077427837299576
0.80861236741425
0.974688493818932
1.1230743896515323
1.6769201336840802
2.018880244978252
