2.16216354628532
1.4538499491902905
0.9450000792410785
0.5505259575491409
0.12194545295162323
-0.11271367633562007
-0.230365405089579
-0.23435644735359393
-0.3013656202020383
-0.4419624173022071
-0.45147184626140546
-0.0980820912409681
-0.11260510588513661
-0.34450961309930533
-0.2876869197948314
0.041154349154392235
0.1677457373124509
0.14461550560108488
0.10282187400077303
-0.06485840920181232
-0.3023433497570607
-0.4596876808699525
-0.4524967885928782
-0.4483686702166777
-0.1932721400796704
-0.28159674225391523
-0.40536770717950954
-0.3641283403963184
-0.1142206028097664
-0.01752246434975816
0.181126192157166
0.3244560868614639
0.1916429718524756
-0.10851987928109966
0.03467017732044597
0.20492277986669427
-0.01776732683010404
0.03702498324714609
0.08436398776034768
0.17724186662563923
0.23074957074730415
0.2566335707722622
0.2806408007879879
0.5580907038725693
0.5761218657068308
0.4124490090009507
0.28028337443307494
0.10814806833658366
-0.015835318932606472
-0.43692287536875546
-0.4401156028233297
-0.4354550143443635
-0.5784812856670644
-0.48757761165445057
-0.19610641682991567
-0.1449477410549668
-0.2344378276389975
-0.00794555931927879
0.10505729344891471
0.10224939279996814
0.2560984487009672
0.28753193423630363
0.06921763223180902
-0.24059255950061523
-0.25453494369822866
-0.40594733574532815
-0.32952143866177325
0.020895842436522222
0.3809939898284162
0.505392085824268
0.4669213674938657
0.5521544728542626
0.6447706326243017
0.5686253826880168
0.28809606056965487
0.2887731844963302
0.4003618120456961
0.29799311644446813
0.24161254015944217
0.14682072444523508
0.0556480707757976
-0.029412688453823808
-0.36668650046891826
-0.28072362404880774
-0.20497019425011997
-0.07398283396244923
0.009259672937446723
0.04086521127485962
0.07806274008807221
0.013921010516696029
-0.1742676973078992
-0.15493230564531993
0.0695319623387465
0.09410551031246078
-0.08603870838393685
-0.2481122179294429
-0.3931353596689855
-0.39048387322298694
-0.6017343085679756
-0.5142462220235183
-0.6035657319678753
-0.4849449408200404
-0.48734322640179006
-0.28322648184513916
-0.29374409932462836
-0.002350429469676234
0.19600735609591302
0.03831169095663113
-0.012536532700310958
-0.03595578066002546
0.059012558810451636
-0.18659452640134386
-0.17210060519901435
-0.2564355994606235
-0.10177492872669423
-0.2086037761494749
-0.024736897607573846
0.21527040797815086
0.22428083904766766
0.2622265387183689
0.27024135489927426
-0.00365115849064803
-0.05783329387458694
0.021571304038482383
0.1234578410096938
0.09294936293068991
-0.061087427443363596
-0.21525378859958855
-0.38120986530483303
-0.5157408432285384
-0.7405904143086481
-0.6713333967396503
-0.6578448315113192
-0.8473177175584742
-1.0005100711873336
-1.0627942391086496
-0.9725159077497739
-0.8327153766335145
-0.5616340380538754
-0.23212447441140627
-0.016342474627689403
0.10119816050856245
0.07991272537433107
0.14187044911275673
0.1456040459565357
-0.08239752998124922
-0.19108714013564487
-0.010657674423630043
0.08771858728608478
0.1328613001442827
0.18201351203301333
0.3319090977721451
0.2781846691499527
0.011461088713012612
0.09015371450632952
-0.09288437448835203
-0.43033827382263323
-0.7452279139522177
-0.6810343473797353
-0.7647239807055368
-0.588408167027665
-0.1935913726635516
0.0054856004313253185
-0.002520384425549774
-0.09298591024747019
0.14370260455852832
0.06377983122814575
0.13349748832576042
0.1784123935491039
0.21955606573861192
0.16374173276123632
0.16591714231246157
0.16347031870539194
0.05155926622471588
0.08106628202343467
-0.024378222535860847
-0.1200853156682853
-0.0950479797959953
-0.10905577745558404
0.0666829770755126
-0.06797575066291713
-0.23166948256110603
-0.3673298813953451
-0.4161281055217776
-0.6521612397671723
-0.7156662291304616
-0.499047802737513
-0.39601556697564133
-0.5715689197922866
-0.45828981683432524
-0.20004667483593305
-0.12132735298586164
-0.055566400052487114
0.2103015477380927
0.3631574781195198
0.5839130240088831
0.6700270206876817
0.7910128484394449
0.8198612596674456
0.8859952370674656
0.9332785713152879
1.3781225063526226
1.67095959233723
