2.692306557309019
2.2356324241857717
1.6362204075721134
1.2424960092873398
0.9587922834657723
0.5875092362410638
0.29915582311829647
0.11395855316015563
0.304571649051274
0.2653505948351291
-0.047544476614231244
-0.1303540504561754
0.046448609003113844
-0.12146801886852812
-0.1844751207018433
0.018130212973071085
0.25803245649913004
0.40413608443872273
0.41459925512461954
0.6293187567233455
0.7078800353429465
0.47847134929033475
0.48080531930008347
0.3424961769845936
-0.011213510276453053
-0.248664314019428
-0.1410687242179084
-0.0459636812522935
-0.19091945542173988
0.02074101379450073
0.3530956925142612
0.42536763312900305
0.22553982287881363
-0.07497859290609529
-0.16024339506725555
-0.3338977480322842
-0.21875314309555996
-0.2085172507448222
-0.3532014234797867
-0.1449260077626276
0.024031828730069597
-0.14067660110489544
-0.0562089812619114
0.2994953565843008
0.4054926972939238
0.48565164131851907
0.3937726995046885
0.42023368435999714
0.3995961858905732
0.28679052166398306
-0.057864331416690326
-0.07800888391657597
-0.20941594159290927
-0.4636536841970175
-0.48952786205790977
-0.2278444793147114
-0.22282236965229194
-0.3918500264431015
-0.278357440247833
-0.14799916938297433
-0.0967685704262502
0.3155456047251271
0.780908878407797
1.0498967511254675
1.4750602923499203
