2.561952953748394
2.082973477021551
1.6656172308668389
1.3097105670800113
1.0666017280222686
0.7763388466740178
0.3766425822808618
0.13340218986435814
0.12166501532543443
-0.1836320624239994
-0.37927334007466257
-0.17722910371497344
-0.2035414358297834
-0.1150909032922249
0.2955567498548565
0.6263835074972578
0.497711615189103
0.428553942562006
0.2938265068484988
-0.14552559098193718
-0.4870111301910757
-0.5776274244604006
-0.572925047561292
-0.4269331729273136
-0.0793100024555953
0.21002306854916977
0.3379732178389882
0.49830266195877937
0.606425144638699
0.6504977583344379
0.37393956767563896
0.3838842792149813
0.35355393432620036
0.14391493334159008
0.19018934825355593
0.47904447576358855
0.5608125837361477
0.6044832385959954
0.6576002380228171
0.7720799766341778
0.8694591753749522
0.9714597334326185
0.9263105525673766
0.789589216641249
0.7019594451755782
0.45262451926451686
0.11462411578809809
-0.2683385202705505
-0.35491664507422804
-0.5338296573287403
-0.5599678883912151
-0.49004618787276166
-0.4348334377099101
-0.3495620148258554
0.11668757197689993
0.2937778429626864
0.2906319914844356
0.2801857224965091
0.26531290288551385
-0.009735643316118198
-0.09442483357898679
-0.0682262814063531
-0.15362416412562555
-0.19264247518069538
-0.47421233839661764
-0.4619481036992389
-0.4911120555863317
-0.29882852357231093
-0.18097015824112833
0.1222337348110568
0.09701363555417604
0.008810045325958324
0.023450896935948245
-0.3030045143449979
-0.29069571134557004
-0.26489172951944956
-0.17315274023607138
-0.15846363559263432
0.06000117156278785
0.0824268996895491
-0.022323316237634623
0.1530011412788112
0.2569386816219005
0.14498177056818976
0.01440312827182195
0.053585260920237715
-0.2650313726671507
-0.3199780055858831
-0.20572261178072188
0.06898123650262195
0.13903797801202739
0.20284682741364543
0.1346001996236086
-0.0049078125906422245
-0.02847201022781356
-0.04098566015668368
-0.03685569718606761
-0.024355415450733112
0.26288109199261184
0.3924716005184741
0.29236474316683886
0.554778616957313
0.6425418511748131
0.5863257940034341
0.23102479436556056
0.2757153893129814
0.19209290346846575
-0.18965921852366732
-0.23447116564655945
-0.454545793559262
-0.6409191143323231
-0.5333672141416086
-0.37503602634125977
0.07921533124621839
0.229301304350664
0.3906373198308088
0.27334235394404305
0.06687214770433203
0.10873889727061477
-0.15763065249149377
-0.15839743439811396
-0.2896335510657025
-0.06323917518735793
-0.18993930139831888
-0.21031972054200174
0.032753603749312604
0.21485182862276647
0.19205165370829466
0.04686691296647142
0.32074015943515666
0.35086275671421224
0.09249120214709135
0.2541319028491131
0.4811613309755527
0.40189741033701093
0.30736915859834774
0.3484060563850415
0.31597690949375684
0.10194779978844519
-0.04221651135384974
0.2323052945781254
0.3602573456560861
0.5341244052889436
1.207921685550256
1.7602565113441808
1.9775461541098514
