2.128655930884009
1.7431149233165102
0.9591453066052
0.5780557033116844
0.6911311296301964
0.4409310192514454
-0.03404490485444961
-0.12260244546312477
0.17587266049621672
0.02215354781017218
-0.3545472530400431
-0.3552962491514788
-0.22393683320810293
-0.284899543739907
-0.19221706271542893
-0.13953968915186657
0.06621443184564615
0.09293639732243725
0.1686067650974487
0.22141574551644078
0.1578311422294767
0.2521691506191494
0.1760175220949623
0.22738940097113433
0.18453190141195716
0.17655635434189415
-0.020190141163031063
-0.19356685760678935
-0.320610015135088
-0.28944598612664196
-0.19329719690653557
-0.32069028765888546
-0.2156978066790987
-0.06695725536681639
-0.23037902647755285
-0.4667130860849022
-0.3184621057605
0.03309618964449388
-0.06797491452614056
0.07599270765449889
0.23044072598917617
0.20671128092422872
-0.06183498036807458
-0.34487297870881983
-0.3824234513313305
-0.5974753210176815
-0.8219995088497936
-0.8775431586985797
-0.7506096281711937
-0.6742044071014957
-0.4500230664381671
0.05969248853747375
0.2936956525207237
0.5565818820065312
0.5976562433836649
0.7392262854023934
0.8352054234427747
0.636744405803333
0.4088901060006143
0.40610843522461204
0.19688475205133488
0.38152047132549693
0.3126180576839197
0.1860031001214936
0.024308427625134653
0.0040094015791048215
0.04107016944650674
-0.33612290946802487
-0.3198925536060426
-0.14171695354669517
-0.3525066144991838
-0.3289035321404984
-0.14594981615901284
-0.28121871150617017
-0.47447315727490347
-0.36328372688195043
-0.28244077413347546
-0.2179811375984841
-0.34120520898459145
-0.23138475771085665
-0.20884667119837902
-0.0946335353784919
-0.024360098065468842
0.1468665234907069
0.1809799573327197
0.11937790368354452
-0.12966084181222962
-0.06392146371190151
0.2691714105060582
0.2762065493088607
0.12078938270384557
-0.03240717521765278
0.17738484971344648
-0.06344764961987653
-0.26573192279172597
-0.07809254809013524
0.06130422272492855
-0.1047040297786034
-0.07989658495303296
0.10827008849622019
0.06960123476425803
-0.11045349753092205
-0.17408379802676358
-0.47973461291263936
-0.46240354174960774
-0.5176184404713321
-0.5471027257920478
-0.420428129057984
-0.23677335318524143
-0.17146386494199164
-0.36715634352386395
-0.3263251816714052
-0.2474343305157427
0.0891399238253797
0.17621260216791154
0.14166558780089872
0.15371543271287455
0.08579133162902215
0.27614545514072103
0.24074846600935484
0.028543053213156633
-0.06602197838402683
0.0272908439943945
-0.03891836460930626
0.07182273962450834
-0.02281480345229029
-0.03556396889532606
-0.37335638837959123
-0.6986958644085249
-0.829981513499701
-0.9241765268830714
-0.9876595432281884
-0.8789016694728116
-0.5224727928053298
-0.5238173656744453
-0.3814694749852162
-0.09631221659683228
0.25406074353752517
0.28135118293294964
0.25842928211739874
0.07057061161988744
0.23606170703728574
0.05104989860506942
-0.30342075423924647
-0.2790160263846389
-0.06007984837362784
-0.2973708310576791
-0.2842037265660732
-0.050523087135856
0.07995295516242844
0.034214129177434445
0.09919981480266332
-0.0010033873761701566
-0.07296336230834866
-0.3494304335932608
-0.5750041751655098
-0.6327547167279242
-0.5535030586687713
-0.3131778744592466
0.03995139691539833
0.32704174058869845
0.5048766031500573
0.4605722332962866
0.2755853788362265
-0.011572225835242521
-0.03416516512102078
-0.4104229806919394
-0.6024324173244231
-0.7015839457554368
-0.5629979961706126
-0.5806914261631645
-0.5199333505845567
-0.5896592422497579
-0.5851068687284544
-0.7862183937552955
-0.715553252530121
-0.5199087476417886
-0.581552201259169
-0.49403743470663614
-0.2883771583095735
-0.06378750756783068
0.020660747123194257
0.004132125514193884
0.30318541050614306
0.292551250561633
0.35479476802528986
0.46208187087508923
0.3300836090693582
0.4507790840610068
0.6505673897434366
0.7999418060904732
0.5469827607445359
0.39551248259221367
0.3390957283290047
0.17600648783183181
-0.2579341643097787
-0.27265016813469817
-0.07991545263764398
-0.1795154656682309
-0.3016895108939105
-0.0877341581979213
0.07219913485770402
-0.0054342688951171106
-0.28495831984373315
-0.3085217425218371
-0.20261154177831311
-0.40101916239010055
-0.3357202099622668
-0.049478878376257876
-0.08250086349327236
0.007265943052584516
0.03736766653083745
0.24287292005441524
0.3936277033024216
0.3228099868776933
0.32612886137677793
0.28917944630732006
0.07937950692603121
0.2826815451613191
0.2024208697585478
-0.114053317450093
0.020825656928922007
0.17781587435495844
0.02731432755607016
-0.06501635633612865
-0.22704986445576247
-0.24351593856492718
-0.5285893991425646
-0.6878528180292002
-0.7171365645420367
-0.6611823469536716
-0.4128929250567587
-0.2348539535996217
-0.09279426015600353
-0.08838007381053295
0.19217706822550168
0.3897700110905231
0.489365879563795
0.6379849251727634
0.8953147522155999
0.7291103120866396
0.486140548865748
0.8151823697405021
0.9901841045307095
0.9531057853729054
1.3765348370341206
2.070299748185569
