1.7427799718929926
1.3973013388394249
1.0588617168222918
0.7036977299412199
0.5104429655902989
0.5912117786833164
0.576117835206358
0.6057867114328769
0.6747217316608641
0.5275301178696822
0.269691521943989
-0.11720087200770633
-0.31115872569458913
-0.14628214112827514
-0.25987061509811854
-0.183882155649528
-0.34926694417005655
-0.34150382591415007
-0.433642177308241
-0.6936876294868501
-0.8256950482312498
-0.8254456300863188
-0.5658391735194036
-0.48014388746266484
-0.2077301877146926
0.15724980363700758
0.38685049233004226
0.48909603325270495
0.3025031190504147
0.4069843692170475
0.5588201039893098
0.5606516148024052
0.36016445582605155
0.10428738731268605
0.08255685698840039
-0.23541648284725772
-0.3461172392407609
-0.309924532149368
-0.09551422446914024
-0.03068317997706424
0.03028851566339099
0.17550799518503027
0.1625528777792123
0.06671305553351792
-0.044919004845363264
-0.010994071930169358
-0.1416998778175954
0.11465151150246014
0.09393651734461853
0.062381645965148745
-0.16784729890571493
-0.1697710551531952
-0.09176364432481428
-0.32880159266673925
-0.5601939131619598
-0.48829546334996415
-0.06644807261211365
-0.08449832309580087
0.03627471728750869
0.27182266076957035
0.4083820902908128
0.27254643933952494
0.12589918181841414
0.3412297129031083
0.3167684162436181
0.3322108458245594
0.1537856971048583
0.26318593259273687
0.3971091453576666
0.4020181176255114
0.3373559310383874
0.45712405972624887
0.48923690701765254
0.3691000763291744
0.3549510489986658
0.2205421445363598
0.003939222180507227
-0.39559057961508054
-0.5540451296216523
-0.508951147331781
-0.2783961342330925
-0.13242917270896234
-0.1167831074105568
-0.2272670056762111
-0.5047061539624927
-0.5451950220516926
-0.4628772327798167
-0.5430508119579625
-0.4006801516233304
-0.5350342370676502
-0.8352829782461235
-0.8737477636170705
-0.7254252945177847
-0.566225723174072
-0.28470154315806145
0.0888628096491035
0.3019190029432023
0.41245441725628973
0.3803384067957051
0.20808014669261957
0.4198470773983828
0.3243780865482663
0.14163094532216652
-0.09372776894352261
-0.028016417959968495
-0.07146489737359706
-0.25652658835812536
-0.24272062675959874
0.11589185120892596
0.35109515698200516
0.2605406631384586
0.5199299929692147
0.6528266416411096
0.6951866703153599
0.41337059475885524
0.1272364710690758
0.09144883945043492
-0.10860913297963355
-0.3984887026372849
-0.5880790009342587
-0.7084591733697787
-0.4703991894121598
-0.3464839701379425
-0.20229125243432727
0.038397478321466935
0.28522251188206044
0.4224454185225908
0.4461152884138875
0.38963144436183
0.6089008085830782
0.5854764926419569
0.3882171293023024
0.4492828621792681
0.579086773917664
0.40383154437725405
0.028621204832511557
-0.08865932532453752
0.025559481232355085
-0.2820157629196755
-0.543449185691598
-0.4481395983058315
-0.15899639224956838
-0.3091940139781926
-0.30567364458730034
0.06376444711416088
0.10860486143853702
-0.17399271594180005
-0.06827442041991133
0.3114672804577302
0.53087591706362
0.48111560246560076
0.4947024380019534
0.5345144428887317
0.6162634663289125
0.43572759498319025
0.2585864808367944
0.3798254592741648
0.20625355577500454
-0.16417390575891821
-0.23297145065990302
-0.5207242505849358
-0.634073458805556
-0.6635364367358725
-0.699555062728594
-0.7300203105941577
-0.42560810610803423
-0.3011022634875127
-0.549914157785663
-0.5866023468849539
-0.4230647146923933
-0.6225923721720492
-0.6871262860249995
-0.5045945093352276
-0.10791710671342489
0.2255157534010885
0.419624094045424
0.891010341802656
1.254811757151782
1.6188652440689981
2.2124790755095876
2.4827007574407
