1.793870958070395
1.100152377504735
0.5814945580721413
0.3904016664358575
0.05753531124050868
-0.41781963400046196
-0.5615005840151907
-0.5777666727173548
-0.4739071920579677
-0.41545507682955574
-0.10035576097540373
0.23946988227400426
0.30215258844660636
0.092972266296832
-0.011324997526225478
-0.06894781114768289
-0.03440561701279015
-0.1184672238257274
0.0764521935524045
0.19244415257340658
0.2566864333754606
0.2771067388732872
0.38626280616090597
0.4804686171588664
0.3082171264843484
0.036944361990483066
-0.43828668077803196
0.3365319238360036
0.540048119953327
0.37061109121450186
0.4838336531766795
0.5915496900031564
0.5712291936505981
0.281871541908374
0.3329323578687272
0.4997497353905117
0.30879756295013194
-0.014792189883527812
-0.15172880148544607
-0.046011548334687485
-0.17853286571563579
-0.1971067321834832
-0.015997034232146125
0.18872920794489798
0.1977663586601454
-0.0144741130087852
-0.2035757968917482
-0.4721303892763192
-0.6273313173553697
-0.6177798861742478
-0.44091719158684356
-0.3557304105045586
-0.40643732374005526
-0.5014910469078473
-0.4476679306392761
-0.23581921904736874
0.22157753167796024
0.5965037392704016
0.7664289426513451
0.770621905616151
0.9148378930842359
0.9352718469813697
0.6777394696709953
0.42251681784323347
0.1600506878569955
-0.09525105342187927
-0.4174764566756081
-0.7080943383198095
-0.8778507176885536
-0.7333679338347656
-0.5334119508532371
-0.5001351824732738
-0.13137218208570933
-0.032173753875864144
0.013653171516643107
0.19056816958653222
0.24902742236818534
0.3096093655549223
-0.006823708650961669
0.08454083506599072
0.2663190895122784
0.2332224849106962
0.23003659754764227
0.3196685647327639
0.1891148982042576
0.24619464063089996
0.14739850781364677
0.02240186798726615
-0.14414630649722573
-0.4379343074634763
-0.5518670242379616
-0.42155300466780776
-0.24791603664331116
-0.29792991029177135
-0.12290714764138308
0.025596536617268295
-0.22862978690184407
-0.3799311550026407
-0.29276596749366657
-0.42634919462270976
-0.7219952627457048
-0.8629132034920812
-0.702860515480133
-0.4330964447614751
-0.14070769697816216
0.010453683163456474
0.09979009675962666
0.1962789946478335
0.14172639557095637
0.5548734053673453
0.699595805380154
0.474377145204126
0.4428653300785988
0.19434610643546255
-0.12534388055433107
-0.2252278917442908
-0.10210460063033434
-0.27095648876702655
-0.5290415542908125
-0.5959771333403876
-0.6496982100293468
-0.6192128988287168
-0.33361183706720265
-0.2712134426188969
-0.32661187053933055
-0.18590040993456927
-0.1359869934752926
0.22946553797776537
0.24650160615583813
0.4857679749307616
0.673895644896279
0.6433962615811569
0.5443327711462554
0.34501056430821336
0.0029939649483091786
-0.2163871681681468
-0.5125968879311069
-0.6727930600703961
-0.6979797399764929
-0.6650618432378594
-0.5110090667814091
-0.5408278911873456
-0.5133029851392391
-0.5940135053672726
-0.5336485054417207
-0.389759387384889
-0.43414129716499295
-0.4961425988663453
-0.5205042288626933
-0.8171885922808472
-0.9647786995547386
-0.971224176209183
-0.7580905052505368
-0.42026691743442957
0.0055532413819533175
0.21087254514093065
0.5256218123044795
0.611960775310775
0.5892016946755907
0.4937495095757546
0.34559990977128807
0.2955069916705933
-0.06780028542528246
-0.24876129324388802
-0.1351886688252028
-0.06832501825246129
-0.29349161332413964
-0.390850430001512
-0.2749240290934405
-0.07193746833612083
0.1791995892235342
0.28863819116456096
0.5381267983787008
0.506642429220767
0.28520684619324405
0.3721383572912348
0.09984008808626806
0.285638659977894
0.2912848289007877
0.04196074169261614
-0.017263950947060562
0.08523249247523412
0.0949573017353153
0.11951633780702367
-0.014364213996612753
-0.17397737308966246
-0.18481027420355683
-0.26006169975498006
-0.36965548015743216
-0.356239615052253
-0.18821730095614322
-0.25238524831943077
-0.24518538971621112
-0.2988028456660063
-0.10612443099825766
-0.021442486464079567
-0.21035669032941687
-0.4197396435872339
-0.734184437601762
-0.8878439268405451
-0.8398672968953121
-0.6130745094263256
-0.38039090328506964
-0.2342554496528341
-0.26689637361938656
-0.02233087124819456
0.19797918838624415
0.2717751630976765
0.22534446246983897
0.03985569233744215
0.08751613469577363
0.08060655891697296
-0.009165810840786255
-0.11766691329244804
-0.0828562441462928
-0.4307649001801877
-0.5025272113982747
-0.25374405838768777
-0.1855718501320312
0.06023351989359806
0.26935992047439505
0.29169882924486323
0.27803596662442315
0.026449865929082193
-0.03175846940832588
-0.009625854271613795
-0.08362943259482146
0.19919118634468724
0.09742448133322677
-0.03962333739483879
0.24175881856267578
0.4747674581072982
0.5364972229569858
0.38330152437485954
0.2972806980284575
0.18303370115791723
-0.05392199566432172
-0.18891212645163338
-0.47132688239249665
-0.5630247296998253
-0.528250344580889
-0.6504618981654183
-0.6381458203674001
-0.5661184591515203
-0.6898870725813127
-0.8788064444092017
-0.8145564203896378
-0.6708325073721015
-0.4776997527002108
-0.2763087302855734
-0.3212905748337147
-0.4321998243945374
-0.3213651119767468
-0.1846815262139017
-0.11228751098985852
0.21696769464959495
0.338771908014937
0.5266287237225862
0.5167870402684083
0.5056705893511279
0.5161895590554737
0.13380223787882067
-0.1290301155031024
-0.0017463207031168124
0.08285081972389052
0.07435542256833491
-0.14414298063972739
-0.01605630406979308
-0.07682599872270557
-0.3356982317763131
-0.36479515880257735
-0.1984083737967553
-0.12413562263956265
0.21405368628904928
0.5764579567957391
0.7395220227578694
0.720198828577487
0.684145839370529
0.5977104019464039
0.2740481364137645
0.3671905007049942
0.12372332479454651
-0.29756153785898637
-0.4996226552596252
-0.37091013217983404
-0.3829049045792466
-0.6651056359970907
-0.6577029171978187
-0.5609923862693073
-0.32316377048236095
-0.2077532875486128
-0.12083876812683084
-0.18655935558083395
-0.2619494816956251
-0.5190380737702303
-0.5738268013195313
-0.4818913302629302
-0.5217833353067942
-0.4112582522625912
-0.3884586878618333
-0.2613064846568641
-0.32282362739824016
-0.14739229886345814
0.14400924677213106
0.3364589309000989
0.8542408419991968
1.542929604780696
1.9197746705635268
