2.0995060352264914
1.7437740841273117
1.2496920629146002
0.6075256774880095
0.3331759387376564
0.24945008591000203
0.16904169046884346
0.017638923111613962
-0.17967281635624485
-0.1072998916467243
-0.03717713543542332
-0.13180908683624218
-0.1079936975059109
0.12133274098485589
0.2866278801304677
0.4064608307641078
0.4272126809196258
0.3341364038839108
0.13459402271406284
-0.1379179365073879
-0.10736479743746041
-0.4480933877389866
-0.49439014004120035
-0.26871950572094333
-0.3258623049281238
-0.5105163354571853
-0.3864554644529804
-0.3633242163677302
-0.41808375562843575
-0.40141053907611696
-0.14450476152874542
0.00288359983371295
-0.004412601340933558
0.37020531345972923
0.5996669839662835
0.5951699662469717
0.46981653693710107
0.2989802359063106
0.14949722786394426
-0.25298615111667533
-0.5588347805345999
-0.6358182740636215
-0.5147482318559322
-0.28162058263897816
-0.19022566956403625
0.036928350848091485
0.0727010692605065
0.07462260055113064
0.010122945010325337
-0.19721995738761858
-0.5509740738019104
-0.7131429399214504
-0.624528300917663
-0.6395555518273965
-0.6985046822091755
-0.7084744584561574
-0.6205236685118498
-0.38514992277681875
-0.2167898554485915
-0.09749020963326895
-0.16256752005789557
-0.19302796859821736
-0.5127668793851717
-0.5515698486132316
-0.6888975455849635
-0.7337215948924946
-0.6354816924912442
-0.32492334769693143
-0.49047158639068356
-0.43260621459281867
-0.0013743383598428824
0.13613795241418675
0.0881680864168007
0.0932128360566103
0.27074956773779524
-0.001110356453783287
-0.21960230433099798
-0.3090961895586724
-0.2085243850357531
-0.408242213407459
-0.381040678203519
0.022020010801377395
0.22274602463194262
0.3392713768660484
0.34462054595173863
0.2082646775132758
0.37237946130021476
0.39325883173485693
0.1736228425031768
-0.07711790136418153
0.02290162234176454
-0.14646004673790772
-0.17228418664323086
0.07262717613547864
0.31322933887062904
0.20907039700228192
0.14687665810516068
0.18402166526044542
0.2499503318662975
0.03586099853666616
0.05279848021850826
0.18477448848975847
0.3120079930800821
0.4454233116502164
0.6435637486577552
0.6113701975518077
0.4842161304641408
0.09617083119114958
0.023276861871302346
-0.13037679946318803
-0.25069605915182785
-0.3861567234225017
-0.45174404618440106
-0.6481099127886418
-0.7091277954448713
-0.7457920423397192
-0.5151875966815723
-0.3040197363379139
-0.4415869319810973
-0.3917569254511175
-0.0975221086625255
-0.026831908961389483
0.07119532901696896
-0.08317000382593358
-0.035243840763222616
0.2069535306720608
0.3633281888104043
0.22615366469819223
-0.01071679929148251
-0.11452410939661549
0.020149940848704122
0.007028942561024734
-0.14570819580971203
0.11678122447028458
0.05722123575679484
-0.09122638716694714
-0.04819135070088923
0.124663302203711
0.021370271859516694
-0.1907355514733556
-0.11921048963288716
0.21150086911254984
0.40334195648169274
0.29778700926312845
0.17660598441837175
0.3689267334371232
0.13893085967953173
-0.09203591737038004
0.029677782093071134
0.02363422311102128
-0.0762325515179544
-0.2529022689300618
-0.2940678768149934
-0.4996002245591277
-0.586374226470793
-0.4712112300733211
-0.37737699887226606
-0.5196640502741681
-0.41803943580010283
-0.10808423217289423
-0.14053951646579999
-0.13594322851776175
-0.11033733762115377
-0.20216049733869995
-0.27477893687121413
-0.1633553474167228
-0.24997985134152617
-0.08539744310572613
-0.03848979990779172
-0.2782766074973407
-0.4976297253147476
-0.3434043574127179
-0.31572483784010125
-0.2565465586354755
-0.33089273040088163
-0.11222446839604838
0.08269404014195339
0.24230584716112552
0.23004993550826253
0.34163673037999776
0.34761648056941274
0.08550943568244898
-0.14019935803997322
-0.1175587788154118
-0.09976524109690747
-0.012116882575779144
0.22598671334838982
0.4173473467778062
0.531794742125461
0.35767465036735846
0.534608819211224
0.47072044545798847
0.3628095878905234
0.5507341415627901
0.5353997978736023
0.24892679790244374
0.2102732849402245
0.17346347179200156
-0.06068414312888846
-0.16259104456641651
-0.1052110244766785
-0.2359573679926649
-0.11944711801318177
-0.18056136313558235
0.041200395380254745
0.15855969472029405
0.058917048302475176
0.14600048296245857
0.24166557269140096
0.22270563135031055
0.14347476000105627
-0.14622410749419262
-0.13026484422258705
-0.3058557713571497
-0.38274428020434315
-0.1403403189253547
-0.04189337242568446
-0.37604581562096073
-0.477132228571627
-0.25668525966844397
-0.23702645656203683
-0.3716207701382872
-0.18618685216426958
-0.06869092375392193
0.09308559082062282
-0.06181924550356243
0.15988297430942092
0.3750851445021466
0.24731234054631993
0.019015965985358367
0.14115398283736627
0.19570011477348967
0.13554475036270366
0.007488476159981757
-0.04748666433857482
-0.05457297396520995
-0.14796580484906804
-0.1457666134398196
-0.13448087910504428
-0.23453227402904184
-0.48424078192042064
-0.44112792909415144
-0.20492309860383714
-0.0976766240004789
0.058844916344118245
0.28744787455586296
0.2773430806601088
0.11823308063667404
-0.15209204756770292
-0.20998377114450126
-0.5119308024369809
-0.692536902987169
-0.7585074158542202
-0.6237708719216399
-0.7235544926233202
-0.6417187241171995
-0.31953340665469193
-0.08267977242521715
0.33070078775092504
0.4561063337305483
0.5913229848807035
0.72568940249351
0.8881907556711929
0.6159981786378548
0.40743638669849097
0.056455764852441234
0.03973249204179445
-0.15456403489734494
-0.20755623204636267
-0.28985162850365753
-0.382514933786504
-0.30671126101352153
-0.3601722121340386
-0.3261325193138601
-0.044137946099986405
0.3140479668213349
0.3919364190611919
0.44934379889718684
0.4913979375975868
0.524327715151577
0.36952428536400816
0.06517735602236766
0.0696622748636008
-0.19865237179246914
-0.12105966912801472
-0.06435933308718272
-0.2664176176520528
-0.5162020177306458
-0.5060883682210224
-0.4747136240995278
-0.6631700615525429
-0.7378988912348889
-0.625330745837347
-0.5208973026873944
-0.2869076348479988
0.16699268498732162
0.5028374924899421
0.6942784148340577
0.6190809872091458
0.4585969476449404
0.2865641504363497
0.2975372298233538
0.4820734764968732
0.3867582460446493
0.11494174722701357
-0.029960544784032032
-0.07261979522221354
-0.3522642081811905
-0.5584025070907145
-0.5343530239317437
-0.3405963639972097
-0.3222219262979767
-0.26198996805018054
-0.07329624173733112
-0.12997242644927626
-0.4395000018737069
-0.5821425060759476
-0.7542736096404516
-0.8217261171557431
-0.7476009344170419
-0.4379065330092325
-0.2570416842124794
0.14433628212212785
0.3416395711261205
0.46649128342493296
0.48436583209206296
0.5466416421627971
0.44224202926366435
0.09250652388734511
0.015156491914660038
-0.04668937004688565
-0.24569817438929306
-0.2632428584467329
-0.1612925402437292
-0.3200685663931193
-0.3272135844407176
-0.46384205582583204
-0.5298313554975497
-0.6356457374005599
-0.59975250335738
-0.4182873379341871
-0.2141993040761323
-0.1678387177445308
-0.014060616558906279
0.09463582933721265
0.038063765613149704
0.21340441263959756
0.32232490442383316
0.15260370982276347
0.29457554833356153
0.4468922836171438
0.5136111447177087
0.4746125474134602
0.30611808724862916
0.28021037498582535
0.23304360272475186
-0.06907859025591795
-0.30285039770755806
-0.3364768700073505
-0.2194896660133872
-0.35931537500723987
-0.4699171942234477
-0.37610038229709447
-0.33243878969145224
-0.4139150030254364
-0.3500529642526597
-0.26482927189137545
-0.024085048248689265
-0.037075719168661356
-0.20354109277386526
-0.47039966880405254
-0.5533030667779837
-0.667589825902247
-0.559855231310565
-0.4016514697258632
-0.11811624742571789
0.0690974531620742
0.041259437760860024
-0.11368783856293793
-0.45009005572606053
-0.5627139139607257
-0.4830237572532157
-0.598236757210711
-0.7216807267964181
-0.588262491445004
-0.4049024353680315
-0.2907247814857083
-0.15630712330049734
0.0633917869015205
0.07053851984910889
0.13898276006521548
-0.06361253657408678
-0.3306760468018974
-0.4077137714923333
-0.2996478724251793
-0.27005931583548254
-0.04392132479309929
-0.07593623951097428
-0.09107311993168725
-0.1496963677314473
-0.20700209167152953
-0.2756798635116955
-0.42449784828100184
-0.34471199966914823
-0.4749473440058877
-0.4590035870785767
-0.28263790918932763
-0.3747133243509728
-0.5283299952177986
-0.4628375366226918
-0.1471940977512458
-0.12469818541771902
0.046517872453104944
0.036526920674158206
0.0814514062498608
0.37775831597758636
0.32402807653040316
0.19761598341225015
-0.01536060148721811
0.01964411476932071
-0.13114652482903694
-0.04975052410905542
0.14890128771037742
0.27657183683686726
0.13698230517720159
0.10782282981369264
0.1577397179130137
-0.19614123090992044
-0.2636710153812867
-0.10622986424197026
-0.03137282304674453
0.08408317477926132
0.2758024959048233
0.317362026219865
0.59789742489673
0.5159662857038645
0.46607968103264436
0.27565542233451495
-0.09531006843722412
-0.14960224925294946
-0.2581586893601749
-0.2554574619022812
-0.18870682083240858
0.002373917897380972
0.0239900973418489
-0.1304353701155262
-0.3379494661902902
-0.41234467411573794
-0.3058287287867414
-0.2906752032726162
-0.2928120840862986
-0.4821112687673651
-0.5410192386701494
-0.44957087859584566
-0.5344858549999091
-0.5185137589995077
-0.5264122389181313
-0.807745300233346
-1.0121990242587162
-1.0783094796635795
-1.0581187472574234
-0.9791574640448865
-0.8110051779643466
-0.4930455475073151
-0.25542229181713316
-0.09148795344745811
-0.050422743808745646
0.22164259005828973
0.232833291490295
0.08331357051064099
-0.04430004444271934
0.015500042021400618
0.1459701927910019
0.03867958118878133
-0.18687116615243352
-0.332611105902353
-0.39109263948889583
-0.4052468068340587
-0.22139916640637397
-0.09301620063056522
-0.160109811401753
-0.15592601930834019
-0.164552790418323
-0.37003375022888174
-0.4299705437803969
-0.584865837910819
-0.7971315458672981
-0.8868762468926759
-0.7394444051402371
-0.48088339896564253
-0.6027985768828051
-0.36662823516160864
-0.2089754667158232
-0.38630355664424626
-0.43765935722793997
-0.28492573760744583
-0.2899214613396804
-0.09264746658121599
0.04448057112549975
0.21819627633226454
0.295781290738995
0.43469425192666516
0.4195238827570167
0.2354894945454814
0.34486335104716065
0.08039179065638649
-0.29502447292232065
-0.3510931294369351
-0.504592498813845
-0.4815138557991128
-0.584047115901434
-0.40918397400904466
-0.0978255584530165
-0.022520718266000626
-0.17561449437385795
-0.2595587414903863
-0.03775702772732878
-0.12241201253667532
-0.12927913660489707
-0.06681878327496875
0.15845600879885996
0.0205826186509804
0.2538904376345095
0.46486042265978095
0.4611716012174866
0.5237735602427532
0.6923223842177273
0.6377219727993292
0.6154303210277613
0.5176250909471921
0.35426993025014575
0.20847377167165235
-0.08330790430946526
-0.1796011305395085
-0.020512949551818524
-0.24486612078066866
-0.1569196655595834
-0.01636047216197388
0.2665511136230095
0.3337757238079323
0.34354250712911705
0.5470770255064213
0.5798311003245186
0.3989973293961346
0.3671260652088468
0.25506635058585525
-0.1164196301002062
-0.27086264208868166
-0.217208979410323
-0.13292250753262605
0.11174063243039714
0.05087005489081963
0.3445571256792906
0.3921156294635645
0.3953476404835676
0.32679091645650155
0.4780436547689145
0.5808048614167616
0.48981124359342615
0.44033102920144807
0.468381574980257
0.5364969694196456
0.5086405536323095
0.5508315177517198
0.37318665330800344
0.18734119334500277
0.09817768861371168
0.15936054674537814
-0.07491861792334308
0.062199076135197796
0.2725768208556315
0.42791359446035176
0.46106540587274575
0.4974259714690714
0.3972622740950461
0.1919784648292917
-0.031708872894840895
-0.35180023905122876
-0.650875767094132
-0.8031662581185938
-0.8404164351945801
-0.6559246895018143
-0.38617124129610986
-0.3789670705852166
-0.1160050466736931
-0.009017523869240405
0.17175336202238803
0.36638323727917466
0.524281537666185
0.34745583316449635
0.1622149029559393
-0.01694436060321013
0.0325030318643857
0.0005216250743059201
-0.09355394482481662
-0.25413042168683153
-0.20445624836011822
0.011370425983100384
0.09587265382976017
0.16739048355046812
0.1314573262057154
-0.037651624058421714
-0.1886298935548574
-0.2699446079612338
-0.14550980345980263
-0.018638345097799727
-0.07725152993693517
-0.17802847368746455
-0.025136504195944806
-0.14515096673331096
-0.40828628058912064
-0.5691801941918626
-0.652750292388042
-0.6188480274417347
-0.38614306911365487
-0.030317004536056038
0.06374096274433896
0.20332884850172334
0.24132646405192515
0.09904909992871705
-0.12459147132532054
-0.21111722041351683
-0.5563451389165879
-0.7001247100762407
-0.6120164651596047
-0.3359105268196547
-0.47835096516578623
-0.3505632535853282
-0.11359951124265527
-0.02656477407192059
0.13916578913958122
0.24952974571759992
0.2526441678105985
-0.05525939059641502
-0.05217965531870167
-0.00958625980472845
0.14147087233284858
0.08947517352929417
0.5576584149558221
1.0806528445677783
1.623403713568184
1.5855053302471358
