1.804989923118544
1.5078077341392166
1.2727365685921694
0.8267810025283521
0.5267453668415375
0.263047425336015
0.05890794655951979
0.12163072137190357
-0.023271601460961022
-0.009953621616127265
-0.024637176559835272
0.221053884397877
0.48748453932906965
0.6611741114068058
0.7297954762653528
0.7252901425106956
0.6713607939664433
-0.07019331093403132
0.3054024925482847
0.332614310305689
0.5354536489380342
0.4772822378614537
0.49161231489744983
0.6832239398527722
0.5842421470821821
0.49234211644140535
0.2207349402378872
0.2693091379976488
0.11078736195947636
-0.1764712957930605
-0.21629220643652244
-0.37211136474969175
-0.18954585484517766
-0.44910997308451306
-0.5419145335350686
-0.2767117293258111
-0.19276488840609438
-0.3308050553558937
-0.25156443309566817
-0.04026332936526203
-0.01335524798258439
0.001118522727963489
-0.1261194425523606
-0.2088272417002355
-0.12420390151809708
-0.19360556172008725
-0.17986089866813712
-0.39080992757497046
-0.30458551439280557
-0.18400633024160493
-0.33053544336094065
-0.16263029742267224
0.03747707753526069
0.4652642295243791
0.3742793771437931
-0.3059368582417185
0.24165811659728903
0.4177351305018226
0.1460601847242479
-0.01899560855889846
0.0053196136562699645
0.15052541809064868
0.15230487945258078
0.09041159529178112
-0.012578407282597062
0.016930924694950444
-0.3158011188192957
-0.3814120928868821
-0.4356009153591852
-0.27406119908807275
-0.24727054063678455
-0.30059527145817233
-0.13096603101009327
-0.07334943482376292
0.21486457503364914
0.4293116639348073
0.5139426608462709
0.3935393646770314
0.3984492067130962
0.26846955372088743
-0.041379661766066986
-0.0005897745467803421
0.14986863457799127
-0.04145173727767495
0.016115205472101945
0.01957488098406621
-0.14524763531621707
-0.33680906774414643
-0.4866749272685879
-0.48207899932107273
-0.4080359464696336
-0.5270990532716013
-0.6808631472312361
-0.6268093308269646
-0.47075345349573994
-0.18984733557523883
0.02747897289427683
-0.40258537852176074
0.33462051814585153
0.47075621498082315
0.2022731176779786
0.17197317786171917
-0.10282969204873481
-0.21570062320551892
-0.18606225975680152
0.058301173110102175
-0.004990288458397573
-0.06469317392696912
0.1401442350646296
0.2093130116561011
-0.03569978497917067
0.042802900579081295
0.08672787513959199
-0.1977895004780535
-0.14003311336878224
-0.08150646056704139
0.0746903780243447
-0.03254506987175736
0.21275879462033218
0.4996179467423425
0.4139397420924642
-0.2783852038460581
0.22166724618536587
0.21243997771938838
0.2439502420995602
0.23049323204851724
-0.03638384141119026
-0.04454124146354799
0.3055929177521245
0.4179580393568454
0.4821899426668162
0.41696479063015623
0.5381094004797665
0.4659388027821226
0.4762440671401945
0.2147826827907171
-0.08427833786853672
-0.18593575647691668
-0.13388121601372152
-0.2036966688237411
-0.0632834003438028
0.022032663367568386
-0.07732223565529776
0.014307401990477786
-0.2032544739998445
-0.22991539684587803
0.04758072585174347
0.14200773491778987
0.11713411349874861
0.4430732401716148
0.678145276285843
0.4737163731246807
-0.16031851300017438
0.6015285984843813
0.8145082201787672
0.524846357796296
0.6885961609651037
0.6722692497771545
0.5116965972447326
0.31801400706525956
0.028921417728362056
-0.00775957778510167
-0.2590083993183464
-0.34920742636006025
-0.4971503635929805
-0.4247684568277082
-0.14300384604128769
-0.20408105336052204
-0.36405786409846064
-0.42219713555617266
-0.4097710202422544
-0.36612977150700926
-0.11085852361317362
0.10381421486155394
0.6527186276198111
0.8953838322966599
1.1818703898190293
1.3732772519000895
1.2485435375970488
0.3777711726729037
0.9081712134226467
0.8455827159497172
0.6552228562577425
0.24095113209078245
-0.04918991017713703
-0.3254227575060932
-0.4371683985167809
-0.3884291676554106
-0.006369894980332983
-0.03682877328155634
-0.20594977313295917
0.06798024867254163
0.02382814501004847
-0.1807297013404022
-0.1866324260985003
-0.23737685639844275
-0.20568312089141044
-0.16927965240481918
0.2372153403802737
0.502382362752633
0.4810949818281352
0.38460006355658405
0.3246426154756923
0.1349096997150331
0.18613381796744924
0.25563169163023547
0.08630981708190301
-0.23943227646709755
-0.2537434191746904
-0.364829911303683
-0.37004412698772987
-0.255189108499454
0.25178288364447515
0.6472258938529897
0.693363890511131
0.6203288258263385
0.6344404631811942
0.6890897663452966
0.42893680955281
0.16677800761461709
0.2901727961623942
0.2767685463181081
0.09783139399897642
0.25598406152474046
0.76156672664781
1.1009733461082016
1.224375287072338
1.2423835150470945
2.4930468788575135
2.353010266363062
