1.8983098602218644
1.4895057954403579
1.09159516870347
0.8611365946748238
0.7867590930491095
0.4266246360701603
0.4328893844011006
0.6754318721916261
0.802150888179027
0.7800231481326667
0.8111029195845493
0.8958259385458868
0.8973533106945214
0.7288081291990912
0.5938651939019636
0.4799430253163175
0.08217077746770551
-0.028012071456812875
0.3176548790672741
0.48394306071235277
0.3922126585541918
0.29256773527826324
-0.04689878606246183
0.02231087695747368
-0.03248035239204168
-0.24128374574705366
-0.28231227483867055
-0.18760066614855858
-0.2863855084015351
-0.3694817122876029
-0.04863500836792092
0.23342630329234848
0.1281853901749372
0.09037331511456581
0.4839775847043251
0.5778636665294213
0.5177605025763529
0.4537961457335428
0.5108530251273256
0.1951346396171444
-0.20148472642579898
-0.36223894168709686
-0.5481768782352233
-0.5518344849289532
-0.3281853215601852
-0.24674652864474475
-0.25926280579392486
-0.2572059333730655
-0.2497834131067808
-0.3841573377136313
-0.4382858216190474
-0.28484301875204343
-0.2273036464243067
-0.3958785839388011
-0.268437699416312
-0.05721647221823051
-0.24920120781753796
-0.07410409090332547
0.06194039314607862
0.042277436358366526
0.10328520792738334
0.4161493840520572
0.3838488999808402
0.1818428859541765
0.19695800305687022
-0.05780729265209012
-0.3767075895724512
-0.47022122823998114
-0.27072026764408536
-0.2979154467560986
-0.14099445769390936
-0.036046757112691355
0.07552479871744151
-0.2451947958944861
-0.2919330826145628
0.0473257455852129
-0.07864370491819796
-0.4008847856959919
-0.4998956601556211
-0.3225937777829494
-0.2894419957015954
-0.43452652972054906
-0.5392254908592782
-0.6608329942616091
-0.7295741110250485
-0.664997363189746
-0.5393272882483426
-0.4072081473476531
-0.18911690622993094
-0.00035558915300421966
-0.15961876936270034
0.09541306019199725
0.3179485509567808
0.2131907245612545
0.22199674162737473
0.23050450380812618
0.11504333814373692
0.02079410903797676
0.26061555465794245
0.2847541390903016
0.05633246177688531
0.04550740716443143
0.25336239090063256
0.24340571350999815
0.4452667566929622
0.5509883848693266
0.6537673110908677
0.7014852883584126
0.7790757029848103
0.6580849544400224
0.37721457169889816
0.5045091000317834
0.6476065766126561
0.39289955860118747
0.1351291535707037
0.40026109459157877
0.5999911316897064
0.6940755208836114
1.1413964740367974
1.729505344452037
