2.3266817419779757
1.7326240182980586
0.8714024998521314
0.3821948221108653
0.07374136977743126
-0.22522385570971035
-0.4620835028711133
-0.5393220306993542
-0.5238275743854025
-0.3153687267063088
-0.16910610230893522
0.2010003611142042
0.19688137739813188
0.37517259175375356
0.4678766293996303
0.345039432406211
-0.1186082031625322
-0.13667016081686634
0.016007665992869288
-0.303294568413211
-0.3836124050327708
-0.16340612441537655
-0.308663238163858
-0.42898071273313165
-0.37212626416143657
-0.026668321077479497
-0.030814115438538025
-0.08181026198298565
0.032179381760357714
-0.044302264829120835
-0.3088895741421375
-0.42736677937252976
-0.28430155121476614
-0.27725259704847866
-0.5183105115999606
-0.5127687574832449
-0.37899705835586495
-0.4542737816613389
-0.3745478641090279
-0.5172616997655105
-0.5537821393064144
-0.448972374906689
-0.3795549693880903
-0.1553548204176343
-0.18712793415392528
-0.055828532032109496
-0.09086605519263068
-0.21257114726727835
-0.4609947049997595
-0.5428960754682983
-0.6326323932317371
-0.5677246494960888
-0.6153580620017882
-0.7026423167981183
-0.8434321046432913
-0.8715059636776298
-0.7641072447190861
-0.5824492519633376
-0.6450516688218151
-0.5635758819252072
-0.2805610849313959
-0.34355749481957853
-0.38309944806901325
-0.08775266142822673
-0.07251783680116239
-0.07229646237118673
-0.22098974808159125
-0.22881067838806146
-0.28938894483502076
-0.5997074650483641
-0.6839461921426058
-0.6966109532110362
-0.8678105635071918
-0.8405175198076508
-0.6869235627201562
-0.38533598909652705
-0.23867507668085203
-0.09848500981311265
-0.10804796508875619
-0.23079658816544804
-0.12008820843451828
-0.22527004081736884
-0.17424567924560752
0.06067506454013624
0.2499698847021693
0.3828575702335723
0.525587487499888
0.40018642754449646
0.19423002415474533
0.028397989160866333
-0.17056859845905306
-0.39566447627584295
-0.403879094823627
-0.33199819034511685
-0.4009533041368826
-0.16786679249307576
-0.27804838733634757
-0.09970287408545699
0.13043664672185887
0.09947385163865698
-0.060919046045389474
-0.1336961868013972
-0.18110248710699994
-0.46207597939713463
-0.33807469000128537
-0.13107505201031072
-0.32073004015585965
-0.28228592893466714
-0.008570948823909895
0.12788473824246072
-0.0821756524657659
0.04606661671740544
0.05796124190466859
-0.14770117449497625
-0.14823236154214675
0.04097078203137959
0.06721283299607826
-0.18319679180764512
-0.1398403005313988
-0.22615009505678937
-0.17082587622650658
-0.22377108867405104
-0.3166599874658021
-0.19531082529467625
0.08921825797352806
0.14844502372182508
0.10332418262800175
0.05047815740200515
-0.2541788631930158
-0.3552597984443516
-0.5627247054801237
-0.5714327872747255
-0.7241056570328788
-0.7475521562790888
-0.8032500624035959
-0.6930307878607846
-0.46157122767533965
-0.10551576265615437
-0.003115370673832542
-0.1181538580814512
-0.09929205605620062
-0.17008605437501803
0.016085944877395647
-0.00907553942735277
0.21915422911422544
0.24877644625802067
0.1787694737068019
-0.12430462875403091
-0.16287831146386034
0.025235980230095014
-0.01572685952874246
-0.3317131720891366
-0.2475981534529207
-0.25223100977527385
-0.320126884415872
-0.16626234273605844
0.20189622465707788
0.18976858319900816
0.08153660018258618
0.3451544648206403
0.24987627083276412
-0.024737529203889545
0.019452539251559667
-0.31691171431399257
-0.5069480398893623
-0.5446335090159847
-0.3214325185255803
-0.330572457316045
-0.2670734863835658
-0.15362568538809923
0.06154675532513758
0.028688168299489728
-0.08257450264166707
0.05349726631642426
0.1547927408459505
0.45949092245270995
0.48396379651265936
0.47854328971692817
0.44402586767610325
0.3947443600026577
0.06855313735848369
0.03626365606688597
0.39935198584296755
0.5819759672349271
0.9373141032495922
1.3971741674132545
2.0544079261332326
