1.8760228704606146
1.3741641277246035
0.7919438685170641
0.46471077546286554
0.48430392719577375
0.22651839130646953
0.0596574839715019
0.20464988354849262
-0.08754907543920892
-0.16577475803796585
-0.20057767066296062
-0.2620336352306701
-0.4412370892507577
-0.5367453620943945
-0.32714708278106097
-0.29448027643313907
-0.3683410224659519
-0.254062199837153
-0.05798062199491125
0.09346738068318668
0.16562497155957637
0.2637608608491977
0.03500935025140827
-0.017959299303924765
-0.042502798650215216
-0.21207271311782291
-0.2645390256839433
-0.08685652099681433
-0.08322850780521705
-0.18264108417587568
0.0676776852393873
0.00877483652318353
0.110278710002076
0.4603298776819866
0.7312398209558918
0.8482092884786817
0.8561100184146351
0.8793928705837027
0.774457269775124
0.5504685972635239
0.186874576085671
0.06915217759058052
0.08726149855880257
-0.03020142044871579
0.06652236662762696
-0.020944431026362446
-0.15100015735742464
0.043715480057178034
0.15099899487865967
0.15757045739872505
-0.03667910819705052
0.057367150592077705
0.0501171275286859
-0.03736404603143299
-0.12503059278592815
-0.24465363880156427
-0.5719463700782381
-0.6549168362058441
-0.46118247869353707
-0.5455234800782023
-0.4562744552722583
-0.25891224498564047
0.05473270913234922
0.33318286727991864
0.3166676828257016
0.2991489818119067
0.16688198429321469
-0.16562072821150473
-0.6266503705709238
-0.7827968582866716
-0.8645932962025737
-0.9731978513542898
-0.7498790889646906
-0.34253607417872345
-0.37286781325913587
-0.4325217493780143
-0.12521168037849445
-0.2759576734294835
-0.429107407544051
-0.47871037556175167
-0.10134163892037068
0.08695741701432845
-0.1833801187080799
-0.13672044977516667
0.22474866307660948
0.29461252107259805
0.5881796945970688
1.1907162355447733
1.78925412561515
2.242590016887036
