2.3914192490189876
1.822130249899095
1.1380624058685598
0.7324493733028693
0.19594702901603367
-0.02830356556267455
-0.24195580457357244
-0.18235189068286237
0.09776510199888973
0.3556102216664373
0.5075067844757148
0.5788762664842166
0.4842814921356062
0.4517603896225574
0.5121970614296769
0.41516118238669963
0.09997798724628577
0.1729232244463533
0.2723634875317252
0.3361835504585635
0.2122474915160254
0.13952292632417745
0.12811201518757284
-0.06775423956187124
-0.11100593547415842
-0.12990429922872498
-0.05287153200935958
-0.3412163208455849
-0.32838176025837956
-0.26026605752129456
-0.35438680092633196
-0.17303296993911385
-0.10364239630735433
0.21534909230341087
0.47364325371273336
0.23097886450192617
-0.664935983256336
-0.30312197267624447
-0.3341902847610589
-0.5306112754520201
-0.5835338762650953
-0.3662231060497553
-0.24017837800881067
-0.18978767465171129
-0.062162758111907745
-0.030675906650702998
0.25700110093847456
0.302722617451258
0.33653006883754055
0.5381881543137172
0.5338075106400529
0.3703883108428514
0.1175607448347435
-0.17289805224894408
-0.5509326088804792
-0.6813717424329153
-0.626298152582518
-0.28931389820427883
-0.14393915442433086
0.24829431071053162
0.5163991508429521
0.6134976883389341
0.6862581685216808
0.6844387567620756
0.5027639610950687
-0.053019465753616456
0.6504287110070098
0.5006773211471077
0.4511301844599454
0.26366047104473994
0.2353841948973183
0.2691801908200085
0.36302143257173913
0.2367713040401335
0.08542060494438193
0.15355221505181066
0.04243614716965102
-0.08260255354647082
-0.028017085527487225
-0.19825699254980728
-0.3415055403480467
-0.20128727951877232
-0.25426822463717064
-0.23777594712868394
-0.33826860822967125
-0.4496054847671295
-0.6709470616652321
-0.6237774429356021
-0.35714903943506143
-0.41364451774650546
-0.3535851709010732
-0.03926554985602493
0.10077211638666042
0.29018610603114137
0.3263054628893895
0.41162926094184815
0.36549168499749524
0.21010543596756065
0.3508234644914971
0.2363396235854904
0.4376287326110055
0.5375889903388973
0.5550326743208734
0.3890251481315857
0.24554453477772714
0.1299729076178856
-0.05020486251611806
0.0351193656526296
-0.050762923902024026
0.028370254271896697
-0.12459602736553077
-0.37931827024660525
-0.3443585172964658
-0.31965484622105206
-0.43565955630520586
-0.5516875820694225
-0.46895121197177164
-0.15897792554508997
0.020201381415792197
-0.09542588033151819
-0.21253315448239107
-0.44754346663106265
-0.42310826816540104
-0.5453119476499426
-0.4769697940560147
-0.14768569485383748
-0.1798402272480934
-0.3110779375978657
0.006149631499981759
0.02648115213332471
0.23748565567445276
0.28949182873735346
0.38186787473440975
0.4048622143130148
0.32599609402318147
0.36822944266823004
0.3568794126909885
0.1718207509053589
0.0355098238844966
-0.11282581329569674
-0.5137515446314155
-0.7508485826667853
-0.6856259599116881
-0.4992401310425063
-0.43780741293675
-0.35141277694987355
-0.4226683247359387
-0.30961059945132763
-0.18037400547568
-0.23965090293066763
-0.12783583216300465
0.19576640860586741
0.4378189562034352
0.4456793947218259
0.6448602139483599
1.163183737206608
1.3214150743873323
0.9165677851912396
2.0024360701210737
2.5271435422472233
2.765100928265612
