2.7449240252956733
2.297795931345221
1.7184865929613045
1.0006287919018622
0.4420650503103932
-0.2468477917994709
-0.6315364686240902
-0.8268135239042476
-0.9068385865265839
-0.7627154057798404
-0.6369978114679985
-0.4530459553513148
-0.10888442229003553
0.14780109823899218
0.26946628238703535
0.10263392593462935
-0.09540571284627049
-0.021718495311580585
-0.021788949168492333
-0.15181249294026725
-0.09754631400765289
0.0036260126847801914
-0.08390926245984953
-0.20762398970336415
0.09263244127791737
0.09181792913232543
0.0005781351895928512
0.2842818280924522
0.355216290777855
0.22180093777524756
-0.17943559586745506
-0.26292597847396976
-0.2119470810040179
-0.3506804408891406
-0.5031258241692698
-0.4691435293911394
-0.22691249360167953
-0.06917243268960294
-0.007515656948236937
-0.07198319433838171
-0.1749691734228011
0.09982900905530032
0.4621289843135409
0.4563900958269793
0.38113431480330845
0.47707822612391293
0.6073472030420384
0.42012721313594786
0.14144441436477403
0.1314879636369088
0.12618944125531087
-0.1481764127171845
-0.2536548699295441
-0.39635430929932713
-0.16658703285007231
-0.17581116656275686
-0.19740454506211416
-0.05304424641850432
0.16249197452605796
0.2577106438204339
0.4495610749090582
0.6011224846335694
0.3907478644776508
0.10683418201891867
0.1765478655972239
0.11504009861189657
0.05382035552300391
-0.021067313658710538
-0.1731659397065293
-0.43310959624348794
-0.48794355373943804
-0.4472810405535403
-0.6127823879437654
-0.5388275053868071
-0.7188368111543938
-0.7667554895667136
-0.6941347044087531
-0.5117916861000149
-0.09052050689100881
-0.007475563232410839
-0.2050331729769772
-0.17310684278797525
0.20321263793696367
0.17832804989720705
-0.026717886882122597
0.1474969883252166
0.2613999679729713
0.06725179013826145
-0.2418409575469098
-0.13284265684808083
-0.07426715580573241
-0.37504420783167497
-0.6369594261166488
-0.6424801207816412
-0.6898075962644602
-0.6005094914028765
-0.43328573172006146
-0.48689610840323577
-0.29797314191933283
-0.2598474127528597
-0.25516678255988484
0.013518576263225387
0.23020818582885744
0.17725704401293255
0.04768114976444331
0.16989878397207053
0.2607967725188562
0.3377814714485795
0.20422563255780776
0.11198718336181784
0.08033271265905255
0.06831142152082922
-0.1250717098488302
-0.22710272409953133
-0.4865086282491394
-0.7957557530908805
-0.8109833528132464
-0.8812457412404576
-0.8761820895241798
-0.8518653250677465
-0.6181927573742353
-0.5326098625478725
-0.6011013151516493
-0.4524014005436096
-0.3379117786312906
-0.08348081328261102
0.1389379106244602
0.4118101508189168
0.5141809226496228
0.5564252142123303
0.5818457747636188
0.3926051605804166
0.4754489473998449
0.44041552233378506
0.31483358946418916
-0.027390674522769613
-0.22903384348189992
-0.0967656499066951
-0.1534591695792377
-0.03059182038437186
0.09197969639130398
0.2629506050393132
0.00716004358336306
-0.15027352205230948
0.07298682328808173
-0.055881666981802476
-0.330420128162776
-0.32842524387803934
-0.4093561789860808
-0.6472564661473179
-0.6674661299705088
-0.5450406151026743
-0.4792704313814297
-0.41272495381081775
-0.025320520667767438
0.005365219376027331
-0.09204172345556602
-0.14017722177687125
-0.10487651150260087
-0.3183585286530008
-0.2061579086041982
-0.09268339929898177
-0.13481574514353092
0.08462315767828169
0.37806917537465823
0.6695154920714589
0.857042707241574
0.7804653284181294
0.829404694398081
0.8777637314754666
0.6822230288173488
0.4730118390989377
0.3767034023009999
-0.07106847115071346
-0.39106169622434034
-0.4911302205711054
-0.7490394751700811
-0.8377750252569527
-0.7381282866223965
-0.3785018777832583
-0.4025591880841882
-0.4356278486063714
-0.19110953349990425
0.1545707234954694
0.18992802609861523
0.07683971143448269
-0.06090728699233987
-0.051172342684103936
0.21061851570064968
0.31555105928112415
0.015675144912163163
-0.22490167804127476
-0.14979236515137717
-0.47975354374115275
-0.5605392987182793
-0.6090833544220424
-0.5520423334447807
-0.37344760523466486
-0.26810482503955113
0.0592426669728186
0.015055659066208859
0.03258606229672784
-0.06560764598117105
-0.34718689690362786
-0.39986944837709615
-0.3971284477290852
-0.3580269908381094
-0.3793882112743261
-0.4929648893666159
-0.29585432070216405
-0.15515289667827
-0.3090986133260614
-0.4150123543922207
-0.41935423075144346
-0.7044647811294946
-0.903316043516168
-0.8899778018064892
-0.7231822825592824
-0.6956031671219969
-0.5329153360894804
-0.07166433465795406
0.09692685560488146
0.004728874560603248
0.0046275903523761595
0.19007709803372544
0.29016468507738985
0.07430775062245153
-0.11398882867070138
-0.09823349582825582
0.11292635581201875
0.12285593633106259
0.1891485106343125
0.21948741458062526
0.3926079826169581
0.385024540484485
0.48821087632588855
0.4006715947926275
0.2629750010382742
0.37045001327983046
0.16775308059086264
0.30820602692179433
0.42746255292983304
0.2978947199787082
0.3772539657876126
0.30479681790905716
0.019296450237641725
-0.15736105693793545
-0.461143127976722
-0.6496166937462291
-0.6775653935007176
-0.4749903001978797
-0.46458982685123545
-0.4625536867832898
-0.3690469441850107
-0.2438206253167075
0.1742425072595862
0.23717984318775304
0.1368012659784186
0.3066343450908971
0.313541857859715
0.23094315622948244
0.1386479833374655
0.28757148687734213
0.08731970853993973
0.12183733423851731
0.3307738019318206
0.5285970763450868
0.5610183135673691
0.36683513823609853
0.2698756606641548
0.033121138111091804
0.022658415585784276
0.010294333734517937
-0.04102242470223458
0.17030778439148864
0.28401140343194803
0.2429455398997505
-0.05136982471740758
-0.2780206972939147
-0.41644431572358165
-0.3544002034700319
-0.3181302724245643
-0.3292621889145137
-0.17238526940148574
0.019579864193420893
0.13147350930554674
0.3385597517470965
0.40907720868069525
0.45990510579819754
0.4458662461314232
0.35586745999083613
0.20991917971262924
0.0006372327637781869
-0.11970568123726531
-0.1592785950228086
-0.45536797383835015
-0.4956844582645661
-0.2771857339677656
-0.2785362508404619
-0.44642607866355916
-0.3412346862759885
-0.33081726231669173
-0.2599245734057103
-0.21961584657994174
-0.30567960752747597
-0.14034845273450455
-0.08245610469179451
0.03619248564352064
0.12674048243760477
0.3628060895667742
0.909782344267181
1.5118997571056079
1.9703477290569533
