2.48627158154743
1.9473893343983557
1.2606531880861211
0.5876759452682168
0.3820552546448709
-0.16232979628881425
-0.4204527131872565
-0.26732471858751794
0.11375189525556247
0.15068935255081461
0.31704922004494607
0.5367715071428649
0.6878830763825303
0.4870657467834843
0.2855839880727712
0.3181355681726068
0.13372392622732923
0.15661250911364433
0.11431022015289793
-0.03403872969098196
-0.06458345150393527
-0.2461803447339328
-0.2510358302577421
-0.3513363711026676
-0.5275498024930814
-0.8355262535438847
-0.9692793347806493
-0.9725980465555828
-0.9973418888497548
-0.9479409382962762
-0.872451520032176
-0.5647886350002626
-0.17440288593447476
-0.12472437039984216
-0.27487198944742536
-0.23079692789752537
-0.2984089339147448
-0.1934902715635802
-0.3425229089575475
-0.20999671583356322
-0.11101579478486216
0.002959385029733897
0.2074564771170062
0.2679814548196427
0.5170491432675466
0.4743479905421363
0.364685823353047
0.33088397944721365
0.43490973896951923
0.1481226359775478
-0.0576369537031745
0.10126762824300971
0.16146227392070908
0.017744803141563487
0.07108206271386802
0.3667365992008971
0.49124900259224624
0.3223748875172977
0.08403983543349249
-0.322968854685395
-0.43819127857019224
-0.6628921667606346
-0.7086657926770349
-0.6215452939637217
-0.5073425894581218
-0.3209640544579176
-0.1697693774333412
0.029750405990525527
-0.04973509830582938
0.08099802458521083
0.2744694416753231
0.4115723301293961
0.41347180124302174
0.44934522708419844
0.365042334465862
0.08014678551894686
0.27045036318691124
0.16811355610408077
-0.28996138062972454
-0.3543712774542482
-0.10416011789854629
-0.24419620561845248
-0.29730936824866655
-0.20870051732517328
-0.06778739636249151
0.07562582782412502
0.2537009869473415
0.24730541161384095
0.0018005005242202078
0.09633698229870952
0.17266352951498865
-0.07279826909147206
-0.039089595778362504
0.0528377301296268
0.07326254120663475
0.17641666079016208
0.3948564893107012
0.6126508470311517
0.44803113409678763
0.35383043007966003
0.30462204177727475
0.17895027729308066
-0.08154282359616485
-0.334977291910537
-0.3309241892541262
-0.6730152581292146
-0.7237803916558714
-0.5771131987958995
-0.4304365935910107
-0.616306375527707
-0.3869922657546288
-0.33466298115513926
-0.3743937518930957
-0.2600892701517041
0.19583717239182488
0.3292924721771508
0.2795240063465427
0.2524864008228928
0.31085837833595986
0.24877280391948886
0.08654224586379894
0.2887478375113776
0.45517591392881995
0.2799308202451596
0.05300548213467446
0.30518705055323875
0.3846322595647207
0.0864054047609034
-0.24112614930796877
-0.23161486546513518
-0.043945616601571535
-0.31821815229660866
-0.38360455607484667
-0.10340111581315875
-0.18202287052905877
-0.2217176193928
0.03781469673184757
0.15572297672393942
-0.0074058056024245275
-0.04942020182722555
0.18264559656675938
0.3963538874426682
0.4264934463660355
0.2797195525516815
0.4836530171963785
0.7240102019299203
0.6348174316046385
0.4125786566886215
0.6357476288633873
0.7007855361963301
0.5483376387556887
0.5079400963427373
0.5882010922322046
0.8130711234544583
0.7759303104888903
0.7507393043871688
0.5062063737531216
0.20693755666714234
0.14246892757158094
0.07768127406389942
-0.035110594789968544
-0.03790558267351165
-0.1779084906956093
0.06299916810143513
0.3778035180759629
0.38553799159439556
0.26941163438970445
0.1916445126497196
-0.1914406991761778
-0.2736926705373852
-0.3103511425976169
-0.17178874889481605
-0.05179085467131496
-0.10258148794431686
0.021966891988736786
-0.07590714571399153
-0.12137304712655775
-0.01208297973399141
0.018289071763082157
-0.28935090610911135
-0.4100791185950725
-0.6329330754030851
-0.6927942117063262
-0.5602677119375382
-0.635925099233595
-0.5862992387267039
-0.43959043157193045
-0.10596630388587039
0.022506292981425757
-0.12409176869752495
0.027652551078431627
0.09261419305932722
-0.1302471059276607
-0.2110151704632133
-0.3774226282827108
-0.21216811943507272
-0.06388584456997765
-0.33002336849540725
-0.42632331414674285
-0.17998402347110662
-0.2547137152779466
-0.5584792576924739
-0.5727953319925845
-0.49922375478806674
-0.6342953456370697
-0.6151429050688378
-0.28019919601363075
-0.13938180304012576
-0.1620220044980257
-0.21228324593565076
-0.14196661519102668
0.030812669872808444
0.20789438073919886
0.18048663924755048
-0.043297175864461065
0.10479796598200677
0.33426432736019157
0.37790243633931386
0.37423569615111585
0.6176509061173273
0.810572816643916
0.8046409320852624
0.7303353807745973
0.45446151346125685
0.09744952261301748
0.19616350372562974
0.018954915773925135
-0.004000186276026838
0.07344524748208328
0.5220033259523732
0.7521354291122226
0.9727709265845613
1.5912880385079036
2.2356788860947248
