2.252314116628207
1.9405534603542474
1.5129499019491972
1.075469896630875
0.7421228053189111
0.6502741635721178
0.3391943177326102
-0.025170507145364257
-0.28434657268750163
-0.31402805851925053
-0.29338248833414005
-0.583621858194612
-0.6018341138107393
-0.38223889887099494
-0.08906511823144665
-0.11013374826554609
-0.007546938250848575
0.10712309459210213
-0.06586442574564659
-0.28403385715745977
-0.1789199759792065
-0.17134645999814543
-0.0673426516541625
-0.032505248899786336
0.12033576645632683
0.17673409733057527
-0.04296443761142858
0.14950841103914517
0.09978567943738348
-0.25319546649330704
-0.39415671255202106
-0.219209319174201
-0.36149686186222446
-0.6302491147324614
-0.6594121994253608
-0.4243415107661761
-0.4044867313305734
-0.361973661383558
-0.06071901071675157
0.2402100378735122
0.21539645711939384
0.17222218386178414
0.15783464444070475
0.12295896418591573
-0.1500099384266793
-0.22659959821999134
0.009863612293796628
0.0007335229153361291
-0.21563567717723672
-0.31933534485148307
-0.3284295156057907
-0.1077727415879487
-0.17812244429832247
-0.23037316225965496
-0.12147637581106988
-0.15525789283227642
-0.316319212396549
-0.48472153464287143
-0.4156225901031209
-0.14488098933775898
-0.2031638912047678
-0.18517408872623964
0.054947071501967606
0.09826090067543918
0.08889208028014206
0.1065467506159378
-0.02504387262207038
-0.25739716671477975
-0.10652601117339554
-0.08818052973976687
-0.27302216808830404
-0.33479238098532255
-0.24517766500677554
-0.29618141507309004
-0.19643201117434492
-0.21658774510928377
-0.08783105884944847
-0.02472584817929129
0.0164134936127941
-0.07131199549175313
-0.3066424133120866
-0.30786197028809026
-0.3017420997786009
-0.19980414702633628
-0.27082457926803993
-0.33139940022955483
-0.15698890144234154
-0.2519719732947222
-0.014157846236915975
0.12329650443864332
0.22150516670561773
0.10217867708527387
0.33829192759683097
0.2913095031234824
0.4942454892767517
0.7115988217659563
0.7057056919732241
0.4961049402129849
0.4033959799386044
0.2700297996434059
0.2932536812875455
0.09977886699577289
0.2758421490381575
0.17169460560201796
-0.0505615196940095
0.0655459170126542
0.05894228815228296
-0.028820184090036272
0.044216102452521215
0.14174278207627788
0.17347442220361703
0.14051460774165445
-0.16922553213460434
-0.19772745202464115
0.07894412951268165
0.008527245307065662
0.25845902038493573
0.28911577074244177
0.4283550091179219
0.37395508883679096
0.24601721931804948
0.021949924221612398
-0.2150114901003178
-0.3545408439251442
-0.24586730454343783
-0.2520526868700839
0.07978095232902004
0.4432674794969628
0.4920500670748263
0.7059079378332036
0.9828906981579124
1.0307914075323301
1.0661224233680606
0.918830246491415
0.8654662619371629
0.5939101249390091
0.15857134047069918
-0.12812535986809662
-0.2573972949491094
-0.24693933732644663
-0.3515725860560866
-0.17699459975218196
-0.06447522526238637
0.08677170956586978
0.3835044609820333
0.5725273925651164
0.5239422667264786
0.5181108430209803
0.3679988131907275
0.203832115540518
0.29332528969224264
0.03962445086253081
0.11667365979345407
0.14519792902796594
-0.06096974486871478
0.09161911047530233
0.22139744875146947
0.0009913289526123036
-0.39904139434864866
-0.5167353186945304
-0.46623565177951576
-0.5054712463769211
-0.8009016849035233
-0.7605910674799271
-0.5720287486812623
-0.4480289057474957
-0.31187444169554285
0.023992767106832884
0.35606288573047146
0.511524791320633
0.6261504395485776
0.735688949073614
0.7968716865570715
0.8576107782224495
0.756067418416593
0.6977333663878397
0.4692141294328472
0.21303089036321038
0.0183272249516535
0.19872646708688885
0.05656142677988555
0.01935536389026506
-0.037015722164529835
-0.07996949332190323
-0.09463352659558785
-0.38114010950799376
-0.5214028666763222
-0.46215379325744516
-0.26628490445992864
-0.2425829743317439
-0.336904268596476
-0.19651123963907752
0.08626666321228052
0.16017969454664213
-0.03932086431002928
0.00519151410257277
-0.12222896339772318
-0.06753629610281493
-0.1753835580304264
0.09919766765739604
0.21317349888620363
0.04813451071286539
0.3535460365361562
0.3150452970405514
0.0994723222088103
0.19760125966030884
0.42021245141386226
0.34904954885071526
0.38359769636838964
0.22358666930047336
0.21026604505712562
-0.07156235671355407
-0.28912714715621224
-0.403706059140743
-0.3552072176238666
-0.42565226744980683
-0.19610978713313607
-0.19484514080894053
-0.2639228660372045
-0.12449622283234447
-0.23341443113922503
-0.38220342358552367
-0.304525962609456
-0.18088490190982076
-0.2429871566376239
-0.19915244417302505
-0.08142113533345066
0.06304342482120522
0.17618907415578486
0.4316615750182167
0.5301548610352598
0.33819084095865
0.24839495576981305
0.11608594016247875
-0.14354426793135763
-0.42563381618167984
-0.428122053555593
-0.14240391318945336
-0.19568538577467898
-0.21981269255958472
-0.012924641477748102
0.006699715961240668
-0.06274035774591374
0.11519356970676035
0.2213882049765366
0.12889457575283925
0.1206780048271741
0.47276244081607105
0.431080515819012
0.5189378474627914
0.7406683861650474
0.9374463081988669
0.7760987416967252
1.1217253840561394
1.6528447978840857
1.7488034546223574
