2.0279397779936996
1.4951290743180166
1.1712443694918038
0.6447737307371841
0.1860519988243517
0.09401124019723117
-0.15616275054426385
-0.24552781800191123
0.034457092027515075
0.19703977205931048
0.10356438352621262
0.09160291601832561
-0.015686387518664014
0.06131399531963079
0.29609075356964626
0.3682879959352047
0.442547601762113
0.403313018934054
0.3963479448407924
0.32956739694590514
0.07188358060707176
-0.30894562502809636
-0.416743634854579
-0.6635896060792519
-0.8231497197187018
-0.7603598077969426
-0.5397170207465615
-0.48209682223701295
-0.06088170119554002
0.1291059784414418
0.14044522600932788
0.3162543797555278
0.30621521941483104
0.06423900629308031
-0.1622487316694679
-0.05937266935199342
-0.1170976733197841
-0.2107960696741006
-0.47659989113500023
-0.4068649378833023
-0.4020970964218816
-0.24121258077863764
-0.10247078014538079
0.08106915885744331
0.03414860665043899
-0.09219705459590316
-0.17594445930211122
-0.16984373118153082
-0.4794988436897552
-0.6008856794270626
-0.6539487912402496
-0.7216175536239787
-0.723271817822915
-0.6249696705944217
-0.4251583786558957
-0.18116625767927266
0.2673436949497137
0.3296743370813059
0.27620436267381177
0.5635018727831089
0.49139369455538157
0.253625380075727
0.06416734890313579
0.10938466778870755
-0.24265539898828062
-0.3912108448488728
-0.29748126197968905
-0.0042734609928360276
0.1498058950517281
0.19498252695868185
0.18701144933508268
0.15587084464147535
-0.17587289740766157
-0.3192755122670261
-0.13707287273888435
-0.05412615095689209
-0.28321677278731605
-0.5677353355465156
-0.5153358693534519
-0.5206815111989976
-0.7991754712617448
-0.7293098834566499
-0.39657025292455855
-0.22594173070646034
-0.31709734820169017
0.025543285560201683
0.3248479728762021
0.4463862333415722
0.3108980184537839
0.16030476756620526
0.47017600240200264
0.5168925051963216
0.5206486755860459
0.7054598506834492
0.8059733224575049
0.687616992927339
0.46996000944911814
0.3453844540047328
0.4092855687833181
0.18041268739451824
-0.06591457080435928
-0.04528614432924842
-0.37483952056903086
-0.4910815688147007
-0.2855858348716819
-0.293381987384211
-0.36198700221694624
-0.13940543767981928
-0.17790605266366777
-0.2649822834445587
-0.34211909606595514
-0.23675423803967455
-0.25997653421575956
-0.36873682248306433
-0.3628857152972518
-0.4261208129664502
-0.40620494546262814
-0.570791668072844
-0.35453311609962507
-0.5309078518779172
-0.40729437422794856
0.004957099909025619
0.1477985433360681
0.17140211992557272
0.32579992205150327
0.4691472421643064
0.35477794757710646
0.43578729262093985
0.5902356462950289
0.4914631084919974
0.4854557831081001
0.24956406938899733
0.08189845234953086
0.27041590538277477
0.2845034676736872
-0.048147234300436534
-0.09965295236478336
0.07341557321107978
0.17515631840286972
0.1572125807524031
0.33682812982067617
0.5117024472844706
0.41461074087700206
0.4611031553913723
0.49965974504854466
0.4171293143313555
0.6764183859259535
0.7339722870843177
0.6894285546039007
0.9228545331411718
1.111876844278012
1.625610971424708
2.0069123141728435
