2.5067004494262197
1.940301155213152
1.3671192381914379
0.9171285779718162
0.6168581621977363
0.4733112222035283
0.4139987572340227
0.42584132539961983
0.37027442234186503
0.08455941143090068
0.1532772259877918
0.2500950844832894
0.25768929007505803
0.5201499293275768
0.4338338121459121
0.3498433392089772
0.14972553499536198
-0.07661595639008555
-0.20252896709033918
-0.4980830101000991
-0.5358197609341229
-0.5939759473830395
-0.5472983464892373
-0.5052690171337464
-0.17191177088720613
0.10253183177911677
0.12746803054574202
0.20892356064546194
0.03578109667126957
0.101462572290024
0.058018919817956344
-0.10129225355386218
-0.22323205128007026
-0.2884627112114891
-0.28095103484482914
-0.5058163904929334
-0.6184651251008466
-0.4581619238381558
-0.1290815544301269
0.0742658444745028
0.10192169010522867
0.0931765689472735
0.19738898143083827
0.08322836686234929
-0.26689839171337093
-0.5033211698500987
-0.5240764415364464
-0.6085239101340678
-0.7302490483116804
-0.5840002981606383
-0.22026744187754407
-0.025052905555365695
0.06276041970801463
0.06940683420951213
-0.11170241515093003
-0.22290468810495825
-0.05420749014924133
0.11136315290782567
0.12193146892340337
-0.06151644447531597
0.1032434515890433
0.11135534331514355
0.013456582266430846
-0.10489709509971115
-0.1704921724746873
-0.3666058259994007
-0.2870926422817207
-0.1589266708292007
-0.2369870460665725
0.08871221370412581
0.3542656358732573
0.2496619566970223
0.0915096440698695
-0.13784484034055047
-0.47446131321650037
-0.5685074999221961
-0.5246250212325152
-0.48175544607711646
-0.47604601460345947
-0.127860598489164
-0.07637765542502889
-0.11046798282841208
0.15060691555333156
0.5051633801686041
0.6328922951862677
0.6087401073789241
0.507367962826017
0.3722903416249662
0.17050885552115452
-0.1658291822746493
-0.05239862208295183
-0.0905082639332327
-0.07050315052204309
-0.13841856046328632
-0.009126396730401514
0.005274894887703842
-0.1002710692151666
-0.248252195006856
-0.18289232528913282
-0.2316515871851792
-0.10038926471896023
-0.2047672319534789
-0.028959470772950434
0.02707382737006734
0.257625288103548
0.20559548579839165
0.4689156983164851
0.6926007731857876
0.6964632163438016
1.181696131018177
1.7810858096020854
1.955800005384334
