2.1400860928055976
1.4439596289114105
0.527588295544217
-0.04862538846213166
-0.3446509861434577
-0.4698172169876915
-0.4480475966049049
-0.45136152545047326
-0.43591351571535797
-0.22955699042850966
-0.1417076689417834
0.1875210909661818
0.24750231204438483
0.19444236161412992
0.0025115946429404594
-0.1728559988385077
-0.25985950361962995
-0.19087704555503288
0.028087935652230715
0.1275155170791381
0.29728537947308153
0.4395490271299493
0.5690273079058842
0.7367207533184942
0.7716083350242485
0.504973223339854
0.3085459103167246
0.3958447609078095
0.431192854666414
0.27367378860663094
0.34846988854830796
0.5120046086064453
0.560160573050898
0.6293783728646244
0.7111818042571318
0.7678023145768912
0.7976430234524727
0.6846589265778835
0.5737006470631241
0.4189423098505778
0.5221212435175923
0.33379319864423956
0.14358492076394924
-0.1913056229744605
-0.20613200585476746
-0.4277189181606288
-0.4198493423582258
-0.21240654847930945
-0.09764813463303063
-0.183699481715995
-0.2171044326923254
-0.20640594428404954
-0.27452549205525034
-0.5448316976058822
-0.5224167026728996
-0.3776609025763247
-0.26632757261852164
-0.25566497805126986
-0.2797749950506424
-0.17002569215697655
-0.3578043797086116
-0.6943998728195587
-0.9238042138995525
-1.0421191145367628
-0.9605717765165727
-0.9980245974865464
-0.7901323181862728
-0.40680596733835284
-0.0804566314069984
-0.031106234769006477
0.04627789925659562
0.011037844294884374
-0.019843591584958853
-0.08240087623451557
-0.06277680742005277
0.1389710992476786
0.3099694298271664
0.4414542249870435
0.6990471068788082
0.5364453479673144
0.2903891660506113
0.01572112070236703
-0.04800135909226459
-0.06127830223350993
-0.3125933669002834
-0.4764426217928254
-0.19704225695381486
-0.03536265348925584
-0.036172223070474234
0.1887179585166442
0.32563707599295916
0.2551264573991826
-0.07700468090183869
-0.0719171214890626
-0.0034093777769659385
-0.18745040898806545
-0.02236525654876554
0.015135489054735248
0.32994497473753864
0.5940982979768882
0.4798463689510527
0.4341657064635465
0.38876577639091214
0.23235523158818808
-0.04607210542737256
-0.11686714453794073
-0.11931548630148205
-0.12307529779249676
-0.04101925677769801
0.04723726799272238
0.14198459728507712
0.10374709543889513
0.054923887137238586
-0.07666387663169755
-0.4217820838703353
-0.5907489907396212
-0.6358452274651183
-0.6113044415867064
-0.4361277592946763
-0.31895883370982814
-0.3009120301740828
-0.21879363235450922
-0.09277858694990007
-0.3210742123468055
-0.41361176170255176
-0.3242704435098169
-0.34601569104363394
-0.17439573841660397
0.05444680219234299
0.28389908333408564
0.42797579289498944
0.57871267337395
0.5514162573060427
0.5244244451670336
0.3714903725036657
0.20655455853503848
-0.012517935061719774
-0.11881152186723869
-0.019060201013319837
0.039848757576353575
-0.06286110068217239
-0.19711425941204366
-0.2709427665455344
-0.20150955813302227
-0.30558259822908546
-0.13900305777600955
0.2581325002332063
0.4158875215673981
0.4936497537811396
0.616131797143681
0.5443763332229824
0.2757830935855809
0.003904409576310149
-0.304416756654824
-0.4425279355969946
-0.46953174172348594
-0.3401215040950306
-0.25583502227106786
-0.20066942480853386
-0.28337897528703
-0.4101385635204094
-0.4907850774968698
-0.5548511576889145
-0.7662855660518216
-0.9214795188422051
-0.8166099386828638
-0.7721754507117783
-0.6464931140299459
-0.5961696957529364
-0.4810466903090663
-0.25126986515095207
-0.029272480305407914
-0.009415764049867282
-0.14727220879775432
-0.0806145013276285
0.05549546892149808
-0.15273337071847637
-0.19484834980858423
0.000530752253322125
-0.15256849519135432
-0.1681338685330458
0.01301015532136564
0.2300534339623973
0.6677630611006558
0.8087912587210992
1.1118911013214898
1.816048453068169
2.1270154437114495
