2.255926551316894
1.9521631656132599
1.3982187067490524
0.7992875418874087
0.5261126072484342
0.19190234768655448
0.08351289301174525
-0.10157816229979236
0.08194870572628914
0.10448553296890764
-0.11242543742033205
-0.1768647694915309
0.03813042530136518
0.1348301538601657
0.27134115048443014
0.3973772544508575
0.3949852752205277
0.44911795292174317
0.20082121248699208
-0.060005259891906325
-0.028329654507404607
0.18598946692328464
0.19799985945156892
0.4552558917573
0.706752764836183
0.768336538776241
0.6841664610060723
0.5531733215702027
0.44212093903668087
-0.014333016417061266
-0.11720549584014991
0.2194161923784829
0.2311108364124504
0.28921467979359305
0.32837924912343536
0.3711737042754066
0.2700440063890638
-0.060833658497093726
-0.15744622379954945
-0.06154255182394093
-0.2288462608097447
-0.3150289724593733
-0.3465550168718028
-0.3455170822113539
-0.11719310624255103
-0.07269944993026133
0.06153939920147767
-0.019182335614296886
0.06560683838087505
-0.13224864004308567
-0.022647076636460987
0.14874763794932852
0.018572475613046934
0.1888044546155186
0.3241097512936298
0.31737891443189914
0.12146013385296452
0.3342699816316282
0.3866423638708594
0.4161427730371704
0.4951856762183244
0.40323952311252603
0.34011212217044057
0.039960148316229835
0.08227127416511075
0.027275394368287645
-0.13549766713727554
-0.11238429181037432
0.22607883627334158
0.21677686579386157
0.31832348661592785
0.166998612756555
-0.05462711140923689
-0.05635376270086426
0.24048147757987037
0.24706052708555498
0.1188871429914792
0.05091927874063894
0.008696741684919787
-0.27618216410780905
-0.44142569009629196
-0.21926484034665675
0.18982270455859535
0.1147046890395831
0.2741161595831988
0.4254689572167387
0.3903582347168133
0.07818482219543173
0.13809849952429026
-0.1437126204735873
-0.3527161079622204
-0.7106398313717139
-0.8164577510937029
-0.9763872327493566
-1.0241371136686874
-0.9431412010647278
-0.7548473020061166
-0.6787498377453526
-0.6701651279938571
-0.6605560247867226
-0.49360317092025385
-0.16946511815330018
0.11608280357141608
0.38404055326637654
0.5331955599725634
0.45984044567340476
0.4312330069064035
0.3504989880359044
0.2643461428209827
-0.03183786587448473
0.04286592635884408
0.3105934994825828
0.1826243326203178
0.12484739168939965
0.5476715735137699
0.6781019482867928
0.4990412960600261
0.36369020436567595
0.21888011972056456
-0.1623656637669466
-0.6072176301009092
-0.7061031478358378
-0.6038020262442143
-0.772649862279042
-0.7133540211700535
-0.529240791235242
-0.47140681777333476
-0.31641521717268284
-0.36234495055773325
-0.3278078089670597
-0.1023935161189051
-0.023795110443273964
-0.0050949015710151134
-0.11828768815024208
-0.1128341126949551
0.15777070637385207
0.282469319446786
0.2997487814312638
0.4157375201245822
0.3124680932239246
0.16640546774097503
0.27915524951635845
0.48508999055232815
0.5318375183164449
0.5539588258102586
0.43378471717702627
0.19999555838917113
0.3402537986772445
0.3774707962233923
0.38310439816796293
0.4035825753626242
0.25672826238033325
-0.061161856202513194
-0.25027296253264864
-0.1875214077011343
-0.07447833998873861
-0.21230778561331876
-0.3790468430643198
-0.3192052634500746
-0.5426986820656474
-0.5569165063632581
-0.3700415925279552
-0.20793752654607447
-0.12397570417081098
-0.33559611411327894
-0.2343488764368931
0.1819658479274562
0.20975065686302724
0.10630480816892027
0.05732412445992163
-0.16682384826163793
-0.29840492604310487
-0.4985622071836165
-0.4915335784924598
-0.34056228997321075
-0.30105865045166086
-0.11294622338684954
-0.044613185316766335
0.2103631985757628
0.4959033203642719
0.7671599377498466
0.5799820173575416
0.5138349430621231
0.3784817291557531
0.26036755878531687
0.03200829908196619
-0.12800075540006994
-0.32823180228237464
-0.2705810991055227
-0.09497200441705261
-0.1213627093886771
-0.2861543676481618
-0.16362171860519037
-0.333456514599418
-0.2235502173703346
0.013716611318510458
0.0006283503185430981
-0.24926371615325288
-0.16497522311486298
0.07582093316511254
-6.524330992873953e-05
0.07180297124834555
0.28120142803215276
0.4004045622587608
0.22029719893879138
-0.0007848721934228576
0.21495800916872812
0.23069431769171345
0.07160487791539336
0.16122042962492134
0.15164473276621412
0.3174662937256059
0.46489583475395024
0.6132376198044667
0.5760150438326398
0.3639499671735689
0.4214919545166746
0.5065258630370946
0.5281829879765407
0.6455978141997829
1.1819593048023151
1.844866377378465
