2.078317910457191
1.4551224713354003
0.980375484304817
0.5384296140247374
0.458326824415506
0.1309176116529183
0.04391278236792424
-0.06164846061425003
-0.23321014814669552
-0.28774231219996493
-0.532374158368154
-0.4635539247536302
-0.49481930585352507
-0.6451218969777807
-0.6667164148555879
-0.37561389976776566
-0.22478524593170293
-0.4157124453120851
-0.3380307046409501
-0.16226022663475814
-0.2523440759388928
-0.25050756631172116
-0.07467237398626976
-0.11952944993417874
-0.2019625352552822
-0.19366461738237553
-0.22244975408696424
-0.24923548173264873
0.007874954426045102
0.0317344237733542
-0.229960150972428
-0.12904032092806245
-0.18142377805863202
-0.13902799469793867
-0.0826899277497126
0.10444967221918518
0.003958621903438055
0.0861447810906388
0.3341181456868901
0.3816340044315385
0.02738466003450271
0.11251191332670454
0.19614921385752904
-0.22567589156513135
-0.22780618623799584
-0.0039007646186695654
0.30525912260299515
0.3292742608749079
0.3232649066265681
0.31412736627582266
0.0306146026783684
-0.36018194346290805
-0.44823857286908236
-0.5044397194081051
-0.8168152059664368
-0.9859854974993338
-0.8541600517891191
-0.6072346826037373
-0.5900235227407234
-0.4468032736446787
-0.15150954830916705
-0.08187760498198958
-0.2059209343437868
-0.13309978224275634
0.09647996404919426
-0.022324037515604855
0.16858724350419052
0.4483612459552651
0.5335379763558589
0.3053965056850005
0.13005471101076238
-0.0626588860485234
-0.16211071891629378
-0.4381106473176384
-0.4606554439266879
-0.5022423840141526
-0.5475806639713384
-0.4543599077762539
-0.21369417917165867
0.0028220938180009173
-0.018187271024469775
-0.06739534821594691
-0.2260216039369657
-0.48019134004336944
-0.637715775877599
-0.6502203660368244
-0.4490332359281782
-0.42458594283970535
-0.14004417244364903
-0.09059017217948229
0.32754908071504474
0.5251914129940416
0.6256233433211976
0.641248314265724
0.5611385765666232
0.5259743340872365
0.33202327016851635
0.26344941216722767
0.27118082966905743
0.43875424150074716
0.2405132181408577
-0.1257935887290656
-0.09704977520551988
-0.07505447054894768
-0.4189006422721734
-0.5553858623724516
-0.3130070634098611
-0.21353374877930453
-0.35214241170016225
-0.08578170999919464
0.01824693549699923
-0.15544084350196236
-0.24332332332196466
-0.33140123512350317
-0.34392715598605716
-0.49193004622776326
-0.43573027145674115
-0.2933330829018558
-0.41925856551223795
-0.6645369510848489
-0.5268570717124017
-0.29233994041243627
-0.36196274738725454
-0.17430379770382612
0.03885806420553964
-0.09271959183633947
-0.3433610766513332
-0.5826884856374249
-0.6145759839435361
-0.4892110906384951
-0.13099016835846497
0.05521360284387379
0.38023832542699754
0.41514601673925905
0.31970215087355025
0.34964300657911673
0.3870445246791191
0.08109883590099373
-0.3274222229426751
-0.4222488787719149
-0.4821660404857467
-0.5669510732043989
-0.5155172373277961
-0.19851931146438706
-0.09129160202820555
0.300253736850937
0.5110035598494342
0.9473235059021617
1.3659181953481745
1.8808269013585335
