2.1065667618878767
1.6610977751762426
1.0504804058485269
0.573739744562018
0.03614859743798247
-0.2370911648463295
-0.3769500928709173
-0.3162833988605144
-0.15573818185543944
-0.18374698606613987
-0.12957433142188576
-0.11335429906217667
-0.21802484701096728
-0.13444492303937625
-0.2387382728745185
-0.4845090315818763
-0.6791127589177307
-0.6530117728942245
-0.6273163207342202
-0.5093078974136079
-0.2194215319597892
-0.06556564458925164
-0.13403690596071494
0.17987112964235702
0.34894807369401903
0.1184801257945036
0.06533432107029512
-0.013796119834628076
-0.39673592228362325
-0.6358096738943867
-0.787691302084875
-0.743326592353395
-0.47507787434549864
-0.516232366431245
-0.22050032766642644
0.17012684857423116
0.19761846205746914
0.1161220929817273
0.3324270299432384
0.4552629715312702
0.34178345411180117
0.3002334341117282
0.05354582830626696
-0.048005627851735844
0.04247693760071246
-0.10326911841537362
0.007151408186050474
0.20694343346338276
0.12709727243311114
0.05550475051629456
0.1135526219475134
0.1348966496432813
0.3319817207628451
0.21433497657207384
0.005817306848324061
0.11324370143176073
-0.024695170936010872
0.08782107573655315
-0.0646570607944234
0.1344217030407666
0.17243377316711453
0.09427173177817201
0.10643493766994623
0.06068307902517148
-0.23357808585598117
-0.20298667022472866
-0.26082993598608767
-0.28012003471064595
-0.19304464168517385
-0.151823347749803
-0.23615969507358797
-0.31548961630276645
-0.6588423909235404
-0.7806961745602291
-0.841975360547141
-0.7490804622416299
-0.4383257876829143
-0.20320864026660457
0.002785735159437164
-0.02384598246556832
0.21274261418697002
0.4112686423740574
0.4988602592733505
0.5362331913655428
0.5220001289895095
0.3570924127576068
0.25588740175294333
0.21246461976651557
0.2305075839334827
0.07844608970823229
-0.2569625479888231
-0.270016384333503
-0.26240140363692577
-0.4373973160230838
-0.48229031694188224
-0.5424149578302251
-0.3827248813223099
-0.578237242359394
-0.4567393359654084
-0.17496841790424722
-0.20431667819181723
-0.20533208351119692
0.020750660950712072
0.17106765377501126
0.13457833605793468
-0.0032573486777636848
0.2965339550658672
0.4425225463208102
0.25910648712723433
0.07460001507620513
0.1881714631333539
0.14834307331824284
-0.2926279046112621
-0.6553286381041118
-0.7871900793459217
-0.7734926973299125
-0.7611326475642075
-0.6746334378933565
-0.3577066839807351
-0.21053669783996012
-0.19795321823477094
-0.1744170277591423
0.012092642795391228
-0.23463333180536808
-0.4757351414373488
-0.6862967357935451
-0.7106142132907868
-0.6836202875819355
-0.6266668821648924
-0.2758599915121543
0.00429380474528523
-0.022640866786365926
0.30021703973658814
0.42507302349235404
0.23553431649313514
0.2484566518138674
0.23576970589922147
0.13812753101600453
0.019704630690911124
-0.2983184610394144
-0.3754539639434861
-0.2812462291932162
-0.3752205197753051
-0.38129116867813667
-0.316143996832419
-0.4881199590891474
-0.43240920359308327
-0.250077173154713
-0.21881422657588895
-0.25679604855843113
-0.3932124420976474
-0.6367997241973765
-0.4878797924808686
-0.4930716186258688
-0.5687033452812947
-0.4980257131127222
-0.25330080411989675
0.13790422088516302
0.1684592668941611
-0.017785462514553395
0.13244753798785416
0.06078685647195867
0.004780144611618016
-0.13478035347483702
0.0526948806506574
-0.14833883118455432
-0.5224971115581897
-0.5472995722383642
-0.649071871341551
-0.7306852344436788
-0.6420371979987136
-0.34597147139253837
0.0719617612482345
0.2703844226785925
0.2640831083207025
0.362167958869612
0.451077281043433
0.31841834214722226
0.008094556881535866
-0.28228417326203936
-0.29111148053309527
-0.4204887566344529
-0.3801532179428982
-0.30820183820535085
-0.39946128114426854
-0.2814893949328467
-0.1633800542848052
-0.16901908866312104
-0.061199997613035864
-0.046337707540594186
-0.2602958937685009
-0.2246687902544637
-0.29001449018957215
-0.16200185057147673
-0.12885730990138622
-0.3909979756567722
-0.34542363239746127
-0.06797397737084827
-0.17505001450277952
-0.06506037292700327
-0.0751692743747245
0.03796930326961829
0.08895800695782934
0.26254198245713023
0.3853052823457762
0.25384516610488317
0.0008805891270309014
0.12818246030541863
-0.011406186395837785
-0.17521013324412696
-0.22092829728844332
0.11752079921686769
0.07582319868756508
0.08348608928855825
0.3815589916819599
0.6988616685153398
0.6833399469530087
0.5221212556938933
0.38304359872955357
0.1370049494226263
-0.410489405035892
-0.5420932702817964
-0.4759993020351908
-0.6055599070156157
-0.4976269522494262
-0.11468869044478472
-0.007674186496167389
-0.04105645922653506
-0.039047719897176494
-0.16907783724982972
-0.3888898727756124
-0.4964429888836657
-0.43028403245815866
-0.2559969486189873
-0.2734080412291159
-0.3001679540496522
-0.27793824081653784
-0.4463589282436154
-0.49831766573512276
-0.43886033768799576
-0.41842939831331993
-0.34574615625543464
-0.08800088891118962
-0.09448672843802339
-0.1580903769935134
0.004823887708686891
0.3678456481293095
0.499580211684849
0.47111056442752774
0.4085411615173716
0.1564375637524504
-0.21772964756436983
-0.37427191420475214
-0.3707557066410186
-0.4497983628534621
-0.5112864731499834
-0.5086101075512639
-0.48932560807319564
-0.34536976713002215
0.006245896425117538
0.043853445907947805
0.0256629899645388
-0.13815726288535154
-0.10990311485948043
-0.13302736588762384
0.008699297689100943
-0.19336294047928307
-0.47467885382995345
-0.5991109319622892
-0.5501965015892224
-0.5063516717543772
-0.7533462412649767
-0.7023150179841166
-0.6409255598715214
-0.5299266885629401
-0.37469763292538644
0.00832235169731497
0.35927237033018966
0.3696370935877137
0.18227509215866552
-0.008363535127875561
0.05984271058055468
-0.2110054375205352
-0.5220659093967109
-0.5477608448760771
-0.2556186665807854
-0.34397074091290286
-0.19633625005319894
-0.0649782041850189
0.4272220786135244
0.6924921016126832
0.6923671024697705
0.6442174571702551
0.5851447878848006
0.29903297943317436
0.10245797805681454
-0.03904194373478488
0.23662580728855911
0.2563399130832174
0.12265206520177227
0.14878079706353048
0.29525810336601604
0.19210377108076737
0.04125511577690021
0.22691184736024875
0.016894375470136492
-0.37604914258780014
-0.35733361434939315
-0.040349081943093265
-0.1387117695829273
-0.08024858756041497
0.30191122110485924
0.5027815387753983
0.5196024188469202
0.7857157982063644
1.122208431724313
1.4144800058893896
1.5610131778523046
1.9337593631187615
