2.247244995619811
2.6228455819192544
2.2822004106552143
1.581817754087036
0.6567488284725009
1.125451997827058
1.1796471029460338
0.8922422602591148
0.4527981084930284
0.45552288973861765
0.26589545810641496
-0.155386468643772
-0.1807173353460922
-0.10700197222616603
0.0992188288541373
0.31242222994767244
0.4221657743954609
0.2806432602030413
0.06788042579840824
0.21787195393215875
0.16598516121750564
-0.19144893991467823
-0.21144130271735298
0.08347948785692805
0.19856282327527952
-0.06192705103631583
0.012389852667780078
0.12239039157377392
0.1938191532944179
-0.009395586193285113
0.18337021839540207
0.5164493442679021
0.5274666451950555
0.36913843724514467
0.5904510787666928
0.469003742176794
0.24653917481842502
-0.04665267444678132
-0.35422122126402295
-0.5004463739472667
-0.596244348055209
-0.5451280807383194
-0.40129173732545975
-0.42424123129742664
-0.22091463989827717
0.32463706346555093
0.49947120369194997
0.655156013467667
0.7365977350827698
0.2640635482708378
0.6191553197468572
0.16751535139920742
0.8503135780005098
0.8403794660104883
0.2997711396102026
0.045453050860381435
0.22248649488503344
0.11868221627376105
-0.04335589465144033
0.117104830600709
0.08925545010082966
-0.01215332801734992
-0.19991425637610966
0.01581729785686255
0.15464337626654087
0.3392609001886237
0.07504827207198456
-0.2694200530862447
0.5021807614828491
0.4688775882735807
0.47988078862137556
0.36495447260253366
0.24815638250225774
0.3283486016642569
0.3232978108532351
0.23454222920582252
0.11845688533038733
-0.20803887959682457
-0.2746826317100464
-0.514318687211316
-0.49205962999189756
-0.047159894771547285
0.15138139825962996
0.1025273145055157
0.31685683035779844
0.4255481635963297
0.40712302173056236
0.3004841970369501
0.5102159730668461
0.36843113643863645
0.2549602160856544
0.056172400230008177
-0.3060934440086159
-0.5047152266579075
-0.6416857982886387
-0.5838318106764847
-0.2565353437233826
-0.21715638756484906
-0.3509144826493981
-0.12174723788256384
0.2730039635791266
0.2636556960347869
0.278691135852387
0.25190297011210555
0.11687227396806373
-0.05826714347313014
0.10534264529815851
0.01279211265967063
-0.23898698615196623
-0.11623489782927801
0.027764596962357425
-0.22096054912213095
-0.176914690677404
0.17258309317924983
0.2687849224763731
0.2812466509744704
0.34005648588453286
0.21374342434254753
0.20422942249365006
0.05048945715706697
-0.12707082806892342
-0.1834302374576495
-0.5714279963156604
-0.643994751191745
-0.46344500672692807
-0.37561093496420617
-0.12477259215563552
0.32114433428006683
0.5279748650948963
0.6168503912673802
0.6510052475548498
0.6203846843484244
0.5527966290442998
0.45985032139890275
0.2546533502320718
0.27091991460668047
0.09431431896306526
0.1823156810222457
-0.025038947798735223
0.12070177517715072
0.04582649795410047
0.16788833332308237
0.31556585159223827
0.4679778957751831
0.44424172670110973
0.12265721574165507
0.20712563358490416
0.24335226785641
0.0438277825191944
-0.4476618082078958
-0.5446682864547147
-0.5050266190775277
-0.4206119843331245
-0.5334647778343895
-0.3913216327356044
-0.33481719125474524
-0.28580502450198614
-0.4542139536440091
-0.26466944821425503
-0.16940257173923431
-0.45821892766423183
-0.48865401497634803
-0.20136495224616385
-0.18156696486808274
-0.36913163344988387
-0.1894191923785178
-0.16100317591054436
-0.024150843214383395
0.21858378437978784
0.3351824176443138
0.3326165722839619
0.5909544839497881
0.8429706456158431
1.2065359557218502
1.352943128633293
1.6577184109695993
