1.9756871135601477
1.4552812327090727
0.9530226447173085
0.5758669031363574
0.27692969925197275
0.08352292685861415
0.11637882408621494
0.03368415237858383
-0.16065024234628741
-0.055110356909754465
0.03177862370797357
0.07444294480013197
-0.11461164163895876
-0.008894554107113182
0.12809942045438574
-0.03686129829770407
-0.06538664617511777
0.16561750339308037
0.13579444960663228
0.21408100679925876
0.2447930411487044
0.3605841125453803
0.3216797897571857
0.4404543621202113
0.5072806411100839
0.5251598139816057
0.3563876471742283
0.2968642532550837
0.021830136597657535
-0.00826144772388833
-0.1741032754956078
-0.20890040149821287
-0.4032541313720644
-0.4343314359822097
-0.4254653707510719
-0.5360848289707032
-0.6344741243027926
-0.592593824199903
-0.706788537450734
-0.7067630937703665
-0.3961606109734103
-0.1950352793335087
-0.18786600694007033
-0.08391606296538129
0.35541959885666885
0.5671378368819967
0.5769582692040802
0.374409676882802
0.06684684013802557
-0.006322902442310694
-0.34549933157038903
-0.6132899996977429
-0.6385964428229753
-0.5268904294548028
-0.40121768983084194
-0.36476395923816335
-0.01993523482725898
0.1537757194564065
0.06012298486232243
-0.13620608993381428
-0.026435747156705255
-0.14985130457714863
-0.3419980157472135
-0.34387130194228566
-0.32059581038946244
-0.2678675150452616
-0.49624750793830413
-0.4937251750980613
-0.3456357693136221
-0.12664420724701253
-0.14041428129424757
-0.23459595462252955
-0.16711144323321703
0.16077082096849818
0.11604612791742812
-0.04600214281809131
0.2215132788721477
0.5455728925663651
0.5331454269217155
0.5136634607439092
0.5216795860673671
0.5015671219618691
0.23417825081326138
-0.22314738422832806
-0.5559387369190454
-0.5918037755527019
-0.8223703062711771
-0.8164416314499775
-0.6905434385675634
-0.5784898279716016
-0.40427568126285107
-0.4379423396064464
-0.20720215903189215
-0.14009685536081534
0.03230323297771863
0.05526669192088256
0.31311167413583685
0.4505567903442404
0.5627180191570975
0.6321112093517222
0.48717441912671433
0.5015629770832662
0.2848513281283237
0.24607814191942007
0.01562617922914528
-0.08689903838489621
-0.27612435750074726
-0.24824920120353453
-0.24150195289771298
-0.22293243302585838
0.03166200155059011
0.21919197058631665
0.4750400226688092
0.6127725202789454
0.6195016580279608
0.3794732668389506
0.19635234854196731
0.1350643226409581
0.2278906274658151
0.10593011771268812
0.14611828883137964
0.13299069260064766
0.06206433741994476
-0.09559702542143403
0.09093510575559015
-0.12853576212531018
-0.277900879021352
-0.13370470264231663
0.12950101243988457
0.004316192501807216
-0.15222084950693304
0.17733633430730072
0.09630989803854526
0.14796326126280496
0.5110452224532523
0.48241841328982205
0.3432220303532285
0.5016517131860966
0.504401307803183
0.37045438524762025
0.3882698869853438
0.2717215786453541
0.10316384198440748
-0.2861217623561087
-0.364359763772682
-0.2998231724267308
-0.16460731003827334
-0.2804422309789693
-0.45670299768566597
-0.25444240895111586
-0.3892780171092854
-0.4800829718074351
-0.633584404969209
-0.5083205180039649
-0.6325362865422437
-0.826969580656003
-0.8001602133148527
-0.7225695342253552
-0.8379161708795949
-0.7658509476316648
-0.5806172372320124
-0.2914472859290592
-0.10494073690883636
-0.10760816083574394
0.045120688140152014
-0.0006402143461671829
-0.23834097920958225
-0.5184878903811413
-0.5383327219971679
-0.4225818560687391
-0.3238087946300299
-0.27590972603117053
-0.11006795182825752
-0.15611256703450188
-0.25081003393410845
-0.2716208788112953
-0.16232697660835105
-0.4000993877112121
-0.6175883226427095
-0.5379351878611313
-0.4842117044191041
-0.7228474096709924
-0.751686851310813
-0.42464465819544245
-0.09360253568856174
-0.10412643152762298
0.21596127906684123
0.38583739802145245
0.2622781366873207
0.026264645528694435
-0.09471066950238036
-0.06942584608503997
-0.26996949273727394
-0.26029133165112
-0.20306218566298756
-0.18746819507695453
0.07310927866872073
0.10102081682305865
-0.08704591688919093
-0.11154992934901743
0.04023191030802492
-0.183418198852902
-0.3426631694151914
-0.5463994663989828
-0.4299034203474387
-0.499030015529683
-0.6129111393123279
-0.44253589510739555
-0.19895733538261878
-0.16541448140280499
-0.00810789314289803
0.2373905828215701
0.19675485557246855
0.27637859773474505
0.42244205613928787
0.2694190773751203
-0.030287460464202096
-0.035913969994290564
0.22113455400504511
0.2370745104179117
0.04373740178555303
-0.036152021669631926
-0.22046592253177025
-0.35674976236415734
-0.530366105868892
-0.4433927310315088
-0.29178038515825955
-0.4742986021755313
-0.3310019291508186
-0.3840484050283305
-0.38854637282320004
-0.25151028906341993
-0.004059241169798192
0.15442502887870713
0.21651922389618566
0.20892991639314468
0.14003133972642662
0.25619615468162704
0.41089619901974717
0.3228005352120977
-0.06656296354838137
-0.2053285471429163
-0.24647826018760918
-0.4807129310499131
-0.593120401606112
-0.4925207538846035
-0.20238115842887047
-0.20494556636501401
-0.1970923739711906
-0.019531061733891526
0.2143381419878089
0.3307034700375555
0.515466860506538
0.5405877908098133
0.7034674656205276
0.8141173593960824
0.9495450704942422
0.8677772380704498
1.237306123949506
1.755613475176851
1.9689666186973924
2.3457790402410685
