2.2474871574546618
1.7667331694297963
1.3810771590476214
1.071671740579259
0.8609989027278938
0.6972379419604879
0.4285038060739985
-0.11854574578559407
-0.2730624010796162
-0.1023248490097092
-0.3084121385500165
-0.2346686426125354
-0.025723110396254932
-0.07879747933782764
0.027679050250841046
0.04960220531057666
-0.01055812354312859
-0.22918796772664562
-0.4214875665014799
-0.45547285505275603
-0.6536718026589714
-0.5706265865957529
-0.5283777633367245
-0.3401696898888449
-0.1309732300377333
0.035789963443747484
0.0625395311314376
0.05780383718709058
0.13190874422706325
-0.10146704772139806
-0.31980356121453574
-0.46764804189599246
-0.3956299466952542
-0.34534332639980786
-0.2595750514110084
-0.01077166810410733
0.24815400304083307
0.45048926047687526
0.5700386773730585
0.6453826057648732
0.6920027685867678
0.5757470283669108
0.5135166434300421
0.2838213123000033
0.1068909717306141
-0.05354338440754228
-0.2400074738094433
-0.1530661297177685
-0.47610561854065103
-0.7236458178063566
-0.7392117542756989
-0.4512242181828946
-0.5646707930128085
-0.5134828971235417
-0.14504870187584937
0.1935573066277124
0.4089608858405602
0.4752339173385383
0.43317101601687963
0.31133891065220315
-0.05671988883163161
-0.5199898987652761
-0.6368576685927121
-0.6123456506835661
-0.5123936244224697
-0.3316706282820139
-0.2289032885285256
-0.15110066004962538
0.12420154186466587
0.050139724083175456
-0.17645155433880835
-0.14919378429785218
-0.4049849028709043
-0.5296570860035857
-0.5412990007849298
-0.31103218402177235
-0.28267868536798557
-0.3927298647791799
-0.2481936395308757
0.12257353612092797
0.08861605544035119
-0.06778317339683593
0.1783388696230384
0.10903966959727406
-0.12384640106165763
-0.0400459756655192
0.18629358215775998
-0.08925378346557389
-0.24207539556415483
0.016921876356349924
0.06857087057433311
0.062339959157293984
0.08806190738225629
-0.08168262033720923
-0.02974978413796081
-0.17972781125426582
-0.07037946249601887
-0.10554979150360116
-0.18938252231645067
-0.3602901076902947
-0.5000009970285916
-0.40531277441183344
-0.5945318669933622
-0.7116232186225896
-0.6067011410791643
-0.41975897889262304
-0.36174580498910747
-0.31714625259074564
0.005218320190122244
0.11554618474614683
0.20333525204930533
0.2024169557914002
0.370957591832767
0.33243108739318916
0.4588835113897788
0.37862264327088024
0.14478208656406164
0.1341118997217303
-0.03578961177827375
-0.2108703988940515
-0.2070978450215957
-0.14515528024204602
-0.008838058922837113
0.1657286505845709
0.004313130808211787
0.2512987441286664
0.4044575987235848
0.5056541595807712
0.48922954167612664
0.5048752611972649
0.6207475270581989
0.4673641294765929
0.4735554206912329
0.595398827202077
0.3802744604074098
0.12194080636471494
0.15812460007523998
0.050859390974055035
-0.1699000806442856
-0.3338418337644069
-0.4683781972079162
-0.46333066086835095
-0.740287141640746
-0.725954911688162
-0.6710369747631156
-0.47138634884183755
-0.19461286422489213
-0.02583368399618681
-0.1366461733948865
-0.20362733039402442
-0.22892934962959297
-0.4005508858183234
-0.3361044451897459
-0.3894911411821815
-0.24906469546317472
-0.3617610705500384
-0.36319838786564773
-0.08565771857844728
0.16481870873054005
0.020466025469887874
-0.03746109555172206
0.14816792876582469
0.05982253784159596
-0.02214123070890359
-0.1360029971506934
0.01076474601947947
-0.08693081496807381
0.06566881145707212
0.10847501263611202
-0.16865499944623155
-0.48295417260918716
-0.6386882677501802
-0.7876763223391897
-0.7538333674748339
-0.5603333103642097
-0.2759537375007105
-0.1889147591342595
0.06848718289296392
0.34812195908437105
0.14587704114125463
-0.18511225829449432
-0.30986361854335387
-0.7353755387862612
-1.0930190880349866
-1.2116167952702668
-1.040319998482458
-1.278723226058171
-1.2612385753110353
-0.9822069902841445
-0.5834705295667897
-0.4029307919477742
-0.4476404403608362
-0.004083809151434053
0.2319066712110732
0.17017332110603653
0.02853682044608554
0.31364297000597297
0.4680582908599847
0.26026896052150483
0.028703714797910614
0.2179446177824348
0.37072097987022967
0.3535043077984301
0.29657547087822533
0.15310884616998505
0.2186845691067472
0.18999684965156644
0.09383531740491802
-0.0035277059709989097
0.14059665365806912
0.12032953908177574
-0.11884345496690929
0.02564966812589095
-0.09097251099565251
-0.3287796425881308
-0.3191133718054386
-0.2460684946434781
-0.21286097548797694
-0.21368273558947606
-0.2695366552050314
-0.03873142584846101
-0.21785207012766702
-0.29519195466047615
-0.04520073720345619
0.19087636122459115
-0.027403974897974095
-0.08944926493856296
-0.00435793298751108
-0.33215295621798097
-0.42967108937245263
-0.2750908484178417
-0.11794007319406155
-0.2635527184685406
-0.3119228793451656
-0.3826451472047333
-0.43641728792643697
-0.3778277148429273
-0.11183582523591738
-0.008854211009395582
-0.06633697936166437
0.18914175421417495
-0.06076113268416929
-0.030202625092352168
0.16831573601672598
0.2574041033322952
-0.02711182263715785
-0.04320607984565858
-0.0803491378936819
0.044547904034338476
-0.2393386764564688
-0.18116991631385132
0.11218617749003912
0.3139941020109245
0.61079389911387
0.8080215604116968
1.0508076816381318
1.6911725540236462
1.953517971626888
