2.827854835093092
1.7689085755101206
1.865140432969564
1.5540678659469043
1.093327262338129
0.5957518900466797
0.4036701595324046
0.5684956963166294
0.7050459875523667
0.9640447898475439
1.1240889812522001
1.1942597665121462
0.9519675770455396
0.28277478133090556
0.6968056141016655
0.4751876895488788
0.022775553854837094
-0.30858853103668
-0.3294310931166025
-0.30307184766695117
-0.562791478300509
-0.4958680891984173
-0.24389902942241135
0.0006807801498673039
0.1399906569329615
0.27578928572040945
0.2536621609478482
0.29833907562119183
0.008266734069031527
-0.2136712452585969
-0.18638823225750356
-0.32165485269555866
-0.34724095783033715
-0.06984828041191175
0.17414816468247585
0.3000837634150788
0.296130500716044
0.6439405123153
0.8092081870770181
0.7219076956880376
0.5792841763163423
0.3053669954395693
0.20995185332563873
0.017168596362211658
0.18309223394817398
0.17327862948936218
-0.017096374306919886
0.06667604426725655
0.5149881635807111
0.797866679765533
0.6791646818551201
0.008739312397505703
0.6567682428392677
0.6223742725899343
0.33554866423219687
0.40818586803655865
0.2581432769054116
0.1294532646603375
0.11830773168002047
0.2119293865649843
0.23290669537281328
-0.2554144289438821
0.30624759022480313
0.4623706698325509
0.22753911662251303
-0.04542524523612221
-0.36473984761030426
-0.3818092984451992
-0.19131418510059037
-0.1932302580154432
-0.03310714361561325
0.045240805454168614
0.07555139233304287
0.07368999938324505
-0.10422090197717412
-0.35613435568677976
-0.5245203357903625
-0.5912781342196262
-0.5335106580471441
-0.44700605225536927
-0.2879257307806963
0.1707504239039273
0.5338525129061372
0.6104819458476254
0.640543254332729
0.6939412537947359
0.5326133648711304
0.1162457405925683
0.08964912017007966
0.018998118448845643
0.030057748284412128
0.0520655380705175
-0.0554798405017854
0.055016505129031244
0.0858004867974275
0.05612168239831736
0.13847205360756348
0.19743410339815434
0.43347481661206383
0.1345837077341501
-0.3708017249474972
0.4708286074514681
0.5176123365039985
0.5495138963816979
0.48134366879313495
0.3537028181157444
0.48764131346231865
0.4102111731269737
0.17534772107526442
0.1426593969405873
-0.0026584546628331826
-0.24119488127853628
-0.1697873058393437
-0.33318924435741804
-0.32526716793457505
-0.08398193634775768
-0.020584274310113896
-0.09021894155094602
-0.3260715917538988
-0.1544382105282272
-0.09069653433267535
-0.1709091171473164
-0.2529214793188418
0.017194905572867857
0.0043119901211062855
0.021929110287439556
0.07886004026671815
-0.2576325042779165
0.43081266331977724
0.20005391639026648
0.9218354916065007
0.9656661737853642
0.7471823363240598
0.3807786298636101
0.04848707840020921
-0.06475775901025163
0.022828019817673337
0.03259268831139407
0.14944301124108908
0.5626012409524542
0.38021961648590574
-0.3549214676384603
0.35798925447945823
0.395571078213578
0.23180741234241364
0.27349424212047396
0.5928955480428754
0.6535842295037149
-0.05646255877209709
0.7533935066549838
0.9140810956940362
0.5490960702958743
0.3479166883612687
0.4912709912873516
0.5590956345468876
0.5770190392359947
0.3769551268724942
0.23054023994491726
0.20572102065796735
0.08755773567152123
-0.286052680850824
0.5404566355308892
0.6689071990044688
0.5942527464560112
0.3159812411982919
-0.0732236498101667
-0.15682824130856424
-0.3680256918462526
-0.43057183078474853
-0.29434579189314314
0.1867293455682754
0.3662879090413179
0.5777729786138494
0.6811482549824585
0.5565188641486218
0.30398658268763257
0.04931023798491281
0.053046918066878335
-0.2665548914273391
-0.34765176052372515
-0.17055570085864805
-0.017625897624008593
-0.050776341224940603
0.12662394073109315
0.13985973745155508
0.2983440724774102
-0.2415379546864244
0.4653234770272428
0.45520056799914826
0.6209974482185607
0.5779272561027815
0.46007501186469263
0.6124832313281457
0.5826236227596908
0.43303842848429364
0.1598711301601771
-0.0940895832102644
-0.2026800476737804
-0.6426128856517309
-0.8604377526151226
-0.8857229232715709
-0.7175578780696936
-0.555269938073114
-0.6434330430735625
-0.4008024407041675
-0.43040148246011983
-0.548496320879207
-0.4196424036610151
-0.39945372101268234
-0.31381627515852634
-0.16377013619399755
0.07308440147013234
0.39923202677393177
0.49087557178606167
0.4410824136990702
0.2575640117976314
0.45784388922874714
0.5349374765880195
0.5651932067735562
-0.19318307415567954
0.4590448981321006
0.8918005117611658
0.851399572955558
0.6018210034429015
0.5084921275937757
0.15120152471472154
-0.1568728667384203
-0.08524050113792762
-0.309755451903431
-0.3607393117983243
-0.30583476472385657
-0.16775620509142905
-0.18443759730985881
0.10224082048787425
0.49797717721245083
1.0345915672594035
1.4559359243209755
1.451998983571776
