2.1918125184919433
1.7249915715881863
0.8323935371425992
0.33615262366989196
0.17815071922060788
0.211015363781111
0.05067984494971179
0.07488494575117621
0.15426236153931383
0.1410188169620392
0.190981914658502
0.5332155028255713
0.46732544591589154
0.4418495277340064
0.5451513134090304
0.42534057494939814
0.0691515430521244
-0.029918292789543232
-0.27617792024621884
-0.36570053836589267
-0.19730938773478127
-0.035103783442715204
0.10002394949034296
0.0994113419455013
0.27766366701937883
0.2723192960513912
0.1385923430649048
-0.21288109089729554
-0.06289925717353657
-0.1559414387188558
-0.06242236986616455
0.17309342654923382
0.31621241390996535
0.24851191735212244
0.051750907238755195
-0.18556404479887834
-0.2493483973242345
-0.5649261422094533
-0.658887568800731
-0.5839745895998171
-0.46729949297000584
-0.08364198814566204
0.2841903960824594
0.2927571350687519
0.31956794440514635
0.12894767121710773
0.21211282033161988
0.0863480928440525
-0.17798129155082867
-0.2375057152871045
-0.08178873559662242
-0.21431183836122533
0.04243831409413737
0.16505734186114923
0.21277064178363828
0.09743026117475731
0.19127837110440432
0.2780777211324195
0.14126362671115666
0.39087784389067065
0.5246383287855385
0.5974098231485065
0.5039291389951112
0.4415980047082708
0.6135535068252345
0.5252878640863153
0.7172829963021959
0.7643314433675686
0.7020416594455543
0.5527568806068814
0.4521854231337781
0.19117112725982713
-0.15692127311732695
-0.16551151149151694
-0.24698564784494334
-0.5916067909177278
-0.6703801968311102
-0.4432049905915998
-0.48324962628796225
-0.5800375217090616
-0.30534355341579505
-0.0003176813792686976
-0.04744408435362504
0.22456074366902182
0.4097594981778339
0.6021323609871673
0.7196481223807563
0.6963113837091507
0.7297134565547347
0.5837207883214758
0.23217952195256905
0.134165335124095
-0.07626912870805012
-0.20895755182366413
-0.6153559859748042
-0.6179592961194093
-0.5794898703844436
-0.517945254509288
-0.2200151651042325
-0.03597624643013109
-0.11239083339761402
-0.4006079186666288
-0.30823942185165576
-0.4833170680438361
-0.7636860760945582
-0.8419983375338659
-0.7543776518987483
-0.663542527611223
-0.5172204584552248
-0.35006170014975163
0.030352127579536106
0.09758312910593225
0.00937643128436067
-0.0394584731589053
0.024626894527221842
-0.060198141078854836
-0.3389684362260996
-0.34066887312929833
-0.5863957310158225
-0.7878378899320434
-0.8193005556210272
-0.6035487021994399
-0.37509508032844807
-0.34673513699762354
-0.11331302783760129
-0.1803255656823692
-0.29132157830720046
-0.6071220914243344
-0.768041645844877
-0.6668506628488596
-0.35700172717150574
-0.22828426054302395
-0.0928894876336139
0.1712278645580106
0.3825267901569215
0.42462403688689926
0.3337795794691579
0.5253607493947
0.2636002104562616
0.3783898785141007
0.49149686942375265
0.43909507268958026
0.3654506834431111
0.36594219822313123
0.22429601654506579
-0.1605290545249144
-0.5388109721915203
-0.6866602648538146
-0.9123162283926687
-0.9796751888307846
-0.8123662257397971
-0.7550087855645032
-0.6167328757542565
-0.2711663484842856
-0.1639329851126464
-0.32285368913420365
-0.17239988524079028
-0.2951130199853142
-0.1432394641559046
-0.2553019714190856
-0.2979427038270151
-0.24045348274085862
-0.2329296886857413
-0.14498576487771356
0.18099212200392123
0.2273653623417258
0.2502005527011993
0.23108075100773115
0.3885003450219859
0.5746295014400564
0.28606918240714707
0.15288143951414865
0.3122522192158837
0.3647665313438876
0.02493555658988188
0.030363199265573963
0.39360647568072415
0.4772040196625451
0.42290356944399926
0.36857054360250335
0.36318436783717706
0.19084132043732302
-0.05064049349189134
0.03247771421307798
0.3227978628540185
0.43226427473071366
0.3398873739294822
0.359756542709815
0.25355495688263685
-0.09365512111862445
-0.05309313467533993
-0.21512321865231598
-0.46136330672978426
-0.4638848265513558
-0.23513413033518799
-0.0807733020887394
0.0027615513890097447
0.007656240638208199
0.16634108357704958
0.1774724728247451
-0.16202989236654977
-0.1968646936384713
-0.38763750246822654
-0.4115396756144834
-0.3328596598863622
-0.17426218429057144
-0.1421599078440065
0.020547467015742112
-0.1087625665395959
0.06467364560696964
-0.09684838092705574
-0.3588427871627477
-0.34321184326448767
-0.1644942948317892
-0.28446842569678293
-0.004534146678741688
0.3268330961038984
0.41542013568799174
0.5131980146540198
0.630020489226025
0.7299894955480748
0.40973615634260635
0.03511273776760001
0.05314128087790217
-0.2018857239669711
-0.4587043206816162
-0.40207306670462045
-0.1579089765338407
-0.23827274337370846
-0.02989241243763551
-0.019467829524155655
0.12524543941775373
0.33288210365854226
0.28542460602993075
0.1206957366197445
0.24627589823853682
0.16016797428795893
0.08728250120605867
0.3960408009531359
0.4403209103765597
0.3234162830722082
0.3696812615328398
0.3451921506347085
0.11418840774250533
0.22767494457507362
0.12199741202682135
0.03261790802799045
-0.3319905803947393
-0.5563953080871064
-0.471898498340348
-0.6741414102261809
-0.9325187136147105
-0.9442497852066962
-0.7123685770356171
-0.8313943273116207
-0.9650557529110915
-0.8056957216812025
-0.5721193738107575
-0.4640486466909839
-0.6165684658818039
-0.5630290547602823
-0.6360717199872297
-0.7782605467114251
-0.7886801867246824
-0.5927368552911173
-0.3722811199317758
-0.329973517257788
-0.044102364428918364
0.1674162634540051
0.2716933209868187
0.20175987884610386
-0.07720857826845007
-0.1596006347856835
-0.10204739407432885
0.16347072298634735
0.12295877365628283
0.06246092080854637
0.3740319995726188
0.42801138080025125
0.1545030509007225
0.23026814422771621
0.33212264735459707
0.3233073291170653
0.18501110306837898
-0.26260149620314793
-0.2461740686338337
-0.39669493494916386
-0.5405983223227123
-0.5220620743137172
-0.35840056264122744
-0.5009378432048748
-0.5364115405884468
-0.468827151481785
-0.2359713136710277
-0.4836618981491272
-0.5718258554981639
-0.35778451086434254
-0.6119512423366223
-0.5655179102079476
-0.2724194367342158
-0.26246964422609814
-0.4674338156921392
-0.38054292298397985
-0.24426882220440538
-0.5045881018350113
-0.5404555648961203
-0.24913254697549297
0.09853808468561026
-0.021423007292227354
0.3360413871482348
0.6954622691688687
0.6837637383108796
0.718200321158659
0.89306334888746
0.775527303127909
0.44960989634668025
3.0278521578560436e-05
-0.05897811495538558
-0.49183939467639953
-0.6715190277108031
-0.5316920428889141
-0.5189552265830437
-0.3211006391175875
-0.2620112336175895
-0.08108924718589208
0.005367695275766574
-0.09112554683566693
-0.28228896840315637
-0.3581832779563259
-0.43122812288739504
-0.563887818847113
-0.37254520092685894
-0.21606820617408767
-0.23111878906798264
-0.058257474122718825
0.26490350787262684
0.4789498873171875
0.4127103565331132
0.2565904455959957
0.4468513130767108
0.5461429057493649
0.3888852995642619
0.3710304119257391
0.1780821272362105
-0.23818443130558187
-0.44679786514799813
-0.31087797819066965
-0.3221992777413589
-0.6162739398966329
-0.6367683997952054
-0.2503411991800653
-0.009923978742015485
-0.14397583066004108
0.2363865034669398
0.7065827810212449
1.0754507654042114
1.4252617397927931
2.0388768024975326
