2.3029814746325687
1.7901655466967106
1.1648213701208439
0.783707292062239
0.602556969110787
0.4423027554612382
0.5166534028044241
0.6974459754044138
0.6332649826169956
0.038575468792400626
0.5697705034279553
0.6036349177216686
0.40728530934562723
-0.032929611175643324
-0.2503270077474546
-0.4003436131712428
-0.27726432315512467
-0.2461278964245338
-0.2339453642619652
-0.28144506363989064
-0.2120557263609297
-0.1505445020179223
-0.1817535169734446
0.2038507705669668
0.37916342352388677
0.2752375120747676
0.2869096007218872
0.3318788950283915
0.14487515542342289
-0.08406189235707785
0.14552560417153776
0.334033131278452
0.017046263611874755
-0.5241699485956358
0.312412401574439
0.5454919324767801
0.28117025874685786
-0.2706488802148383
0.4984898674769169
0.7094494693395627
0.43947062525457614
0.31806501195088843
0.09550194647723984
-0.1349870383167851
-0.19226691837669388
0.15204165318627727
0.3995798637115444
0.438193702714478
0.3895428771846456
0.5008226687816754
0.5988529573452314
0.6363749539872343
0.45875553322358226
0.3020520397819228
-0.12534919745621084
-0.5930335763434061
-0.872296216467531
-0.9452248452928133
-0.6911798515515442
-0.5195448998523944
-0.07525671690814034
0.38863601429657646
0.6830826613972755
0.74070082912747
0.8029955857285322
0.8532385160199654
0.7989915875978578
0.5948742015341073
0.29357698044176217
0.09329454059629154
-0.1770097542878219
-0.13505425387645814
-0.10938341385174835
-0.14951282992919734
-0.28031500600812354
-0.15532667117495147
-0.16007420537548314
-0.2060587639582379
-0.31671428842546673
-0.608542655768024
-0.6540785020218137
-0.7937785665739463
-0.7656207983397498
-0.7091969185998116
-0.6327694434186677
-0.31506384630874257
-0.15461356274983537
-0.3458004784230192
-0.3572383881615542
-0.1464571188324691
0.017308258101920333
-0.17231580922846929
-0.18558933395703178
0.05759769231901367
0.1758085549041262
0.012258227990581764
-0.033034587836753754
-0.12566715681896143
-0.1920843379003122
-0.09602341484440576
0.3026093955663695
0.38374745786769554
0.2770803554217364
0.29955848298783516
0.40223882920344667
0.35827281305683956
0.10752172684607067
0.17904806786519997
-0.03501719012074086
-0.2876753434613573
-0.32093058037929467
-0.5158386940005026
-0.5526958177164624
-0.5468704424813142
-0.5834659751755616
-0.7054026826321405
-0.6028066908739715
-0.30288055577458894
-0.1332133080601573
-0.02827316466288803
0.01698465514757602
0.003035600031908281
-0.15811657056341633
-0.0632733414098239
-0.011437473837742436
-0.08288075887667616
-0.10931674251538781
-0.2355802603381908
-0.38729392424494824
-0.4463522921371795
-0.631749121596563
-0.7193027556218972
-0.5849230724179244
-0.3806494636026084
-0.5353914745175292
-0.41341570383396864
-0.0656928705944575
0.26115248948853204
0.19639748123223838
0.48851320754686334
0.8041891771317362
0.5928717610187683
0.27232548826868613
-0.07153696090108058
-0.4234806594059408
-0.6944746465487968
-0.8109729297698935
-0.6726241481885205
-0.39698767836750276
-0.22697658965151532
0.06871853233896302
0.3540508715240495
0.31915000705274066
0.05796683651417503
-0.006872775188065482
-0.00846982766693821
-0.3930360619890831
-0.47641415355755384
-0.2742244407665652
-0.4596049008944569
-0.5366080886300858
-0.4011030473500663
-0.18900124277567457
-0.29423669081653914
-0.0449521645446261
0.13560678522164923
0.006461411416783291
-0.010938710641970713
-0.05571810454046786
-0.14558060866314856
-0.26323176118962544
-0.35773065617591626
-0.4869392318481273
-0.663253376263017
-0.6673771982723629
-0.5099123222406134
-0.4794180617349344
-0.3387696761715286
-0.1449403636751391
-0.0805480355578247
0.08929119856035352
0.35716154081033924
0.3051973756247743
0.22995294751929257
0.09597886852115248
-0.1220834833146561
-0.09587186016468495
0.05593215763213833
-0.12058605175462461
-0.2619126798898372
0.08796300496533233
0.2572563999312963
0.04012329569307038
-0.27704809695474886
-0.26517725897416744
-0.05116302794882077
-0.061384136856512936
0.2843671301851826
0.7091610594457582
0.6719017175984435
-0.0026634023253050186
0.7388748817041063
0.8251397518782512
0.8313931543953165
0.7659140342012417
0.6018475952364543
0.6119825375811312
0.7550505179117746
0.8495248256308997
0.8150778697637627
0.5068586451392384
0.27785189912215486
0.2830343135645133
-0.024988719732964425
-0.11809582130674398
0.09919665286392981
0.03373709903414427
-0.17812081791185438
-0.07359788517605789
-0.1482002125629386
-0.3886175270994294
-0.5513103734843137
-0.530235880847792
-0.6791647385471619
-0.5818318430390735
-0.6354989048228692
-0.5175038892705474
-0.2878736462668225
-0.029663176737405178
-0.0811073825624935
-0.08114909047582128
-0.18605460807130508
-0.076322096054008
-0.1233494223905654
-0.262395771047992
-0.48654332353409985
-0.5556285746578492
-0.7858632547715312
-0.7996451904726165
-0.6703154421291854
-0.6469150211417067
-0.5014908669704439
-0.39396289102085663
-0.2942282340005498
-0.08788827923488364
0.1655997215783504
0.3240087656142551
0.48294036663614315
0.4113034657227119
0.14083718805517073
0.10024329044674349
-0.05063122129377422
-0.34748942257197285
-0.48649900076687713
-0.3947744197306279
-0.3974763512509348
-0.6036030825289583
-0.5731088230689425
-0.32581950807520155
-0.47248734412235593
-0.44171391373297236
-0.20190863421287414
0.06290799815099592
0.07381311696246691
0.21812418816183568
0.17863650138542134
0.14749577762442256
0.24755965133649688
0.2634365163480308
-0.015522870091072007
-0.47994379186731945
-0.6947621272308158
-0.7282135859276072
-0.6782465693148112
-0.5723879177290739
-0.39213152505990484
-0.4940813568550481
-0.4681594217687179
-0.36889756007994373
-0.056057776946474666
0.07133758047657376
-0.05694660666614684
-0.2095219838759797
-0.3855809459937544
-0.3241421392880185
-0.21176103540249866
-0.23701409471343143
-0.007428084736838842
0.09260270364527445
0.07710954286899671
0.16881501391484244
-0.061943939045998195
-0.11390930678351231
0.01081646196639674
0.11143071541618005
0.14402890997800072
-0.29441486832787667
0.5417972033060027
0.7336899682314303
0.9086544750436027
0.9666541085831953
0.7755384923534179
0.5405069024241965
0.43546683133686487
0.07000110393368701
-0.13299665887361545
-0.15570324521841858
-0.20453361424489622
-0.28981394132429583
-0.22666965860488614
0.0577223472176558
0.3067940668845681
0.37031295064575737
0.373313804201301
0.21218565082689414
0.20308036934957435
0.08639793880764451
0.057970795865512105
-0.10879835392673187
-0.37846912246790343
-0.4549929663254307
-0.216582575292174
-0.3597898243103858
-0.43970900600296176
-0.2580720423823613
-0.019673711635344312
-0.03853299726076129
0.2272425226011983
0.9164146999889935
1.43951127717631
1.7846172492345163
2.0017201740980224
