1.9062889897520592
1.321008338395859
0.6728576222244748
0.4362499893206817
0.2050707356477301
0.056588440939183506
-0.07086345700409852
-0.2474011463950508
-0.41398513120852476
-0.5230018548051278
-0.524047139422057
-0.21170754139571504
-0.04239101663040003
-0.14384270319544004
-0.17184140755809463
-0.3214152545171201
-0.23907948589699388
-0.53749065949349
-0.6246372304153004
-0.617179307143899
-0.5461814267258526
-0.38350267144391714
-0.2595307316834567
-0.08320234404351137
0.0669716004224482
0.06923772407539878
0.30949812579885866
0.3221800412737758
0.0996141983065692
0.19654110008841827
0.1322500465320579
0.34076686460527805
0.6064856744585477
0.6226645329051075
0.653379300250119
0.5466683352816687
0.7510710328915149
0.8140814028842491
0.7490956645964331
0.6739177809736567
0.4350429292100148
0.29500615887030285
0.054908606957863704
-0.07384996301232002
-0.07622613980839814
-0.12190800643938213
-0.1832593898990292
-0.04543336913121552
0.1140615136787059
-0.03330662693833103
0.05921639713203117
0.3352956096230957
0.3776338985688715
0.24452000999015
0.13660509369072532
-0.11437874782006374
-0.2759399470845362
-0.37032968187979504
-0.4291826178693907
-0.43717533478480164
-0.3175232079896214
-0.17373425266393036
-0.13590214184468075
-0.21341637988732812
-0.08004393646395802
-0.10644904542524884
-0.3112578702786386
-0.26213961106108075
-0.30790241221683334
-0.15609493936542737
-0.15862753956541498
0.16585658842415846
0.420032275692058
0.281860536693815
0.0705139981708303
0.0315203115017698
-0.29950388733725125
-0.7649728406400887
-1.0140474784349442
-0.9946025803281716
-0.8349933421358396
-0.5879050326767717
-0.30782025370102395
0.14153433299238916
0.3531570999712296
0.5325381229674792
0.6730855259034532
0.675515697132364
0.5749941216783169
0.3606890813376699
0.4434734489771798
0.5067583436754223
0.590628408254423
0.623620319874423
0.558794247103367
0.24528672395539802
0.17704144767799856
0.034869832959409625
-0.33061020426601784
-0.5308809799696653
-0.655386597188363
-0.6368526439867054
-0.4548655529715033
-0.2829862372812734
0.007713303924183822
0.022716814351668682
0.03395251411127999
0.08102947867366968
0.2465854167024616
0.19322350077745856
0.047339795694597585
0.15264624585122885
0.08535380590194658
0.4334237634426584
0.6001403468732314
0.49039845602800064
0.38777989561589926
0.3565753311707689
-0.11992244621109095
-0.3258163032701675
-0.22556605497947765
-0.19708546734950014
-0.334901710852014
-0.21471521636026542
0.2105000981331493
0.28802556921185163
0.33920892147682524
0.41257646665617853
0.5253558684757551
0.2989057680161822
0.13878300847842417
-0.24151348395169575
-0.5893206806456758
-0.7761866984863647
-0.852114231731779
-0.7450421134765586
-0.49934765611098014
-0.3182956980939353
-0.1845728193592286
-0.009961306266563589
0.07868312441058754
0.14808269722519818
0.0631795645641337
0.02390260415396713
0.0629503168810891
0.10505692677462408
0.11063091739564075
0.4596017232048433
0.6143995882513712
0.7729312077955603
0.7375534158797675
0.5970934152874526
0.5877528407845121
0.4120375181582176
0.333064741373966
0.30781405198871037
0.4966511063352042
0.5857723588092627
0.4899716257206573
0.354597407968428
0.30970117531557917
0.20312155390636516
0.10875821150455542
-0.07581731950581139
-0.053457227674352494
-0.3514640320259465
-0.6209925245193975
-0.674088533231124
-0.5881620870931901
-0.5828464744615415
-0.7450249034725239
-0.6149086793239723
-0.47079777348768564
-0.43916212209126404
-0.2722444969335803
-0.33969347500910446
-0.3366317067026796
-0.4437412361525718
-0.5711156893292445
-0.5306441527153909
-0.3573518987880272
-0.22403305483682334
-0.039343694762429125
-0.10984106870906467
-0.1842933626768013
-0.11411139412861482
-0.20066606425591837
-0.10419357875634719
0.019175574737121663
-0.09333779147021673
-0.14700291829317474
0.1417398842334396
0.1180711523360942
-0.021087565588722372
0.0753879896539597
0.3567983783611361
0.2996502248610586
0.006172248429217678
0.15853337840114468
0.12170724275235831
-0.0810919836186947
-0.10699910660562796
0.046385823343295836
0.159811910862185
0.16151972957716337
0.10138253675518759
-0.025428637229047334
-0.11366392211547302
-0.025690906362043176
0.12215850471387618
0.05971912655814854
-0.21865426812566963
-0.2852906037787385
-0.09377625786944277
0.10831082068316587
0.19471115983915385
0.15547408854670539
0.3485787740049309
0.19270807388521527
0.03547486138312099
0.04819520295321979
0.05489018740665469
-0.17378683967463174
-0.4720340854051348
-0.394503887704762
-0.0626691257317394
-0.07223384410908379
0.10823611287319522
0.4077731471189415
0.4969007084734077
0.5431928248167127
0.534222533013014
0.3177504938138494
0.10563422265729819
-0.20595080346022943
-0.39410273465862466
-0.31706896782677646
-0.19489054604852313
-0.05417364143103573
-0.02642769406166692
0.04134393776704624
-0.2567107831254566
-0.3629532181072873
-0.12627427582310907
-0.1697591496139351
-0.5521756766403005
-0.6427881104081692
-0.41936832131987933
-0.7009827505048536
-0.7465944388511075
-0.4062636501221167
0.002084316690958761
-0.012864553302564996
0.01376092374027135
0.28133616123150895
0.19399272539297582
0.23864982614919383
0.36235399179418254
0.5641163283035656
0.5258058218898155
0.5765802345000609
0.6424099935293879
0.5815106676640116
0.5544092038268268
0.5804620951260255
0.2915768491580226
-0.011982484886258643
-0.2863323437777191
-0.5895133874945001
-0.746575100300089
-0.6985331373378596
-0.41805609103495167
-0.2878230345350435
0.08411165307801256
0.27647004890663035
0.2803085090290803
0.2692478623864557
-0.00934524291753317
-0.08600871873082813
-0.03327387635601922
0.01155599898672164
0.1675645438108451
0.09982682978002821
0.3118117909156631
0.7236558114940735
1.0679575954953722
1.5041575222558576
1.9661694703646941
2.410634973505526
2.6592484166555734
