2.2026012149552208
1.8586251858298375
1.1898050014072403
0.5902189933523813
0.3747287640307868
0.3891132236123642
0.3163647476919347
0.44776670602440427
0.39556374828695906
0.42617285424228224
0.3586743908171173
0.16595630080592375
-0.38671274177234116
-0.5881813720915672
-0.5891055519266628
-0.780417149731273
-0.8864100373764113
-0.7440453556402161
-0.41113303977871224
-0.3422023642293061
-0.09843775158333491
0.05104474603580092
-0.05616831950127317
-0.20967412101664917
-0.117721235232573
-0.12715170784641985
-0.06352986912492464
-0.07628450880168776
-0.2926661786259955
-0.5993524155951322
-0.7501024393974496
-0.7359179135567374
-0.5755548382404332
-0.22983890545221516
-0.20077438052026306
-0.013521457862268672
0.2806371727886648
0.35447705536993257
0.5651574444219777
0.6446463642544762
0.6485959147542658
0.40833459471437383
0.5352825963281945
0.616099484866706
0.6069980738261547
0.6258811826564897
0.6029110138802716
0.3433389200094738
-0.07280947326004636
-0.39275257437780037
-0.2828228539493761
-0.41216080001357014
-0.5826905315513551
-0.5359568956803995
-0.2805726078612905
0.1781584560135869
0.3391759266036276
0.34506733240133824
0.38330759935242803
0.1078034222830464
0.1399257422116772
0.48529730389792486
0.4993587163903446
0.4587908210997174
0.3900944024893185
0.2591289712408287
0.18692697568988945
0.4336392890657359
1.067893206136406
1.3848648727976995
1.848830029377048
