2.4783619794156744
2.09058999913253
1.6233006310832592
1.4309442292221979
1.1210505546769327
0.932981899896353
0.7107355490442977
0.5854699279782783
0.2828588032611452
0.20090668618459634
-0.1863533080897478
-0.30013259997310865
-0.17908841583866758
0.1639458704114566
0.21062972182394601
0.05057323349628419
0.002443652236395335
-0.14906851275666738
-0.07829198825745778
0.010273303472022747
-0.06694719131625322
0.18137069861817887
0.2305883014686963
0.17440761587861225
-0.035956941858185786
0.05989028446952674
0.11741754423056316
0.04527881372068779
0.03366536039558008
0.38657505199225173
0.4393834923864336
0.6255017136146258
0.8907634461540479
0.9775768229690202
0.8770528273122996
0.6101944108135924
0.4403803867671775
0.25222295735936123
-0.017507020999129472
-0.20153069405579555
-0.5678041983919659
-0.6838944186752023
-0.48743838843155846
-0.5489147657619496
-0.5306819729810611
-0.1845203052843595
0.0040825060809928084
0.011195856860543951
0.05200471945157181
0.23778145246622875
0.4157515267572064
0.32661310516961223
0.0654829754291672
0.005680624210474601
-0.03400720936488384
-0.14890934535011743
-0.20910217908725848
-0.3490697493310208
-0.1969225656844611
-0.1291425993896824
-0.0018179992365987528
0.09265939018426049
0.4107628927427859
0.40751684884399264
0.26044297912335146
0.23119326683343117
0.16438863280221783
-0.1500200961234577
-0.30517624413133293
-0.12851990279415126
-0.1723258294441934
-0.27378769151157245
-0.1129127314095972
0.2013474442901896
0.08875866243422398
-0.0769185799146379
0.07906280893325668
-0.1648455753206539
-0.14639609309400728
-0.006461108672775612
-0.18980091138683064
-0.16019867957229328
0.014127542830445943
0.050058125997723614
-0.05521392392117537
0.010616217080219049
0.10617571772743103
0.0489363314143139
0.3053615378678945
0.3131037394063018
0.16043469175216815
-0.06455478171612578
-0.354507790920128
-0.43554432686476763
-0.7532843196678162
-0.9426101897154454
-1.0420211844683531
-1.003598800830503
-0.9561660572660808
-0.9048931332059186
-0.8107223008631746
-0.6026123899494799
-0.48574758489193814
-0.21054505178960922
-0.12592970303891451
-0.19931976760193926
-0.05981837381216329
0.07621647024841359
0.0057383340574730275
-0.11183998885647016
0.09181837402892326
0.01077730297771637
-0.159493075806863
-0.02006624500977952
0.2527679880743018
0.1927157327448987
0.00854306035230479
0.11135586405394637
0.17693788934321145
0.05682199212342057
-0.04581020220536091
0.1271247456519741
0.17742695175098958
-0.12483677189114864
-0.23317273819308304
0.09686857044623864
0.03132575247234019
0.22638342707827863
0.3906608615320974
0.5485756594537544
0.6388826541060073
0.5575935997000988
0.26608380362243556
-0.11508762506734399
-0.13759451217019592
-0.35836602310981674
-0.4390375110902173
-0.17301755438871297
0.11318072871285119
0.06579965865291484
-0.02219105638771751
0.24765191556268168
0.2714234646930996
0.15985392991753575
0.15048503723221213
0.1683936174018362
0.019793497908233447
0.0879943076545864
0.026469128298908025
-0.010391864246485296
-0.1634989342118817
0.07410084768121503
0.34032697443016907
0.24796505283588968
0.23836431488119122
0.289890499940869
0.022844605565009973
0.04811066833254355
-0.1293181147728412
-0.1662902248715043
-0.08582444491380443
-0.0068529476526233025
-0.1301520150399974
-0.3241845939181463
-0.1883003057130979
0.05269032881200156
0.06735957870980307
0.17941684242305836
0.12078164334645443
0.20064991523880826
0.12365211041587179
0.06695145695544258
-0.07854441175985052
-0.23898226590791807
-0.22233695210091858
-0.43874961718206024
-0.2686076409532672
-0.3785051027025842
-0.491369927247697
-0.5332513702172135
-0.7588690288453057
-0.9465180846708559
-1.0316202058872856
-0.8976305985800628
-0.6218633741449121
-0.39340131136547607
-0.07503349569352527
0.3062004573157447
0.6842703253516399
0.8420770307111991
0.9403888171394795
0.7845079634575718
0.6670042568263229
0.5166539466470456
0.2327942685801028
-0.14574543916366345
-0.2029297671131889
-0.06870956953904545
-0.012498058512399593
0.3858663260916105
0.5701620442603684
0.6010843904270585
0.5444886201265342
0.42124071056470835
0.1838526491433876
-0.26713807861367245
-0.49885324248981616
-0.5325904475794531
-0.6819024196868628
-0.6408767678287617
-0.40074317427888323
-0.03670700127876764
0.02115569533958395
0.1369590865216707
0.28748723667349096
0.1742959618608009
0.33408479938726815
0.26800962528650557
0.12504293783762252
0.11014605010611457
-0.06412035406575331
-0.3611432149680253
-0.27828761344133224
-0.4577592832181932
-0.3826428317010604
-0.18600757539997378
-0.05755184278519605
0.0589572667626439
0.0513164754791684
0.0018140339347163029
-0.1534421094483348
-0.5865430200033541
-0.8055949647229641
-0.8767528568258335
-0.9254326929827111
-0.8639219010807483
-0.7764703405213744
-0.3366047638492708
-0.165670386892112
0.11051543923286547
0.21798697770500486
0.20847702878849483
0.02984027898228394
-0.07145804893523915
0.049916866717749864
-0.12766142523948512
0.017969646265229837
-0.02718813321984143
0.0018926413378563994
-0.23944338966679654
-0.2200292689731515
0.03781996547952671
0.1936740366266305
0.526262673524994
0.4450722408914061
0.26307966039876207
0.09398745344300696
-0.12664453394234473
-0.5246993947795597
-0.5893333280501044
-0.4623633155652838
-0.23358411426091924
-0.15931472905061908
-0.11760943604735988
-0.1671692468164355
0.03893826474659949
0.21462853188924488
0.17116633090245517
0.08695287127994997
0.23234768699376834
0.1445695491148338
0.27260694800169594
0.3206063566087134
0.17263246526485404
0.21753796293989305
0.4369426420926509
0.5956195395512661
0.6157521604112035
0.4628449386997502
0.2904253858928276
0.42978018243722876
0.26157196306306124
0.0017944616157983216
0.034519743083645346
-0.08720688615638225
0.041770871489657344
0.307658981958359
0.6285771152896409
0.7219144514877645
0.5746088257170644
0.4759249537836989
0.49173948836176556
0.2618733964227886
0.28727510517116295
0.09578397471203273
-0.12308994262932779
-0.29762342913382905
-0.5287505337882052
-0.5393599296084957
-0.646302242941869
-0.5971099890382395
-0.47329929608049326
-0.2800064594703541
0.0949489112552538
0.2759653709603882
0.22840521897301475
0.2795191014900596
0.40329221558938666
0.0037825513119626964
0.04062873321244698
-0.032103419374213245
-0.06490663159702555
-0.2808577571245117
-0.24244779141486514
-0.1600756817730721
-0.45484100924329396
-0.42580572163738506
-0.32615036340770465
-0.18298228576947242
-0.10543525079414828
0.20479365787188172
0.21517322016716395
0.3307263071142914
0.31341736032651984
0.29103740673149475
0.1704904549195365
-0.13245911470867816
-0.23644638834524692
-0.07475544289401817
-0.14924508672634024
-0.16424107581232164
0.1363610137399998
0.3594300398747
0.4227046234025674
0.4923853385554571
0.42759070514904124
0.34426048542864357
0.13908727236799598
0.19761668465759313
0.3125906510172925
0.36582570382522683
0.2813617068791314
0.26739576424676326
0.16308065268950908
0.21975099195434603
0.45313499248513356
0.47660741858270256
0.31374608220025235
0.18782360452215233
0.11105500791724915
0.33603442017237717
0.4286690709397948
0.3118837311736543
0.26828701476452255
0.3515943882136613
0.4881393404050271
0.4637202606947579
0.2647986302262819
0.23700683010506918
0.18090482310649703
0.4246990852940764
0.47586327353998303
0.318443444735068
0.31533308095083695
0.35962782605567795
0.3906888265835741
0.29116015826395514
0.46899722100714203
0.6511808870331738
0.7177312470816721
0.6980363684923931
0.8203647912679526
0.7988281076989922
0.6106874029680104
0.2934234506273383
0.017721327124074565
-0.006519121872839315
-0.2306011293524812
-0.15771694975357473
-0.10954290430790731
-0.04627846419023217
-0.2168476940306975
-0.14996536157118728
0.1968183108195616
0.37824307627789094
0.3573993103693407
0.09507828044735503
0.06265767532643456
0.0762427897359815
-0.08437301800636454
-0.10095082461821418
-0.02920930812931216
-0.1589643364022573
-0.2346856151261322
-0.47952035477805305
-0.42746103209665604
-0.14352503804502803
-0.1898208893070382
0.023384010436399212
0.10997547759985397
0.16098704207305042
-0.22257047729257504
-0.27326986181093316
0.04442397544044241
0.12074940138440236
0.12331174649249747
0.22735930251162864
0.36049867179561773
0.3277474314257375
0.49156409494764514
0.3943032870902174
0.5411766845074091
0.8890039796526074
1.033191777170881
1.067342801716095
1.2068378119708452
1.3282760225024521
1.5737474418782458
