1.8114814884644905
1.4881613532058928
0.840360379913991
0.2598968505147352
-0.11327273428574952
-0.22422144709765054
-0.19651768218226714
0.1451024966707647
0.48306756037482634
0.7699679116322629
0.7812187014142417
0.7781420634504441
0.6779306540578952
0.49117285841853286
0.22561387989539539
-0.10606134861131898
-0.2301048477852544
-0.43346876692271896
-0.4838759504068602
-0.5305763968026594
-0.4222015328926629
-0.5192475285492658
-0.593872337673771
-0.5099632078877413
-0.34421124675658277
-0.0441421648930453
0.19577717994677318
0.17659707640454517
0.2601918467613349
0.29575130847509
0.39412322285416385
0.253850143926844
-0.05784546077733105
-0.4317555410376571
-0.6573421004020552
-0.7405500859841411
-0.7778759198729175
-0.7114999943685839
-0.4917464506668341
-0.13667170112196517
-0.06268456140944191
-0.12996098337446474
-0.19142876766439162
-0.3531897337652704
-0.39154906584481214
-0.2913626425503226
-0.08420668834553148
0.02306207967249618
0.09021326928079522
0.19927155614888076
0.2558971170370252
0.05286613923096272
-0.020486014835622336
0.28957712588986717
0.2961436613177991
0.021225953567439074
0.06984262919969175
0.31274638634783525
0.3382159019353442
-0.03192818272411733
-0.039892727702782516
0.31550356603156116
0.36965316822011623
0.02489826006005362
-0.23793101565509983
-0.5124274693025984
-0.6807542007514991
-0.868066157828678
-0.8719765404464327
-0.6490481718996689
-0.48268013043778335
-0.36535211041672433
0.046108504281986734
0.22812274897245174
0.19304097309452123
-0.05056608038455428
-0.3502522822584506
-0.5528120825123145
-0.6562207163998937
-0.4485807172110866
-0.16840366768729312
-0.08630819644385904
-0.015398273981423275
-0.054506707548095015
-0.26479147038412426
-0.31753465951275034
-0.5656877281332838
-0.5366292280412144
-0.6581889403546396
-0.48660581483287363
-0.2498789361636108
0.07223869767002389
0.4271993972910707
0.6013534588558168
0.5761229085306151
0.23391172166716345
0.2617507574889287
0.3108231198960948
-0.008956022155713441
-0.07434873015251657
-0.1454512369194929
-0.2855154342974526
-0.5367773408838002
-0.5700281846202816
-0.34746086759235595
-0.44245339658229116
-0.49864709920739103
-0.24339298503554158
-0.010348147673514782
-0.11973125557728097
-0.04702109684732063
0.008488419074225385
0.24734845216349383
0.13019792843278996
0.08285299527840073
0.23707016914612658
0.15467600930138783
0.4079709514397909
0.3837346469001494
0.2930871386173524
0.20968971350566643
0.08644072412474535
-0.30046807207298504
-0.4830818415802209
-0.4032536849083869
-0.21836383884641333
-0.18433560249892503
-0.2381614735487367
-0.07372012683565743
-0.18247593540967727
-0.047949750440954
0.006802477732814372
-0.0642799152744144
-0.30683034169578244
-0.4640070560334526
-0.6214963044674544
-0.45046641124790293
-0.27184627589779514
-0.23004439327329373
-0.23834704786350763
-0.32426799217392405
-0.5012755838852195
-0.5980724625950795
-0.4388070357603234
-0.3606299299539768
-0.42737114659748726
-0.46627096172349486
-0.42372806624308107
-0.3480468398580069
-0.26445263862819934
0.10102487071910121
0.244696407740724
0.2430244576518562
0.0767662293233694
0.2809964404732722
0.20334585922753856
-0.156167997796976
-0.22362038642146237
-0.05838437656570859
-0.1472287384070607
-0.24459313422503018
0.002149229764045207
-0.0007585709927494637
-0.09273380880109793
0.04203410541746054
0.08991834336418746
-0.08971461762293018
0.06670149285747634
0.08655170247780249
0.02757755930122319
0.11881670806059845
0.49079883755921894
0.8060092782634263
0.731311458988007
0.6922267445701
0.7146644273888518
0.7340621339766257
0.4517286739774512
0.3236922295430019
0.2875873673088262
0.4388537618010687
0.32542474380693637
-0.0567910303061138
-0.023153748470829245
0.03257505686705817
-0.011888761418376517
-0.3699739412738252
-0.5555688017033533
-0.5474829170490347
-0.3100060300277733
-0.42122245453140095
-0.3270828737908637
-0.11118796231872632
-0.06244357310659131
0.15073925427312593
0.15708839175888828
0.11912264646744394
0.2535927087728877
0.1364574302577213
-0.05999929468380031
0.04950772570367896
-0.10256958653485977
-0.1930978802996521
0.058889071872559234
-0.062063960014682756
0.1094737953511466
0.32065977656111166
0.2941709097613105
0.14300728040481323
-0.17381249057349574
-0.16615980740594705
-0.19768963030480796
-0.2701121552478616
-0.09113506083296977
0.015734366187995123
-0.19375807506207735
-0.16154609787790614
-0.021602793356323886
-0.19683928354743285
-0.5788223823320554
-0.5888788095987441
-0.28855650093949553
-0.22666611720000412
-0.3734735691145096
-0.1506042708089131
-0.14363030695724277
0.02457135068317899
-0.0027756349160091382
0.1827294900490503
0.2579864630962294
0.09363533764648259
0.017755775032540614
-0.03629485668733811
-0.13587248029640941
-0.12104660451302253
-0.18283146694301144
-0.0009427730329334253
-0.07049711176633704
-0.09202192861274922
-0.13808685201801946
-0.11965145269053207
-0.2978832761600007
-0.11006867604126815
-0.07536419567202568
-0.039599218648971576
-0.11594677686256682
-0.24164971271088323
-0.08655735122760878
-0.20846058125190428
-0.12624122957377557
-0.12057378184531514
-0.06625172032335074
-0.13589714268820852
0.06771603350234368
0.2756327882972807
0.1721556716199516
-0.04039908668583882
-0.20245277916923277
-0.1555910441875922
-0.30381781289049525
-0.6075149488119626
-0.4907598523811018
-0.5668291800921718
-0.5990788695840347
-0.36906310913432394
-0.22656823552175528
-0.386705386434423
-0.29062174529410356
-0.08023960068487906
-0.04651624749911443
0.11028401684156312
0.13788643480226764
0.02296311009527327
0.19503930677018438
0.1517736909276179
-0.0012478865663394071
0.17429286422976342
0.041242239613038606
-0.2297985400884135
-0.19608704847405783
-0.05028563181539067
-0.0269483060300092
-0.13296826373907566
0.06496160014233311
0.0365582098711701
0.22655072881542074
0.38271323669485197
0.36339700490236226
0.33135409590003134
0.162907540244599
0.3653820806905453
0.3310905270128133
0.07960987598124722
-0.03659373882764818
0.12861327991570543
0.08469070151858989
-0.02546175756464168
0.033870445828129994
-0.16303613107322637
0.03363404157473178
0.03127213740511387
-0.1788624298727494
-0.15743447508164304
0.13436398874131375
0.19382908481538422
0.07834347448515618
0.35152347474771484
0.4200641168812392
0.49591075568232584
0.3501026020796015
0.16194410102046383
0.24662927829633827
0.3900188984776852
0.4294507641235969
0.7901202942105054
1.25235263647719
