1.8827725103804105
1.411570235325809
1.1013299421449547
0.614130731638137
0.5159825251627067
0.7291612102460949
0.7447183795910925
0.6979350745839428
0.8201670242840686
0.639660162322728
0.2599901441283502
0.1864285685208068
0.02884997181266466
0.002695290323722537
0.1797406160250571
0.06949256996343536
-0.14567597578234714
-0.17892752757297056
-0.30796740398429673
-0.32868570439285333
-0.37980194823404384
-0.1355908674680397
-0.2521128210951603
-0.12613431066746306
-0.04254234975822394
0.15697099087734645
0.1733259249573136
0.2611218537059758
0.16199756751506955
-0.08509496144653957
-0.12540968528520746
-0.2746033176418301
-0.15225310851887786
-0.37946611837147937
-0.35431016589448744
-0.18016557378779588
0.09132918873987735
0.09297328206783026
0.11790939943713973
0.39698163981645196
0.29103902477505555
0.48637518410515396
0.5648993137084466
0.7041460266124663
0.6993871252720472
0.5793733749546277
0.28821781516727557
0.10973265143762165
-0.03936219662037374
-0.03984785833807611
0.10833234406889505
0.1399496967488384
0.09320747730456383
0.10295123709719492
-0.09665328162462422
-0.11544901963210318
-0.027669599050482795
-0.23733674315280215
-0.3031243280823818
-0.29079693211549656
-0.022594672478520976
0.0710345647899285
0.0058661396316794035
0.21152299562056895
0.4242250653685695
0.5981753386739708
0.622313485461197
0.5031563991107957
0.4181433800291192
0.21957050265372668
-0.30459154531274746
-0.38210793568361695
-0.4248641414096871
-0.5047253972567162
-0.43666903894581083
-0.19821831891851358
-0.13754954049357876
-0.17086284751981887
0.10170640463161768
0.029985564744076675
0.07731933591156726
-0.0146662326790364
0.03244095524234669
-0.26529943096904657
-0.4041758324153045
-0.3621750321344051
-0.19740270695187828
-0.33590836917968364
-0.4106289940264732
-0.27536145036091286
-0.27052807212890356
-0.0562572129250399
0.19776233415090966
0.21582410439743194
0.21524425490029353
0.41664526651517114
0.33913559686899275
0.22548004114566
0.4036591032293038
0.21693672729211516
0.3783800947638827
0.5655237121325803
0.46151572851312817
0.46333224961987773
0.3483210901607524
0.190571100844784
0.1581405492664918
0.010082917588142054
0.15109792255564272
-0.03540235089340599
-0.02153867583551122
-0.17583483541590494
-0.13717983090561653
-0.24923352286457992
-0.29098392694282466
-0.1713599972400395
-0.3645829449710669
-0.20893939576924073
-0.13317575410882357
-0.19418503759476904
-0.3368540801021429
-0.2523069102764654
0.09599664733562849
0.20828576604112425
0.07651888604244715
-0.05861592747674824
0.0955256591165465
0.014207311179445977
0.21188650748455296
0.12548906345965138
0.19110695271992353
0.3262734392878207
0.16412585907170635
-0.20342727912823877
-0.11141900299299451
-0.25629475696842413
-0.3204781692386228
-0.22944944645297966
0.024316502839947164
0.0574503533653942
-0.008388586151269748
-0.27123708375951683
-0.3609486480633585
-0.4247890473908668
-0.6900807409350195
-0.7058288004361155
-0.5912118616341652
-0.3549050736614755
-0.11584402691418859
0.06392148755916872
0.3065583790797078
0.49198063242460716
0.6580826754444032
0.5745349966773909
0.36341045481005
0.18823536987938394
0.08063161525350108
-0.40375617397212815
-0.5497741941137482
-0.5577810688279689
-0.39717094069324826
-0.1561876134441419
0.10739971071233491
0.24747966919054082
0.33478526580775664
0.2631121014418462
0.04723968998113639
0.07934717459519086
-0.04166864490090356
-0.11452306565636015
-0.29368508046847186
-0.2674543672738236
-0.45697000665996446
-0.5255018356586191
-0.48315733653821885
-0.5243359709219982
-0.593755632292201
-0.6773547143138202
-0.43213416395778353
-0.29169363937870935
-0.2917126816580841
-0.24461786712198236
0.17083038038321546
0.27447938110737646
0.23055606885630867
0.4551005529862044
0.5585993748280705
0.7728058110139866
0.7403933728022345
0.6765110999674051
0.5115113502730511
0.20386603462200623
-0.11919770753153619
-0.2282985083891347
-0.4011953026977444
-0.29274768560727166
-0.4991048395985299
-0.4300256853921971
-0.4002997435977124
-0.2882659209375609
-0.3303928522431065
-0.01485352146602815
-0.07876213277556293
-0.2955578541612103
-0.2971699334170798
-0.37849886919468945
-0.18718307116201172
-0.380726744472082
-0.23123856539148788
0.17088221721658503
0.3296898580193685
0.21679986418694527
0.1601225423122644
0.3026179540350065
0.11537483824879466
0.2985972762102688
0.2980066626911046
0.34654974275156664
0.4454585271403627
0.3888440706967209
0.21705429319159492
0.27051155510974584
0.2003675522720064
0.1575091304483073
0.09099503794184492
0.18236236570409858
0.20878216576935443
-0.07635000564307873
-0.027667039626414376
-0.05038265030013346
-0.10517740666636771
-0.2786064667777075
-0.2589012448160113
-0.4325147652505398
-0.38995942680619133
-0.4284157487762709
-0.4868108627203893
-0.3516650017767878
-0.34004335730004404
-0.0995966611496168
-0.013152482025658758
-0.12727870427551394
-0.14857828897267897
-0.14758751706281076
-0.4961951609458089
-0.5232024738096448
-0.5853220963916909
-0.4494082277559882
-0.23398411413397133
-0.012725047466859618
0.1916810080651704
0.10070233221599703
0.13131772643092554
0.1895271061584513
0.14826629436720545
-0.03753642189925608
-0.15983922703726913
-0.306714842569983
-0.279906062906947
-0.05567620896055321
0.45438082216716985
1.2825525255634012
1.69951933834809
