2.2904026138100693
1.635730999767199
0.8543404362720494
0.4205963041155065
0.20700563214799267
0.24691032503116875
0.11795387217477751
-0.08197679150403603
-0.4801397207693472
-0.6526042847815641
-0.6799053639454993
-0.6711747722464615
-0.6567389885803546
-0.49070156745810334
-0.4000792529071865
-0.23848192012911976
0.05190440045642307
0.3553207357867826
0.4453854133031334
0.32629590760000954
0.2571015382514703
0.3323198964885753
0.20077245509357336
-0.025085528712121264
0.053985215122861786
0.16832602103496333
-0.02668792839587881
-0.32908253995890907
-0.578145633925305
-0.6421898964460608
-0.6702019941265949
-0.6545905355949032
-0.33838413697358494
-0.1681411719516209
0.054146651650142534
0.3765066253634939
0.5541171062315119
0.5863592177698286
0.5327607206634749
0.3762223715550374
0.020530902884583042
0.057252553278400786
-0.019667351445718264
0.1915403586970832
0.09997075936236602
0.4284018197587654
0.588050902405712
0.6613453411142758
0.4857711347517131
0.37764371551623843
0.16783586838758494
-0.11487231172127373
-0.1403449002403045
-0.001368378628797078
-0.005401835671475231
-0.17486249871523946
-0.3836175425929135
-0.5159278544377226
-0.5072196924114933
-0.4300403633930157
-0.14003964758808585
-0.19624933494671523
-0.03694025547959133
0.1068649656885072
0.3228482047013502
0.3487640242701682
0.36773662581884714
0.2096166819642713
-0.1799524959077013
-0.33144543964014733
-0.28206576352384266
-0.24173827377453044
-0.3404122872820046
-0.39628522142822686
-0.5101617601409635
-0.47832189498071437
-0.27161336205034814
-0.022020560328786878
-0.03550745021251581
0.36346420471780694
0.5585559805912375
0.45158210258545317
0.23833080754602362
-0.07283819882589232
-0.5039533951861659
-0.8405190040369519
-0.9675434136420336
-0.8962731194622855
-0.691320114160779
-0.5752084757108251
-0.5876973205998981
-0.43018995815971717
-0.12218066018613885
0.19768463198856487
0.13347538274281243
0.31677173492053945
0.43051381731471566
0.2695491296957221
0.41575304351400877
0.257689014168553
0.0009015637446848034
-0.4307252017930888
-0.6206046768445396
-0.9340535033333109
-1.071860045035808
-0.9883011012415048
-0.8452750640621096
-0.5993228735568796
-0.10183768840697152
0.18485589097322386
0.12291164435150773
-0.12234974018026074
-0.14721416325253048
-0.13603291700335254
-0.2909184462595405
-0.3004359291723124
-0.13775095905280374
-0.032525756820561955
0.005045458607989404
0.020713496182042792
-0.26269101268301503
-0.3792715359749206
-0.1955915279629752
-0.26352915931046855
-0.17656197295452092
0.029615442935664402
0.1376532635979255
0.12553583123680148
0.4352899369954592
0.5646984546743126
0.31943725674198564
0.16415682705188656
0.46090900472485313
0.3915788436705919
0.10857022605065518
0.27909676773064895
0.1978712781435402
0.0043836367063797765
-0.020208393127676316
-0.13875659266860296
-0.024938431967975617
-0.004106248660224075
-0.34494631616933524
-0.3642414371743075
-0.06036455866839299
-0.10588833945276598
-0.4495202123499843
-0.3963837305961237
-0.1304721635740762
-0.09189620133990932
-0.14477406595408465
0.10579619545351883
0.2432201048729718
0.05328202583935055
-0.05702487314552542
-0.1851985913157177
-0.3721614879342939
-0.4260864095246671
-0.3092236509482678
0.023744073699731107
0.07786844605937111
0.11099825657593593
0.10936760078079591
-0.1296069260420715
-0.20225752009350445
0.023709952275562305
-0.004468058782529813
0.09690156684628061
-0.0530707113109857
0.1845059769739917
0.16684498470792056
0.04652530291823315
-0.2041340275778834
-0.22530700952067434
0.025773203794306074
0.0802882875222884
0.04705922722553578
0.02271307506099446
0.35695103071444867
0.41257728636813445
0.1946840085985328
0.3556356039166845
0.2330969587728189
-0.050164457549898865
-0.5336348088870693
-0.7047975634082508
-0.7297251132831758
-0.9100843921115724
-0.8570831984592311
-0.6828242400506823
-0.3681684256031692
0.04161655948738523
0.27701052455279673
0.3293673309832596
0.11821314235768308
-0.14186229182468613
-0.1692243354612527
-0.5151857294098083
-0.5993006826914942
-0.44673506309280214
-0.0995361743767578
0.024926575057630494
0.18008558297983887
0.281460952714702
0.27796188255012394
0.17224714946114375
0.36842556059986603
0.4303801634704993
0.5077853298629948
0.710836236467891
1.3467016371523164
1.7555399806807557
