2.2495729906955506
1.7477860004280734
0.87877476082411
0.31350535086441567
-0.0766528004116171
-0.1980699947256078
-0.41855122789296906
-0.3990649895056755
-0.29330960616619284
-0.12700074462327746
0.07257556231128755
0.2287211049226826
0.40688376543690613
0.5561947876917681
0.555358045368649
0.5398907478987476
0.6351653723630091
0.5472404372494893
0.25013337229143273
0.07009633659574853
0.3006599731653507
0.24153434656119277
-0.1257319754742953
0.0063486009651709556
-0.08311094953982184
-0.3866099986994657
-0.5162343656720016
-0.2710841371893446
-0.4325700981610222
-0.4604173031132147
-0.17535608371168085
0.20573713958831524
0.20349246444921393
0.08096286821417953
0.1788413888769059
0.0396088403092074
-0.16054816115690262
-0.3537922029072474
-0.15119381533699155
-0.262765997871193
-0.19687364341426872
-0.030125139502123862
0.17481700185041954
0.27132004266153126
-0.00265672592461495
-0.30241646260342125
-0.3517809104258739
-0.4722166869760147
-0.621455443771049
-0.5392518622450486
-0.5598085547478879
-0.46852184764289667
-0.3333575430586214
-0.1518847547294026
-0.012223195521789132
-0.04836354514717967
-0.2274120188477044
-0.3658068648986623
-0.25973225798822325
-0.4120894729789812
-0.32425759780081437
-0.5492743815255454
-0.5164358721826643
-0.4314698430066844
-0.4171334217601637
-0.5445665644478814
-0.5217103889283558
-0.6514541745981152
-0.5768809458687467
-0.3716130583421142
-0.023225963190314593
0.1988513305376006
0.45282680062790975
0.5757310449679243
0.45107085724712476
0.3512876001680028
0.17007992935819818
0.07184254518608886
-0.360512359648577
-0.49206402073663674
-0.4408007993856545
-0.4202732179375899
-0.4478030636582188
-0.11311489844874092
-0.06280178651323443
0.19236885307593113
0.2898987859356677
0.3229858160284932
0.07105995918607917
-0.2914753973893952
-0.44858131057202294
-0.300568681446743
-0.5171300564383504
-0.6980332147808973
-0.6075974251380035
-0.41086334661283586
-0.17206051885160878
-0.07628321530905621
0.018288731648844828
0.22175512830760366
0.04123102366664075
0.10359286948166695
0.11684315079552225
0.353445157172374
0.36817589340909035
0.11187414498151496
0.35934869123602486
0.7353776821594059
0.6733161838807368
0.5218044256997134
0.6580359475608701
0.3465937923649051
0.032173098040173424
0.0608671670376056
-0.10266348400878318
-0.0561077625470957
-0.06953249077371146
0.25739259806483095
0.49895110165620954
0.6119535726384614
0.5801004445805258
0.4511749422271822
0.25790732943362593
0.09682280264278972
-0.14914822751624837
-0.5899778089973328
-0.8111437846339847
-0.9120326145904641
-0.7591250771305548
-0.6650517909059729
-0.6575959440339442
-0.6785383557116712
-0.5931884207183629
-0.22432962729036487
-0.10996162282370896
-0.09916828218816776
0.04574596850112406
0.01149965062264315
0.022653545331246833
-0.05613801014551084
-0.09456671670432382
-0.1969508341960852
-0.4876849683085865
-0.5092466113192384
-0.3100592535590883
-0.41896230250346095
-0.1278249986719823
0.175817697042277
0.11367451991099418
0.05053520112944881
0.16110465784441586
0.12510452461313523
0.3167042136799853
0.39431176219813935
0.3474459741907959
0.3494649741348367
0.20683400933999577
0.044046880589531046
-0.2115660890364735
-0.09839352662512119
-0.14916631865514382
-0.3153425516321261
-0.5581451330086087
-0.415210329198978
-0.16937881923853748
-0.2082815910945447
-0.029104383261163234
0.18166571745320279
0.2651303938072984
0.18173896684045943
0.3162457883796821
0.3315885738381729
0.2528358481807527
0.18777770679412076
0.18366301535279272
0.04196369406087722
-0.2132243061480886
-0.2646377742683185
0.013837981351042432
-0.02371783317064802
0.1252762796314205
0.2471372840853779
0.27608019357570174
0.4997923173177271
0.5649889841924571
0.64171057095208
0.5916622136376845
0.40018438232301523
0.21991763665428074
-0.1576576329228566
-0.27821369539213914
-0.19513213435974577
0.11530799762790496
0.17210031965602668
0.3780581776602487
0.5466830935349057
0.35341621125664685
0.4930420153212548
0.6291675604738021
0.56132973289389
0.23744099338892016
0.11348082428459247
0.14821842408255584
-0.061155347929649766
0.12430673802831532
0.4482590273270016
0.4644498815665204
0.21449719011547705
0.35999992192470026
0.37403500931624806
0.21863260336682674
0.012209337998084963
0.11022288507437017
-0.006084006865910299
-0.1870851379089452
-0.4193452794668942
-0.26526460902264654
-0.1529243105293294
-0.43465551057293567
-0.4068202024534644
-0.08391046911426622
0.14495375541576283
0.09471802099373307
0.3517067362428849
0.5969130184107951
0.5987957689241838
0.40596250829528663
0.15796303043868404
0.17913455107887288
0.08331217983737803
-0.09165098209658373
-0.021771155207441533
0.0995668313796216
0.12519602902413351
0.021989719031497178
-0.14481172420110167
-0.08266443282622644
-0.20219940467841022
-0.4163302363341636
-0.38073231145532604
-0.04970582797216186
-0.03417793707332781
0.1640728447091598
0.17844809558561175
0.25479724660957576
0.21922507279876263
-0.04439556674445792
0.014406437916091927
-0.22292148466422515
-0.1718468825630864
0.21376962023822263
0.3631170429413947
0.2797939160224755
0.44403526944205657
0.6222002871915502
0.7815691874722485
1.2544926236357616
1.7946781937489398
