2.17799024628052
1.64434038879998
1.0371999014107458
0.5256959011299096
0.24795762676747404
0.34034075907144923
0.4567229254081697
0.38276602231976464
0.17832908192525523
0.21171317973186854
0.16308380542580836
0.43104159154673893
0.47842303222973337
0.40375754283903253
0.3883872083388217
0.3362449300678204
0.21284203769462298
0.29637172718881455
0.36446789292177756
0.3829376149576626
0.2815410464342592
0.1899334588117987
0.265583938052643
0.14742855697433443
0.3711238153311562
0.39779620891458634
0.41921390767528716
0.1974356293132126
0.27553326182709026
0.4198846412704517
0.40036752128577663
0.05528950160350034
-0.2135930449336513
-0.1957618605360695
-0.4699832701601372
-0.5951579784710299
-0.4855263117631654
-0.4635455968461141
-0.5663940742317694
-0.7010219121834103
-0.6195885038697513
-0.37294873225247166
-0.1151384877753741
-0.17751269256047164
-0.35093946857436736
-0.23836389074323208
-0.12714591553641783
-0.007310380769130473
-0.06276444421165328
0.09586569012511206
0.08656382899310852
-0.12377343813223272
-0.06597123027888353
-0.14013352452950342
0.008064071900109807
0.04156144433231682
-0.1393101709912612
-0.13341668752977254
0.10761206945507364
0.021534746383096937
-0.14055390081284014
-0.023603969488996
0.09588120603702836
-0.2432002936485407
-0.30888534735335865
-0.3470232916515816
-0.45009608760754855
-0.46111014921150417
-0.3349693108408236
0.06702313558092396
0.20815111144831605
0.227258378446382
0.20330785400485965
0.1662641156066867
-0.05554231448946513
-0.2928857170287232
-0.5211446910306513
-0.5807357247945157
-0.3812844724743285
-0.5434846690160156
-0.49898564404025464
-0.21316579641073707
0.02905974665898155
0.1024045478224795
0.22125098840707555
0.13405355827930954
0.2618648369671918
0.06921179471374171
-0.27067401024056803
-0.23705662846650058
0.03160406821867848
0.05621113795493198
-0.011808525476357948
0.2614622818857938
0.5174492938852456
0.5343432557327183
0.33614582473198606
0.06595183683157937
-0.14211822112933678
-0.24402506356911793
-0.38402333320808907
-0.3954408429817396
-0.3871894341212517
-0.3288473897181915
-0.38397586215366813
-0.2330639585661125
-0.16669783197832255
0.01227915386100925
-0.061703435203597584
-0.059375289169571646
-0.034277584166424825
0.053864507014769136
0.027804044746670788
-0.15393934814522162
-0.13263547705621417
-0.0596706811888264
-0.2185720938344277
-0.09830986132939226
-0.16032887910660115
-0.24602214729300703
-0.4714471737453372
-0.465931860245202
-0.6053295677527665
-0.6992669621108121
-0.5817910129135286
-0.49910647566049904
-0.39302109051824907
-0.24899427460701218
-0.2043271888028855
0.13408320025354523
0.47290043582443536
0.4880482310371198
0.5755735685497783
0.4761467216927486
0.32689882140476045
-0.03474972679355197
-0.11539566125752083
-0.22593557874678213
-0.15746834710655144
-0.1909409949304247
0.037974042115482706
0.030068097270113812
0.24607607100496692
0.3689465807261869
0.4252033376716933
0.4543251178920666
0.35929302809347374
0.19105867474595395
-0.038466116190855396
-0.27876881409643167
-0.37284878797771803
-0.3030383288465989
-0.2965350191724299
-0.38336281451796966
-0.295007747738247
-0.07331107265471867
0.44262680897517176
0.6557652495886299
0.8513469890980214
1.247716444161083
1.4519230930841718
1.7552468647505814
