2.6942673431160715
2.2591050418967726
1.59641716634427
1.2495334491754813
1.1454932728305065
0.8638642086630017
0.41139845396360164
0.2221062656131041
0.1140715024843868
-0.01813889829790226
-0.10763170170731545
-0.23411402489786545
-0.18201659266002637
-0.22797286565268401
-0.24308537246503323
-0.3044097170770374
-0.06486581278336881
-0.10490541165867143
-0.1455849362931246
-0.18534372372999408
-0.01854345610613939
0.19564258108922158
0.23266290866217215
0.24152695084902545
0.01387079094359663
-0.06261075696700598
-0.23718429226171997
-0.5745828092057468
-0.6920811703913031
-0.6425834917914652
-0.6699320130422438
-0.48646306561083746
-0.38923257269704137
-0.14477868299298052
0.015492530018186828
0.028237408678366296
0.22293720025439007
0.07604235172100768
-0.14389045079360904
-0.1671238339338457
-0.3285916903159944
-0.27674048271264484
-0.4638931505450284
-0.42324596262585773
-0.17641914834293404
0.019608264915660378
-0.04626197705399057
0.1501031727742025
0.2795053506296856
0.19171923794186937
-0.5413319932990895
-0.07774895904322748
-0.2508219537070321
-0.4016989987958678
-0.3488041879151844
-0.09204321656439837
0.13841416081596639
0.5617755265971647
0.8006976094115634
0.7921030928718498
0.09923696057525005
0.6484065140852947
0.4316473887249098
-0.03978475140270253
-0.13362257353807713
-0.21457075524246336
-0.26459365718889055
-0.10909888400120074
0.08861442844147885
0.13641549357776667
0.21985225424655197
0.14203343657940584
0.03825636689558376
-0.23466180674072817
-0.38936070681327234
-0.2044456806718651
-0.24608908493961465
-0.1613820361497938
-0.17531465133785656
0.14848765796403127
0.2240843252250203
0.41305508799341545
0.32551818281805706
0.24770207811583753
0.0064239479980559245
-0.5574144684334947
-0.90942238952697
-1.0621242335465775
-1.077097431338972
-1.0661048183258102
-0.8634881350493977
-0.4052426563877578
-0.18318910637323108
0.3566857031568814
0.6198233299124178
0.824034614042094
0.901729495847749
0.6462888345177252
0.3868822395506185
0.19765979821811713
0.419696805275114
0.4124326064948533
0.8148084941962072
1.3012189243613548
1.961577745703192
