2.015240741279171
2.211831572984808
1.945749512109244
1.6243083849394029
1.3098406803943148
0.9921755479379405
0.9445273467176057
0.7634268551013685
0.42712376118948525
0.1718577724362839
-0.11684591568715957
-0.3813213938948122
-0.7150179076353632
-0.793316701738887
-0.7942004029824669
-0.8872937695850726
-0.8427431280401299
-0.5388321810769653
-0.7330437775351831
-0.6310954002990213
-0.7194809925948923
-0.5840189234701955
-0.3609471089426078
-0.4567086908286223
-0.43526113151252693
-0.33658181248518465
-0.11682854211844436
-0.26980704482343204
-0.1937605719657231
-0.2112461795239363
-0.31536091099881985
-0.21954980027262933
-0.05368202970742131
0.26921998483374177
0.5258785045558978
0.4626377029790395
0.32243587015390185
0.36573156196386475
0.24449061787625487
-0.00020900091617473434
0.05776465285602503
0.01641716743277483
0.14538880454849465
0.2658977395700586
0.43987642535843297
0.4797447401957003
0.4704990999258382
0.13301817733813862
-0.21610562914889417
-0.3266557218965021
-0.5279816376335037
-0.5408758788626742
-0.3607330701990562
-0.28419683104166216
-0.3047827936305468
-0.1562829712683022
-0.07679161837992157
-0.3033260618773091
-0.3277895914004799
0.02665056394121879
-0.012279271767241933
-0.1928020683704984
-0.04656770946261468
0.02330368490524224
-0.14510474472514395
-0.22281831862519222
-0.3422878123819938
-0.16502682229836382
-0.3340434165221985
-0.27159102617355313
-0.03699744114078421
0.28525668906125895
0.5071833154529081
0.6059624683265177
0.6325032560828224
0.6859267716465454
0.5895933565414496
0.3188046830126467
-0.06440642214685541
-0.08485805586083765
-0.16219878897306098
-0.3780622326739378
-0.5065795562622168
-0.33491120684807063
-0.222146144821954
-0.2137483628651288
-0.07219185061693793
0.020062295290688238
-0.13009997039312407
-0.3141951848322337
-0.6056158935860796
-0.6019249849573427
-0.8043731607189711
-0.9698484449863087
-0.9135511569576266
-0.6336015870799533
-0.6919650965714939
-0.7417813094799137
-0.6804493398984273
-0.49505068400593416
-0.42949602608209797
-0.38039755245411383
-0.28350554852970544
-0.09341675985170321
-0.06541143605944914
-0.26200638880100063
-0.23375141884791514
-0.02332326932910712
0.09205863859855722
0.08331739342032408
0.03417617635201487
0.04962318357685386
0.07527559983528907
-0.05377603088505983
-0.17922749895163062
-0.12034491895422401
-0.143557211219575
-0.3365457481766467
-0.23586055881165413
0.09244081293841876
0.33866781269711627
0.41558787532426367
0.3713625672081446
0.3906093422603281
0.26762524318158704
-0.1459413229441254
-0.08523186050201481
-0.16148987971651765
-0.40332039562950694
-0.39109513435534754
-0.32410161706155316
-0.14774345312433967
-0.09311124612687482
-0.1767077734405346
0.019591391907460436
-0.020792171068671973
0.27112837335817036
0.4648016109377446
0.43060987461490086
0.36262304961719577
0.21748405128692497
0.3666881998181409
0.36760026095916326
0.38508112733181066
0.42643099963465125
0.39793676458794774
0.2595062236765763
0.028270026540843176
0.2548796593354859
0.1486574976888675
-0.03318643318905952
0.15950212204393321
0.25166204943545334
0.05422342378061096
-0.008233830414254061
-0.049884654911835614
-0.2336263630471952
-0.16023605084615378
-0.14537420074156893
-0.31267834864238875
-0.2904176944191688
-0.4232845386699999
-0.23702925195160068
-0.23723712807123806
-0.41905776129880484
-0.4287286599370646
-0.20479731393572348
-0.26368204969028264
-0.16647211182533314
-0.07617897372062457
0.18355921921265148
0.2793880894419902
0.24841799305660456
-0.03504605368269477
-0.08489254167317291
-0.02943781814766111
0.001519636260573164
-0.03957211063996603
-0.3098798742250502
-0.25921233334416
-0.10619317314671016
-0.4475462661264683
-0.4325005147250641
-0.31998952170724854
-0.48219679516791125
-0.7014922591437446
-0.6278332757232364
-0.41187932900378615
-0.4803188687187805
-0.47553368322147216
-0.5384068114664893
-0.40188409978099104
-0.394937029829603
-0.5498414312110111
-0.3948164377884096
-0.27407411720270874
0.006386631430696745
-0.04130914771460917
0.07748152346316467
0.1763607996774854
0.09780306145389613
-0.026547396585726094
-0.16288592030855217
0.13083239307730343
0.22918340503996962
0.04910495929336796
-0.27712983192853063
-0.1327407059596569
-0.3174857897937052
-0.5123392029657546
-0.4621051527041235
-0.12988465751249395
-0.099121453378245
-0.2799819789604299
-0.11748379581926037
0.0541940576349262
-0.054610953426405554
0.0069368349916299156
0.09771306963903652
0.05628433393615638
-0.291098966979303
-0.3182261016954595
0.050210373525580304
0.31102809583815855
0.3601853653237792
0.3168366722792373
0.2529762822391025
-0.014719676373137534
-0.3559421969658487
-0.5655297972249791
-0.5797134000283208
-0.40165169713503185
-0.38416721150880884
-0.5497744617646722
-0.30126956787937054
0.17337298185649513
0.239129650628917
0.46269534639070775
0.5385669736874472
0.49694262484586665
0.2145439066096363
0.0658410898105011
0.2584467545236271
0.1610597886294079
0.09031535247714953
0.09246171978977277
-0.08909249448467133
-0.10129548184621273
0.11638190425045025
0.17341293651856596
-0.00129763448486418
-0.16082918165051263
-0.39790043077676296
-0.3272767895582052
-0.24659086208390213
-0.39219718074922383
-0.13392559092447767
-0.19448130255380933
-0.06219735008334745
-0.006579651589404896
0.08993144179248506
-0.1552343674188391
-0.20163522952142368
-0.28188370921864897
-0.490718392106404
-0.5800092192814907
-0.36599159979405754
-0.1012950597705748
-0.14050250836357459
0.1458330021807964
0.30614188576592627
0.3585761525818727
0.10373115018697546
-0.08359888510792764
-0.13804666443239255
-0.40794421502055056
-0.42509168180529844
-0.05938807100678134
0.03373570001977114
-0.07787345209717499
0.17173360838273172
0.33369992534568504
0.07512261342571624
-0.15583780016504292
-0.13941062176201163
-0.2944470722921082
-0.3359087714831316
-0.16904383384587518
-0.007575529663109177
0.005241183237651847
-0.1867910511196525
-0.4294593573422224
-0.6764109334730289
-0.7364634118033646
-0.7170759626244909
-0.5345152738322096
-0.1343556977061953
0.018773399139754274
0.10846289504666543
0.3270065597596682
0.32706071178481533
0.3397474429051337
0.3323279860398359
0.27503066461217957
0.18999651281748783
0.18054220103289073
0.15065138385986673
0.08612710666591163
-0.13932907677033157
-0.3718141395915041
-0.5530057210108684
-0.8786167540354519
-0.9637875767454765
-0.880212170289609
-0.9073314613793353
-0.8280544533718112
-0.5149800065572671
-0.4462432068697287
-0.3787701813109889
-0.5614596538670884
-0.5754664593826463
-0.3134270408810944
-0.4488892612887045
-0.5812467072534173
-0.6186521970995511
-0.5662569047922712
-0.7542864960208518
-0.6970666217077597
-0.6115371716069049
-0.448417593877574
-0.41830087404162064
-0.32498317597431253
-0.2608715332930392
-0.2547652923089877
-0.4695644058047121
-0.44953233738577
-0.4006435159471803
-0.4956124415109128
-0.42007664059589983
-0.29729742553297767
-0.29357633027869995
-0.3905074412972638
-0.2616630954193129
-0.4145747536141413
-0.22360855712367853
-0.0330602178527142
0.006202475149179257
-0.020286260817628857
0.29584286386663
0.43483956423536696
0.49348993657966567
0.510249162343027
0.3999920790648716
0.12036255152644988
0.09429851440217496
0.0857121997624879
-0.11476775329255419
-0.07901475757759523
0.09115062958615004
0.23973073313380466
0.48520580857312773
0.6062292071752763
0.5895567107661372
0.5518000511173697
0.2744506514108796
-0.10049130576179607
-0.2707614372697617
-0.09155044397523499
-0.14917589940002549
-0.3749702714715679
-0.2421638151032827
-0.08803244866906086
0.1271039709853187
0.2500206585122657
0.38822150495176816
0.3468800302305732
0.3334516735374645
0.225523725093258
0.19079687734876447
0.06074471568657129
-0.0878486841052826
-0.46200012480061214
-0.6425692194083557
-0.5115052131658726
-0.26335949907457235
-0.3633256582602113
-0.40757561209956644
-0.5204994731652441
-0.3447444364524201
-0.27774130069073155
-0.41565686812617014
-0.2961171973312561
-0.3924422239248636
-0.6087557079289885
-0.7363000353333791
-0.8142536881871189
-0.7632394221834155
-0.5024028963909267
-0.37384252893732006
-0.3340555640839102
-0.0707210434044072
0.19325185899084163
0.17359602555657216
0.1375890750387426
-0.04860650620265314
-0.27878855352584814
-0.21352039227250794
-0.21245701674850526
-0.36874235678621764
-0.24194592749216767
0.17308321537055732
0.30562161591473214
0.25923083243169126
0.17154921902632853
-0.038491732404101864
-0.22942194968906732
-0.49824414850284277
-0.49122333985638633
-0.39649750317242
-0.17332882812418055
-0.01627708265171197
-0.02012462181038911
-0.053900398153595985
-0.15230252668034291
-0.4065331107143574
-0.807431062034025
-0.8716846162203494
-0.8037413484612351
-0.6373362219095199
-0.264394460485451
0.0037641832509137966
0.20072189548410457
0.14082416054299168
-0.1320122229361398
-0.13982024443456292
-0.35675192158197083
-0.3365971029182377
-0.4529289475589941
-0.4206160570684908
-0.3945285023779758
-0.10484927967857846
0.05760521499257337
0.0854432008592973
-0.0057416023819816505
0.10479754765990712
0.1397366585477877
0.005400721436496183
-0.1949850444158075
-0.46873120554383435
-0.4963303905151856
-0.42031188187497
-0.4764347083823507
-0.32560055865014975
-0.023583246833366586
0.10402707608939854
0.19818474748486936
0.2218434970683718
0.1835016373841971
0.32163468882082086
0.28451846047833723
0.1611443448411528
-0.05722442352271012
-0.08402946075110755
-0.35450932628561477
-0.639811374520216
-0.575042110430964
-0.7289704424866406
-0.6983948861333267
-0.48879273340808566
0.06896980109610351
0.4351376244669263
0.5710663969884644
0.44364943812515134
0.3597833765010491
0.0650913904238957
-0.16966648615294133
-0.32206001910298077
-0.18744946635627316
-0.19092280596261105
0.06260071573038975
0.2411332601392593
0.34801382883569676
0.3392098705114435
0.4846282826892956
0.20977348956576056
-0.09883851494568047
-0.3380375192937667
-0.44364250032435654
-0.37841211887483067
-0.3114777235658991
-0.03293216754414837
0.3230646588987157
0.8664316293393312
1.2317363862323742
1.7591023624683972
2.0090049249052258
