2.3566531660113026
1.9273475695498818
1.3592474428068893
0.5968887656632543
0.12592466707406175
0.15260202003548864
-0.19526285699426335
-0.6216521849747754
-0.8293164582116286
-0.8967353280070741
-0.949426101000635
-0.7153719394977506
-0.2725733580146734
-0.10293230798156323
-0.1422203716921872
0.09302777145968091
0.3499614656598468
0.41384782332131764
0.31577588435839027
0.12744287137443078
-0.12587181126913297
-0.23311525651801623
-0.5679899513215884
-0.5627692445913474
-0.47629762578702634
-0.7451431612410159
-0.9424483638079436
-0.8109095811490334
-0.5343207225431047
-0.25273013066366173
-0.13248565342421897
-0.11637758865627654
-0.17950598863022757
-0.5268446141713489
-0.5487826736205463
-0.45445028095757195
-0.4465985078749165
-0.2583198139807504
0.07229974521099379
0.27038932606910704
0.4076652020288981
0.3696945154830389
0.10537269094854093
-0.19966579003031346
-0.28993725065112946
-0.4933340924814441
-0.6497867928331985
-0.5749175183662009
-0.34398291312112184
-0.05552179901698191
0.051017386760383504
-0.009800952392816737
0.12273705865181994
0.07016717593829513
0.22542497399696743
0.2191713669667597
0.015838171481184934
-0.125635075823638
0.038076486042597966
-0.1653046003007283
-0.10163617507736183
-0.02918722476324418
-0.1769603673493169
0.02785210567930875
-0.08362277499584143
-0.08923853929484872
-0.009546835599203425
0.08870057795436546
0.08887627636107687
-0.2899358926108448
-0.35295813731342496
-0.2141302723692256
0.03676090191653031
-0.01180793638278693
-0.08202347106779553
0.12366633671407118
0.12559119559274065
-0.08166859979018493
-0.06936653760333635
-0.18721892747077068
-0.20288905700300136
-0.05775054647873114
-0.04885400428436611
0.15936639929125232
0.26197004143658936
0.28993958718094537
0.6510287844292725
0.9161453945654722
1.5122218045843554
1.9909950118852395
