2.0107295377959957
1.4235323057025149
0.5993017286933862
0.004709782333536353
-0.24119012981703256
-0.5582554983642098
-0.6051050643511707
-0.44347248445008114
-0.2741377163176958
-0.02580597752080395
0.10850964807388909
0.08204654335957207
0.2922960648528475
0.20734900008755294
-0.045991783442038484
0.07740783797705872
0.08926618371449814
-0.16353489262945164
-0.22727095228666003
-0.39008952993477974
-0.3183168424852939
-0.2882177013484512
-0.3272246202313756
-0.11293712866541271
0.055401776244070694
-0.007430506159960535
-0.003886850508903178
0.10131974325003423
0.021262555783638892
0.09743974311408125
-0.18461330341169724
-0.2906677265017151
-0.24111549919008277
-0.165831087671545
-0.2637126046624235
-0.3324568912574529
-0.09037377768868303
-0.1391075293357531
-0.22233062467994522
-0.18528291589345994
-0.2177451627070571
-0.27857571074053505
-0.6927655138392892
-0.7250013191998782
-0.6336339133304807
-0.37121916182245396
-0.3261228097191906
-0.12131417735590123
-0.04460453716387209
-0.27943372040462233
-0.5897038932940708
-0.6839973415449755
-0.666659749053774
-0.4268188099711205
-0.3089978224740884
-0.30917364417682414
-0.033468858791888045
0.276330421142076
0.3438333800334729
0.5675968739954893
0.6205585265002593
0.6246879576846636
0.43508241657076985
0.11958499930137251
0.3089118697013728
0.397008229538043
0.0876265515062649
-0.09542034655474121
0.20652682151634597
0.21752393175683166
0.01648457690500522
0.05459530333706723
0.3435812297036435
0.42558542000454685
0.38373528652456124
0.3434290336050587
0.11614984473789677
0.14422291286090613
-0.034517896947332836
-0.4405846309395092
-0.5008562976145919
-0.7231088708491693
-0.8041780390430543
-0.8499323933636421
-0.6311848940368645
-0.2877293439567845
-0.013218135282319472
-0.023577278818184323
0.0037742986000364074
0.18209298278103667
0.03161346022901477
-0.026006478150537825
0.029868232493507653
-0.06248102157023845
-0.2934346575822704
-0.32313125709672846
-0.4205864978240435
-0.37725212349875736
-0.5297297249606747
-0.5083741231678216
-0.4529253689857702
-0.17756734818171885
0.01781203727351566
-0.07417001674102958
0.07442019407401405
0.1792519748386165
0.10654125772113959
-0.034354414403113244
0.07750726066904848
-0.10842648395785363
0.013436583768612944
-0.00856733902078426
-0.1182062737808014
-0.353309737556936
-0.5173759868824968
-0.4332201613076475
-0.48200627932452234
-0.36925403455078676
-0.3375261261676101
-0.010496444954476465
-0.113814855640339
0.11672675569494931
0.29481247904052593
0.3016272658327373
0.10409962938823714
-0.1749710325995902
-0.30595062888166175
-0.6474028043019402
-0.7661814185389838
-0.9247295409533044
-0.9392588217805813
-0.8095165269465167
-0.6600254412969249
-0.43878587231979765
-0.461637902031248
-0.47242045039013686
-0.33197017226293
-0.25130225317667704
-0.003397659464443979
0.30203587598939946
0.38654571866770543
0.4144559126319412
0.5471758184990994
0.4470533535264249
0.12134414223620704
0.09042784171563895
0.2896128553843347
0.3934711797470839
0.33705069480093147
0.39506193322307903
0.6197831286798725
0.42312476640816526
0.3167812954387457
0.29552142315127794
0.08684865027873175
-0.17789877498628173
-0.27163409313129916
-0.40057219345983947
-0.3949132389332921
-0.29297081946408793
-0.2891959953062073
-0.34022903296842144
-0.46103160393399
-0.39972775515049314
-0.47706733080247044
-0.41767083065459326
-0.1188607207294875
0.06407300869949985
-0.004098497567313613
-0.043491713798512896
0.15198131514331673
0.23064450138043457
0.19604792411622726
0.30541987263198006
0.314524492946478
0.06385584324519969
-0.4011330138076812
-0.505999726148985
-0.5493377173309912
-0.5333382410183367
-0.35882274953950183
-0.24588780297614726
-0.3899048562254888
-0.5887067206993326
-0.4901781735785794
-0.5921603573257749
-0.5626990938515171
-0.43520474966921635
-0.3835238261338998
-0.16348490259028808
0.21487293682443423
0.25468901596838245
0.2212240663266446
0.17758782074039003
0.07041612597598915
-0.10073113530918672
-0.2830489643427828
-0.4653812975169221
-0.47936440998345325
-0.23505279585574068
-0.2467686985969297
-0.4711597121211071
-0.44914670359796366
-0.20530705816255543
-0.22773005095959642
-0.22537515704381209
-0.11049165303035033
-0.08467900194714101
-0.16737272458412322
-0.18946175688040942
-0.47177100622778806
-0.514530836044627
-0.6004749704629004
-0.7025922970206585
-0.621988802013882
-0.3622237453137432
-0.12378741437016169
-0.06315090626023609
0.08119173869574554
-0.017611453609911145
-0.1336072778592419
-0.35211740665253005
-0.2790072080591462
-0.40408673661965433
-0.31627255817709393
0.059447916536114
0.25431213329422625
0.41292542463504983
0.33113680101743825
0.0912123544657911
-0.17490560703118196
-0.30583488926179403
-0.6441800601921948
-0.7566452177482651
-0.64541547301334
-0.2984984215448483
-0.14665804266713142
-0.08823838906697226
0.0462295776325124
0.0852944659700877
-0.06432479248664444
0.1604408304227072
0.41095448024446746
0.4032656914418229
0.3817016131408
0.4321353833372793
0.4729483439708796
0.1551472149887326
-0.052652376701747425
0.14929366887695963
0.26317644733438267
-0.07614616982480235
-0.019521413599213396
0.08619251978354045
-0.1462311245903532
-0.5461826981382306
-0.7465078355976057
-0.7213731923655992
-0.8465389640844471
-0.7316324248593636
-0.5705245744424645
-0.2793176208521844
-0.17034542990171694
0.10733318579464554
0.14476440875116117
0.14656112696996787
0.11977815752630755
0.1021561550779859
-0.12964974564011442
-0.44251421011759207
-0.5172837748717501
-0.6291074833941493
-0.5167336353520494
-0.15518081645354354
-0.17553645839325988
-0.053131503069431596
0.18227089560827217
0.46972152497913616
0.4330528539973413
0.11196065232022374
-0.050833018934462494
-0.2507613419986274
-0.3362843153223942
-0.5937852166171557
-0.47412440539744277
-0.040262308892459554
0.06959869284487794
0.2689154682497581
0.34716597100803953
0.4345265518669536
0.2623383807150453
0.08612636192505665
0.06453844812024964
0.341712774347246
0.39297377329581573
0.5376621741610956
0.4879955307396547
0.8277499312523617
1.2808580473067979
1.7218816706505784
2.0346775313949923
