2.331760031522341
1.8030596462822368
1.101938869875491
0.5674218853716567
0.218350828830983
0.19472148846485346
0.10081607312674098
0.13260670291542928
-0.11545690470723141
-0.2823697699936939
-0.265450598028587
-0.017984477521812984
-0.08640053861686561
0.18604691577291368
0.21171463714824093
0.33507625187522616
0.3104510158996193
0.3635915480245396
0.5297250830598432
0.4567339934861689
0.1994179452151242
0.2637144883594505
0.26283973021980755
0.5154902005199185
0.6020502451843813
0.46742573878733434
0.288427836071432
-0.1253196995913895
-0.471687235516105
-0.6933207451780969
-0.8352044573280588
-0.8305028111514047
-0.5129453355404281
-0.2435949307986436
-0.2299150664408078
0.029699734494609383
0.12334610825344965
0.07513398521396675
-0.2068849233695431
-0.11879041603670672
0.18875094909185686
0.1823500280383358
0.25509125944853545
0.16319032911078402
0.09730011242085032
0.03771865100314385
-0.09486491349834827
-0.3370009011617043
-0.3564117459984169
-0.5465521048396302
-0.7628098070748415
-0.6724430694870462
-0.588187591757563
-0.4619931581749011
-0.5604436639169057
-0.44227416563867905
-0.08044598955920909
0.025337980195447144
-0.12360514309392057
0.06481534938750604
0.09574513669034078
-0.011418920259378162
-0.13024306170243577
-0.20119341413205644
-0.2974073338772859
-0.2814646660339336
-0.08979337193211014
-0.06366616643470893
-0.05832056454228658
-0.03460021356105119
-0.2771146239313627
-0.515090562460049
-0.5208409815724006
-0.3187559466612092
-0.33818369635993695
-0.08929992950820423
0.47026904066725317
0.8564759625795147
1.3727229953946798
1.8501876018850512
