1.8394988161206438
1.2849838288848077
0.5850336955502972
0.33225070735873974
0.1052893871149706
-0.13690272698801315
-0.07822727248064998
-0.18130639575137272
-0.0948175146419721
-0.10473518960642877
0.048323519909024615
0.22946735756573647
0.3364733018964038
0.37790247009816524
0.10097442109986354
0.05997764407503994
-0.2168825829695062
-0.5724501097139704
-0.6752134092408242
-0.5587873169684782
-0.46969055840233226
-0.4186508251884635
-0.2516956254633653
-0.07655416237010446
-0.044043235280353026
0.027619953961724692
0.3448092459892764
0.603102159103118
0.5141074190614102
0.4961182800722695
0.38980981729455
0.15620773213750552
-0.03340550387629238
-0.4194295295968491
-0.5956082662562586
-0.48621238231208347
-0.5116781721350937
-0.5642250963364042
-0.6060533369091855
-0.41661635493087623
-0.12892129795023807
-0.057020551247900786
-0.0766681556404678
-0.15664163409085086
-0.29489961839894796
-0.17670545016826042
-0.4124301416928604
-0.49836866196783053
-0.21387091786316192
0.23855335228545946
0.2371996463521361
0.4742111449871955
0.6956647985436807
0.5716537744262267
0.4368381425435585
0.15840892923726255
0.2567278895042326
-0.041061454470800084
-0.38402979598622994
-0.2661556556233776
-0.08168505675794552
-0.3187409694739408
-0.36017027305826615
-0.17686363138022668
-0.1379939745402976
-0.29170799034547606
-0.3276104783643191
-0.049619050569824893
0.03818725093388363
0.041234329095533206
0.17790556463608687
0.306992478866472
0.25340034011061485
0.20538397426257798
0.24499762071368453
0.21834690176465923
0.31065953689262005
0.29081723518648195
0.36182666584488443
0.19652817283424526
-0.04789047842559594
-0.19050853983367355
-0.012689324011789687
0.06272706096823003
-0.16165614984159277
-0.20505482169694011
-0.2273655101364197
-0.28417209534703536
-0.21512334669916236
-0.18363026987800599
-0.01523539522037936
0.29226350201545664
0.27273647813739244
0.17394260341690626
0.3715621202140133
0.41772176477101736
0.19746531893386707
-0.11573136069822176
-0.26065475938454097
-0.13244002014549322
-0.19498564098363758
-0.09744891743840035
0.22706835358234043
0.36901201489486113
0.25976565600050494
0.11238244962146011
-0.1022578378644351
-0.10712973782293676
-0.06798475084081687
-0.1676371771357017
-0.26862106739450486
-0.11504688796017298
-0.043687011770923115
-0.13028173480348096
-0.29375120712209996
-0.429186709967514
-0.4433403313654384
-0.5217447242884917
-0.4516400665870123
-0.2493893464992352
-0.11526135273002988
-0.14365427072517103
-0.1411116985360904
-0.11368977836143324
0.09648722264553275
-0.032596497992430584
-0.36811746689943264
-0.4460255497163746
-0.35277085384589024
-0.32999459883877835
-0.5311992629156376
-0.4023749920085814
-0.3083401683122728
-0.25579377575103546
-0.23312011062675345
-0.1338316770773156
-0.05747893355920303
-0.09003502356013877
-0.18948396155950603
-0.21696320696395277
0.04256305166996423
-0.03151589281868063
-0.1994878123157298
-0.15117339676046715
-0.30761033929582765
-0.4029617089915819
-0.34349803719033495
-0.14427133060130326
0.017725892297922072
0.1126625655989538
0.015263253430715338
-0.062317262665116044
-0.20177409367263616
-0.2368223014583618
-0.4671902201301423
-0.641225319992619
-0.7723504324778626
-0.6739247830372938
-0.8955222280467857
-0.8908860602383076
-0.8957752980166955
-0.714721000146451
-0.608325745922279
-0.5335081933644208
-0.39347936398434563
-0.2891885889453534
-0.14605783854168555
0.018723268067678364
0.33769837392522833
0.2642735913055782
0.11150266723477786
-0.1257850677593424
-0.0731055196339439
-0.12203062176421275
-0.37552106061292195
-0.706811422263048
-0.6813990187100375
-0.5907431422191167
-0.7157211497801923
-0.4871594032934521
-0.3195326134411801
-0.3768581537819198
-0.41754001875104213
-0.2849058387740174
-0.5080943644468079
-0.667737821710278
-0.5715168870024997
-0.34656164511698684
-0.23599101938509728
-0.23092109508075
-0.07466981025536454
-0.03845991552262016
-0.198825455940603
-0.06147463073081442
0.03665881801651723
-0.10534176620540225
-0.2808533049131611
-0.02383745045354794
-0.033338314148782966
0.030169512759208487
-0.1843022173521054
-0.016647126157660102
0.02220551751827772
0.002584914217794546
0.025776138750707285
0.20798246431353118
-0.013555686248275484
-0.19896263212702534
-0.12087535147274639
-0.14535453594100406
-0.23137705810658968
-0.4853141628224533
-0.4649197230193317
-0.48194519105534894
-0.5155998138365998
-0.3588231538547993
-0.09807947073072269
0.025290068818866036
0.009218589077670447
0.10579398799425298
0.16871788987435538
0.05686913572638991
-0.07389641355187557
-0.330767000309336
-0.5521323309466049
-0.4862654681411041
-0.469695062217057
-0.6463578748690524
-0.5569379245545848
-0.1597964383935575
-0.15318623205500104
-0.22797745891014728
-0.03282513062734577
0.20207610054187375
0.2097327096257457
0.1410210854318142
0.16492178702032323
0.05214443411675086
-0.30450129606497917
-0.38434215871900274
-0.23334662794530095
-0.04734302302479351
-0.0777833516745429
-0.18193850488655655
-0.3180012627673005
-0.3959308868968498
-0.42069366736327757
-0.21736022828645915
-0.44106936899890886
-0.3957052460865124
-0.135222999910771
-0.036949859674732646
0.03751669273271303
0.02776451893362775
-0.196925288050563
-0.22226073951776468
-0.4154152640062949
-0.6872622476307269
-0.6364173946631161
-0.7361058321561519
-0.7467698300035058
-0.6753584872047385
-0.5293898357639093
-0.6252245661585684
-0.5683709666172894
-0.6642088223971033
-0.5140991028812737
-0.29308267654770753
-0.29155155255808846
-0.15472903079695025
-0.0625699028573466
-0.15172474381898104
-0.1469104510288057
-0.2988011442514937
-0.23476552017419927
-0.32345402095839004
-0.4480870833411444
-0.38779750471744984
-0.3731596578819155
-0.4382934905898952
-0.640782532580769
-0.7187501855004533
-0.6455138622159732
-0.5865596169720276
-0.6557200605373573
-0.4491528587907558
-0.24401236092553705
-0.04433728310534338
-0.01547646759140051
0.027111933345594634
0.37470852362666446
0.5135872459475783
0.4813296712792425
0.3065803462600862
0.4513114869259047
0.4522383684015087
0.7000543209117255
0.9909108521915119
1.5602902102929994
1.7112300040214743
