1.9534340436012287
1.4969613029423599
1.1770433325375125
0.8386192196188582
0.40914349173191833
0.3341388615000459
0.06373391834766354
-0.007821518517252832
0.11111228190776735
0.041269763542101406
-0.24561163297570485
-0.32910156287374226
-0.175145851449789
-0.007419422171587865
-0.11480963157569676
-0.22864698904184774
-0.10778701071855815
-0.11551527536857784
-0.08488917590538074
-0.3256340461427276
-0.4946828208327712
-0.5067266108884141
-0.5955816334461529
-0.5476663914380543
-0.7433090993492035
-0.7674683052690118
-0.5725245981077827
-0.5438432431808172
-0.6756076233678145
-0.446657105675576
-0.3088195503480663
-0.21305788358462077
-0.027610535366555868
0.0398551043469583
0.04252770600745191
-0.1990692773318081
-0.41778187725068905
-0.36377813612889737
-0.11740883558883781
-0.11807354699634234
0.06633147513656139
0.04146845397669931
0.020581552661713954
-0.10200349036295306
-0.3137390910567063
-0.6875497967682137
-0.9239315598028324
-0.9406138349912613
-1.0128522396699218
-1.0500744912142455
-0.8870068522059822
-0.5717415391646614
-0.21499409568518207
-0.07951672781685168
0.024817024329864334
-0.099632614003483
-0.16474994992275122
-0.3300133133922856
-0.5368601408310324
-0.641073880223986
-0.5744855688688141
-0.514695769294405
-0.26089168170964955
-0.3075006775541286
-0.15643977303416043
-0.20951606066145376
-0.32154659628921817
-0.3518652366320664
-0.1290965023367054
-0.11346987132159925
-0.2571476026650804
-0.16618823378561504
-0.14894039693665181
-0.43373188290239423
-0.46756227803478867
-0.2585974926010273
-0.17353038928482806
0.09849787973068472
0.11641669846788626
0.10834439402086952
0.32301234282629027
0.22982294575555282
0.020173913011345204
-0.13950646155387045
-0.12818503427335676
-0.20024656053811507
-0.09852399934412283
0.21280899873690412
0.33883893241090657
0.3213487900732801
0.26989395679665007
0.3573022646772416
0.19096451823336083
0.16557643982190465
0.3586265873577689
0.1023140540969714
0.23546847240971255
0.4741213255351816
0.27206641487298067
-0.03079624930411731
0.032786159375137416
-0.1790038189297496
-0.4284624832515512
-0.5826541586351216
-0.4181101162656599
-0.2977545519813258
-0.5119761124988486
-0.3932521662199004
-0.3043883714034844
-0.40091102462196454
-0.34610594257380356
-0.43388133710401683
-0.47118063184723585
-0.36444908110263324
-0.14599061164755966
-0.1506629920513196
-0.30992452982765173
-0.3934008235294773
-0.265864969812188
-0.31728174694880296
-0.5329727056746077
-0.49792130715396804
-0.3716280849017802
-0.3432682041082007
-0.26524054413144404
-0.20426075072008576
0.012709521423166855
-0.21784398333277974
-0.15360087101151138
0.2911030401194193
0.4854630774430841
0.2997094747316021
0.11455728584092306
-0.10971064161924313
-0.2531725336423809
-0.31704324771997633
-0.10676720656412704
-0.03523843438528448
-0.04703418364872868
-0.12896250440283952
-0.03414466535922557
-0.4438468581735192
-0.6180052024089764
-0.5955927283926066
-0.564248382518355
-0.3918011110834792
-0.36950362830508177
-0.12252098311298028
0.07260994304065643
0.043642698187623966
-0.21350582798674753
-0.35287022995054657
-0.24634149161825722
-0.5313802683322535
-0.507477162630397
-0.45155170857621774
-0.3028735008511479
-0.4918730323383389
-0.4676277109865041
-0.1537534049574779
-0.030822655797508165
-0.1748582099896323
0.002283413033986087
0.05033830580717197
-0.13533286978075273
-0.21621179906051244
-0.13356067985163375
-0.19393805125992197
-0.1603771613846249
-0.24449329419747454
-0.2031183167893248
-0.35039317606028453
-0.41175992397904576
-0.10581191925308835
-0.23502695501387716
-0.48836765460291914
-0.5028623038132171
-0.4077547511161273
-0.4039464147169372
-0.4421754653398573
-0.39652227933115075
-0.11859086549003241
-0.01418082371203139
-0.19332656557676386
-0.21660099769785832
-0.15903250820377948
-0.4769988016917058
-0.572991209925483
-0.4499170812405695
-0.12541825117221903
-0.03491760276292258
0.002730966068328569
0.2299769346009547
0.33694030306091355
0.4054452626037341
0.23160945012068646
-0.07938431859632956
-0.11783046926848173
-0.07027708236442448
-0.07445045561544432
-0.08930954829951017
0.02786570736292103
-0.09662199531372209
-0.2916910913169812
-0.2339738635071087
-0.17092311703973104
-0.23299951928004345
-0.04775484022610248
-0.16603625498319785
-0.010859605752819008
0.16143639321892042
0.2898718341080079
0.2523230836336975
0.07590230232793646
0.24870489474528548
0.21773574394473016
0.1229800028557709
-0.046840378500252265
0.19904274953122073
0.18983065294378446
0.19410497783950634
0.07875822509934415
0.11117358343029463
-0.021694293583150802
-0.2760303758945239
-0.5302465220343603
-0.5116038859847438
-0.5764105000091975
-0.4593894799452494
-0.4622627008997484
-0.36023879287771804
-0.14621316853700927
-0.09602975845700615
-0.18200685595646904
-0.1137759841069878
-0.1398293921222135
-0.22925800764346202
-0.3715301729652071
-0.7551760241071099
-0.8714942569792405
-1.015360113932923
-1.092961778657861
-0.9934562436990042
-0.6296324617460402
-0.5028531685501016
-0.1855685032944499
-0.028524441880515235
0.43446936008006937
0.668151308112622
0.683440874713317
0.49457886671463597
0.2599131339106156
0.012026755871215463
-0.10022631783837867
-0.09479888427819756
0.015114982790683412
0.005176798793112845
-0.00019463008083815786
0.038825201446191435
0.002557902134096031
-0.0408316700222213
0.005845913453604148
0.00577116937599179
-0.05976287522856645
-0.2265296913878273
-0.4210171752713852
-0.2174728423556102
-0.25428934285332977
-0.43220458973729187
-0.5190898753207097
-0.44108778907812934
-0.34346424754346233
-0.1405672632688895
0.1721591515311489
0.3330280125864916
0.2919232221551726
0.1707285540532218
0.29084826969058103
0.25011156737540674
0.4907547358592829
0.5241371002151061
0.5110483724505955
0.5117003498143368
0.5665389999911208
0.38458062076862143
0.40963831781626586
0.30870698817011605
0.1359892792010511
-0.20351085652480083
-0.21743202940508055
-0.2598332740110958
-0.266011461758202
-0.17201051691472377
-0.03809619572629816
0.011676260023764201
-0.20617252804760913
-0.43977987048728195
-0.40934965985467553
-0.6020280020256089
-0.7113838971720408
-0.6724882218402675
-0.4380706983970435
-0.36588430558481183
0.05521805370620716
0.26648445834533757
0.6038132226847759
0.8021619846985113
0.8505039254664918
0.952062536046835
0.9451449929625022
0.8483239622216476
0.6630599219484791
0.7645768052349661
0.7514495497864143
0.5991436357285831
0.8274898832826257
1.2648951244444486
1.9224101395016833
2.273802215608798
1.9339026589082253
