2.3311349644227266
1.9940369308367092
1.5848453715032338
1.293450283396089
0.886827617674486
0.6182843521885723
0.6321777589618506
0.3735329406694522
0.338359236235088
0.3139488474122467
0.6304829893775842
0.6279596505793738
-0.25564838730329376
0.35473073761093243
0.47668083975010594
-0.015139346162661453
-0.2797375102472707
-0.14459298522780875
-0.08334756503152617
-0.304648022012263
-0.24820358128656583
0.036956499776631284
0.23348731784888968
0.06698037945855939
0.1347921643488722
0.40908536439125753
0.5901984111873952
0.4373476579661841
0.5666697705127368
0.7832020435584508
0.6850360601396916
0.5280187295605819
0.6998700874641286
0.7753437390805824
0.6295121705574737
0.4055371639440194
0.3986373647321789
-0.3093312749614852
0.20993933951309438
0.5268263805808754
0.3689330424505965
0.2964250839007215
0.17591706887546318
0.29685211266320266
0.3122701700878516
0.3502460941588511
0.4047420405506917
0.29621688644178035
0.26960346708025656
0.15067542768231915
-0.41034429386690624
0.2634722012736412
0.48787074953123716
0.4506092965639646
0.25977011675276124
0.48245989316950977
0.3844875298330018
0.10445912881132748
0.13645875150650605
0.05290105894325168
-0.24654936922985585
-0.44336884392238785
-0.5828837297951182
-0.5254007644126177
-0.6829933139539786
-0.6960582713592681
-0.6872367079127732
-0.5528316003328524
-0.5019168233233607
-0.34072650863961207
-0.1922574852171629
-0.05812970279042027
-0.07105271950259898
-0.1691072220361858
0.08815754141343711
0.00132959946113244
-0.16733042861604047
-0.14911057310462758
-0.020883728683259526
0.028855905060316638
0.09349831666279777
0.5212291604673468
1.2849018959710239
1.780336938859562
2.2424144813877174
