2.145120861819202
1.410748344688881
0.5464478579780054
0.07300858895722936
-0.1404724017049364
-0.340232197454977
-0.30302985406525584
0.013400165639426689
0.04984815332745928
0.33117334299546153
0.3228134617862212
0.24278028542382393
0.08116990531277042
0.17025871113388022
0.2731944420395513
0.24400162864526873
0.29031517075932467
0.4172203949573928
0.49438879756042736
0.2644663569841288
0.3064939350547767
0.3004368913790562
0.24095462154312605
-0.24330876921742867
-0.2730289446521904
-0.26725102075284274
-0.4873295892207984
-0.45495025090183633
-0.09333472990432884
0.07328945975343547
-0.12808990159949676
-0.01896031507224424
0.05883742546181397
-0.07649180570035866
-0.304915170857594
-0.2165337022290604
-0.37607637727319876
-0.33509248244524337
-0.3616261857840062
-0.1903535591295224
0.03570348895167076
0.08091028418821972
0.08108850547754631
0.024330796134779665
-0.35609886367699917
-0.3740997447674514
-0.2503742046095553
-0.4089750122638397
-0.2415218331888064
0.09714251005010849
0.17312559772546757
0.2534875310810015
0.6621331530069479
0.8316464962675407
0.6823616811222841
0.60907539445428
0.42132025645376
-0.04317134502561866
-0.2478384049499015
-0.07971262719917349
-0.19015503231631425
-0.5073661197798945
-0.41356166831011926
-0.5182245074038995
-0.5452892743038592
-0.4807945754721871
-0.14987722093664488
0.2190254640719943
0.212379140144152
0.11974056342512703
0.01655319186588683
-0.18497721165688216
-0.18538190344287062
-0.26335492044005404
-0.017354922672626557
-0.07059046834597013
-0.05702384344941497
-0.024586566012601577
-0.14128176622941707
-0.14848316730910818
0.003696895994007786
0.13200384474356744
0.08138261839022244
-0.06993235197702775
-0.18402415878050205
0.04569146323111967
0.12864755247102325
0.11208782979350447
0.02073479843802331
0.13446395584524934
0.31090621527643053
0.17416592616312013
-0.2268988407199018
-0.3043714186538783
-0.045119183462266024
-0.15802298855733496
-0.5645706653214397
-0.5866431702880605
-0.49975060190762116
-0.7827570687450566
-0.8079761788119298
-0.8445272417641613
-0.7358384857883206
-0.8713696888248219
-0.7778231994979595
-0.6966041257788883
-0.6469973523649486
-0.46481595234496187
-0.13438264906514064
-0.07456558327166944
0.20471476306298267
0.5158099925897992
0.5017291294874979
0.39089018065168074
0.22860325503865447
-0.12169790430415
-0.5014766682972374
-0.5113969465190362
-0.3347337793221707
-0.521402625894322
-0.3133166191121029
-0.08744734455706649
-0.051315834068057814
-0.1351173602764644
-0.2112206275950648
-0.10971134870847846
-0.2727481786337519
-0.1746918612577169
-0.10019630228725093
-0.07097453891776366
-0.017500259395500612
-0.011154533745490447
0.02240685121833932
-0.06521350862849445
-0.09738407363901302
-0.13775542170844196
0.10623393761092477
0.021181751109259316
-0.10419903013545584
-0.11141209497738182
0.10215999858122182
-0.009131009965044108
0.2758756197959269
0.5574491414788034
0.549581691613878
0.7899257938518246
0.8956734615041887
0.9139129551271676
0.8651823952809237
0.684172644323347
0.3179528309997759
0.3181550597869721
0.39520826204438025
0.21770696310005713
-0.24600643315727147
-0.23267095636715296
0.05078262563676397
-0.11461296990158021
-0.21128201501216187
-0.018046878892921094
0.1000000976496861
0.15350149219203219
-0.026050258342858415
0.07103644821997684
0.24709839181959575
0.2776608836197834
0.024281402157670995
-0.24200140156122266
-0.20072533509509533
-0.3043180743612839
-0.12382426926018714
0.05520550293927493
0.09331488223269113
-0.10924481303582793
-0.33967503217870115
-0.47343400057236956
-0.5054702391819647
-0.6018465039603729
-0.36205946904771263
-0.4097155447353361
-0.42777526964702717
-0.016822304734968988
0.3810424053432328
0.30855730392738584
0.11092389939951287
0.19364962699937444
0.10127206218337947
-0.07270123118458223
-0.3119341878608791
-0.3025676993461381
-0.20322230882598116
0.1271335199136051
0.19366755589964404
0.1949175083999596
0.43152297291484976
0.47520627534797993
0.39731392180891795
0.16486316562803555
-0.050872119248800446
-0.08633457447503363
-0.4093398539782743
-0.6544052634664621
-0.6391836402327152
-0.6522772149126987
-0.480544636897009
-0.10238668984110742
0.18268422396233877
0.37830701384215737
0.40341677831403516
0.5209538439632844
0.7518888859031856
0.7980402743414624
0.6066538249261584
0.44386169567791856
0.1686765897112836
-0.2724229545919577
-0.248020350534945
-0.4641718032221822
-0.44979253098011257
-0.15032427670988488
0.06778302488792512
0.1153552846436452
0.23686694587284096
0.21250059383317366
0.14596779947799676
0.19513424132940038
0.05433245540083529
-0.01984181461326475
-0.11870893415763158
-0.0580788692303504
0.0926469535657796
0.23390723869125393
0.4343075469337438
0.4150736497646201
0.19425596621333652
0.06896993815912587
0.20793481045250733
0.08687786472004999
-0.09044739474053329
0.047509191527701986
0.27693158411019203
0.2621608669242138
0.503015432388289
1.0432145164402922
1.7854164460744955
