2.144995247350079
1.5814169155954494
1.134446501058617
0.5523352833182146
0.2926807799804474
0.17516635702881034
0.16603392801245137
0.07225361853036091
-0.00013854992500713615
0.1305320857454044
-0.009768845998795564
-0.07286967151808668
-0.09199688440947806
-0.40719278877223336
-0.5476592330143919
-0.433845750198886
-0.3835931390806148
-0.14028226667685992
-0.23679401181581425
-0.09521543022465248
0.20791787657197588
0.2703167356553347
0.034519682298036536
-0.1136072972421029
0.05088598274655993
-0.23424526503793575
-0.3456698956918471
-0.18110461492123664
0.05578503245653626
0.013213663367691525
-0.02198620241797835
0.19896981008419226
0.19226443345060493
0.13596995270917564
0.017809263597895298
0.07525523968145509
-0.052625965747819844
-0.010638378593902646
0.01609079514258848
-0.09742401544602004
-0.43805270809356944
-0.5126075790932697
-0.37734820579115874
-0.11937260366540686
-0.05676107872863691
0.03972936784932369
0.4119774447209783
0.5167077083776841
0.5329734742956652
0.4598377073530908
0.484430242970401
0.39997427122791634
0.3092949326658193
0.0808287286984165
0.3457038659032922
0.2992658168078736
0.1500429685861326
0.142889497351593
-0.06053206563603423
-0.3279345067697369
-0.33636651408012624
-0.1437554331977776
-0.1507680340570478
-0.018190784187627602
0.12194541456240789
0.19096189049382478
0.07799947849164778
-0.031795585399469264
-0.014383536381240828
-0.012796150592123348
0.10308064816101163
0.11649778803745896
-0.03775612676527866
-0.060704641741119975
-0.15642258171416537
-0.18142844125504026
-0.34269394047382357
-0.4710260471484495
-0.623935195390678
-0.6708987451047673
-0.4954137748217659
-0.568427137030411
-0.3828000903789142
0.06189486101680994
0.38440287483483593
0.40063850473403495
0.13575220560501966
0.24083819986673996
0.3154533359031384
0.031251143451117375
-0.09082799432568654
-0.19286694628590734
-0.14191678216645182
-0.15558324441120894
-0.23648267796935069
-0.30443824638860006
-0.3690682937896174
-0.4517626069979598
-0.30167439899418397
-0.4540382274998676
-0.586553522863823
-0.5317146631356169
-0.2310706530492882
-0.20640462829132025
0.0474154498659084
0.20105626240321262
0.45065264076733774
0.5233661849577587
0.5575143284027119
0.5512987671976757
0.38229614605216694
0.16494007892232565
0.25728585718945457
0.2061318705843688
0.14804419695296112
0.39222848382895026
0.3785773674876369
0.1672425225871043
0.1673187913472645
0.08629504158680738
-0.05957324778845101
-0.5669780204584033
-0.715650508213133
-0.6165068810954688
-0.7911396619088136
-0.772847670329077
-0.5294875285842687
-0.21160746339575615
-0.17200540976054343
-0.05637059555823575
-0.11358091001816895
-0.027394463349200208
-0.2985700023792587
-0.3038457418736652
-0.3445008540860603
-0.36187443917220796
-0.5879316099687161
-0.5275378535742412
-0.2506727053178167
-0.009300038696910587
0.1262848256533913
0.08654817344286189
-0.08665552635151651
-0.47683073921017655
-0.7645244645415181
-0.8302685542986049
-0.838000539451601
-0.97796494674921
-0.9613630318287768
-0.7382776399711096
-0.304686145982265
-0.32175999301819325
-0.3838664414297957
-0.23190209925200733
-0.31840633691569364
-0.2505702903444905
-0.2747957432225655
-0.5062715087896094
-0.6623981724570983
-0.6524483001519358
-0.46628250399263466
-0.2809863872683231
-0.10985455932825329
0.09064885633149468
0.14751714103201086
0.13793732923023316
0.20181476826643954
0.4011289686323803
0.5242322157998461
0.5142250459755627
0.41262998271696266
0.10645424471842935
-0.2075234106784238
-0.3169422603330385
-0.571745577346298
-0.8867920340419947
-0.9674568834604895
-0.8373451234691356
-0.5312332418083133
-0.38817555688844013
-0.15693169895048203
-0.08535222131941651
-0.057340337562652055
-0.042241648196349374
-0.259021131364399
-0.33462184906636827
-0.31314339276180725
-0.4703884037208765
-0.3638828324451276
-0.24778258949947915
-0.1860931618717036
-0.3280289232319156
-0.21521344634693101
-0.16418213959704303
0.0382544420644291
-0.01141514313564433
0.20493845704530034
-0.0024375321100424856
0.037452085379673206
0.10852551394510924
-0.09411981320446988
-0.2075259903438701
-0.23861624214526198
-0.29764564434072327
-0.15661085710405862
-0.2733331083025327
-0.0923810442531964
0.0583242268820776
0.08186775839087665
0.04563706816630013
0.2764688157324064
0.25925100809345536
0.09947862931248089
0.2327846462819173
0.22325230048701156
0.24561863470727108
0.28736471467877694
0.13891637254090536
-0.22507473207011444
-0.43547223041760086
-0.5697366097963835
-0.4391322575831123
-0.570769391926982
-0.5252880069928959
-0.47735260609079216
-0.5939674178598893
-0.5691321004957126
-0.3679079303123453
-0.19618906941080924
0.22308670508191442
0.264186992436663
0.19749696034129433
0.07749023087088043
-0.032523608150207814
-0.30833308892985833
-0.5778640841996298
-0.5870143717427273
-0.29738846804302244
-0.30500281697984216
-0.10295628799724205
0.1386230077681599
0.3253953679940688
0.28110966041197716
0.08830717810171204
0.14813683826747207
-0.013002476365896605
-0.2786515238870494
-0.24959901665292297
-0.36461648578390393
-0.31107149275651275
-0.38615536308683646
-0.487226076871257
-0.6024060407794195
-0.6360825237962309
-0.7537617185099692
-0.5463567860389305
-0.2659267431664146
-0.2005218733758058
-0.11356393166448558
-0.08431666926104327
0.06336380272683419
-0.07531982837809664
-0.03516057927400093
-0.10181555625547925
-0.1644777029826217
-0.2733850766088767
-0.33670084339774625
-0.4975016384414435
-0.5875165463123153
-0.382837098299758
-0.3517061536941424
-0.17232145663964143
-0.08931430294565607
-0.025140949958189357
-0.13699793554770354
0.04470231919294759
0.10962069216946815
-0.14534009740180673
-0.1770845516912792
0.11722572468654407
0.38397763568824983
0.25966663186044325
0.17570496970649427
0.1511581716190766
0.042718999946639385
-0.04885447469233346
-0.29105338834251926
-0.16137903558127203
-0.07574115181563956
-0.2215699540204048
-0.01889067853940286
0.3368193800026639
0.3339346306642192
0.08108119106077953
0.27432202861454963
0.3316530088427255
0.13386467522970574
-0.06680928625307414
-0.08877547037090595
0.22213075876819768
0.3664248198853961
0.3310433470832011
0.26065407789539613
0.04681462913932791
-0.18428854375050083
-0.34254936683909104
-0.1926691807013778
-0.2897372405420302
-0.5700021092337016
-0.5769369681022706
-0.21762959505247104
-0.2747568140244396
-0.21055743354992953
-0.14634821949938467
0.20849944810877924
0.335862112187419
0.13134365790272495
0.2568773726224984
0.3297175467578827
0.2930976723969871
0.21558608472801277
0.4054241953079234
0.35433709159125143
0.2918683487759176
0.04140869164002836
0.10449464077634744
0.2043113147243229
0.21789109590433758
-0.019814139680736236
0.002858464561622376
-0.04326199266632995
-0.16898615472938702
-0.23236230443921635
-0.09253472355873271
0.1062775559652296
-0.07721530308817948
-0.0016588588171745817
0.08857517234850666
0.061300403713032366
0.14492141685973978
0.4224566187295951
0.5430625518340259
0.5893635908759858
0.3474485111294681
-0.021426940059575385
-0.0543054222674037
-0.133628991145197
-0.14316992399460224
-0.4081270853542711
-0.41234619946050605
-0.4868198528199109
-0.4579077502909724
-0.5538798625008485
-0.46765032283535507
-0.18933386188742377
-0.12726730470862296
-0.16539268729337492
-0.032676426198495354
0.1235591696784274
0.12574386267230492
0.0672387275285119
-0.05008912232455062
0.27762903282005646
0.2961592554533756
0.171098631178191
0.1731706121822803
0.09188190842887331
-0.07547281287818905
-0.2325927253315703
-0.2493986080634118
-0.3709541642258563
-0.36085831167014726
-0.179777154363008
-0.15420330436897775
-0.29851221952983487
-0.3087146454030439
-0.07804494256113889
0.07844537084431435
0.07803770818356465
0.04604338142388998
0.21661857413795693
0.09601090224732411
0.1566675025900838
0.13681078051761025
0.0937978098394876
-0.15403678412106675
-0.1002418939907074
-0.04105964057805334
0.16701419209376417
0.37522238110637
0.40218112402456957
0.37833011178444853
0.3859442255812446
0.0758321086493231
-0.27072003334755995
-0.21925840252668655
-0.22820793762770983
-0.22824364237204864
-0.2409772796741722
0.08006398579099805
0.21556607033088568
0.31609672448647225
0.12266761018368921
-0.1789110161760439
-0.23268195909380895
-0.22658660805769873
-0.49172079341920905
-0.5281358684305489
-0.23654578976647966
-0.055813818767851735
-0.23450601816301794
-0.16901513763535936
-0.29634539993656195
-0.5665693569891117
-0.7571621934454815
-0.7546633634256714
-0.5575814255999663
-0.313469024716731
-0.30045271337634144
-0.23824541624386825
-0.16009673183623924
-0.10898085169859015
-0.1860820695796951
-0.24152108469384265
-0.09767444362450657
-0.017154678711877966
-0.2063694223034434
0.008683213801827102
0.2550441416298107
0.5118679338157645
0.505416403084739
0.4644931023354622
0.8396509123436119
0.9460230665202106
0.7817904942496133
0.7252216867310117
0.5530666662983177
0.26076267072964454
-0.04648672553740092
-0.38622448334952303
-0.5238373021108219
-0.46253287273240007
-0.41266352598179
-0.4849280630383511
-0.3067675029023298
-0.1288339707092123
-0.08984121151741004
-0.12758797839917313
0.17339805295429522
0.2736907477359569
0.33683487556833774
0.46922084703445843
0.6137682907163123
0.5816377096671289
0.49409097411435404
0.4278705613686623
0.41873579206988887
0.13335464002668532
-0.05457741534699975
-0.18738631414926255
-0.30699175565185444
-0.2712894786795721
-0.087850722327659
-0.07600533633678531
-0.043927252864679994
-5.2413740822069096e-05
-0.37092457617527774
-0.5968775806940665
-0.5557719941272492
-0.6738345326939525
-0.717993416122433
-0.6475471334404661
-0.49808663139696974
-0.26158447052786565
-0.0960484772794035
-0.08491711738214808
-0.06949628361508388
0.1755042043460188
0.06756318262517981
0.16081261326576599
0.25734055062052436
0.34997425524156606
0.14343695509399723
0.09756739870090848
-0.06650810026188636
-0.006459344375102373
0.22626251716618484
0.43384758552747243
0.7527879475878502
0.7828078370138433
0.699142029667941
0.698890015424943
0.5134736723319753
0.16830547431997486
0.2909208090910437
0.2152439555820974
0.41563171500129475
0.32343590824540525
0.55563298003304
0.7242590318424128
0.6591517045763367
0.7587025253201519
0.6456803574096462
0.252413874621287
0.2168278403616718
0.29488632565503964
0.279593105267594
0.374859277545897
0.3137690677579809
0.6015735672423096
0.7131712103860581
0.7359181507576324
0.7443119598790371
0.6384796552092813
0.33998035832889417
0.2052014771535722
0.3855191403167862
0.3560003124471597
0.4362909167445572
0.6553542847006159
0.9592798595115868
1.006862558862346
0.9495996916124572
0.9214152600190827
0.725257111755979
0.469885658610344
0.211712912561084
0.05405647718162996
0.16743860691622972
0.055249150822219144
0.1525819519772314
0.22861156592377999
0.27856130355252107
0.286120202532273
0.20414379764621463
-0.006248933764955565
-0.17011512826632255
-0.11753884737503423
-0.33595646139083457
-0.25246704348833593
0.05525521340163215
0.10384156036496478
0.09069294275987505
0.3877424896863658
0.6179317675133882
0.5133754757771097
0.670618854382478
0.7409729937177217
0.7969865328041407
0.5768149719116361
0.305254467838381
0.4095098904584571
0.10899156940342691
-0.27918951734473973
-0.2808326612497236
-0.46778109441417925
-0.6002803822232654
-0.48696674529088135
-0.09519714542146344
-0.021582554365687966
0.29370917902347454
0.36946957936262065
0.41998602430195814
0.19003158594243394
0.09943991712082155
0.12728347813648103
0.08656424749658917
-0.21510219647223955
-0.33477689736648103
-0.12858469062479455
-0.1291444250172099
-0.08401908360773976
-0.12141059933061779
-0.23276813637397908
-0.4975472576930135
-0.4946754351220454
-0.3212015211599243
-0.4654091995876824
-0.2361701819785066
-0.1225243504058012
-0.16751717645410782
-0.22602433271481337
0.030752358417696506
0.038811652607070514
-0.1601369820197607
-0.09213220140411825
-0.14565072346739716
-0.31439023681539596
-0.6434108383744159
-0.7396138787311368
-0.6422089208787415
-0.4601127696354905
-0.4629693974194194
-0.3231879351167535
-0.0014603413837954934
0.20738287331800523
0.42459809847506164
0.3865022540328822
0.4198619926761939
0.4920778104521817
0.31377378871008965
0.3052409169579886
0.1771256123282539
-0.019639460552718827
0.009143109112317237
0.04342614764142918
-0.05285588986711918
-0.17519795837223795
-0.048336749937713905
0.15289744526608784
0.2672604839222051
0.1056204091400465
0.22297308602458266
0.2718363917870337
0.11163337466123724
0.216050806626448
0.3181958420574307
0.06256245540918073
-0.13987633810349615
-0.1251488035639976
-0.3548838087589855
-0.4186548014439805
-0.12965870602663288
0.012069118940512128
-0.10754309574433844
-0.29344738189856256
-0.5352453008541765
-0.6718413369599394
-1.0076881667727913
-1.0429408550233865
-0.835939649887822
-0.5208624573945347
-0.2261720861223464
0.08177947753314813
0.3220443757008374
0.3446803409152947
0.28555818816677314
0.5050649411999774
0.6731105453464225
0.5445843011750001
0.4099791712622552
0.3731044729162161
0.3466611223731119
0.28265132122661046
0.03688435649079269
0.011257687219458386
-0.044085447038066924
-0.11762233316566734
-0.07533325845851668
-0.1400261443110242
-0.139723847268042
-0.2448470503408707
-0.07557943264239908
0.058605716636653
-0.10691147807660231
-0.25139257923736924
-0.4065306436154769
-0.5305646482324531
-0.6038677632086825
-0.4853970040953981
-0.2776814460783863
-0.3534444435727467
-0.5586152415602613
-0.40753818093650584
-0.2560875279887637
-0.3101145761291691
-0.1405081753885774
0.18466444315368996
0.22951540969393724
0.2477153765942888
0.22549453258931643
0.4599793827806941
0.5117304644177542
0.44054566438416426
0.24991850982610467
-0.049964278702922374
-0.2972203519199117
-0.28678727774843993
-0.3918553644511986
-0.33808928241909103
-0.2735272816977912
0.0049509657689679595
0.20556894656999095
0.30991634826780956
0.40016741923177596
0.47431844224928915
0.23848119345990607
0.27697017829342213
0.25556131649349945
0.014816549154547868
-0.053686883356237836
-0.025409432948641713
-0.057760948947376045
0.08212272466198983
0.0978512880599503
-0.15029470570670964
-0.2441854583970017
-0.21830053528567642
0.10319127258326344
0.027077939323570763
-0.08639507641805963
0.27297473774444625
0.3781155189440837
0.256705027141894
0.37206728887814344
0.5914597764131092
0.621020080396954
0.4478477324421364
0.09387669241685105
-0.19902389962826628
-0.29997982605515283
-0.5009372615199689
-0.5802534143702209
-0.41671396088104673
-0.015897678692831572
0.04952325285778882
0.3410297517060858
0.6327190230345053
0.5964765714008017
0.43518285494909975
0.21854184227255483
0.013609916035899144
-0.3289289212410311
-0.5848531353981045
-0.6501514323821358
-0.5830017675069793
-0.3325834748181475
-0.22070462675106237
-0.10198765578413786
-0.1447864355796304
0.07866166068858683
0.18425203276583252
-0.03579652332412362
-0.2303196520912439
-0.42134369278611
-0.37365220475544203
-0.7157029522324544
-0.6920617381489444
-0.34608186566975085
-0.19966254279493373
-0.056976115617814224
0.05385696912784021
-0.051792851151452865
0.020909105761310685
0.24825525604752036
0.29407585114742735
0.31747776925911975
0.6289633743634532
0.8628354987507932
0.8806107184453302
1.3745645660986758
1.9622276425911271
2.39900605050745
