2.4719271356182797
1.9182460556164447
1.262788369774206
0.7788014755604813
0.7053709890020546
0.37078439611249603
0.20564370301223497
0.3058873088967855
0.3097699394760971
0.05921458959221022
-0.15857566858769034
-0.11295668344791103
0.0012370106385365682
0.11309650808477471
0.06543418266037881
-0.10403526171564433
-0.04005215312942625
-0.06185583326253154
-0.2315904237674987
-0.2598581105357757
-0.150286770326937
-0.23446194032918313
-0.15331341572862242
0.02672104712873451
0.08701137450869645
-0.12636920986483002
-0.11975578389581376
0.24256769637007292
0.0909815215381181
0.2262719137581931
0.4477679432480898
0.30037336206029774
0.1638148056446555
0.4263952393792309
0.4793631979624158
0.3332206333077669
0.33341564272290164
0.4680719166538746
0.5253795096957622
0.48410559077792303
0.5741270826368077
0.5158121659853072
0.3262549639596783
0.17477102098028657
0.017920397982191315
-0.0838248751488597
-0.3225305603095398
-0.2943682109219955
-0.0755901101637616
0.05833500005818845
0.008439251512389404
-0.025462912306694462
0.1599639654575078
0.4576875766432299
0.563224140353407
0.5407632699489519
0.448161960512442
0.21460964709785127
-0.06391012506708187
-0.17306733627051685
-0.18250673980679694
-0.2452424976625072
-0.3255548506567055
-0.0704262517597277
-0.17544295042291513
-0.16060873402379242
0.020696910271025763
0.12614353346042148
-0.032608050774500574
-0.1929247430057853
-0.09373114427989679
0.13040080597105883
0.36309140071238377
0.5146037510782141
0.5190400854432742
0.43303675080188286
0.37134831473110946
0.20759890111888332
0.053031855947252585
0.07097899669204777
-0.13974253119388286
-0.10029912446046622
0.1691803195311629
0.2584565595122694
0.09432576168533499
0.3179445951409817
0.46326045204548794
0.2834851620136992
0.21578740935578092
0.3466486444726618
0.2725083174387596
0.05157012039467021
0.19204523617491995
0.11437260881007329
-0.06829895226433969
-0.07652221715830439
0.21803009867400266
0.41181527574671367
0.4248829071883611
0.4978505310488093
0.46623638328994915
0.3967222382068761
0.22395752011576242
0.0291302384834404
-0.12732066074958434
-0.3781587310997784
-0.4884427592710797
-0.4582646281257712
-0.16585528009098247
-0.1251570036779861
-0.12586239678984582
0.025291985351570387
0.30527874975285996
0.4313545112496548
0.39843449466097774
0.5742113566988281
0.8578769132033512
1.1285501754352782
1.371710372912586
1.7886939957555084
