1.8865338372222484
1.6921923298689059
1.353089923194197
1.3066843937855952
1.137757720506807
0.9756590219295097
0.7378219446959025
0.8144902560068594
0.7902373707468384
0.4399824974828912
0.08124391172356064
0.020779835783332316
-0.17323121768179836
-0.5056440733109291
-0.7793111156042775
-0.8739572909968937
-0.8830555872265192
-0.8045730874349755
-0.5645593990193083
-0.4881163110398625
-0.517087173207035
-0.4568716685358094
-0.23936514595412553
-0.29490472684753855
-0.15100243676794042
-0.013463817011727814
0.11615991146986901
0.06897027072712482
-0.013022811818308541
0.001823750955869718
-0.1331814464563817
-0.10838501556499387
0.11116784111331995
0.16939535639313738
0.14608543043944758
-0.01684282505030742
-0.10653030125538639
-0.03359202355183473
0.018712918988796408
-0.14022397302299952
0.040474994721823726
0.10588125564507929
-0.20167690151465495
-0.1260667920055017
0.020448624177889726
0.14037118520971634
-0.014955502498532145
0.157688369375336
0.1148581356225071
-0.12918649779998911
-0.4083818459581639
-0.4774480455726495
-0.42194826657778584
-0.26514044323090574
-0.11185255658654186
-0.10034310567603741
0.17032562275240173
0.051335255589367454
-0.02268264353824971
-0.0500058516519903
-0.013658415174185881
0.12404254401224611
0.057077751514957226
0.002608584570290413
-0.16219296046027762
-0.4119816874371058
-0.4420987923345544
-0.36555087545297266
-0.37066764471930963
-0.38382535778849547
-0.17801559602279962
0.20836490544003233
0.5093725371959745
0.8157095580500967
0.721905319234655
0.5574475787172322
0.3768558534295669
-0.056018123822886436
-0.38848596947890296
-0.48451729865070486
-0.3593669868171179
-0.41930665094001424
-0.24269102272306226
0.20344956942490794
0.28259791005080875
0.2342425623258112
0.5315280870550632
0.6590434479108557
0.45975481808085294
0.2856217464526792
0.10573606925148957
0.027163704807208623
-0.44579508164774023
-0.5453698113032134
-0.1950540411411098
-0.15247872046898753
-0.02226558056945403
0.22386908436572572
0.4068318084229844
0.3396898156570757
0.26471294311737137
0.5173411334580525
0.5640544256346408
0.6105241436637141
0.48563367759837944
0.22156469015171043
0.1261937220389961
-0.12675746621526665
-0.5075537283749418
-0.828653979152199
-0.942450858408072
-0.9242770652041024
-0.7693655416056797
-0.5968433556036831
-0.6033809268582412
-0.513637132507881
-0.5609001992442727
-0.44502822864007785
-0.4768706709988147
-0.29940838672055303
0.006344863114638927
0.16202091792431958
0.027368338418840135
0.0703171772018444
0.034723482171312034
-0.048504121676094594
-0.15788367786069687
-0.23994066863509972
-0.23952593905111177
-0.2341702632703235
-0.24291138116347788
-0.34666751885788577
-0.15452970182428397
-0.1587390316035283
-0.2185628007345323
-0.0963599999308299
-0.24298439117830345
-0.046199240868325865
0.1946211545441275
0.1263659639546489
-0.07947992557685553
0.023634005471207902
0.07885859528632456
0.0491850723684189
-0.14288676628429714
0.07584101031887261
-0.054351359204164146
-0.31693849489234177
-0.17014769198823773
0.07177305027116679
-0.01907096960745014
-0.10200986900017192
0.20292845946821284
0.26051701805713817
0.09136309524492965
-0.12382524486537717
0.037940414163962974
-0.09905989472914963
0.03777911668096744
0.2530245053058846
0.2607944711533788
0.16576455547176208
-0.11182281937701335
-0.3813207496088485
-0.4666526372843392
-0.28212517764760564
-0.2571622439818118
0.1278534644613043
0.24765754588441977
0.3323517771966347
0.28979132284410264
0.3102922384310495
0.3566685358431187
0.09127128407681995
-0.3705966857111888
-0.4252066275291479
-0.29273897898590784
-0.3079708928344821
-0.46256893618544526
-0.4550145375217305
-0.4496221679698386
-0.4054206414226796
-0.2365337121836641
0.029776392362550193
0.13947257550230407
0.11100128424921478
-0.09396228004935189
0.08885589177069701
0.07500601312500457
-0.09586409566081319
-0.09544379914779828
0.16743374227076827
0.36272540239098583
0.30063691037970997
0.1967254734842282
0.24173695574794185
0.10241410874725149
-0.33628530160157166
-0.506560659296704
-0.4637309915066503
-0.28342574276908933
-0.34737480241629304
-0.2537572996317646
-0.22621321801899033
-0.044171625124733375
0.12418648571508653
0.24188906956143513
0.03893162141100358
0.13550469905108511
0.3644405473435221
0.2856017942566086
-0.06223223058474968
-0.01378803355344771
0.05613692051445382
0.16947011963887468
-0.08516430073683776
-0.050432007365514724
0.10975877281314168
0.17484071447379712
0.18699663559420593
0.1997369601939604
0.22553804868045385
0.016366735488817594
-0.17697171914608156
-0.03186184528306836
0.08163847515173354
-0.0771403887670031
-0.08056113681395076
-0.12884511229463466
-0.3291208145681392
-0.2556870156842871
-0.2384830965710379
-0.3358697582816732
-0.720609422686638
-0.8361877941168525
-0.6729900403174556
-0.7169247870152818
-0.7317917059328221
-0.47899459096421754
0.04798757328084906
0.3183687582468674
0.6161697867928119
1.202639934612415
1.776739575603103
2.0661502071643585
