2.4654176300813617
1.8997202077736166
1.3505254722404298
0.9662359719171579
0.47620080412550014
0.23413677366343594
0.192375057891349
0.106119498086785
0.279074408218069
0.37436183942671686
0.27317829903241414
0.12949365498738824
0.18620852389788214
-0.02393879842514787
-0.1987054508027223
-0.44385297737309715
-0.5136799206027025
-0.555206519314025
-0.4217189102708282
-0.30450154246676736
-0.2948597838092646
-0.4117120265784826
-0.27467746852540026
-0.10311512175986648
-0.33191373465575874
-0.2511821133177815
0.04026225397718805
0.15286426213652013
0.16431372202343897
0.31424052206414543
0.4374091408045736
0.5175349022076344
0.3467620884197124
0.31512913074367216
0.22187426850948844
-0.05615898093400673
0.0874867677902039
0.09354364738284476
-0.06098896962670084
-0.17401373021991393
0.07564689788498377
0.23532545424729076
-0.03962783396127738
-0.3102616582468346
-0.21487770500296913
-0.2163017467606546
-0.5234827720008559
-0.6423410041399419
-0.5494771435590151
-0.5063164096354178
-0.5074042738074446
-0.23955113600381212
-0.09345906024814814
-0.14571312212183338
-0.036831720820149516
0.20920129937346135
0.34023128689139676
0.1804289602730545
-0.28361668100228266
0.37035369415380065
0.5730769289082582
0.43434015873800536
0.08066054820098338
-0.0730018782058515
-0.15939214424709033
-0.38352115261348346
-0.26466332631611145
-0.021907753160608757
0.022927190749472703
0.24689769488205107
0.4248100541509387
0.51180271599572
0.5910743442183962
0.517474734376622
0.3748966838688274
0.1070264136363514
0.2289048452156973
0.01714868640335317
-0.4116843466131846
-0.5025062492227123
-0.3393696598054875
-0.6203579234190723
-0.5942623676623267
-0.3911523961459958
-0.3825293365678733
-0.24903775407479578
0.1313153943253203
0.2703397037937358
0.2306767458416375
0.14392540325091582
-0.007351686749473156
-0.07550903981803779
0.14652863547959694
0.11548710229166158
-0.0399220023111725
0.027997010067902353
0.4179096797973794
0.7156418785768633
1.1568254310171049
1.7436934143259712
