1.6219632234211472
1.8235675255511898
1.3144629183302556
1.0118458163002122
0.7382004792994644
0.46919452521171445
0.3353936094159474
0.15413043729259251
0.027871094704224973
-0.011896345787182735
-0.24568874048380626
-0.490281784892
-0.5852671476220027
-0.435832738472884
-0.15088523065663084
-0.27055875832931314
-0.2773243204199395
-0.11979962754647627
0.0773069513463744
0.08314457298401613
0.1523863126467633
0.07730492440264372
0.12436163634846606
-0.2434208083731236
-0.3060972177494694
-0.42627207313419047
-0.4066939334519079
-0.29881943056730825
-0.14179395680353218
-0.20964981246855463
0.045059161283253574
0.2667335351039987
0.19961093221498774
-0.058901569217255756
-0.3371987677402058
-0.48571715322270853
-0.6122497254031465
-0.5540028319773314
-0.29784865151409523
-0.19160465869770416
-0.38113536721067465
-0.3065647711430677
-0.05037922505399033
0.1369731576964633
0.14709999754666955
0.29964133236012397
0.36973868651417036
0.22653538802574122
-0.17686631725292404
-0.22376821092800311
-0.5103669605029656
-0.6815385052011823
-0.7810169832341286
-0.7101828593302277
-0.3752824771280872
-0.09745338042961683
0.02489914485926447
0.29645383776535367
0.37380752178466403
0.6103913141204818
0.59557185735154
0.333924289099083
0.15782532170070507
0.041436760794929736
-0.3966876369143455
-0.4617961011717774
-0.38009145240896797
-0.21433710577099052
-0.14936343885462838
-0.049307202061601135
0.2754786024925949
0.5303101720643594
0.4490868514702111
0.3281490012807521
0.2528193835960737
-0.01842737192866743
-0.12069531911472797
-0.25646025246874593
-0.7763715870065931
-0.10736147680551576
-0.06853519306898259
-0.17548630872775556
-0.2712268406743867
-0.11033572838573102
-0.11871391140838565
-0.021912845779851288
0.13016359687708823
0.1534231397125773
0.07951144183119208
-0.17804534817680995
-0.11611437778625729
0.11430994423633786
0.135408729694246
0.19783159420504257
0.11062880635883139
0.1311251046952233
0.1931096403646735
0.16447393960586607
0.13224257412471696
0.16696641991318914
-0.10086676497530328
-0.14477772385337281
-0.0018817952873401652
0.15864906956810532
0.07007148591176743
0.033210807018829794
0.23611931194901895
0.05975310387609265
-0.22289781979029383
-0.08921141659823045
-0.003465140565262956
-0.12456410687783726
-0.05463252598441819
0.15099891606591953
0.3979074796530897
0.31698732588296136
0.3644911385195474
0.5235711598008743
0.5947625767202043
0.40088236587725157
0.21401641371139013
0.05564612527962649
-0.3503692031722029
-0.5292943581012943
-0.5596860364652047
-0.3567022208905159
-0.010092183661793592
0.14020847489296748
0.08418607995757468
0.027569439970960043
0.1472095516487411
0.35029231461149296
0.5146959218855431
0.5581175739334924
0.4797197093610534
-0.17031451558992702
0.5132749036684978
0.3977455458575451
0.06384176272871599
-0.2121944839127866
-0.2037878878556072
-0.34567078159746506
-0.410281560240745
-0.2865365395582184
0.23103379564103238
0.5717048449587809
0.40006405094500724
0.28845389548134914
0.24504867577521802
0.02924648934024117
-0.3552863582953112
-0.5005486578443527
-0.5154605549434798
-0.5170166398582543
-0.5461939306913158
-0.2759450096493257
-0.11233692377756155
0.03845166129455678
0.15362387081331896
0.29597455707125014
0.4189771764117403
0.12286622656978166
0.037761353009894735
0.2259093567720241
0.07767493468012154
-0.07945330835205906
0.1761909709286325
0.12180710600490398
0.07521876823052605
-0.02220372694565297
0.058326742711316805
-0.25301530869091177
-0.3634106420878484
-0.2968739112465758
-0.2713126648554537
-0.14620191622328776
-0.2618822386528478
-0.07881173953912422
0.08431590206205967
-0.006092343575102722
-0.2844307452050348
-0.2782906692762639
-0.3489839938621284
-0.45746106515262147
-0.44404800527640564
-0.5772208380175345
-0.7505563022676761
-0.8049635604484483
-0.4948954120775469
-0.1390431582344711
-0.15036779468460076
0.1252996165545687
0.34006190889952054
0.15864168675224158
0.23959167781728824
0.47085550517550684
0.5484093874628515
0.25903512255183364
-0.07782568689950484
0.017407111555666783
-0.2179833250428386
-0.43164623541592756
-0.41327716725116853
-0.16457063470182776
0.34962249252050215
0.6001460554590868
1.26907285444956
1.8731759201529985
