2.2079340934125193
1.7437713191505344
1.222710760422008
0.539602808021564
0.19346993151364036
0.0876316213270315
0.31328934617149196
0.4851184465622518
0.3892761326557511
0.347472990430289
0.27527793988074906
0.2360755505477961
0.12524136586299692
0.37144856383563163
0.35052398157012526
0.4734429369628294
0.35934855405037935
0.15860095992276232
0.15517272412871494
-0.20957823157981537
-0.5357373888898616
-0.5127902970757464
-0.2677582031228091
-0.36479751075253486
-0.12168180045335131
0.05136754230416373
0.32103881392558953
0.4881770943993451
0.5022361464432393
0.4242605820501015
0.2922004592743695
-0.0655515267491018
-0.14771321576779006
-0.1838120818591187
-0.48805905443273867
-0.5989364705528412
-0.5481625876493003
-0.5413985679362547
-0.6600171879669109
-0.5793223748350832
-0.23693631942403923
-0.09964817514718792
-0.22231130249475542
0.10894654157171982
0.17623253957920942
0.06514282052339655
-0.05645420152165113
-0.03474110992553921
-0.2848516791135816
-0.4112426872724653
-0.4124703982120127
-0.5509514954264677
-0.7538229887147674
-0.8329897164221604
-0.7470882823439596
-0.5997164503421757
-0.5403991668325093
-0.4589884793240233
-0.033587359980100095
0.02150956604938365
0.04979586198595709
0.2729803134632073
0.3176448925996872
0.13913147633144832
-0.03823623847564682
-0.2249478083405787
-0.22431226664530118
-0.39637689440847856
-0.4559939181827939
-0.30107994006343014
-0.19662113833529044
-0.28674470508423644
-0.2246603429576844
-0.2960917449581328
-0.2946095143292916
-0.11677061319317521
-0.020485557150759275
-0.061114341461444635
-0.2063205296956347
-0.1324054376791106
0.17307949185366933
0.4147445710219764
0.3798484410327423
0.4733665465411724
0.4574428791990797
0.18551873471133468
0.2571288340665553
0.1709660313589015
0.029121784890211472
0.027688057451345928
0.1890101806824146
0.4617108829188245
0.808951808121707
1.0294479151805485
1.3673005810539847
