2.451974208260021
2.11209462510153
1.5943513920664079
1.0675743841172078
0.8533865455745387
0.6708617101157174
0.37259142819305413
0.3482058132561646
0.378748817990061
0.3220725474070969
0.021508847529681095
0.02507116411630932
-0.1174999579212958
0.04728347685544951
0.0778636937494259
-0.16718983379569985
-0.09246629795803477
0.01696326800928689
-0.0496537274524256
0.060102371390253324
0.1920062559282356
0.03351799956382477
0.23518326604573392
0.3570705083177056
0.2781066759332944
0.12349055229634062
0.24789738867026567
0.24561583880550614
0.28889346479876693
0.35845700093264105
0.3013811410368473
0.18880207853839773
0.1845913350070808
0.1335327857312004
0.4013826454945526
0.3332441172476235
0.012159552705107895
-0.20886752252901744
-0.4359254381093776
-0.492869406310834
-0.4543097508912182
-0.18180286797076495
0.1065866949383062
0.29355229614378736
0.43844897201947897
0.49055658222314863
0.49227620757561164
0.5723625474846853
0.316652308434677
0.012782124439804116
-0.30045474840873004
-0.465342756936282
-0.43732739205355553
-0.09661209887909561
0.08050220931339692
0.03997805620196038
0.0200665942078971
0.23639081296889347
0.1369344140134963
0.31893057748546183
0.3055439513048375
0.14855309440047723
-0.13058368336016626
-0.2067061602837666
-0.26544699862753385
-0.27991705953790735
-0.5554152681776765
-0.5600946098751427
-0.5902638331843506
-0.38796745549753436
-0.27808221364611585
-0.23230908510614517
-0.062045218763594506
-0.05278966036667526
0.15585414674335138
0.25741908599880237
0.313031412490582
0.31033726253116767
0.40970025401675514
0.2873783870371416
-0.03538294061104563
-0.4398866997670233
-0.6166945221695092
-0.8738119345519578
-0.9952487607690916
-0.9418223695334186
-0.6448024397354857
-0.17945480525461202
0.10102393985622612
0.25858405600467665
0.32183545193921526
0.22078274095239586
0.3608885328597219
0.3995881353971139
0.3635599245310051
0.34495426341163044
0.17138256421355091
-0.09919917396837608
-0.06971313957453662
0.16057078607089925
0.10919333939732746
0.0825353081602261
-0.044456862461599266
-0.027911631597312834
-0.10811199008475261
0.008472223989845727
-0.20681988643033195
-0.4340779703682552
-0.4636821816282454
-0.6131654103748617
-0.555915702222012
-0.2620527306548837
0.2194246275943727
0.32997661678542267
0.44939429852252094
0.46221034773958947
0.435664727199398
0.2743188014996103
0.13641604321401868
0.0695412092670538
-0.09973136051632253
-0.28495710040332567
-0.03313216178605485
0.10225294835635808
0.12162308201747589
0.16854499170723486
0.5500365342333711
0.7885989332903737
0.7079367459264517
0.6995447156349792
0.6494989231006032
0.5372770285695603
0.43021842751992573
0.5252224651395965
0.4582384920154421
0.24223954177226342
0.16561848640817245
-0.023823731137021815
-0.17429451341561344
-0.025729170706787978
-0.03870111497922931
-0.17005622328215886
-0.4238366080084117
-0.38174018811381627
-0.3043949290499408
-0.4115053193626821
-0.3751599858659842
-0.12849552842508832
-0.021267680920762345
-0.07920834979321398
0.21976377490413512
0.4059346808344715
0.4202531979128359
0.3763766954219378
0.13054128876502355
0.14611323517804767
0.05387268449386878
-0.17972450391674538
-0.4021830415211255
-0.3864496815593852
-0.5361114178309182
-0.455140549046726
-0.33597855426307355
0.00822506599301442
0.12045988522275311
0.4801946442582339
0.5684358287682155
0.5875371707705618
0.4255047417157632
0.10978298356891686
-0.021241786935235804
0.04402639165859194
-0.08036710028089929
0.0341666976150589
0.014347648299557272
0.20086174031006382
0.11691401394296669
0.10854573580255636
-0.12407746085051669
-0.22385278106249096
-0.26134937436836814
-0.09408329010329639
-0.1286477867389544
-0.12802946050657277
-0.02200919735900437
-0.16572641963489607
-0.054689478493261626
-0.09114959356102378
0.18024295971707607
0.3180609879814748
0.18862566065388656
-0.03349501942001939
-0.32817566757608757
-0.3236594492766646
-0.4478044732937376
-0.41102595091071503
-0.5334615469022976
-0.4102845534733782
-0.3290489502723284
-0.06254863733746413
0.05645927514259598
0.09949979217320573
0.05480343745627435
0.0532267801638731
0.2342567364080209
0.2580032153342479
0.22663703399540747
0.13021212347383293
0.19047892300518685
-0.10053653501812486
-0.38701134691496764
-0.2469690702387185
-0.46339278688504937
-0.5625688841240742
-0.323661813384486
-0.23041287873025082
-0.07584117270152024
-0.03511216555097932
0.3331994217801798
0.9413581339593288
1.3836983538744854
1.6511501489000395
