2.074002199657482
1.6152316557709827
1.2462031343866922
0.7170485046526388
0.1038548505418381
-0.22713278107625182
-0.49343318741255926
-0.5553065508835371
-0.46558486726546633
-0.22988405938362313
0.19214572496625623
0.3980143557757627
0.518200690232086
0.4069173516950442
0.33071492768215405
0.2861945760978184
0.06459716006997039
0.08455718304908527
0.06096474191385835
0.3020796391415222
0.30591603451405075
0.14977596344683136
0.28945969811528416
0.5048865110215093
0.4900520893042723
0.4978087951063936
0.41977055799296314
0.344777486496752
0.2733234369299878
0.11703303347393706
0.23056237628573775
0.03937154329211371
-0.26608892371861675
-0.3248204311771215
-0.3727988174906049
-0.5260639893146014
-0.393373899537366
-0.32708168572868324
-0.13318579035506825
-0.06450952283616701
-0.09044480296538895
-0.13252515714697885
-0.10326685766600974
-0.22308083410583926
-0.1816847514180668
-0.015485026848243294
-0.04542463131923115
0.020728408206252665
-0.05834909833367626
-0.22869825783429515
-0.5220847616184101
-0.6791155052921305
-0.6920117514805839
-0.5252012724049984
-0.24660002424020927
0.10505393574510215
0.31409671223288477
0.37255303226576153
0.6305675569323883
0.6491800167048264
0.5118428182986272
0.34108672299061027
0.1055310183738813
0.041283992161072605
-0.12879839908565544
-0.4386186176344715
-0.4290471992676797
-0.3235640086741839
-0.6767954580696661
-0.7377136249267734
-0.5754649284909561
-0.5731005898489698
-0.4635830386348482
-0.3073259656723829
0.033623536694618386
0.06315131028259666
-0.10408219781565207
0.06801846470805546
0.08062896974787505
0.09132351297953825
0.3177285041082482
0.4392683880919729
0.268959365126792
0.24307868566448174
0.344753054996839
0.10681186920454472
0.10218418607478655
0.3374798233209818
0.45988469897811707
0.6524110398216889
0.5575310173949541
0.6525538252683313
0.8639085745678018
0.9111377007031601
0.865929548899698
0.6219585184237296
0.42041910319433645
0.16617271628313152
0.15137102342138858
-0.05814254015998425
-0.22660764609122522
-0.20543638869292022
-0.3941811185338002
-0.2927643578511452
-0.5757721130161568
-0.5664568394475004
-0.4030551153336057
-0.2854800056618656
-0.4038445902322142
-0.21557491793331973
-0.2926379985861333
-0.43646750099044906
-0.45904392850164877
-0.39181551723873626
-0.35937272821428745
-0.18419833234367272
0.04172621799696545
0.037553899451626446
0.31971758448145515
0.35554850546716654
0.3838155268111238
0.4086565248958657
0.36498476455116796
0.05633684708081311
0.08938368774736107
0.0731532524221189
-0.13958808604666373
-0.3042249170549602
-0.35638705269394727
-0.3291970666001449
-0.1403343413007751
-0.017570119497086697
0.05123085263528282
0.024444487402853696
-0.043561978814991985
0.07949620943277952
0.02699920874506818
0.06605618609379948
0.045810953031690235
0.00456611392323631
0.08643722417370561
0.0074400063096863875
-0.01900806134965002
-0.15708791121040352
-0.5333549124856335
-0.6680634509472235
-0.7833040664484002
-0.7455649281368895
-0.502351508654486
-0.08902360900664431
0.167120455714375
0.5333730238396467
0.9626279872518145
1.2797274427655823
1.4675585642436133
1.8505678755072958
2.1894980824328982
