2.2957667284872283
1.6986440401003933
0.9766094644248745
0.7656261512610866
0.41817488406357517
0.1835829844576663
0.13660770591677868
0.4394674768662572
0.3562460626588384
0.2885630983998221
0.28332942630052155
0.15823460708610212
-0.21818344447939733
-0.34257916599383736
-0.14938959864997636
-0.3339374217410031
-0.6131580581705615
-0.6508632356799398
-0.5638848104914241
-0.4270223467754202
-0.3772514411420772
0.08066527717639776
0.12520699742020922
0.12169033638061026
0.325467352141957
0.1741776963835443
-0.050373608422720165
-0.10670338270123207
-0.3742743200266969
-0.45775060472852847
-0.4093663209577773
-0.44448289980017663
-0.3434337961449939
-0.43274420405533437
-0.2983148342973684
-0.31374272372932616
-0.13549010772598755
-0.017379678622236137
0.2681052170291449
0.18334076457232243
0.12090802492964627
-0.026958808196197438
-0.18594283806747688
-0.34591990817314
-0.3662838064504803
-0.1979932681463403
-0.15990393140735443
-0.18153195791178034
0.06653546036801297
0.09879560006580584
0.01179781512490597
-0.0381035726475198
-0.28209626099899915
-0.3884120435038942
-0.37548880458778594
-0.34413768147634255
-0.3214011493965415
-0.47533235458062745
-0.5133915239308279
-0.3747457441319028
-0.4127089191681592
-0.2634857820890853
0.28980911771900714
0.5405551973085987
0.5513838148320691
0.6399142748230394
0.8082944992352232
0.720923105829845
0.49283899731268266
0.11269970218713497
0.11231421001180392
-0.031252780328538926
-0.17643965802449327
-0.0180680501696702
0.14784310582864368
-0.09815394669517655
-0.03867247677742138
0.011260672838538342
0.2526241689154721
0.08841155908008946
0.2816277850472122
0.28804863386543006
0.13226217772147084
-0.10828402809188348
-0.1805054785084199
-0.08414208904458303
0.13301394933792035
0.09006111178998896
0.3475172893731886
0.48143637169717884
0.4320918690637882
-0.35645436701949756
0.19077895055363375
0.358089901633049
0.39128834668421414
0.11671525012729374
-0.17241772663645116
-0.3727693346326308
-0.6435094050212243
-0.6736731873848958
-0.8688854681926871
-0.8661424653817784
-0.755164017893059
-0.8830920367192406
-0.8712467169606533
-0.6778692854005094
-0.6963640511095974
-0.6895363743173634
-0.4458268325074913
0.02255040523247
0.20234185970060847
0.13363058684716084
0.2656320981941237
0.3728359561246552
0.17597001253291986
-0.18142299121732067
-0.26990535597544546
-0.43178109381472524
-0.3996370264826259
-0.0881811814628128
0.28433335642133856
0.480714179785861
0.7333004863945641
0.8897806392429856
0.6224484353179875
-0.022754459261186293
0.6242604044190458
0.4639210268882709
-0.024385663670489603
-0.18792884245599198
-0.4148900458941966
-0.447544608769351
-0.23259403947378376
-0.16071503597312406
0.18091200501127075
0.33497918707282637
0.2363381276809422
0.14808146113922277
-0.024172054858800758
-0.04634379640724388
-0.25169149233232724
-0.3417765350254868
-0.18087779251272523
-0.17460693952567807
-0.15009170029100516
-0.17115263810213796
-0.29669504654974677
-0.2583638070836731
-0.2753401167752075
-0.48496064770998465
-0.5671568951631183
-0.8452763294082446
-0.9123925044140274
-0.8939082248436555
-0.6724775320463265
-0.31513856919340216
-0.20571015741074136
-0.18095210182610716
0.15296950380741223
0.3396244513482175
0.12829584239401712
0.09682333165069561
0.0458200901255697
0.06816943408282865
-0.27156022890145737
-0.28438505807554815
-0.04383314216036905
0.2093228932858608
0.029929811257053487
0.03364072415320293
0.03329208200852052
-0.08156022813726821
-0.05499814016393981
-0.3321173027865111
-0.4168136212847045
-0.3058648762783018
-0.3323290244797177
-0.28644161034889276
-0.07200727463028801
-0.0743954930358318
-0.2726364334934471
-0.28371721242430903
-0.3638320142496524
-0.49442610662049524
-0.6860699381625555
-0.664388709680346
-0.42558655577255544
-0.08808470369692903
0.08896398519781681
0.11393118200606894
0.099605835149542
-0.15166509970949027
-0.16676843883395476
-0.32366246880988986
-0.3752624949986891
-0.30354887767823485
-0.4388146147466241
-0.5203610147428118
-0.355148353173792
-0.3230004338314414
-0.06643369163549534
-0.12216566672241762
-0.2616570480693331
-0.4577522171899926
-0.6062648545194219
-0.6667399830036892
-0.6266377926567416
-0.7575948066496039
-0.6712563723681025
-0.6132071271814774
-0.47589684788830944
-0.2548191592091992
0.035352521267790385
0.15615314245478756
0.25342113108734216
0.1594452723239411
0.08872844058490122
-0.03727283029629537
-0.12143140426566489
0.01339153619738909
-0.0549042611057408
-0.17098292388125835
-0.13104616755088078
-0.19978536753913684
-0.10201152297915088
0.05709630407782065
0.06885140575642684
0.24889467375019572
0.2716666956350186
0.1522967574769878
0.098902740276365
0.2986522909410725
0.44601326881502795
0.5001642154661616
0.5810986609386409
0.4739822936477619
0.3643256676418499
0.0010836311736396361
-0.05642363595322428
-0.23564919337930246
-0.37038189038329006
-0.27553416618455623
-0.22236833327225125
-0.4192094256675318
-0.5126695048527654
-0.5124745004503071
-0.3195606790634147
-0.05977910096800945
0.0340445102971597
0.07810314277658553
0.007671635145544042
-0.3572968557702652
0.4941592013653348
0.8377682882582447
0.8209141669078195
0.5651713000277145
0.41817600301638685
0.07769799773969813
0.014941556587530685
-0.2682153955329792
-0.32096354719561443
-0.06311622107414079
0.02667817942833642
0.04387318254118452
0.2252374668572734
0.35290563788788976
0.31385746960542754
0.2905304020987632
0.3093521790729272
0.04259971522257472
-0.19424794948950808
-0.4381212098302435
-0.4335249525780727
-0.4592177991914913
-0.2998031442409762
-0.41892596731287873
-0.24642165385582304
-0.14075004754670611
0.24049462934315524
0.21600926979041668
0.09867363772171157
0.03415030923476661
-0.10224591894929758
-0.25498127781943325
-0.21448984257644313
0.030883291747131503
0.20204573271593743
0.27967791456877333
0.6423815680622275
1.0288651408288798
1.637414111410104
1.562488517210265
