2.3332693227488126
1.9617534723134011
1.3052557728196443
0.6326969233567005
0.11415815238114549
-0.13002384302892925
-0.24483442199438885
-0.10038182636317408
0.0848959233260255
0.20634154095473442
-0.04441834435316981
0.1493092382576237
0.4171419651666497
0.3621005389203833
0.10646422759365669
0.2734475450354009
0.21658830906498588
0.40531291190987334
0.13727806684853586
-0.33017761378018323
0.35950196832066417
0.3212374625171031
0.24563665681632382
0.10543091284505723
0.38017596999096376
0.2559754697152775
-0.04853794535701471
0.18809505102443333
0.3970377311561382
0.19372232344180956
0.3323801014958826
0.4069320961741862
0.44387801452979214
0.4215529182732561
0.20033785150273145
0.3076262974000339
0.0763627119709469
-0.1866316275454987
-0.23784484367085884
-0.07965259246846211
-0.07886415891780466
0.22423305552263137
0.4830087710918946
0.5266056546215205
0.4514091267686395
0.23056428369009424
0.058829170613019316
-0.13194976052687976
-0.4968803442295505
-0.5376849245784147
-0.42849983105796086
-0.5307347916006908
-0.3446344366807453
-0.22160601494181056
-0.2848163758605329
-0.2738942818765495
-0.20071140477239388
-0.10203362771054854
-0.08497071091898128
-0.32322084872515316
-0.408447855066438
-0.20339085052502123
-0.24492960062342076
-0.32615538103980146
-0.14588778148606568
-0.031525526098992784
-0.2645729787248929
-0.22446026396562904
0.014177715728332436
-0.02174779135710954
-0.23207771466938884
-0.251551673697099
-0.34503197620488435
-0.45961627945315536
-0.4242282197062621
-0.09141083354276563
-0.11783186730053823
-0.3518662954049055
-0.23519972942424502
0.004556073941254468
-0.03556156702203703
0.0689627433452414
0.22696964285763307
0.2302287211429664
0.17977318866576456
0.19336581368015504
0.04208025364373458
0.13845714931902603
-0.2764742841813658
-0.3313788608985964
-0.08852747753804988
-0.2954614893958994
-0.6697346148157525
-0.7896392897003767
-0.8129001084446081
-0.708734363485483
-0.5770459153249656
-0.2893281901815512
-0.007588913182939284
-0.5429205254823342
0.11749913408219803
0.43544947237422704
0.47678269232014714
0.6244575370376143
0.6668546824729609
0.6290214452535035
0.6315263582807072
0.45818704295208157
0.5706281301931118
0.49312421146080543
0.43007140448264947
0.17665000499994424
-0.16515236904625202
-0.1671316258336435
-0.31266915706555953
-0.35763393549165495
-0.3447798344006113
-0.18161871249538877
0.09819362919444462
0.0694267083934672
-0.046260619843180986
0.014318586561270533
0.03156291587421761
-0.46177753894893525
0.15248074644710546
0.5413250086927224
0.6264374092829147
0.5142255119562008
0.3146172891138741
0.4335857626300482
0.44245515363913995
0.066541543751368
-0.0322035519293276
0.11205495620460035
-0.06769452115734084
-0.22495073082222658
-0.14554041910252263
-0.0659770995054948
-0.2701826436792739
-0.4706417483710969
-0.2904454751058235
-0.3247033385258486
-0.2191833704586509
-0.1537102338082502
-0.10571299277085995
-0.2895675232737297
-0.3194423061305043
-0.1034689975658495
0.06508022908118236
0.13715464741406777
0.026761574791972133
-0.05056738027973007
-0.05651552161789114
-0.35885641595587614
-0.577724944708808
-0.6815829452571043
-0.6923357935374771
-0.5717755785252933
-0.6510637972602159
-0.5188523280045965
-0.21015384831369352
-0.25362086136090484
-0.3487610277142902
-0.28827566641971814
-0.04102557875757115
-0.19326489175866643
-0.5967363104666072
-0.6542536293695258
-0.583594577938171
-0.5417300133475185
-0.38901342392157223
0.08932150595934388
0.2484984194400409
0.18400709855032582
0.5181239964213464
0.6796373043091809
0.5964041786306272
0.30258178334904945
0.3352179213723793
0.11863528660864588
0.05747851182884446
0.24958242944544135
0.31002169195805757
0.19473011716654215
-0.10701668466645017
-0.04624598927007133
-0.050214363399258284
0.06984153461500185
-0.008425468570344513
0.012708658941734324
0.0813547645919564
0.1372237674371942
-0.018090921173835494
0.1777960909366345
0.20234571899501907
0.058282950167714474
-0.18187241305943935
-0.09756194921511098
0.05843667450967865
-0.16053181767715216
-0.07262765984309005
0.09274182253985348
-0.0804720019222991
-0.2824361566766189
-0.293965503379324
-0.22473682042430104
-0.3207907214327936
-0.14408245007718443
0.02983719350637949
-0.2526571783661898
-0.3322329806045644
-0.05756671515738127
0.02102375539246637
-0.11583543682583296
-0.0595361672239097
0.32787230834798725
0.4692767032837057
0.3041561453090121
0.5462532591558986
0.7664097644880553
0.8667886445706687
1.2790259806276103
1.9245078414265224
