2.502259311712038
2.060470735644296
1.4224999471862663
0.8737543457866919
0.520322286092193
0.0061121569911249994
-0.2423308995706008
-0.16075995360830012
-0.2211592826394372
-0.3420678540586465
-0.3817761403236156
-0.14042748515279868
-0.06470789713569661
0.027598014242587465
0.3447312829229373
0.47362421216422923
0.4344585873039968
0.5485945042985597
0.395737342985924
0.033931038091819535
0.04910316363390797
-0.10509424264168198
-0.36626136762543887
-0.361871175807907
-0.1164266621004227
-0.044523832722692745
0.22543906249002865
0.38779131180590487
0.3733605337058167
0.24121081679500622
0.2479533346892615
0.2414107439267761
0.3174934329317851
0.2809800461998344
-0.0008327479322984718
-0.18081295319796545
0.0502620234168425
-0.08111029376325193
-0.18911806989588595
-0.04806568987334113
-0.02625941792362886
-0.2801137164984668
-0.24777756851324464
0.05384393524712904
0.20388795523364153
0.28489020011906896
0.3097484676254773
0.11487656730445307
0.14637583536551454
0.24478281282324527
0.2507604927448996
0.052503575228783725
-0.004964791898039888
-0.12272252908945379
-0.10389201579034127
0.05251522222418332
0.11033089883503805
0.33839128938602103
0.4213196774025885
0.33210166749526526
0.5687988065100579
0.7861933933626749
0.7855986383585699
0.5013223932803251
0.2258215617444747
0.0030281775536600904
-0.22981658123367818
-0.46702081165628506
-0.7126312557388994
-0.6496283148430654
-0.5421717090090092
-0.5274199314723482
-0.310848147896788
-0.09461548855268437
0.32411885097012827
0.3676701955678495
0.42100293669298416
0.3820415641920999
0.21911507001169137
-0.11580304811295593
-0.29068372906600737
-0.42424500733654463
-0.46928027720852605
-0.37056645574963704
-0.22688948018063868
0.14893910174571817
0.24901321428593037
0.6109626708884731
0.8196443420182004
0.7662350223150678
0.8124024205443492
0.791398993542083
0.5927308195197409
0.22050031284459468
0.2264518068425677
0.20342516169634517
0.0680111941949239
-0.362599571908657
-0.393614313411385
-0.36073317567328744
-0.5200034014503094
-0.6066091740651567
-0.4373494152634944
-0.04353220581791514
-0.07014603810694332
0.22874249766142069
0.410378427684772
0.4176101687922436
0.1877693235680512
-0.11164138534483628
-0.33096119373838456
-0.4005216260455511
-0.38518316680119685
-0.1989230280107847
0.12913165239971805
0.2654299279274729
0.4864939613273511
0.44582553524500823
0.5861970660146262
0.8695518236496796
1.129283717950609
1.671452498188679
2.0654460448719987
