2.0277567121557447
1.4277448295687594
0.8168998585803723
0.5872028342511033
0.14161652866577615
0.0480118776051785
0.0192603433220544
-0.1645644479405284
-0.2925458025052191
-0.16875709475855175
-0.054186965986564764
-0.22052216801819244
-0.46159649539377906
-0.4096251625046224
-0.2234839707337945
-0.28070366864853263
-0.07823389211694348
0.06951997396894795
0.28592412321772936
0.4344951134268316
0.4936106149759532
0.43366427690451465
0.269240181654745
-0.02026396457129194
-0.4555700041904196
-0.5921891239310816
-0.8384680312419792
-0.8711952104383475
-0.6836758288168204
-0.43644827971608063
-0.3736995683569582
-0.20395712465576515
0.020753540819347584
0.03288921091908498
0.23139443157803105
0.18174393573642145
0.008870432868012106
-0.3365998528249037
-0.43317986303552236
-0.5018929595515185
-0.49243743648272614
-0.27361783841809195
-0.10841555476573628
-0.12190500467639802
-0.15691897329199167
-0.12114977855291759
0.10022143205717207
0.045071481330632567
0.3362281727931833
0.35364123817617293
0.1831989765495549
-0.06374845785641173
0.012816958448558399
-0.284124235763234
-0.48779518153597873
-0.46599883410610415
-0.7187883855656247
-0.7554630632568937
-0.556266012959363
-0.1340880303160948
0.08280863558525253
0.12287710758107621
0.014054322834601504
-0.1920175834171129
-0.4929740429774903
-0.6072096864739561
-0.4843334363526291
-0.42119359852695354
-0.17260254327061572
-0.12399784009427398
-0.08738602646125873
-0.22366905958169014
-0.46114036325978364
-0.609846017002234
-0.5936033395646496
-0.3301827301554829
-0.29969294954630876
-0.2674179270091853
-0.028082416613432137
-0.009046797072489399
0.016379406703300674
-0.16290616211128034
-0.03187708760195815
-0.10777732740344408
-0.40599021341762936
-0.4615353902176864
-0.41629910556707284
-0.24528711259535502
-0.0789564455456429
-0.16019948820296154
0.03929290345477354
0.08680284071733518
-0.03806818621738415
0.15882325373999445
0.21481945080428627
-0.0829854024078402
0.04635950188124181
0.10664691762321755
-0.1943287681844159
-0.18147703773404952
-0.11607834792572234
-0.19425507065805867
-0.35332633852243256
-0.20433917553860778
0.2252413212706291
0.44033504551249025
0.44641895084680083
0.4248877625205899
0.10962167865740131
0.11487474110112254
0.0998467074301051
-0.11575306132471419
-0.196005102629202
-0.1352746174772345
-0.2725947590924538
-0.45117385571566093
-0.4310510370370746
-0.34979726779328674
-0.48672649642791027
-0.49211721501730404
-0.29263493381376204
-0.15859599074422612
-0.06745422570003724
0.17927324508505527
0.14549975865981193
-0.027672484974093296
-0.07216542827466906
-0.12276360523436546
-0.283343546929082
-0.23760389007954327
0.0967610321568919
0.3925436527142205
0.261995064053212
0.22581459165828888
0.2783764777968505
0.45106145906402506
0.35403871263438474
0.4627295760701492
0.4326227173354157
0.2738401088567924
-0.0031229295376277266
-0.04362155489040023
-0.159199462610351
-0.09373173941418828
0.08607875609551473
0.40132771179331567
0.6710463236341558
0.7548320873416909
0.8123378575038688
0.6353035122944689
0.37142236448779276
0.10276469015338707
-0.13682752561790965
-0.18393316380231045
-0.45640877642257416
-0.4252268838851405
-0.45065950486584655
-0.2224089824958117
-0.12597399529287798
-0.19924361588021167
-0.14530505237415686
0.22296446915455476
0.3718599688979595
0.476109261621589
0.4787395802970071
0.5732055129613881
0.30587564306595716
-0.05171775213479805
0.05454748790331228
0.04921178513600191
-0.12190967737570227
-0.217606940970991
-0.12446143451811936
-0.17508831905778285
-0.3729748574536209
-0.4710841513609945
-0.342829330947332
-0.06096757946549991
0.0028982883718426116
0.08156940353519418
0.13649555296513732
0.030897860244477392
-0.18183515613442344
-0.12007166431105398
-0.27778336817779514
-0.5396416263271026
-0.6842140445751086
-0.6997194786792761
-0.6336202564664982
-0.7143962975913799
-0.6231199548964326
-0.47301572274419335
-0.13724639057945276
0.09654129427032752
0.10251749306143175
-0.0031824809403928375
-0.18101280480553444
-0.4264631336744576
-0.5722980586307904
-0.6126266191174616
-0.5628777994010621
-0.34403479456306624
-0.39168097819592695
-0.3319320384822748
-0.09260786258264637
0.20233419688632096
0.4062947945094393
0.3200267357154139
0.40947409460842105
0.9645012910434722
1.3691113404937953
1.5762964577760712
