2.3777263567514066
1.827280551554872
1.4599634178733873
1.1924550054813092
0.8433024583478714
0.6484079132623285
0.3385224713886441
0.21796125524515841
0.15104908253559715
0.20479458170318446
0.08865178818365729
0.2239021860882427
0.36749532917681277
0.2714325888260076
0.22274954374380565
0.21304864282650543
0.5399562341700945
0.5709583843675256
0.2579363659196603
-0.23498288445876406
0.422227479931272
0.4047366219107689
0.5247024589236178
0.5216565333636902
0.2382789087829886
0.04404691767867143
-0.1018282505463788
-0.33612561009012676
-0.5128242354030544
-0.5003777713130367
-0.45208784132323887
-0.45527028765451744
-0.490669448826094
-0.20241196551096313
0.21696460909991086
0.14776959586999283
0.02463759397970893
0.022135925969196443
-0.0932152813925385
-0.12726283269926364
-0.09817320953761889
-0.1822206790594147
0.08675811659306883
0.04368231485434958
-0.19141727528977223
-0.16404311777381209
0.06138105299208426
-0.013778407286025814
0.26996443074229803
0.29183670066488243
0.19803806320757536
0.14980311250896128
0.15024984059913093
0.05398490777986852
-0.08933598378262021
-0.12693098439672465
0.1524655326545532
0.06356552717014084
-0.10679835579657207
0.13615718031749058
0.42600513758568975
0.48569164534024
0.8197409562797154
1.4673574651379169
1.9678024896523656
