2.038916620942479
1.4303833681516012
1.1300024490524734
0.7938381697291421
0.32691907560039724
0.09733116320638657
-0.06508290357831656
0.02599085581071767
0.0010023553036025326
0.16022421102705334
0.2897393864819938
0.3376873774663861
0.41314283900085114
0.4927994641139171
0.44170256238909983
0.19694531615069263
0.012229868532039067
0.04166448978321815
-0.1900431227091361
-0.2626405065344702
-0.45017849821759287
-0.4257070920462857
-0.48092210786783723
-0.24614617123604124
-0.274675451302918
-0.11690107081172194
-0.25709063401176946
-0.14593471007365005
-0.22729579497248706
-0.5334472842346789
-0.68974454173086
-0.6394908140207972
-0.5024440749691362
-0.36103519914723864
-0.21701694136176317
0.218824050980239
0.3139372216333887
0.4105888514504094
0.391951856077631
0.40987559575852084
0.3326412153176992
0.30101818713374856
-0.0035829397335263888
0.08364789591968244
0.10065304223548492
-0.04066742896756448
0.04098300104321158
0.02181380217538296
0.16265905130658118
0.12916865273191594
0.023692479036851732
-0.35312431134245037
-0.48361611609189603
-0.3981766152102847
-0.28212593204887065
-0.12245016670092623
-0.07480612429247258
-0.04570606696059541
0.02993770125431756
-0.0911529031972049
0.08636580367103834
0.18921951872409712
0.4463774388437063
0.4831692751380623
0.4613640938712828
0.545180629275489
0.4436489614247928
0.07410209409868644
0.19214092465608787
0.26462939835047694
0.04073009397376467
0.030217570674716556
0.13678088766903204
0.3459275513138241
0.26643982992372894
0.40301145595908494
0.46084330274308
0.2713502956062899
0.07808076062369389
-0.15065226150552893
-0.38240195971008223
-0.4251857540654884
-0.23822790739781247
-0.06529082596886135
-0.07801911054633048
0.3248573544560487
0.7756718101468187
1.2067338319399927
1.7599764141235839
