2.028699164268275
1.770221155884014
1.225864951443502
0.8793448539384375
0.42552628763465505
-0.0365060969160928
-0.25411373459387
-0.17700656625898228
-0.2628648001829106
-0.31547952990507544
-0.09581046498532238
0.1733347935564994
0.20088805106997332
-0.024302919244300742
0.1763036408287861
0.4058173060726187
0.21411178183115825
-0.14618569352084396
-0.019278691218199362
-0.13104886148112987
-0.5124547603257965
-0.5674413670702494
-0.34792067723532216
-0.6104074393477941
-0.6052764913298334
-0.26933641514010603
-0.22948756658366817
-0.10835696314300179
-0.023669108251261534
0.09165088824135749
-0.1316789113442744
-0.16059355489759572
0.004135925419062959
0.12760280648027614
0.07073918533213977
-0.01572564118483488
-0.046893917958525294
0.17862210813409976
0.4521201944649885
0.45171166756422987
0.4880803437174307
0.46510498308126763
0.28550108171618455
0.1481393295825644
-0.10523281146387865
-0.34155319894651703
-0.5257841257104172
-0.48109080957675143
-0.36086068762284484
-0.5296348332707522
-0.5159194929800137
-0.3517006482290556
-0.13043164887227146
-0.08052758464141982
0.24040852658373768
0.37807643319983103
0.18498531390339473
-0.07179657742290285
-0.13573507214097857
-0.32312265104436877
-0.5197673660583699
-0.6393833659631741
-0.614408898547595
-0.5649885676126775
-0.6126753632243012
-0.4894618936287559
-0.11147322712302886
0.03113844343007201
0.4065731884467304
0.7430450498579962
0.9718945031249766
1.0616301735428213
1.1019569839689125
0.8832544951632745
0.6792981841875781
0.526752054885239
0.24652737826710835
-0.0227473515487535
-0.15161168518363824
-0.12263711600265914
-0.15504810420284987
-0.05327800821714262
-0.1875021756565143
-0.09095996819681938
0.08254220545060174
0.062121848460928004
-0.2621000484638417
-0.22248410918158157
0.03784954409777846
-0.012191437147291023
-0.1586177262458011
-0.14912800271986695
-0.3104156858243379
-0.5128257575219952
-0.5279267051068094
-0.48860012947455356
-0.4012230643586373
-0.30727924862650335
0.03436134546987557
0.16776965233407012
0.14075624666498607
0.06561934886411079
-0.00989682349300024
-0.012559617596810013
-0.34876754495507095
-0.46026605247830504
-0.30435167771020194
-0.4525972571215145
-0.4943647341029831
-0.28813047400074254
0.24328429075407898
0.2638441627324005
0.18467337638980472
0.09091219793090201
0.0724330710082757
-0.26139581161145403
-0.4807408973449144
-0.6162403098399741
-0.43178999638682675
-0.46650164452721676
-0.477074004887178
-0.331201508353303
-0.2526825005651854
-0.42412442246703563
-0.39517233031493065
-0.07749990309895288
0.08079633051570348
0.012117899434109401
0.09495913193583001
0.0073551832252319585
-0.24430790073136913
-0.5161712640971999
-0.621902919276872
-0.6413198621127437
-0.5452437852967937
-0.23840603550803982
-0.09662889086790241
-0.35951592329283955
-0.2800708482298423
-0.24331202615042113
-0.1684209727290718
-0.2532599895143283
-0.12665913843204682
-0.07470801516581106
-0.09892918338239663
-0.0024561439774137546
0.17729137953273535
0.012251408104049451
-0.22944667937576754
-0.16381075074770773
-0.46534468802601914
-0.5959169831285414
-0.5645871687800311
-0.5814231706633797
-0.472548426283156
-0.2062626083422059
0.28530108565508133
0.35998017731760507
0.42746197483976944
0.5055647395696298
0.47463462244564425
0.3776962881880171
0.2337746704153632
0.17137242509356188
0.09192853418125736
0.28045800103201657
0.07161933891751901
0.10201286722365911
0.3188352919332614
0.3583475974424194
0.20115799645806562
0.19067790648942812
0.0543624040086704
-0.23903385563108884
-0.5887552844394413
-0.7225128868717322
-0.7696781195580229
-0.8873176270492694
-0.9857778167995355
-0.8749102227052921
-0.6333870712673542
-0.47517149161982414
-0.06891132711107069
0.40645553020866904
0.546829643172795
0.5850861881995928
0.6689406277611912
0.7147639828957828
0.34399395470285526
0.05509797876147687
-0.26024991656271146
-0.6542600875765888
-0.9142417164534661
-0.9293847441147933
-0.8044536864390714
-0.7809326866603692
-0.6615377130172277
-0.2177827418355616
-0.2407020810165851
-0.39030769523552533
-0.32921301047042945
-0.05279929145500167
-0.07876547864688989
-0.14031497486725678
-0.17258864966841836
-0.07992359744468185
-0.21731129473427455
-0.26216049567585104
-0.11281898688000337
-0.056468786149372785
-0.20989250339242932
-0.13861290031604004
-0.1832939664119022
0.10713766714195147
0.1878398159431149
0.03219665128731409
0.23591120003600793
0.32070175958223296
0.304105769981094
0.36761733563305526
0.2225052360537553
-0.009366274620577672
-0.08186693662805969
-0.14029605966781644
-0.20996321509996138
-0.023590247133584714
-0.057943687373485486
0.0710029283674488
0.22311214133332077
0.5655622848680318
0.6476293393441853
0.4331717954409503
0.19079948825564455
-0.09040563142401124
-0.08516728639054506
-0.5230325978172147
-0.7391680932866311
-0.6120419111357506
-0.5909725509397372
-0.6746301219974702
-0.5838536559626376
-0.31829176381076973
-0.08013144875083111
0.08550773954625782
0.0015288257680089099
0.290382417151262
0.4291611022422369
0.42099878146928643
0.5586462678658983
0.8773397259586259
1.2907623437130442
1.6197747632033233
