2.008376311793433
1.5980980894918755
1.3021855768624035
0.8629157249819404
0.5715808031323091
0.3930096036579368
0.11805891185767803
0.03170239306128135
-0.08036877299237524
-0.027621142721663747
0.023263564351634524
-0.0760493944754864
-0.010442409694062996
0.20712145577409194
0.03159624724190134
0.054041224857916736
0.23438801119447394
0.1575845502911654
0.07418152483745222
0.33106277131786344
0.37364036231949577
0.49827488025896094
0.5162973453274792
0.41973240537411355
0.2616894919999898
0.3754334919454223
0.1359017761318427
0.19175417659411742
0.28742687987356835
0.2764826766112385
0.08264267151794244
0.3069192947630576
0.35835285637518705
0.3498454251415942
0.5377915996425485
0.5014671817787344
0.4489407390142991
0.2623897278074331
0.11792490516132881
-0.2514791252174757
-0.3086709733972777
-0.2937060628622581
-0.04216222617754287
-0.07180916341803197
0.047453666389975176
0.12906089019176978
0.14061043714528573
0.34199494029741445
0.2660298156979275
0.42689549716448294
0.5122498662969085
0.48825032019111886
0.5056969213234871
0.3216479847721669
0.11587895351409164
-0.20130755191762775
-0.27187164714118334
-0.33427882676549936
-0.6101839434295098
-0.646248099146618
-0.5478836075088404
-0.4054548694732511
-0.14675696113943862
-0.21024463648275038
-0.16365308968062112
-0.1856402803188242
-0.4072226521088542
-0.5089419266898497
-0.447648968292448
-0.29538617516526383
-0.28164593479971933
-0.30025058959925005
0.005145596438940772
-0.035346360314308344
-0.16110850747221514
-0.06712252307769258
-0.018006713112699642
-0.07640607689658233
-0.19104041868294813
-0.45862689062032974
-0.48934930298545815
-0.3454765267969064
-0.3928954739126509
-0.3653664680877259
-0.5240173019261725
-0.3685140367315273
-0.08518841181418986
-0.10193303023956055
-0.26557589935419573
-0.1759143697479448
-0.13266806047904867
-0.13210947254338323
-0.19076787750011287
-0.3382142265509599
-0.4176230722498708
-0.37001711967822987
-0.19505049904203273
0.03461713401065325
0.283105611696627
0.323794234370707
0.2683247539467
0.06689161911473561
0.20314657465964464
0.35673678972104655
0.07619370412791761
-0.1533864610588504
-0.050568617260308146
-0.13694281164048536
-0.5847617826646406
-0.7245083157656146
-0.547158433935191
-0.5528373272865367
-0.6084915010285683
-0.4339174911188453
-0.025523655318888477
-0.009271587363883189
-0.04194982113940059
0.00019629350541819414
-0.15288548638577779
-0.35891150442687475
-0.5605711318337528
-0.5785157869507978
-0.5257917425126071
-0.4774156378203409
-0.2854875701225518
-0.10762893349123963
0.021201259344378044
0.37365620994568505
0.5459142939315283
0.5487806182454184
0.4046727610986657
0.2805220646455696
0.1371751228291931
0.20287061203405357
0.008325389140051395
0.099148417252542
0.0693801152259386
-0.17285936074064706
-0.2854699519555726
0.02929850917288331
0.30302445011042634
0.3992588118750421
0.37543839876890406
0.2806339541657332
0.2402522160750555
-0.0712682540691344
-0.30299836269759844
-0.33196079984441523
-0.6301856992019684
-0.7035801037316136
-0.5951285114815943
-0.6301734770558044
-0.5396652138868476
-0.49740368417598213
-0.29919303695335797
-0.10117390915673574
-0.1956136979552123
-0.21139655585939154
-0.07025923842580821
-0.35969646247942877
-0.45405616953954975
-0.4679453904381007
-0.651654831536302
-0.7226930460609013
-0.7128768636731884
-0.5443380904393346
-0.5157228336106432
-0.5023492735455719
-0.24278738080395043
-0.16377478526171904
0.12334579538622699
0.5266352139065452
0.6803855781297137
0.7242740238323219
0.7586588670811293
0.7542895508705129
0.7368230286213896
0.5544119696996076
0.35187443975045674
0.2503485061267239
-0.11750749105028335
-0.1678323400918666
-0.24634861016432189
-0.4142975811455649
-0.3149470868107842
-0.4116127025780416
-0.19228066895798543
-0.12257748027421891
-0.11675278046123148
0.21780032751120434
0.5299532658127826
0.5467472853523271
0.4803076396319472
0.22350417847070492
0.3353758775999688
0.3791836693318931
-0.06633035997848627
-0.07901267288367615
-0.14336866195200312
-0.28264675012955787
-0.5271013909845064
-0.6127089733779708
-0.538907458302288
-0.6443366416573867
-0.6061101961383696
-0.307538153908419
-0.22984546095544675
-0.20604319255816764
0.17394663662124857
0.3359167980115362
0.45698247420544663
0.5557112574008776
0.6426419973622428
0.8156990331691123
0.8357519562384421
0.5302602975653044
0.285598026353188
-0.12669942856962735
-0.5487201108954333
-0.7604869281546086
-0.8407372523922728
-0.7736356389603608
-0.712728246667944
-0.3927582507886212
-0.14937176801906732
0.03723898950477347
-0.05103172227880839
0.04394837732666848
-0.0003463385899329022
-0.1469647806215772
-0.39252153010067686
-0.7553548574406403
-0.9835122265804418
-1.04478219100525
-1.0503775107761026
-0.8983269248833361
-0.5050977289457657
-0.4295829008063397
-0.276022180643887
-0.1773670354710179
0.23353764690440737
0.3030426567904297
0.24593830069947234
0.47170147011984553
0.5737247911965511
0.685133677344159
0.5407749327099214
0.29682680370160214
0.09708330811439841
0.07676876724749822
-0.2323915776883361
-0.3541699751168213
-0.37301402707510073
-0.5663464074894401
-0.6585193383478329
-0.5295376526106882
-0.5491140563396926
-0.3551880408940837
-0.1498439942530088
-0.02613238676565949
0.027884967078589437
0.028575865518668288
-0.03260125225047262
-0.19419758344534638
-0.14021838308459988
-0.14168254358691426
0.04464771144789002
0.09135691865861667
0.29721515905498297
0.2458243586692946
0.04001262592917603
-0.221298332103206
-0.20983173741009706
-0.4240304648257266
-0.48975009181804424
-0.4694710724865591
-0.29499444032012395
-0.44610784868233905
-0.5864930911018852
-0.4506867333299687
-0.1023224847079425
-0.17914306172753755
-0.11814557577536418
0.17595757029946615
0.26566801427015924
0.30393895750168487
0.2503827645897675
0.16668621929767968
0.2144261362533338
-0.11759670156931429
-0.1499859976828706
-0.1889247561889509
-0.15053945810622496
-0.3243237275567494
-0.5569288375274282
-0.6159164579446815
-0.5175856512881872
-0.6179305463919407
-0.551062397711031
-0.24959363627520123
-0.07665497526769599
-0.1379248359094936
-0.0041579401431937205
0.2437986636859308
0.26199580406962497
0.4422041058243108
0.46039189672417863
0.5069197009369045
0.4516608630258076
0.12480011205659311
-0.052574774856448035
0.05506043936116699
0.00576586353145649
-0.09003807656292023
-0.053801759053183226
-0.2051625562804775
-0.15429611802175144
-0.3375883339830747
-0.20310527173078974
-0.3025344393032825
-0.4858815033700351
-0.5104401031232818
-0.5491550113427981
-0.4518850589015761
-0.2518534816036755
-0.1378635191350287
-0.022391252563907647
-0.10704469097557445
0.029709339979980518
0.09376588632673821
0.2419484030338635
0.2769277875972989
0.02439680419998056
0.13000233693184854
0.060714303245044995
-0.07686443565351259
-0.33861455124738365
-0.3139296645741172
-0.19116633239146816
-0.31619663365104594
-0.2944339305711479
-0.17870769480692972
-0.08503723321758393
0.14434393308060708
0.03860143005429276
-0.05705926922471365
-0.08857299632681777
-0.3038820625481783
-0.4083557270978627
-0.37065519254947793
-0.2411231832721854
-0.2111559296937427
-0.21180791197353555
0.036514116431493576
0.12315098553529952
0.13800170532901565
0.36556353753463927
0.2584532091984548
0.12335111083324521
0.004058890107862243
-0.3328558340482827
-0.46318430954663037
-0.3909173610803901
-0.4849753207439581
-0.4312342636941048
-0.5606089820478506
-0.33840622203142773
-0.010607976795345982
-0.01171528696205601
-0.12428262260111317
0.0022051885354361822
0.05309871539222014
-0.02421834558139201
-0.04254438505852591
-0.23708728071843682
-0.3762334225344868
-0.3144409258499452
-0.14675118856455763
0.05867617396704164
0.263277469608057
0.2588674114874958
0.1977534079166968
0.10785193261434181
0.2139289837055447
0.37768916059078095
0.1273428800168704
0.027517065511755107
0.14209896164809743
-0.04027369612707014
-0.5252265157421647
-0.6307645902325456
-0.4397487900289182
-0.45207700227699243
-0.48647549035908266
-0.24643021115285244
0.22504124613678875
0.2132079149136959
0.13548043102676172
0.06079861651051761
-0.18988692507154545
-0.5729665474862299
-0.7420321693267486
-0.7768009164358524
-0.785526061650231
-0.7868132367372547
-0.4336333530779182
-0.23806120301828518
-0.2579960199846314
0.06467570186128632
0.4474876737491619
0.42558071649458007
0.36561943578081957
0.37696875764204113
0.44115456506088724
0.27358165464047884
-0.03589171508988285
-0.0862125110550169
-0.08677393617047342
-0.3476197844482014
-0.4376843885847434
-0.15542931270069202
0.034124888489521374
0.25284535949246556
0.20525973416882706
0.1816963968885485
0.0646963601748824
-0.10075852271013791
-0.41653945262717823
-0.4662658968470134
-0.705005210658937
-0.7424857698366997
-0.6370442396405448
-0.4403147765459271
-0.18578425445250038
-0.08679259582590296
0.003426638302830108
0.02465784848430493
0.17308377973208608
0.052828853106299214
0.05392679588672268
-0.09645038673969158
-0.09780719456511587
-0.16040795387137144
-0.45578866560487785
-0.5715988237646477
-0.5171638678171101
-0.2927956963347645
-0.16683935027437152
-0.34255262990544927
-0.0880248007650821
-0.035850661308814986
0.1825614817724771
0.3620702531925618
0.3886492522322164
0.6179264438022888
0.7075016541932804
0.6259746359567807
0.537849352704393
0.3343815578871765
0.14055414520035892
-0.07663039990549485
-0.33366994595800764
-0.2784966339539253
-0.30936638774283953
-0.40850989705463636
-0.21899997945835262
-0.24406647199741363
0.09668481169008969
0.2742064540121234
0.10755750917705831
0.3174675480403048
0.6056289964060424
0.6493101016047518
0.5047834359480128
0.2973799329208298
0.47606459773987
0.6150067507602354
0.4705315985422745
0.4234973420486923
0.4379399951841232
0.014650392113247403
-0.4546103245142852
-0.5291414132544049
-0.38618439612100053
-0.5969732296928505
-0.5104804335781514
-0.2495907819571885
-0.1282743844100016
-0.19080033116197198
-0.007634159745967165
0.266305383334584
0.2457285379275095
0.38914858174071765
0.5706717457122468
0.5339459875503648
0.4206171702248356
0.5696288470794726
0.7556668974455065
0.6476159102904064
0.34820636052617643
0.08408712137199814
-0.19523485067939222
-0.29852355461725916
-0.4962151430919103
-0.5168072432580705
-0.5354937019483443
-0.31212509148826656
-0.1199228649647667
0.0144150732648923
-0.07066295737738242
0.015653582586228766
-0.01982197913545563
-0.15654680810511545
-0.3338307501014709
-0.6668980619694331
-0.8423119468246417
-0.8643973924855816
-0.8455752158230461
-0.9042314685285496
-0.7527544756574478
-0.7663421280762406
-0.6954928102462272
-0.5848704092769597
-0.19846215955883872
-0.12454539082296383
-0.15617850769484484
-0.08781250967408676
-0.053679458952719965
0.17595380125853888
-0.0015165414586230657
-0.25561307599865335
-0.3087596444166754
-0.23519526744608038
-0.5021846466669109
-0.5522579408597131
-0.3491643138530506
-0.4018230851788515
-0.40454299576813146
-0.07301194554379961
-0.13951645639379018
-0.1430399825920511
0.058821375074853244
0.19107355778286744
0.2397732730047117
0.11268103027574453
0.15556135668458604
0.1459518853223672
0.10559512862089242
0.04956524468809804
0.24669302234326582
0.23400436538392555
0.3778417928877021
0.34996532754891024
0.18658810320348876
-0.188300935954195
-0.22576785193692506
-0.48375407290717426
-0.5938381267027134
-0.6124236513137206
-0.3104035914625281
-0.2722601658057564
-0.29143829701538765
-0.12495107699809582
0.34079622350076355
0.4006059447073198
0.8049602316356341
1.5049700640246362
1.9856244117666009
