2.29934533448196
1.6358911248792054
1.2959939063230932
0.9529708497324318
0.3684027740162903
0.09963480385449708
0.3219448697896389
0.37488204302067174
0.24542367688046351
0.336494865609838
0.37108670570312136
0.473467903503423
0.41694900477131097
0.32531396162434156
0.46078337711381273
0.6026107847184988
0.4801428828169768
0.13741592905218256
-0.015565618735608307
0.22966725947456196
0.11411837643824081
-0.14173309196936423
0.13031705992127102
0.2517078083166952
0.13761629131808745
0.26754626302845325
0.3439474228315002
0.34487616965059475
0.23715083299210657
0.004901042755408464
-0.06735097876885641
-0.1848227252394709
-0.4288456212312278
-0.4458338195664205
-0.244812763759667
-0.08141347450280417
-0.2511024144657647
-0.41407500405673314
-0.39759117440606684
-0.3122301226365035
-0.07652804277810446
0.1442872122136901
0.18897544810229036
0.1325965997666408
-0.16751374389942308
-0.11142270285312988
-0.07342261317848964
-0.3184090973601973
-0.293318051530164
-0.07283443285900902
-0.18841119582041155
-0.047393166466610855
0.3332840951866141
0.40177996756643536
0.2237885688697834
0.10611842831004871
-0.09699163807163
-0.4240873222214686
-0.631629113182927
-0.569812601279749
-0.40227857048856874
-0.10937042423971584
0.18486033237289798
0.3509283137794096
0.34623889770235167
0.42029533575470907
0.488766894530539
0.4567035950777475
0.3528851700602244
0.16643634942625563
-0.01521813122155646
-0.20264255635553635
-0.35731262856125645
-0.31548417316628485
-0.4350694211628895
-0.6059092708116511
-0.8358712253036572
-0.7001647947243657
-0.6897270689900704
-0.6889928225644192
-0.674693407683613
-0.3941172498463629
-0.15357498781809853
-0.35533877417047494
-0.3178822331926743
0.010114354299084178
0.1417270372012958
-0.1377659448256263
-0.15730698659738168
-0.017434350386297877
-0.2700232056454637
-0.3071883116721319
-0.4540895856831176
-0.4595486305103598
-0.31983483316198286
-0.060282175203979715
-0.0790262550127007
0.2068804576295395
0.48626752107516286
0.545329884744851
0.48154430132530573
0.2858412199883465
-0.08384742768563337
-0.20340986075940434
-0.23040360903375362
-0.053585664371475134
-0.11434584741542089
-0.038703633874580506
-0.16292009333460866
-0.09344295067622968
-0.03951983054130343
0.13822702644546978
0.08918291104708329
-0.12240471969891453
0.09022164643057311
0.05574559897771237
-0.1403886195406297
-0.007516093588321954
0.24623182762139237
0.4387673216763891
0.2930347482420752
0.12359247625444904
0.25339933470469433
0.0038069696267523435
-0.3960485045992033
-0.45940066037058647
-0.36725847067694856
-0.2790193910997546
-0.08744808403925951
-0.01451503464018457
0.22817336098358415
0.27477171171661824
0.33045532792241933
0.1273965590556486
-0.13528555481853677
-0.4894227883429916
-0.6748462021099912
-0.6572080546364043
-0.4391869113694806
-0.3833213481055839
-0.5140293725087843
-0.2822483722059231
-0.28638567075244337
-0.14542474661502522
0.010077407084893313
0.021674403486865567
-0.21170760615029208
-0.5075395910042088
-0.5315430685302404
-0.2893333202858379
-0.45237387454544875
-0.6526245582703121
-0.5542105588640317
-0.3685431380704381
-0.4674188824809857
-0.3172313285698729
-0.08550881914278327
0.0432358225346388
-0.06778769110195836
0.12141174333810356
0.23023512292260948
0.18157262990350145
-0.0023476366799377517
-0.15831617522240135
-0.0833313375513558
-0.341366529518202
-0.46801481722127286
-0.4218912685326178
-0.19928029178367287
-0.20866917820277472
0.034886638737847
0.16789697135851217
0.2203286366898855
0.2127412805899951
-0.04488171540421061
-0.15177993914977755
-0.1880298472683744
-0.25022520040857893
-0.5669733080014264
-0.5963578225753854
-0.6369287124522979
-0.5060518483263109
-0.43847392161260546
-0.4721870918447986
-0.31787018991993277
-0.49093831104577146
-0.4118763951108116
-0.1762925890893878
-0.16037990674300068
-0.27146023117857915
-0.007529485198329389
0.22614759298676385
0.16491697777722378
-0.07400747640235847
0.07228171566664937
0.11663943567749056
-0.09643679692235564
0.03836900117805246
0.20438121281693072
0.1612496530675869
0.3639849056933655
0.6082440862867436
0.5280340061139362
0.2529386027339458
0.09881764276653639
-0.0811519730000546
-0.3350350211899153
-0.4680914120578137
-0.3562953024576022
-0.291596183956732
-0.19934581999334708
-0.027291153566774477
0.27026469114605045
0.33408609479849427
0.25155377883404223
0.043016863534584435
-0.28948240570326883
-0.47035037630727194
-0.40522787802808274
-0.5284299937335936
-0.4922347889098727
-0.20299110103334056
-0.02198825819147628
-0.07877044615889452
0.1146406608175064
0.37109286142739945
0.3581877652140761
0.18009470460673918
0.3296064001152168
0.20948787483090767
0.2490313753956915
0.2235993288513673
0.13765257471088244
-0.020199662342872217
-0.22504411533486252
-0.3367150673398563
-0.3646906515286739
-0.3313804630157936
-0.3667655916997184
-0.5329039491097481
-0.5561334674264731
-0.23546431225354775
-0.06520251328500656
0.09121788101846683
0.44482415368558165
0.5628011054455411
0.5713324840949061
0.4398723069188859
0.1321019555002348
-0.1264011613313033
-0.3595376292773195
-0.4911249019489643
-0.5057173203270208
-0.29489372629367955
0.07218763989316429
0.3268719934015781
0.2992358346480099
0.3967157391119759
0.6182885254562098
0.48844577189421917
0.2507087814889712
0.3064534273621905
0.34337745640218487
0.21265488860852824
-0.06681757685283245
0.0005068524605691965
0.017153438135014736
-0.2292527811037466
-0.22978566542884438
-0.09389894595057766
0.1853409188890976
0.21584283576835733
0.16866149515817802
0.04282310895983463
-0.22757305630322172
-0.2516593497970356
-0.19376121795067697
-0.09681021232698428
-0.3184049459958798
-0.24676875207609775
0.00555184468046437
0.27295751151714165
0.2803423516687578
0.5641840637916802
0.6454380696883327
0.4882350303608951
0.4036676971479751
0.34650982976989336
0.03391510858775772
-0.06084723894683915
-0.42255250828731955
-0.5999485418542272
-0.7343959304543517
-0.6714130116407984
-0.8029686635514691
-0.685291365486164
-0.3884936271447133
-0.35850899707399997
-0.1491953158296289
0.2858705989811226
0.46228114819835847
0.38176896463125615
0.3037183226151898
0.016983040440732705
-0.24613228042135973
-0.35347740493000435
-0.07290081740759455
0.05257691953964294
-0.16049679385764193
-0.09349640451397279
0.23653869988371062
0.32041829250776577
0.21692709749634906
0.40992403506346425
0.3838576073303509
0.334993737751383
0.3447953254893966
0.07347698476551294
0.011533143442825416
0.26635357695796985
0.42475872991959834
0.3855917875179069
0.08830112046342882
0.14400282784243126
0.17714268149693407
-0.14222685536399374
-0.2933379565212928
-0.20174089218667218
0.06912423193870816
-0.18112725474932376
-0.3025149074541963
0.0164009995371926
0.06731562135031723
-0.3618088867795502
-0.3143081726530893
0.06058614510847497
-0.03621583929632054
-0.12116817132956144
0.19259555354843205
0.39530453527896925
0.2668493695118282
0.20321677876372232
0.290817079871711
0.44026521420293663
0.33881094337642226
0.48091980033106446
0.6134433239907887
0.579798846953192
0.2926076745547894
0.15551491130405362
0.2793563476447647
0.18689770937420883
-0.14189129095558725
-0.21126242865757752
-0.3075657268671887
-0.194056547347634
-0.18930178943298664
-0.11424744160524548
-0.2747626973011372
-0.2066054184087793
-0.07061164304782717
0.2381637725024584
0.44970165440957727
0.49762159866840566
0.5120229803878135
0.4502802909004697
0.4585636336042935
0.689365355969156
1.06330651188207
1.6209610427448689
2.1354921936551357
