2.1269484456964673
1.5342933995121464
1.0138401625426199
0.9315775314151158
0.6808806000834107
0.30067801215142986
0.18855405518575824
0.3050684887339571
0.08077653909363375
0.12852036534745323
0.3295471989105415
0.4639651412198833
0.47695818742470897
0.6509946972861527
0.7260564545901506
0.7094500836023637
0.5065107967478835
0.6244078848491658
0.7124981116886527
0.4834600913170797
0.5131626715667243
0.7186910437913655
0.7954345995031885
0.6834207375147472
0.49518907653575583
0.3532613588684246
0.09055032048467766
-0.24128034463250636
-0.2933277660169508
-0.06711095498722766
0.07021953354303168
0.030499060281378793
0.2758471105085495
0.24330010554993886
0.039928245596672046
0.14228592555278313
0.09802780915222153
-0.18117487922026457
-0.253080856789275
-0.16643891020581333
0.03690509861884799
0.15465536287043224
0.17363695816903185
0.4687877557066222
0.5666600588495389
0.686247453635568
0.641682352119994
0.30502817181596825
0.38963399057901493
0.34698208173908135
0.32281995186471835
0.1789753196383822
0.3513813295573036
0.223813500493858
-0.003690325782523387
-0.013486594186565892
-0.07151003471717345
-0.14236675729168985
-0.4355652962929623
-0.5193370368775634
-0.5198700078959982
-0.3324739508259967
-0.31206179407773643
-0.38981396924435774
-0.3136942669149023
-0.41071443544370345
-0.37659601501951956
-0.11405312163468842
-0.15943002773101908
-0.018634639049372355
0.3756406282313328
0.6705817030580927
0.7405635977298497
0.8006887301611912
0.6648218936496372
0.5263868676008473
0.2978645771844726
-0.03216993379582644
-0.12469238540854781
-0.10290188374937713
-0.3058325337715283
-0.076363821539392
-0.19586467895806522
-0.37281195671057993
-0.25720830323396593
-0.027324804543908846
-0.14589527822314552
-0.22058663648703855
-0.17176283534653172
0.16192900644607217
0.20894100053288486
0.10425167270103196
0.09165212238711319
0.28063442304516834
0.23570816597722782
0.16557740010453334
-0.1095268574720615
-0.16978864691949414
-0.26843999503020816
-0.5413424607427996
-0.5020133367897467
-0.2414662230059769
-0.23634514145850877
-0.14348226257011581
0.0028141731116610538
0.2759317253546861
0.30447665367737337
0.06214715872814433
-0.00884113506714342
-0.13028054712278897
-0.1988454053954259
-0.43978726164473136
-0.2994580335601382
-0.3365822626559402
-0.15627510916111167
-0.07822038115261593
-0.04519652609169984
0.18453520199113194
0.07270868818965812
0.22523182687598856
0.3328319442594585
0.458088592710832
0.28994099396830486
0.436210919986801
0.5568936895656572
0.6068643597524017
0.3606523242390113
0.20708303525060726
0.39337698171802105
0.3198336185989902
0.003474829411684153
-0.04713032884139586
0.014089172545636627
-0.0421161547169832
-0.21465525059294802
-0.15669331320950264
0.04815584162860618
0.1530255469031628
0.11775498232728557
-0.1802343983380303
-0.17271800123606215
-0.15962480368107707
-0.43377298776049583
-0.46072917675446345
-0.6013342493575424
-0.5841828368511374
-0.41213352042120927
-0.28057171324607005
-0.017749385894949
0.03625940969681239
0.29225603744916356
0.4595891318067082
0.5200756149966712
0.40564606338345355
0.2909315638406421
0.3746169473222495
0.3730957184554461
0.11478146428721919
-0.24508365895928647
-0.17894194274376843
-0.3395647137469548
-0.4442074966499429
-0.3906969076976039
-0.12961326533384107
-0.09326240446283049
-0.09035922274200232
-0.17654467371477128
-0.04976639992666529
-0.04167731259463833
-0.15527973852305701
-0.20200930760003202
-0.047435474287207666
-0.17259058301092428
-0.08833462767415487
-0.1071109971216255
0.042860269622093224
0.24940968597794208
0.3379751915980015
0.39575916897848423
0.28550643317278857
-0.04595450454479855
-0.30295623188801873
-0.24853720699016804
-0.3847919407757118
-0.44247899017185083
-0.3419256497056485
-0.061214584216598644
0.10110434722897918
-0.013308911403894987
-0.2003915446026298
-0.07059351294281938
-0.17960231423672532
-0.3096578659227177
-0.16377597486426537
-0.01880792075393977
-0.15597078363882733
-0.36897183657533983
-0.4344232063297629
-0.4690493846203737
-0.309428449566732
-0.2144363416010072
-0.07538291695574893
0.23589430054277727
0.21738319691930932
0.22607229736924073
0.014681336108862575
-0.33903678337125626
-0.45245226695710955
-0.5090634508033799
-0.38236727546483834
-0.005103531200438422
0.04417021177015065
0.0006733380486114478
-0.10385925904716786
0.0877540926192544
0.15864487077869469
0.08547728332048359
-0.12923828914344904
-0.04490047078997031
-0.22038820445408644
-0.1653375726232939
0.09575362084902697
0.3534445968341039
0.28022931142532204
0.16071333933285173
0.2275803706905933
0.03156815458544759
-0.1219535972072279
-0.08408160784925509
-0.03697669402695368
0.1890649281891049
0.023156361833144068
-0.13536102534073907
0.03953130862377985
0.04002646355389707
-0.3102998131460307
-0.3884528197870013
-0.18124254812110535
-0.0467923836099957
-0.19477854311055914
-0.10254800659645073
-0.005911641266652972
0.14866809891857538
0.021245942634708567
-0.09653200440932519
0.03299415443328328
-0.10909576262259964
-0.2601758568156205
-0.03420326692027159
-0.1243131677755479
-0.3805345819251371
-0.3773783928358849
-0.15421076998142155
-0.01815284058362598
-0.08881760762222313
-0.282505027682512
-0.05991414965600034
-0.22670724322702604
-0.34072270025120927
-0.27002066168140293
-0.24747330814726373
-0.41458206245044554
-0.40640108839229366
-0.074809212593196
0.0786975504588637
0.10264649392879366
0.11160815870096166
0.09966468638292604
0.3576689058210141
0.49898309032888555
0.5759029657498922
0.7248408666425057
0.6874115107983809
0.3786697394318868
0.38286177600431515
0.37024221280565045
0.2049981297213605
-0.12803514100378063
-0.03744588959723441
-0.2639627031893729
-0.28481398855546164
-0.0594134374030449
0.07991597978083435
0.027984598211943348
0.009475576724042874
0.1514511926009671
0.13250926069403055
0.3090746222190789
0.19395283075489447
-0.015999715628981392
0.03181229875747349
-0.022930835194906258
-0.29151864639585556
-0.5515477552491892
-0.5326839784313132
-0.54086350119963
-0.5801413807921416
-0.3948018314913209
-0.17573841217892516
-0.05093788068048523
0.21079330273913727
0.1984980711430522
-0.03827563430260484
-0.01244210416999502
-0.014559221982394364
0.08618330989570182
-0.08997739531901781
0.09134661497859166
0.20143304436729637
0.17024040663841686
0.0036447714195996348
0.2059297820470587
0.24252000305994553
0.45354283841954013
0.5829110121531645
0.7250969127727054
0.7605283085973618
0.5726943927492664
0.40695313923534426
0.29908920051082627
-0.07041084427512362
-0.12762841509128764
0.055405741896807914
0.20607711122160763
0.28265185508362056
0.39359009486043584
0.33869032167696606
0.024543666225673763
0.13800711946785044
0.23987943814507146
-0.09558683709755726
-0.18243511724191974
0.09194618108316925
0.26109227401207635
0.08212175271591907
0.2267758310199857
0.3633307286887274
0.47836609674536446
0.33642905931606365
0.12847961061240015
0.23516566819073248
0.08300964996308634
-0.11071082386467607
0.01690799325147913
-0.014511647982975868
0.12442607593042673
0.2164119070185964
0.32102836412820696
0.3172047690912441
0.22529755837196427
0.479410456212387
0.4596931383768192
0.3390397285703206
0.35566510848891597
0.44280156022626416
0.3140860602820298
0.09105465526907042
0.09389577683003539
0.014890914965961285
-0.24447720993809802
-0.5136861974751463
-0.7908538803507412
-0.8607320727111742
-0.9006884536960905
-0.7260027077929463
-0.64949938263502
-0.39149767160342575
-0.30720892249149867
-0.02288127509207179
0.21713315951820017
0.11002989108608052
-0.18965443530942833
-0.33681991468086936
-0.42067164198241197
-0.7202231490493449
-0.9797370733283306
-0.9643306104603503
-0.7783214176193598
-0.570832153580373
-0.46232848345762423
-0.06889426254225489
0.08305142021437918
0.015404676400656736
0.2145801985728681
0.3629370570757377
0.32392490038578353
0.1628884429734593
0.02768800501991215
-0.2346637454503457
-0.22816289744111784
-0.07910967621953367
0.207791738016797
0.38352985469160683
0.36144274454112046
0.259388306284789
0.0956062894657935
-0.17684702016527518
-0.13523232209977037
-0.4174144196577649
-0.5610389423451699
-0.44740558964528304
-0.45434106871786833
-0.34258009064164713
-0.3101452700315621
-0.33780039447473953
-0.24065378552013794
-0.22853320351311485
-0.3764262354635076
-0.3172754150574305
-0.13350435852024792
-0.13165523794232592
-0.1999362876877391
-0.06707723041258522
0.07809645661084225
-0.10728784520462113
-0.23159024292554087
-0.2707378946376191
-0.4631058429594274
-0.5423486530062999
-0.41448160815866525
-0.004892896989341104
0.156857251219581
0.4906037151810673
0.5052551102308583
0.5490360111594575
0.8124289711453194
0.9770990462061916
1.3226623254923835
1.6880821610301013
1.7722242054357469
