1.9502401898579125
1.628378682151239
1.045149229833237
0.404958066531072
0.2574305875306734
0.23951554832960528
-0.0730426458755267
-0.05925640077706404
0.3002286311351501
0.33893710245471176
0.11785707610133164
0.35890410037366904
0.47812775736474
0.3533998998082187
0.306953808365917
0.3595215931615557
0.25994166499422455
0.2796156378370893
0.14391146370335167
-0.20398363049059595
-0.32689134282670346
-0.1922275274113565
-0.4127142194490411
-0.3826586346122898
-0.49100305519433707
-0.5987919570239281
-0.4889090863427671
-0.5574414506343041
-0.4533175991518152
-0.02208289746117121
0.12467263018109644
0.07548796374957405
0.2130247416517905
0.20831324205106838
0.04762522390507463
0.18434584220804903
0.10131767504687186
-0.16462822786647685
-0.2599978199004404
-0.06772311599256044
-0.027513784386061883
-0.16876991755564996
0.09198062078205893
0.13261337470088913
0.44926521203931935
0.598208528108646
0.5796986766967855
0.4816744388870474
0.21893547650151804
0.10880279568756773
0.03497745224586683
0.11834330715225312
0.08904124467181246
-0.11097764912773825
-0.20645684236218764
0.01892910918398225
0.02160115691038839
-0.17124977311209108
0.0031754487168701756
-0.08336460133458634
-0.42170767479735793
-0.5091731598533009
-0.4548460151362112
-0.23433605804853716
-0.3929236234381884
-0.18888011630814375
-0.3295738004636168
-0.47407394323837576
-0.4205822494733982
-0.5506047544986132
-0.6530387357298899
-0.6107302210958628
-0.30693615283861664
-0.39912246534802753
-0.3284488045116155
-0.2553167337886059
-0.04604667666999635
0.017421576988146635
0.2006400697889994
0.38590293177017493
0.41801621778914816
0.30010816053065564
0.17908321444414257
0.3670367737929971
0.3144345868450171
0.5158595782836278
0.3846405758635074
0.32503801451872427
0.06261134448617217
-0.27422048082406664
-0.4353185093263945
-0.2911187389441312
-0.37016839141128244
-0.37833477729079057
0.029724908080434036
0.2807438082578815
0.11322714637618511
0.40639582128102664
0.6467386548014011
0.6507493917012834
0.28679613299297696
0.033700941443615434
0.07570511227580967
-0.3146333066434217
-0.637264693911119
-0.6092885976083146
-0.5879390826205592
-0.5522247936147864
-0.37657175471954163
-0.12089958206337212
0.06866521900793232
-0.03359837079544832
-0.17977019136650113
-0.14314722149870668
-0.33853889776852464
-0.3576872660387899
-0.5421794810775946
-0.4984344680175511
-0.4049207025526665
-0.3732966257459928
-0.19905927908623486
0.07481066777558842
0.1273085175537128
0.38574049694608453
0.6740491242155887
0.7396216222170646
0.6003397066239423
0.5510506483184048
0.31621200303464264
-0.018757697360232136
-0.20921810559870077
-0.11373577032877989
-0.17071272003094884
-0.19950177760992607
-0.0992641930311528
0.21396715159797516
0.09166195261260596
-0.10464622191737007
0.0797313209864288
0.10502014918643894
-0.21165729482366324
-0.2606601009006443
-0.01774306674947753
0.09012367686332984
0.05322019476852621
0.4398396263284901
0.6254634308857328
0.6207537466695405
0.5088291206072107
0.5685329500299048
0.36083077138421626
0.19897597226503277
0.2493650139837512
0.36965825442417766
0.47570755008391874
0.3294363031337611
0.02745051251710319
0.11282237837065223
0.05004274135863479
-0.40035697422008565
-0.7053612242400864
-0.6344498932421329
-0.39524276553273985
-0.5479320798858658
-0.4698087441527535
-0.10370505817692688
0.16253566175937598
0.26918057024732883
0.24012455747667433
0.29635977317400547
0.19314137704919487
0.3316469995772931
0.2375039681690414
0.08203558987650482
0.15102316932730497
-0.06642792522121008
-0.4993175217703323
-0.5296653143198022
-0.3864021147094304
-0.48128460254250766
-0.28985119290783024
0.1820477348088124
0.3954118505324854
0.8399338273763433
1.3398494224577182
2.0368546046027025
