2.114130539831672
1.7614359779150592
1.3587367441182823
0.9157918853716209
0.4547672131802062
0.17274172022181633
0.2955931162762943
0.433105199043858
0.33504258712244517
0.1114196013376653
-0.037281594346651833
-0.1727876528699068
-0.18275227328463736
-0.2841070644897225
-0.14057035744021196
-0.008526426273815144
-0.03580928283445045
-0.06351517955701337
0.11553831121013067
0.18444493481239663
0.1899030121805962
-0.05380474562196216
0.08087097078535592
0.13465201394401197
0.12957196549173344
0.11485771497365915
0.16135900175732
0.28094301563505775
0.11068742695465751
-0.02026443891604793
0.053023910400002754
-0.01680681915907046
-0.2585660891884981
-0.016577385395659307
0.18493209743324082
0.15232151545007724
0.22192339023362462
0.48935340676631744
0.4434147433115097
0.23613876429061842
0.04154338284420003
-0.24033076374422213
-0.4544295555664081
-0.3946861944206492
-0.48264119921391474
-0.43272847699420425
-0.2652255037817662
0.17645141536166103
0.29749377378984687
0.22830333354160826
0.17468307730973132
0.08874128114336859
-0.25611457032547763
-0.4370012730860625
-0.3400660516757813
-0.10324904913301206
-0.14281955500789958
0.10933773750428191
0.19454806132646627
0.2628781481907922
0.2681293296006759
0.20265633395648197
-0.01909793394652249
0.025748477743444704
-0.05896100935020086
-0.17589624482734048
-0.4507666627117584
-0.36147227118994874
-0.6051006268988641
-0.6412233349795828
-0.5469695824996931
-0.5012059976311618
-0.21477769955041298
-0.03341443076662205
0.13749342776950477
0.43138618960461106
0.6167495521661344
0.639643909366593
0.48181622037378846
0.2884596734118009
0.14078428022534664
-0.03743892107040117
-0.34238604908398085
-0.39411190816575475
-0.16974733744508105
0.10160484264228886
0.17439313594838052
0.30380896975719435
0.33379463147893984
0.1827548655846408
-0.21431405727120836
-0.266301591263328
-0.39518594013216635
-0.5121415365423163
-0.7774268397626212
-0.8495134280245992
-0.8282132260676862
-0.6269710128012299
-0.2953391032426168
-0.22873544850734231
0.17024565090716012
0.1858624272864345
0.010217719422155493
0.16770817091317805
0.2821488218036942
0.07326236926425986
-0.3042710496983049
-0.4583697720958383
-0.39289594069432426
-0.5251922909679902
-0.5859862239711098
-0.3711589681839035
-0.13513176490734552
-0.08296522074632313
-0.10553890233589008
-0.005977543038475401
0.2849222296568299
0.5343697006677988
0.5850586192744494
0.6087820907686463
0.29320898148617547
0.06010851779267408
-0.23496300769354608
-0.40842864783310895
-0.3230552983058826
-0.15346892125568
-0.29697825211924306
-0.1715716757054955
-0.15262245764719484
-0.26373043032369353
-0.3496097991347279
-0.17266022268273973
-0.09389448887580833
0.10095210528000204
0.1227025891448296
0.4781706565206963
0.8855918812925819
1.2743497604088514
1.8453014421980352
