2.244711750401666
1.91805590557482
1.2736614286088053
1.004247032263593
0.6242652901069694
0.343170458190753
0.11176824416379892
0.2307541890213031
0.12162044549394649
-0.06497069043215097
-0.13649273862314376
0.08933176104656412
0.024615037371418482
-0.27022392325675393
-0.32234463463659524
-0.26161012183958776
-0.19536999041667566
-0.15127987882725474
0.298881331421163
0.40117652899534595
0.3788147135113909
0.4128421180068445
0.5443772989883944
0.3547378516249254
0.4518442678768247
0.5048303737574937
0.4342592032918419
0.1954985200612521
-0.15571755575891003
-0.08058429599723048
-0.11952434608888224
-0.4290998578891185
-0.490196459235817
-0.23209941623835206
-0.27925277020483613
-0.20055543096659456
0.0738179773404674
0.14748291009167988
0.17928557486846441
-0.05909549110656037
-0.15273341775454571
0.03304825516657933
0.15246002123665547
0.23928906763172827
0.30652434523610206
0.10264183751299925
0.2898635878534461
0.2302726937780169
0.1081064057502856
0.12380523213037342
0.19058804008764682
0.17713182684785606
0.15230598212510196
-0.35832613641930694
0.30068348555747665
0.32552062018184696
-0.026493910654590006
-0.10321020976408453
0.17740231603503578
0.3789909478047407
0.3553893765823129
0.3635660956528285
0.5850053823992942
0.7506519044951737
0.54141080898516
0.4658756244459439
0.4414404541435149
0.30934339579686704
0.07410003347437794
0.3386191502945507
0.4661719665503911
0.2255603158752205
-0.13068647803158975
-0.047899540726465184
-0.2235223225035514
-0.5385135542996228
-0.7363085491395519
-0.7038044244666782
-0.5761750650826526
-0.6305707002616829
-0.6402138609480957
-0.3968637451570476
-0.1745454822770419
-0.2778055700387297
-0.33068671204716005
-0.1643716397926084
-0.05915651840353983
-0.1665588827683635
-0.030412606243422475
0.004097739538006175
-0.03719460291529994
-0.15870224486288836
-0.2807786640610226
-0.28745108475368636
-0.33811584946094636
-0.18339645510234356
-0.20404500409285314
-0.2267656960073637
-0.005032509574388313
0.10027959946361269
0.23454912553313467
0.3765271455416804
0.6215481736344585
0.5035501757719894
0.2685011676130685
0.10184958055313195
-0.2680683447904802
-0.5136488490950069
-0.6133157359553042
-0.41005145733847015
-0.25538723686069825
-0.15953652661497542
0.0021223021810210557
0.3640164297747816
0.5570765606433834
0.630736530423015
0.5484710046194301
0.3670611791344307
0.07447739575548432
-0.14017346318619936
-0.24910145437724496
-0.30121197141268224
-0.2411626150849844
-0.3959762090521719
-0.1860873243574302
-0.07553662614255238
0.35726584282481033
0.532006007394795
0.4769886294546359
0.6322917333207516
0.6634879703982534
0.338496935979429
-0.0839335936421593
-0.15064289256258176
-0.4861881977349878
-0.5815326840805632
-0.46269390766401247
-0.4818272943049677
-0.3878998692988954
-0.46934454074582976
-0.3168921710661778
-0.3437178097717983
-0.470445891704546
-0.5727843865395431
-0.48897901582061426
-0.1714631296054976
0.10518681814866662
0.042409260712200796
-0.09821989512679612
0.21096450010552062
0.19206200772129853
0.03377583637752858
-0.21692478165508722
-0.19158489942292425
-0.11990545411051357
-0.3722771213973871
-0.3093307016347115
-0.09630420739259132
0.1516772284091717
0.2511504556122671
0.30907530045226045
0.26727686283036345
0.10303831101773996
0.055240400200898876
-0.22152905504850628
-0.6363218838042912
-0.7238336133954797
-0.5781279484568418
-0.7006881325266184
-0.4520356782303207
0.07517196331752496
0.40292862356406445
0.4369580009788218
0.482775045985108
0.6595000381823614
0.9299115693826017
0.982885647947941
1.4624945251695982
2.0292553172244356
