1.8418184446071968
1.5387807966690465
1.4109236056337073
1.3328818961822355
1.0131695441366937
0.2340392825169277
0.7676532720267029
0.7957747929780751
0.5873123275902589
0.40648206077595295
0.4507540423982756
0.4259037263137413
0.38007594601906614
0.2216016082248261
-0.019290285138755282
0.25448047214592817
0.2106222785453519
7.480956276337326e-05
-0.19272883656838463
-0.1304724276663316
-0.011775375919482911
-0.1307046229292084
0.023273627879287537
0.2307772195763692
0.2498979097967387
-0.05348572494480987
-0.12638479613555492
0.12821836145901772
0.20430792944672455
0.16787964208885855
0.10758823457939727
-0.20229791373694586
-0.3544034983038056
-0.20863908477349816
0.17796119255743187
0.22986895483062975
0.16327495263781458
0.1735647367297832
-0.004675318880550898
-0.011892514923123309
0.1954435935356776
0.27388308413398404
0.2215967148310956
-0.027982784044198836
-0.1854766731585393
-0.10441161872731797
-0.17637950775965677
-0.1726649715589603
-0.1293840979464782
0.03764744656700171
0.21550927605535164
0.4030793881622615
0.19319247146723822
0.2686778938438878
0.4543489000756234
0.5110027596016956
0.6238346745625241
0.6211212305223777
0.9870880626679385
1.0326869512385892
0.4455189183252299
1.1962404552920458
1.5225921703748966
1.433579518155668
1.2862046251980106
1.2637596918138094
1.227905325312773
1.0118805918599727
0.9061998384551009
0.8756456638983494
0.6156963442063229
0.5085219249495692
0.5175410148132601
0.30111914327951217
0.14382731561220521
0.21016720032286004
0.14162694068272777
0.171833715994612
0.227241715000519
0.40769321406448067
0.4909088823508622
0.7118730293118448
0.6943883641138978
0.7649198246056594
0.7198479547669752
0.5651715955973061
0.5161200342268569
0.5920575107519623
0.48706026282313575
0.20684709510068494
0.31162882665807173
0.5545069953043837
0.4561805286377171
0.20816940139535706
0.1743254645067384
0.08500363169036451
-0.17880586400330217
-0.3110507801337287
-0.17835031166465737
-0.1777556614898792
-0.3925974631401395
-0.36026539597777474
-0.1390572010516096
-0.011483291323711831
0.04352511622977902
-0.07895669786968117
0.016022824071909674
0.2342785340574081
0.40677116785487777
0.431887799835538
0.41484729208601345
0.7460907512703616
0.5496794260138882
-0.23420238355024256
0.3208372769556767
0.4065783338470836
0.3660084643696714
0.20203331014436623
0.16215492872826542
-0.36470297511194366
0.2579644237710299
0.15242026974585374
-0.1131815308689765
-0.25748009462664656
-0.303996530423467
-0.14743364309490908
0.2301227322936712
0.5428372727207778
0.8202163560447652
1.0409880823060254
1.0026994629423012
0.8159823878668513
0.7066792975091463
0.5447810448826635
0.22287887699336417
0.2655332174301271
0.4214686639448542
0.46261873033232853
0.3523771835259439
0.5856079619393285
0.7751683524912041
0.7747900605410928
0.7582706297402897
0.5122141715767826
0.7270530106557029
0.9189725698551691
0.9877348915086888
0.947879530825316
1.1102874108462286
0.9353157489471127
0.08333304718229023
0.49111463167201375
0.6183868698264746
0.41248483963653165
-0.112202072626192
-0.2766194299627063
-0.0886615597857584
-0.02156404187799799
-0.038528934639299975
0.30501316177638926
0.6279039017502266
0.6874321834523925
0.7832320373291305
0.7603804845906278
0.4565238560241989
0.4951109986835578
0.23756702752735695
-0.20556724423703931
-0.30378471085622305
-0.4882048143395327
-0.612310404596503
-0.7512261252164576
-0.5818947542834617
-0.502021226723916
-0.32536288199865554
0.07418594724891847
0.3332645385969491
0.4682016560953079
0.6248205980484953
0.8571428357177241
0.7123576023641867
0.49454793314904155
0.3658056113420053
0.30806945498657956
0.20611602221728906
0.13472481763036773
0.0666975181706917
-0.3012862503429278
-0.38025914640744696
-0.21723979383485897
-0.03564024389024051
-0.00217653392676757
0.14633079586294825
0.29000784686919223
0.5557888351761195
0.6096171153274866
0.5374665673513501
0.4949475302111826
0.34883598432131735
0.2249212264567611
-0.012280190213638348
0.051928910268170786
-0.15952751871780743
-0.08193547262403629
0.06391541926406333
0.08088868365638649
0.29211181005455966
0.4019354348643356
0.34109873337664637
0.1848783171138195
0.09435668837445668
-0.021522776630755264
-0.14296218505322486
0.015555234483718997
0.17132821319630698
0.1703895376616472
0.061337861540108826
0.025707095574899436
0.0915854630922858
0.16102574311039142
-0.0074369537965006454
0.24688338545150806
0.3802434993751103
0.2485893461323122
0.05576501069518919
0.2682481393339997
0.30399126905896307
0.06376023493650156
-0.18069287730960637
0.12650946137115632
0.11459783260707236
-0.09409149066718056
0.18166277792965385
0.3678610857560971
0.257420064536807
0.009758061879308104
0.16068976748320798
0.17332085828535773
0.015586790783289185
-0.02514861955256933
0.09845558773149278
0.062137172806198265
-0.15713402615357813
0.08458614394501296
0.03307264596178215
0.20443085180173087
0.5342744180618076
0.7150629395429595
0.6542198625752645
0.474405345349232
0.4086969217169175
0.1795633662629806
-0.18493845953597854
-0.37981810312231484
-0.3360273230285107
-0.22962208717256036
-0.4344467849274174
-0.3161428585043095
-0.2774194874970388
-0.11660593158323095
-0.23316684342148689
-0.1548251212670121
0.012868817047097261
0.08356046259147279
-0.008079122835929462
0.0693102522993389
-0.05818118057165926
-0.16103121860978709
-0.16210340102152954
-0.42760765790744154
-0.3978190247054054
-0.3333008654378577
-0.4773032063706349
-0.48336053674590773
-0.16630800937817047
0.20934078758987879
0.2135449450552683
0.08604937170205706
0.18582975314424605
0.2625946433896857
-0.0505231499688204
-0.09881796683202343
0.18275243637883326
0.24712990740411536
0.05868307101056793
0.14711898371483648
-0.012548992011152846
-0.2238447773505595
-0.15351707586502936
-0.3091332794103686
-0.18950538085571364
-0.09328248426216264
0.3984389928582097
0.6105606360194342
0.6694419861161351
0.628585332132682
0.4076850390895941
0.23222236172172867
0.1145972340648325
-0.09135637952457808
-0.20524045161862983
-0.11837817259422696
0.18456256505997254
0.4552060080396314
0.613339269090947
0.947632072885079
1.1622828317192522
1.1195807967609692
1.1500418717046046
0.9427003505582681
0.6174145487139414
0.3951122009003636
0.10522050594091159
0.10073167037904074
0.165218694227406
0.4941440185191959
1.227299664960795
1.7711681814675315
