1.6700498744577699
1.2348938726341396
0.8527702522212316
0.39260091812003006
0.34607538025345785
0.34045353363100017
0.29903728187087675
0.31262135156430193
0.4693071720072999
0.5838528020571054
0.48838715888910555
0.3079601803160953
0.4606751763479578
0.566793241261933
0.3119392884935276
0.3265978406420361
0.41978077386549545
0.38422166344952724
0.3324165166343844
0.5499432474415192
0.8728804910840561
0.9723687925990377
0.8342439626347757
0.8605208074316625
0.9108897115014226
0.7604189991026741
0.6397602564145471
0.5467413520542658
0.34712202656623375
0.10608336699382676
-0.16099906409103643
-0.2582300229619362
-0.279170371472032
-0.327661623470955
-0.4222432714425416
-0.30295109234920203
-0.33345473804677683
-0.37567703738895863
-0.3149051414642997
-0.5199024415542001
-0.5031781151609025
-0.5515162434024361
-0.5549193631221224
-0.3532405130155544
-0.1576610611382205
-0.18173210554133873
0.12425651453256151
0.11176712765391343
0.040853393468040226
0.06480952392727796
-0.12662495836711343
-0.16078194992255818
-0.034166254043462754
-0.026258864782750902
-0.110130786396371
0.05887880544865891
-0.0504623952085757
0.03273977274554621
0.15055010154795043
0.22677769826938415
-0.057733784389425266
-0.050919756251151846
0.12479390292403658
0.05521118915135613
-0.09006595689624812
0.0516053589373332
0.30446914183690654
0.25521409974213544
0.20846409191620358
0.2730293632163865
0.219071581445473
0.36972417184029077
0.5625035475709838
0.6396442933358686
1.0262619355857625
1.4212981828354416
1.7132876977711173
