1.9767408616694966
1.3543012252330662
0.7678317668609271
0.4893832209445045
0.20087641367872996
-0.08224508208621831
-0.11376340530879289
-0.35820728715349126
-0.35703227954182837
-0.2690780069440647
-0.26792221432328855
-0.2486955187986494
-0.10122846246367277
0.004215295490690455
0.064840225632968
0.043905228008511245
-0.06572801414177024
0.06867352886808185
-0.0581072085884613
-0.23406236810077916
-0.18227326894533946
-0.2264985128438539
-0.3912601637609676
-0.28939431557423645
-0.32150359746550294
-0.25389979133380863
-0.434069977852265
-0.7169880717389125
-0.7691557339097119
-0.6885555542068145
-0.5707820432459951
-0.406238039554484
-0.13606412020830883
-0.21750684412027202
0.10870264009481143
0.18036668153732044
0.18616678658526187
0.06368141143132444
0.1016880825412244
0.06589771595450193
0.13115632765893176
0.06603908805857286
0.14276492285445436
0.2176822702209715
0.30897232527091834
0.3730313181075223
0.4535225568013772
0.6432098155985979
0.49953960791839014
0.361553716714791
0.18706127664088448
0.04707224786886288
-0.2759472424613726
-0.39658033031203094
-0.6738785363571203
-0.7061500218136503
-0.5600395490890544
-0.5995609861677865
-0.4949148164480782
-0.45198017741028174
-0.45488275771111025
-0.6204138101939313
-0.5933592355158741
-0.30462988295976473
0.15548071632172356
0.3802688779756459
0.3623575216663477
0.39089372698116415
0.3453313461537849
0.475239366400791
0.4087904197863854
0.26721402289891766
0.17068522480721124
-0.00023951645928646978
-0.31005234432116924
-0.2865377386154332
-0.25496184510765907
-0.41160550232859056
-0.3562745692579832
-0.40548019507291333
-0.25197719281117587
-0.23589821766906618
-0.3174509521552587
-0.25152836829830844
-0.017531771919171525
0.08964493263624855
0.03426182528086745
-0.14747514220230323
-0.07135374296875154
-0.0791729576997167
-0.0905654963901578
-0.14173151352130212
-0.042187971973404306
-0.20667760414995698
-0.22213551839523651
-0.06589164216405977
-0.07540704672990184
-0.29598102321132763
-0.19097476072646605
0.17219097881270412
0.3617824818011971
0.3866549943645205
0.33547442568311214
0.14476659052108604
-0.10053900962116631
-0.34976215280035433
-0.6838675113825723
-0.9152767724659229
-0.9638067262251406
-0.8519056275734271
-0.761689817462481
-0.4361860811052477
-0.1575049063689612
0.039017082499586284
0.14894521993395776
0.3817122880648978
0.37654142938800533
0.2390545251569077
0.08602267149141123
-0.19270568344362596
-0.19838876143074718
-0.41022991592258146
-0.5533976141712316
-0.37497554767178787
0.050826091017116604
0.28735411447130876
0.5560993356411841
1.1305707322341008
1.4966415406178388
