1.9644990819632366
1.6020561844120418
1.1555885202307186
0.7889603416021281
0.3077038687692829
0.09885828018601736
0.18546424292292243
0.04289677761805846
0.11776335995936467
0.22176061339197314
0.24080254069382134
0.18171158205685056
0.2544226755201067
0.23954815323797252
0.23081911906077884
0.14629061207957175
0.1935421833696832
-0.05856132196453519
-0.33227080599661674
-0.29326217108082253
-0.34470539675242173
-0.2546370915359481
-0.19655042979038928
-0.02067250769020364
-0.24045402020339365
-0.37756361993140763
-0.15470811039644555
-0.028637333403903443
-0.00525648452471635
0.10127568617695286
0.2456828343391652
0.18740492154225344
0.05567695664272883
-0.09587637993179252
-0.46683694530080555
-0.6396561346409455
-0.7434619329982978
-0.6081760503011852
-0.3742944445747777
-0.21143291066723774
0.23272879896676063
0.5233414292589106
0.5924949250227665
0.47314025042283137
0.561698194644094
0.5810032846771396
0.546459175674781
0.284432031904138
0.08419457036503628
0.02988780987232381
0.047188900679107144
-0.312461181951122
-0.3791727446237095
-0.1724191777192464
-0.3387759679001967
-0.38143310363006344
-0.27045206667095195
-0.05698177550469143
-0.14862909498566454
-0.29863852314410666
-0.4298553163384378
-0.4208469004911941
-0.5636702268796911
-0.6583953386347512
-0.8961909181670646
-0.8900201940874067
-0.7895129194010251
-0.5649016906618902
-0.32145828981104907
-0.202188279186635
-0.032828057518484
-0.07518892849876843
0.1754913826372893
0.3862387604130084
0.3997147846268738
0.12918210202092453
0.1445385097248002
0.05742301079542829
-0.14552516810533536
-0.22751755337862045
-0.11220285254673971
-0.06194679214261489
-0.1345989498597738
-0.21317669612451337
0.012502281369818537
0.24411321186182583
0.04689503773374248
-0.07703882577509434
-0.13582972500538762
-0.2274227312151324
-0.29008358140088175
-0.4229277246426255
-0.40909240424447146
-0.43708595714914833
-0.6081662302542681
-0.4708756248150702
-0.5476772031196425
-0.7351246746278508
-0.8083736296030919
-0.6305764804473887
-0.6397275671238366
-0.5769548618629655
-0.5223687779804135
-0.14253261823688995
0.132307668923224
0.19298785456563144
0.29132601396180746
0.4606184743434161
0.3392923514551857
0.1487997296001966
0.12698940020148558
-0.04717926136313012
-0.36167118283301913
-0.3918838148095694
-0.1814279120513394
-0.030962831088092512
-0.23433518965716404
-0.09691394322756161
0.039195274816465356
0.08602480211882262
0.1723301994974828
0.25450172839767454
0.14719211716365746
0.07745584253705119
0.2780184701777523
0.44410996691058996
0.3463208775780366
0.17134259260802634
0.26401590102745676
0.32762677645347354
0.09272965779702577
-0.19749743151874083
-0.0028150152711193008
-0.06817396800530039
-0.23528777800116896
-0.5141118271841054
-0.5549974800411848
-0.41897046652849923
-0.48566291366392333
-0.14740791394392427
0.06458870490170408
0.05658117546391754
-0.18142046615178634
-0.38414934589318916
-0.3518382224529976
-0.4071184417197943
-0.26625829616562297
-0.26094552623021855
-0.2580698747150756
0.040226085528449446
0.07601502976219587
0.11116246598703919
0.24538774120415682
0.33043723837735006
0.18652559307672167
-0.10029312945661246
-0.11001552230995967
-0.025669889618073406
0.011544473662630733
-0.2096353045645538
-0.4481083932332161
-0.40707229626054103
-0.599567538046713
-0.5019841172331275
-0.3239324697647501
-0.40806763212515873
-0.2607927213798952
-0.19752547712341953
-0.08279421019209038
0.03936279240806148
0.3106796235185287
0.37362689889691186
0.27521280326364966
0.3424589904677825
0.20353618681587088
0.1315825892127229
0.1728000148954388
0.232357635854013
0.12539845689561244
0.06785793063738874
0.003380639740841074
-0.17261136859236176
-0.36785668481141814
-0.4028052804611638
-0.47389943399058704
-0.635601044454338
-0.7178564361857005
-0.574286906246383
-0.5660557911515408
-0.2867405801963964
0.13715384407961054
0.2319301364210368
0.1794982446199773
0.10397556472914166
0.24374767763777075
0.10243173646462787
0.16291617297415906
0.28477916319306723
0.2578974514594116
0.2149532807505421
0.08891420839170028
-0.2550229711644301
-0.3576607345821853
-0.6207351982912941
-0.735945919591455
-0.6713792481075431
-0.483579905905438
-0.23549106870306633
-0.012130187138026736
-0.0042255395687516946
0.2606763806543077
0.39602752383494794
0.26290048142385847
0.017623761863589795
-0.13685027454803125
-0.1426569496627582
-0.2437792455337489
-0.17242634198643425
-0.13935701282025498
-0.31532911406325226
-0.2489515074981179
-0.24951984505179012
-0.5926367287661091
-0.628863482073596
-0.46499229413823756
-0.5502951461188372
-0.42848754740152223
-0.0022575332279336706
0.2599641621984846
0.28475914184170437
0.18574744919910907
-0.037667006421487334
-0.08573867629266844
-0.13394733499570238
0.10949551439432519
0.39148794613857996
0.9238991570769445
1.6369850598249627
