1.7308264360083878
1.0651519415273545
0.5121900727955913
0.2364672253109033
0.20468819603597802
0.07245058498050888
-0.035248170452547606
-0.09595003737441363
0.15007226106861313
0.11012597720480785
0.3855859265750067
0.571101280451475
0.6776974993375676
0.7041887818433573
0.46669070248997396
0.3657655471957436
0.2630554425930208
-0.09367550154425285
-0.18687031703377807
-0.20928527139287498
-0.04656138062292998
0.013616090276690213
-0.0009467563541205622
-0.10208327115001566
-0.23714471355570432
-0.14178579934243932
-0.3631075205867103
-0.2921042318022095
-0.3965710400433424
-0.26442424051268215
-0.13012030652130605
-0.04184741880736406
0.05849552640746106
-0.14277866503575204
-0.13462680155778614
-0.243439757333032
-0.24599034043700685
-0.25841232678351705
0.18663275313638955
0.4183783201899724
0.4728177046640933
0.3915329259526028
0.35237392072062623
-0.006394666787785251
-0.5002461799214305
-0.611742194040275
-0.475149694851346
-0.5270831533910435
-0.46981974748267413
-0.10710401728403618
0.3322852183613506
0.46974699167829076
0.48097026728439685
0.40305165866636883
0.2336942629488795
0.1610698632725096
0.15226443796413186
-0.05446807863522718
-0.03729789096323313
-0.041687208997935515
0.0731358682975988
-0.03408826164061817
0.015562702967635504
0.044980359421244204
-0.0038470851775880897
-0.20606032586426348
-0.33395783717627947
-0.23155353173193266
-0.4885640105984036
-0.4199289953617725
-0.1166738854702069
-0.06786267143000516
-0.19327359972439234
-0.05038696221355016
0.1863035383622167
0.028874464334748405
-0.19778097800124184
-0.35720801780647243
-0.5222100680622116
-0.7020092555135233
-0.771496887443123
-0.7206866617598703
-0.5844398442007287
-0.21456743787590454
-0.06282063749149101
0.0531297658059056
0.2990474792427234
0.27974426357571225
0.27859933468828313
0.16913054714840797
0.1467689748741662
-0.019832795607481336
-0.439893648449982
-0.512634968891797
-0.6550341016552877
-0.5843802279596823
-0.43202742969837005
-0.41023542220635073
-0.09779940415632112
-0.06215779967422941
0.17241565090711033
0.25972400833588283
0.18685562171905382
0.09999324879852636
-0.20116540737200297
-0.14629704200665442
0.029075134513917848
0.11393063774556687
0.28446341470347664
0.4515743266061594
0.38908459961375164
0.30712442463126355
0.45407922931774575
0.29816543728044204
0.14436270431854378
-0.142140645901513
-0.003016185847136106
-0.27085885562950757
-0.26969208410934986
-0.07383439678587286
-0.03383841180106903
-0.2028210671336497
-0.4320208518848762
-0.4680196472390584
-0.4744730060697927
-0.3140553688079061
-0.18228092646969374
0.15381650655808451
0.4168738863654288
0.6620780552844951
0.6171000473929477
0.5263290612306476
0.5844523114206466
0.587914276001063
0.5371892722284306
0.38791739741274855
0.32220682440341625
0.21171512876224563
0.29098408011270915
0.4333742494121426
0.6312780184062676
0.5726660797113777
0.5679573165795174
0.37593232691755873
0.09136860090512677
-0.2536836117843311
-0.3781719779304983
-0.49714843238469053
-0.7309811938520273
-0.7154090710050146
-0.6714934217357701
-0.6744802426763943
-0.4982035135642019
-0.3822226635556434
-0.15828457639005117
-0.1421875844436582
-0.15330417374093944
-0.025582276255686143
-0.09559874887952227
-0.11465902648859001
-0.23837443548030787
-0.26176628278564124
-0.5010674297196914
-0.6745205982850873
-0.6814554846371346
-0.7131211093498504
-0.5227130965019193
-0.487995755186636
-0.49683995157357036
-0.48576052319784213
-0.5821825063585613
-0.4801694904250146
-0.3259315606020873
-0.15671468584548062
-0.12334450888373143
0.18108465428200313
0.2642567910591229
0.20906824105197774
0.23570167692509142
0.08148941519051416
-0.08865399352634122
-0.30450309833909434
-0.411737465639162
-0.3074055277966896
-0.18919015513440668
-0.27235530046375617
-0.4502193245050535
-0.32548742782756185
-0.3258695226738334
-0.26133083332948814
-0.332093832895066
-0.1812502787341266
-0.20479457853713162
-0.02513247596129511
-0.08386211767983948
-0.2805482735665524
-0.23878200322385776
-0.22469961279479397
-0.027662320081799148
-0.16164620048093423
0.02326336481897432
0.14261542993370316
-0.1419562846919254
-0.3491326571573189
-0.2867161651543596
-0.31059210565204
-0.6697008485171051
-0.8180096475179408
-0.8083564516183027
-0.6294677469886618
-0.34556075311551293
-0.2306286271754586
0.02021268063761461
0.0890407150743529
0.22556509902576688
0.2243793223176014
-0.03767132796407732
0.0356406066642512
0.06158985071295463
0.057124228935787696
-0.06564406486122853
0.11406934690258441
0.2525597631211262
0.22805600197577522
0.09685918625506452
0.05566498339351587
-0.2910890301512745
-0.350666043277848
-0.19228085583551802
-0.29937258118448495
-0.377559066882961
-0.1182129709623591
-0.09445103329003088
-0.3207120113059851
-0.29184239748411267
-0.047230820959215956
0.07307517062264769
-0.1787182332795016
-0.018192461909947066
0.19302423772157767
0.22685667029254053
-0.04303956757169254
0.11294012947919112
0.1785971577321994
-0.14080627028337603
-0.43909033173387046
-0.7508803393570942
-0.9058582402398483
-0.9004433710720355
-0.8006495730775977
-0.6913656225313667
-0.5425883818644553
-0.4303555002899088
-0.42512644787406134
-0.46166382283004276
-0.37795951451932336
-0.11207238747860583
-0.08017792284726767
-0.17758343125541037
-0.21365687132716185
-0.04809549093101362
-0.3202574632597191
-0.369800484543305
-0.2151136201367639
-0.2503055592336386
-0.4968849318355269
-0.5475326028622128
-0.34197322004542585
-0.21333330472269826
-0.40968862797861466
-0.3508147695291713
0.021403215588377687
0.1621130965166662
0.13176859112488973
0.30422115322928966
0.4191787255456306
0.5121962211057656
0.4836076454341627
0.3104551862766958
-0.12596491634856208
-0.2153639463516709
-0.5601887764337965
-0.757803765502462
-0.7966801199703831
-0.5805543964595038
-0.20098300480251555
-0.36109046193199956
-0.026384294520566814
0.38272076421320494
0.5872059495698831
0.6662919872316332
0.6012127868087953
0.5398328025324927
0.48517484622429735
0.37670761540850783
0.18052401248535876
0.17988284929426376
0.2864973950529533
0.16485948883549298
-0.16436074151426708
-0.21261374510760386
-0.13977622064137127
-0.1530741894693936
-0.28953298055319554
-0.26279719281644714
-0.30009679245025084
-0.3795849252970357
-0.2720508484198757
-0.3881117656588213
-0.34701077472269676
-0.26732934864734814
-0.0033300053559602717
-0.10980821468395702
-0.2595970501063734
-0.10930539272575594
0.10586929952266586
0.28938410317871516
0.14643419495000712
0.4474881763092596
0.563709229606297
0.6524528559859654
0.6570147552086687
0.9279343041155325
1.1131176984576625
1.3931773530546367
