1.483307804199232
1.085179827617728
0.7904625107917557
0.4164622225707043
0.20984331136475157
0.44008158049786683
0.49528747230780545
0.28830487903581814
0.17795279436882316
0.24804686185603284
-0.05954322427696372
-0.25969929420203036
-0.22673236956565038
-0.22942803065385134
-0.2684116303835199
-0.1736390199744915
-0.04111051206189846
-0.02874672791260995
-0.1665280237948322
-0.14172455745049525
-0.07138953935193643
0.2568043661375787
0.33439266687393193
0.3059685234810068
0.09862155717556687
0.2725539205186458
0.15293086320538468
0.033275236150428655
-0.11286373949926957
0.12870063250320873
-0.05577440828095011
-0.11208885422786086
0.2224179568893101
0.37891463207186993
0.1919273656157101
-0.056839075382852836
0.07894099537556898
-0.25096864297800964
-0.46259623514047077
-0.41966794732086277
-0.3380243098115115
-0.4814662099225269
-0.5242611537832872
-0.2550640673942933
-0.23659964370946088
-0.3537147624545897
-0.1998529144965051
0.12856463804405374
0.3869102306085788
0.3721396268357587
0.21216259122123757
0.2276820362734214
0.10249471342806203
-0.16965014803735537
-0.13448376468126486
-0.28867941648060613
-0.2306294250584579
-0.220155058970348
0.0333498128825284
0.10281845820517493
0.10035290034626257
0.10808018648182481
-0.15667608117597648
-0.5269438173336504
-0.5867511357600487
-0.4362896493643128
-0.474700744528865
-0.49543325525500215
-0.40350993956311976
-0.40783602962045984
-0.6749236552914855
-0.649760838283255
-0.3502875966143679
-0.39572668654016474
-0.5999176054941857
-0.5462753429144562
-0.19436392552183512
-0.1818563177599384
-0.34610251678891824
-0.14362755493620744
0.051360687676278965
-0.1717016990304811
-0.19361295193436628
-0.12062529459394251
0.18462336402264934
0.14740885164359005
0.18642926399130427
0.3087237805067592
0.30191899534933886
0.2162457936572812
0.018370826952677246
-0.29049120039816484
-0.5483952316533017
-0.7730373468527488
-0.9403207226153752
-0.8722555327841905
-0.6753010138977792
-0.4720083490216132
-0.41898658426172186
-0.14615709588065717
0.10028834882674195
0.05682974491174744
0.3062500276564379
0.31043449771907466
0.23652519667351798
-0.11787262134999074
-0.04226124217910366
-0.2098078511182914
-0.2708318249134363
-0.18733193350972335
-0.13302675179214943
-0.2253516174939971
-0.3551941941568374
-0.23444966689541216
-0.1748330941079108
-0.06868328334014027
0.06451300723942652
0.16276609073053314
-0.15180758213468418
-0.370151233348031
-0.26821893089214077
0.055512096694739665
0.045609342863391564
-0.07630868171995257
0.15604578662023136
0.25288664129489324
0.235385862298914
0.22004700307994923
-0.010161843696973996
-0.0825621800366796
-0.3680879921724907
-0.5052253121289285
-0.500851594675818
-0.3261818778006188
-0.20634528769510155
-0.2409287002485496
-0.14359717744493877
-0.1120683123207635
0.018079948697543872
0.09568178193247222
0.16620057052821546
0.1897449398711596
0.08114870448279293
0.1820199463375492
0.19575647977957114
0.22691189083587174
-0.012916170852479767
-0.24658435941743526
-0.2686658563467176
-0.3897826508260882
-0.6254281775525186
-0.5283665602322738
-0.11355520086888644
0.1879381211933092
0.16867298174331063
0.11602320873791028
0.22754531103940673
0.051161871078550636
0.019187126285425966
-0.17029043269715655
-0.27509786250186086
-0.3418715912560971
-0.11606734660655832
-0.17427989250857234
-0.4108599073422873
-0.17898382942449734
-0.28134963174163374
-0.4499931651288151
-0.41346663959065116
-0.24492238982696904
-0.3514128665892518
-0.4560827865013713
-0.40483308671921103
-0.035479134042215324
0.14229944734653918
0.10123244161482595
0.3048647400430515
0.30681343515906423
0.2458703885671571
0.06419543126749479
-0.03671538895423124
-0.3015159498316693
-0.552023692335904
-0.636640485900539
-0.5509937945758502
-0.4745095249520223
-0.49974791725005774
-0.33620428022893756
-0.15196443122284398
0.1942652519154638
0.23070924089350964
0.42215240254486175
0.5200869499838349
0.5993490828125483
0.5541076287113819
0.4527068645099082
0.1788380397124253
-0.076093234379711
-0.0387683897262478
-0.18942622058182684
-0.19502802507279884
-0.027514611214108302
0.12506847576818814
0.09490722235181331
-0.11056396362387674
0.0996934160058473
0.24193654913377152
-0.07996660428969324
-0.1571604473260255
-0.1056818094567388
-0.2239670392060075
-0.2439263530401316
-0.13120967098988084
0.14957382751032985
0.21766245114830335
0.2127479804885576
0.4529788422788916
0.4061180774927503
0.20491930519267462
0.3375321844973308
0.25016903177321276
0.2157752352784239
-0.007698882589127288
0.021397576706664753
0.20264736998981975
0.243440005321246
0.2147804223742223
0.04732889561139305
-0.19064963896648382
-0.2735948053701813
-0.21149192052791974
-0.15094001256283546
-0.19937231160487154
-0.18135686954697858
-0.32307375786589043
-0.3053186293249589
-0.4281504031764321
-0.6247688145790855
-0.7670522933158215
-0.8568081183967059
-0.8441214054937685
-0.5043893796200265
-0.4447866910617429
-0.3321020173745205
-0.19259538874245755
-0.05297710678752357
0.0074239488618656
0.028721397167183856
0.15450294755449445
0.21517480180136211
0.17304452936670894
0.06971379836616978
0.07289339486601408
-0.20111383104049876
-0.07945673868786912
-0.12359078373205694
-0.007861105784217677
-0.07178821545589849
0.08394097672403812
0.1533423534030024
-0.15409796211324023
-0.2351557769366538
-0.2489963713814622
-0.5244416332631218
-0.7338071239163834
-0.7299530462199831
-0.6930893819450699
-0.7491999719706228
-0.5289889017645404
-0.33987308667340493
-0.3684703936123449
-0.3325982653590193
0.04002547450768053
0.3637276310078372
0.2240310955394729
1.811949919314445e-05
0.24916182693484987
0.29747030326741103
-0.09966058749607663
-0.06557803062296826
0.05985620369959234
-0.10573176215593
-0.3310157504998552
-0.33258028017163566
-0.10743257310997946
0.03341669629123423
-0.20628548518948764
0.0801100970025194
0.01958684878122761
0.1243136889038563
0.19382368352024232
0.33809545977367966
0.19547613951271228
0.08972473832580546
-0.08563253329430456
0.026623749863610695
-0.020234180613299707
-0.1963961872618492
-0.16553831954090079
-0.371166432236129
-0.23990474007103474
-0.24521543854532443
-0.1519164093805956
0.0022767129008404692
0.2687322795604187
0.4513647893659911
0.4233795724203464
0.5947861991677988
0.696430067407358
0.6820596774987511
0.7410730998814815
0.977563208355623
1.447393640406904
1.6090934443187679
