1.8915174702091493
1.5205063341492835
0.9938348173691799
0.5143333288661888
0.4269149116544555
0.35586065308583037
-0.003953433604784474
-0.012829737312029379
-0.05438037949469224
-0.025068713244262634
-0.011336852266313618
-0.008782056507338395
0.07975615776008721
-0.0705875154558275
-0.17464563829471483
-0.2352687641729328
-0.3390544977525357
-0.4098215855561107
-0.45214804071286446
-0.5489672515433109
-0.4745067728555408
-0.34392195923589547
-0.2608601960140662
-0.32052041615450094
-0.20897238548553773
0.04419223572428402
0.11085338183075022
0.11421137139609366
0.4541402459966955
0.6810974022149756
0.7435009325341744
0.7984063022573817
0.5693167707992416
0.4225652013434672
0.27383993229104475
-0.17833449746170912
-0.30272098303817113
-0.2154229849119358
-0.07569017927269041
-0.27104302574009154
-0.24067307993242107
-0.3197093078941317
-0.3514294684289768
-0.20452066608816447
0.02884713301391963
0.1626401383573741
-0.10293268513568667
0.030860264155927464
0.2457747545466779
0.014489453332364823
-0.2901056083935048
-0.2607345817476952
-0.34247110241934065
-0.5476103624499788
-0.49880929379080213
-0.4295171146641199
-0.3043143416048217
-0.28500061713062474
-0.14858932243826256
-0.11650162163240066
0.08365958088371211
-0.09458842111256413
-0.32501214991684513
-0.27845030184061276
-0.30409433046501033
-0.47707095225545454
-0.5779711104395365
-0.5077735064153834
-0.3237674886536068
-0.04542124623686751
0.0910868706050802
0.14152602702849768
0.17656942854418106
0.1991006998741127
0.3120636403789105
0.2857185414797266
0.15918817152415943
0.0918631519124762
0.040644091042854144
0.11720067433159238
0.07540066947212916
-0.09847906085303688
-0.1923752105162213
-0.3159760671803291
-0.44941087659928586
-0.5265610450470282
-0.2982451661616848
-0.18243609707264893
-0.05674418109919335
0.18736392671261604
0.34389319357696346
0.52782002426428
0.5626883337615182
0.4392928032931565
0.18340312532877165
-0.10777290338816237
-0.41129385753536063
-0.5259142075432635
-0.8812957494765348
-1.0653889763638063
-1.0901928065736595
-0.9743449614599419
-0.9863519179402156
-0.8930436307880227
-0.594529446924499
-0.36922671011199226
-0.421599328966928
-0.36944473905878794
-0.1469293126946064
-0.1648680595004533
-0.45635435270357805
-0.46820952135968613
-0.31640331130578186
-0.38768676891303117
-0.3040643691661246
-0.05080237300080924
0.2605342153275573
0.42706790731687116
0.4445933697580249
0.318333230114023
0.15343264250407154
-0.20891693764715305
-0.39969364221760323
-0.3054159001640498
-0.2048566280052834
-0.37728869960669587
-0.4062224123586172
-0.15382033609211984
0.07354281318249625
0.4709602469793103
0.5383357038298637
0.46407326910298463
0.3662009846726087
0.054891913186517455
-0.12576029678387016
-0.2737700964828104
-0.2631043873114639
-0.07001323440688308
0.11911401932614207
0.17665284381077287
0.18699505634700822
0.21332412631132486
0.30203116671142094
0.26236150630234273
0.029547815581312534
0.029224468699280907
-0.13312645194878514
-0.17419664926972278
-0.09014213518265987
0.16563979451098862
0.2313192341704197
0.00941318115157048
-0.09483061385181099
-0.019698846422680046
-0.05900562721072683
-0.23008338877927925
-0.184998889065264
-0.2061349251737648
-0.17530238686370364
-0.46781262700365805
-0.4816511637698499
-0.4307917420673371
-0.5936402974916685
-0.5221993524933752
-0.24005210184498987
-0.12848248610189847
0.13703240275122516
0.21570111846745835
0.3769226780486219
0.5695907533747289
0.34388994458509126
0.011964135018993717
-0.1507551611417545
-0.22090667559825716
-0.3115886448724332
-0.3668202489105203
-0.22772911064736018
-0.10025146422961773
-0.174260605604325
-0.055946888449820535
0.08155781423675858
0.426459144189147
0.47828341979180755
0.34647955604670055
0.4432635277137388
0.45088066201315696
0.23586183980992392
-0.025953065707470357
-0.17418317499031774
-0.12065869713987584
-0.3472212216236629
-0.47199390447829903
-0.49989903940279595
-0.2723709364491029
-0.20217405631756846
-0.3100364328214801
-0.44635721895254005
-0.33255023870698047
-0.15788054028584492
0.08998123772352218
0.3404933547642208
0.5157793080002983
0.49355303312253523
0.3904951277608973
0.13026122249472596
-0.058096911433969396
0.031202150824945395
-0.053229600776946356
0.12402463004675941
0.20867528203613644
0.24797622688470433
0.14901509573374233
0.013645518154961653
-0.15594330846865914
-0.10933751968622563
-0.28291062059557115
-0.05030658744404758
-0.15603771667796165
-0.2976328743036803
-0.1297217292782071
0.14059593412096305
0.21023262043120494
0.4119845808410298
0.6073347499901477
0.4987599622892891
0.4498560426068499
0.3651128610912387
0.04110327846870464
-0.20967580514835563
-0.3832157614180044
-0.4963644081772275
-0.4958516387435648
-0.26930427752221825
-0.14584352466602815
-0.1698099839426747
-0.09215105499794043
-0.11267813947800455
-0.15498844992379623
-0.06132290063448677
-0.1496726238305563
-0.2521898854492632
-0.12715980728979312
-0.0779770676014632
0.17491464971805898
0.23063071844980718
0.23243700304461504
0.030152192294532955
0.17862002955437653
0.13175150637631955
0.26773994346116003
0.4396749100313845
0.6627589036238452
0.5849795677472126
0.5238839839573352
0.49288646520194657
0.33016142846376323
-0.054272045528312746
-0.1552942514252111
-0.14601109716884486
-0.22987473884970527
-0.2056574786085537
-0.052639093352831276
-0.184505285124821
-0.3605738683384511
-0.22698358828616774
-0.09770439166284357
-0.3084830892294503
-0.29087961284683445
-0.033770907427068717
-0.10827261568090808
-0.1979850986586207
-0.43641629674720284
-0.4392104858029384
-0.2726796838863401
-0.4490386723169704
-0.41335381579582053
-0.17579433023640118
0.1781703385119362
0.23458452137428443
0.15903745430052146
0.04403833355804038
-0.23636258233170848
-0.37667014955372546
-0.5368329070524765
-0.4392541523074091
-0.17387136290409053
-0.1860963682418625
-0.22411385071431122
-0.19742318918980264
-0.24742436571957954
-0.20110812150535526
-0.0955039550836422
-0.14760251370456662
-0.18968058751325254
-0.18744278542426107
-0.25859727463410465
-0.30407561309770764
-0.1425509409141078
-0.07762236391615032
-0.004799620017168402
0.059580173411026185
0.3576399222749722
0.3434047852477698
0.25944185156908733
0.19544285912517007
-0.008666720471191824
-0.33818362174569827
-0.47483517443324325
-0.2900257913028097
-0.3338176031143242
-0.4172552743226934
-0.30414923822995055
-0.3714029285683653
-0.2577096558020604
-0.11632103197618388
-0.03282117953094735
-0.2023615985383385
-0.06575656374540563
0.004153611010557918
0.029733489925530484
0.03287960508611851
0.07523934638265693
0.007319215558427941
-0.02085872366187562
0.20551145110998154
0.4472731956096778
0.4768883922424375
0.4504950441923445
0.6241839514704252
0.7504819254205443
1.1764249919149026
1.6818145380905953
