2.5753536279980027
2.1299352387845705
1.6090575420043616
1.1646508342108572
0.6898519099127167
0.22429283638586822
-0.19306114219671125
-0.2596054984780535
-0.42888263868506493
-0.49166087607697073
-0.440964201961343
-0.1426728523685134
-0.04751351321268799
0.32839593427923747
0.6475093186577292
0.5271822750763978
0.24767737951647623
0.28128966108452635
0.2775753455518408
0.07825401025806755
-0.1918062929853228
-0.2914938204356124
-0.4937551021715989
-0.526377216825338
-0.3723946738075668
0.03683128061793016
0.08656644488316191
0.04033037343926732
-0.04327349047309804
-0.013989040748746354
0.011625952197642196
-0.05340264339615348
-0.3166764288553828
-0.5535432654644992
-0.7386367167592214
-0.772042290934969
-0.6210668647946077
-0.509634781645151
-0.2689536929222818
-0.33288168244591654
-0.1679102746530544
0.054784342637914485
0.08015425778635385
0.03300466784800343
-0.07320247901473066
-0.1441687816086895
-0.38754241739636514
-0.46097241125972027
-0.5734255575561985
-0.5699234928326137
-0.6195528262308452
-0.48300828918353167
-0.4725421320648346
-0.23378839075027394
-0.21133101963458317
0.016147436438977186
0.2860683768242801
0.5559526367378353
0.46196596734987005
0.3541523426496787
0.16695868479732232
-0.1600174708882645
-0.38513207326378035
-0.408304973184223
-0.2969237864073964
-0.1554223952437847
-0.01025041755603337
0.2796910927379674
0.530154094058909
0.49096732647698416
0.44040252205480557
0.5241048904304211
0.5209824343664426
0.24441089001045385
0.2990050458768905
0.41853898102346876
0.37600030141586016
0.10773031402743567
0.12383214374236799
0.2142233550109068
0.36753155705016316
0.37096296364320924
0.09585828064007279
0.26550327701988036
0.3240282447359939
0.6224384098108259
0.5959075347789402
0.5892473196646293
0.403446062427569
0.10034640514430314
-0.22248466999879704
-0.515199690852491
-0.7698740895385975
-0.8981190986123045
-0.8767216998091752
-0.7602097919559763
-0.5709920331033224
-0.2049055582767353
-0.04218613656246112
0.09764212688593558
-0.0023682528554684365
-0.12888891399389615
-0.10426479962192936
-0.23272003702515284
-0.046761187180013236
0.06313835070393611
0.2801587809101333
0.28684493641652353
0.3068161027281704
0.1096363551353432
-0.05016429541064918
0.012050192751283752
0.13688253698932193
-0.1824200401316826
-0.06875834906454391
0.06248301338269058
-0.04687730593942689
-0.15713414313890384
0.03180621501067905
-0.011636567938825677
-0.2294196272764849
-0.23810962245064846
-0.13766898316421708
-0.1071977752768733
-0.03820961731645404
0.00714628274002527
0.1825232507082714
0.13573098526621666
-0.022284553076357322
-0.3689694496070122
-0.5361249547691853
-0.6924854000755426
-0.5914748901923964
-0.5345135401998954
-0.5167998226706659
-0.2288435438311601
-0.06410231044877338
0.02171256051832557
0.37802644104253524
0.7733698058287475
0.9499176724086623
0.9207635513434618
0.8159801877249302
0.6338303642065254
0.4269602088869872
0.3220516975451683
0.21969328809849561
0.05899011099512466
0.029276752458807564
0.20254419007625588
0.33434326004326714
0.40897973883545163
0.3860248572528698
0.2877732370053802
0.20648310735745876
0.07626655494735815
0.11964496064149693
-0.11919840198182124
-0.2825699884482194
-0.2215473658158485
-0.1481902698112783
-0.3522026718466226
-0.5091201298117869
-0.523053083695309
-0.36260883568283026
-0.16028549628994787
-0.23494337411064248
0.07007500516025313
0.26410951812356837
0.2759853017198084
0.1163534338185842
0.04287900159663885
0.025460978780786892
-0.011895265780934316
-0.19110440347503288
-0.37710682213903957
-0.3598762963633991
-0.21933811498289132
-0.11536793213204544
0.17804479945742488
0.3463810888732112
0.2930426900477923
0.2592570791479021
0.2445612454842815
0.1387346806100824
-0.13942289031992497
-0.2749103242476619
-0.2984069536707997
-0.7312058143613906
-0.9744911275435612
-0.9355185371074375
-0.8156248471454997
-0.7443103413360116
-0.8507866165593674
-0.748248635387309
-0.5947611464496471
-0.351662518391067
-0.3417526369978311
-0.16486229593942756
-0.07144690318304527
0.21090882685343304
0.17832684254463044
0.2299901730626721
0.044333396813202794
-0.29936490826127354
-0.4307314339356287
-0.5352421664617386
-0.571457856056503
-0.6862008291295318
-0.477993283512721
-0.395226901514313
-0.22522210691791156
-0.23719262769609895
-0.008686342983835499
0.2824578510152907
0.38526821076478535
0.36241160206335804
0.36011592503783457
0.0669380992616101
-0.28227074293211446
-0.4852997857840412
-0.5584857086705501
-0.5542019409684463
-0.489767014616323
-0.42365717648880574
-0.1602347947379033
-0.05550642329602272
0.11529376614955855
0.16892069639838483
0.14925000289261037
0.020977532324005538
0.030429218505789606
0.031179710311037025
-0.004630989567809849
-0.2983179227442701
-0.326966353561622
-0.33080059950357726
-0.11307220698981214
-0.007904842348554656
-0.1902909184542703
-0.05603136652186728
0.020268218553718152
0.3349436784144103
0.4785888551873811
0.4118948207845886
0.32264924417794727
0.1423042026030588
-0.15031037708407388
-0.2705304491956833
-0.4004121132558851
-0.30827841466525996
-0.4493859581070876
-0.41161486630542865
-0.21549510241538206
-0.006018636971085455
0.19232882262899303
0.1457483664804773
0.1647004995887458
-0.06879802884802501
-0.018285321584623822
-0.18940917146815725
-0.1821020910063298
-0.03433947203231025
0.24635191785880686
0.3944168556950795
0.330965911271095
0.18572679531892378
0.07466579871604412
0.10599747114624936
0.008355750707956218
-0.2609506577333234
-0.218883000333653
-0.2812005515892673
-0.16164124010460879
-0.11980340963441474
0.2711772040832127
0.3932073035844938
0.1992020903297967
0.24221729501588307
0.14347731742675018
-0.14060018920691694
-0.243402982408929
-0.5654621168262846
-0.6223066572217394
-0.5122371887341371
-0.5025957155540908
-0.5381349165163524
-0.38610907950960505
-0.3880448595230879
-0.5079424863946671
-0.43426003153628084
-0.14559441960017408
-0.010264654865298206
-0.0005990563488191715
0.14782318639448672
0.6130483924015633
0.7839736403183558
1.0974093182827596
1.419926919924873
1.953270356560906
