1.7830133277354985
1.3549331329235232
0.5487859438944463
0.2506462212345698
0.27271238932492814
0.01887150746245592
-0.06138407422741052
-0.14003395957622186
-0.05014866995250322
-0.21962271679184178
-0.16200228847591147
-0.07300643317741687
-0.10366273003857941
-0.2788616992748886
-0.4628623176641556
-0.2655720960638491
-0.3275322042257555
-0.5418087547060884
-0.5083591622723511
-0.1535477335357529
-0.11092216767555746
-0.145002610719877
0.18866278089592703
0.368227584219821
0.25427619442570765
0.3839972239273782
0.5936825268736942
0.48668233468126226
0.16349288528762104
0.19089677982305472
0.149590427968456
-0.19941596136707848
-0.2987056152756019
-0.20224824277886075
-0.2028096179090286
-0.36377282928132454
-0.3558213304408627
-0.07119260553854664
-0.17819412171631682
-0.2514480236317298
-0.40563704889380814
-0.2255530971642257
-0.2918395507137135
-0.5621503468828154
-0.4597026890294626
-0.3082858825504248
-0.007253375569900185
0.18962370261469072
0.27236763563133404
0.21586607754868042
0.16626159124329057
0.3732245524254356
0.4386318448972711
0.3487405630228209
0.3799499082363855
0.2324505203635395
-0.11453621939912889
-0.2783833958522416
-0.29032035136182543
-0.335338997548353
-0.2076716105847688
-0.08356794823165468
-0.040420809079400266
-0.030268315383137966
-0.07946686275471625
-0.25022689237013573
-0.5379937093185687
-0.5700391874197924
-0.41327175777526226
-0.3594225832158359
-0.35055288163577836
-0.16074668537823777
-0.1920939052637505
-0.24463031934974963
-0.13737559134866506
0.023157570843009272
0.022556579502854363
0.02771627507525032
0.18141221736981178
0.29883633527735975
0.1208189916753855
0.40668948135290256
0.6541843751202673
0.6360284689704975
0.4502098726354302
0.4263994583808137
0.37085416083724393
-0.03546756580805955
-0.34246112675512574
-0.42147291397222064
-0.2187391505365754
-0.2598684152289317
-0.5679054188522328
-0.4090207171362908
-0.09663443814402613
-0.046511857537370666
0.21066099038555763
0.5880259746080868
0.6373728881361996
0.6589540266741428
0.6591972822636261
0.4481941359965965
0.13178476327352892
-0.30816064983143443
-0.4524872882209941
-0.45581222865789905
-0.4684851309479585
-0.26987085320181314
-0.11706728134200638
-0.1501896072750861
-0.10360040512294355
-0.09057431841684875
0.01731451678413148
-0.12290351954362759
-0.009029554281933472
-0.13274675727549842
-0.24304655186712465
-0.09045493254347
-0.10909950870958296
-0.029615237254563855
0.2018623848811173
0.5139084940552718
0.5310412853134617
0.3919139588991524
0.28607827420859144
0.07813896952975788
0.12793689298000172
-0.11666735124446898
-0.1401453813115507
0.15097832815359638
0.23066997374059517
0.17798537222806998
0.1462335370295111
0.422887526663279
0.3168094939242532
0.45066600038175497
0.6242302576555857
0.5133537954260537
0.3043690889157158
0.22781448475327035
-0.1429666674186879
-0.20625201672735416
-0.3700158534406199
-0.6153790980039536
-0.550174582967019
-0.4217376149537251
-0.35768498073355737
-0.11776651270482802
0.050629594133476716
0.04733161579361494
-0.06440772358888608
-0.10336192397640974
-0.039971145206752705
-0.4081582502969037
-0.32137055115102103
-0.06033001959919112
-0.15293122724538313
-0.07949741171997374
0.18808892980514202
0.31129575069901183
0.2840860865740731
0.29476779812513365
0.3445702684905144
0.15297074330221536
-0.09227584953000714
-0.16429229257566152
-0.11590410664368882
-0.3241618359423037
-0.6316476265787557
-0.654465633854582
-0.4960485445911772
-0.317960262000653
-0.15518491800749817
0.2797762811646115
0.30187752975650717
0.23159164336706112
0.297728228928089
0.2850810092514937
-0.05317990225920173
-0.22684926769734734
-0.3067482157863501
-0.4150944307423494
-0.5888010463291578
-0.5663802608660582
-0.3798163623990515
-0.5007512081393423
-0.43598306842264306
-0.6505242739706497
-0.6824308013548713
-0.5582951651393618
-0.35754535768350554
-0.35006576884808654
-0.09630413677276173
-0.045770538885483256
-0.0721165140055594
-0.013187418646943762
-0.07017265232740771
0.14068462946582197
0.14244885978696079
0.3117385245410804
0.19017767944671202
0.09334212044133781
-0.02046443316182618
0.17358476186136548
-0.06677399546626908
-0.11744625862377649
0.20947986573779817
0.27105252896384513
0.1636282688257341
0.31355918015446893
0.40979357370572805
0.41542087827991886
0.31935871392333487
-0.0203257638211299
-0.09454532881322128
-0.10562320449417414
0.13179899527973007
0.1489600798990656
0.20270501244258105
0.018058272679109498
0.029143914202574336
-0.10682577496579872
-0.1253096854738823
-0.0535675601015297
-0.13571403338090995
0.003727687855221502
-0.0048084658631964315
0.03019373305672985
0.14201371575708693
0.17966915189517899
0.17196438431234864
0.08441654141872643
0.0018429173267861556
-0.4065785617191359
-0.5158594632848725
-0.3510705395911808
-0.19302505860356073
-0.1953387365867374
-0.16698341451932266
0.17892142587980792
0.34167096493587934
0.4945486609767593
0.536163946429483
0.5000792222603008
0.2606671001420636
0.3906609863255099
0.34580332553888765
0.29139845324339747
0.1096575261854256
-0.028383071630858302
0.022690835832914688
0.3697808144101359
0.5033452437901338
0.5041208663021994
0.5330434660351775
0.4591655644277227
0.2011930581168292
-0.04903945865160177
-0.2954867160976288
-0.5755458857166514
-0.6996481557745307
-0.6994593661541237
-0.8674372080051661
-0.7790756727437342
-0.45151586576762326
-0.4750485789784327
-0.37064225900487885
-0.10439423343178247
0.004158868199286494
0.061916169243052946
0.3269164118968229
0.5842950024441648
0.721218440460549
0.5113828818554318
0.252144594992798
0.17421410960480907
0.2075786647081857
-0.14667257370322176
-0.15872499257958014
-0.07064951519170651
-0.12182197823327208
-0.2426684247297459
-0.1697918103910784
0.11099263535973913
0.1476230968067497
-0.005825216877942264
-0.14734094288526262
0.03048281224758637
-0.09578257071110229
-0.040984534177877244
0.310160259814357
1.0199996681272192
1.4394925355434218
