2.5444368825912695
2.383537424636773
1.891712881595359
1.4116076748750779
1.046698147077417
0.46035537420096195
0.07312626670814232
0.0863516059335874
-0.20941773033335123
-0.2539428881018283
0.06498316927087172
0.08630878057977902
-0.03527981485261604
0.23005147805796688
0.12096193542918873
-0.19569014154628425
-0.13331506872017157
-0.29014595913079166
-0.44097990480076216
-0.33315733084688054
-0.0577662809010477
0.2262864061451818
0.42429331937390125
0.5138515767355812
0.6907732297428256
0.7813737578188263
0.7256710145087198
0.5211048267808535
0.15060840477069135
0.14368087101456467
-0.1447907576424439
-0.34546934085560693
-0.2958964571753963
-0.28268203062536895
-0.15302444976900023
-0.2707046090113247
-0.10944900021892304
-0.257507227066603
-0.36875567555675676
-0.32482237502656275
-0.2481385467761398
-0.3607162496408815
-0.41130873868082013
-0.28755878612588975
-0.02520172710910025
0.30770336846172286
0.3885502826121622
0.5847265818830715
0.8512005573113024
0.7645633872874843
0.6615649178648356
0.7740666860585569
0.5417478350302597
0.13961620846557152
0.25127241974435377
0.4290955517924795
0.2735933300610497
0.25184442205535457
0.404034660518783
0.4114232050789715
0.26605788187136653
0.17085855464996344
0.21140344607372916
0.08459303213910829
-0.41586519822927337
-0.49562769199482304
-0.2756820348814718
-0.35591154969366207
-0.5176331786927305
-0.3452665180103216
-0.07084699626139845
-0.1614681758527315
-0.25156575440120993
0.04675453715536237
0.19696574610132753
0.009455666179572511
-0.17958533346119665
-0.007947370871357981
0.35793387460287146
0.3144601055002074
0.07375544614075602
0.31425770459018654
0.37126337948859695
0.20021471055707046
0.10711277081779291
0.30950343021764426
0.3995812395363735
0.3496136206452921
0.376919528996231
0.25002636012742235
0.4286153613940402
0.2451712523738922
0.3686845552094416
0.6657581630235139
0.8005814293250285
0.7300902131015303
0.7813164471456284
0.8405366917375965
0.6819236721916747
0.30485063122983924
0.06404676211960414
0.2046922605285324
0.05915952351969809
-0.3029615698612691
-0.38704860304787864
-0.4252155253384019
-0.2944213970864569
-0.21954318732291211
0.09915208933915867
0.3123354148585906
0.2883044916908699
0.15958728898356775
0.3182650290369474
0.18552042290297296
0.2133760020502431
0.2812025744510833
0.26047118066576475
0.14778572422881878
0.00219494195310907
0.11406820748519624
-0.07029502331377792
-0.12774542667108102
-0.31813144719470565
-0.28005450888061395
-0.4853470530495615
-0.4509979623919942
-0.27684702096500874
-0.05037959183119667
0.17703051688605673
0.5196752710601243
0.5978587929075179
0.3264335955460405
-0.3000836730905508
0.06840264921396055
0.02193676097629073
-0.030731495968734666
0.10689230989401008
0.016745727493549356
0.2603602077100049
0.2949985679453243
0.3248972538281158
0.6010299404626442
0.860539058108569
1.1989884851516688
1.5584253542115343
1.9399131458972112
