1.9211605307512114
1.4154107959618325
0.8815793315689033
0.771063875995802
0.43104321450787697
-0.09357662840678663
-0.3383125984741794
-0.19459140160202268
-0.17944222759797754
-0.2036876634059748
-0.22839403108241102
-0.19100932568091403
-0.03956549817868339
-0.2349172627022423
-0.027033111181096612
0.2596523028838535
0.18200205499358457
-0.07188772905526536
-0.07508899405435197
-0.012306064260591278
-0.35296533415290876
-0.2399150295804969
-0.20336062137530334
-0.20541880750113375
-0.1581794591287075
0.06416417620995228
0.19965747897640404
0.23259464734512228
-0.04007630848551298
-0.09102810984922885
-0.2527848811686332
-0.3544231579633753
-0.45128805284833223
-0.23541322929497
-0.38931538632535073
-0.31870602532152725
-0.2890693827879621
-0.10468115701222075
-0.18097906924819804
-0.21488473938155847
-0.3112604392538581
-0.42326390767803634
-0.6336565559807992
-0.5651195495656973
-0.3672192093115837
-0.18475901969185268
0.0011232361186332945
0.4194521078758492
0.5749177609222457
0.5377471453104267
0.6080845388397441
0.6869661154244326
0.5261676801615862
0.28457320214779436
-0.052331474575622025
-0.1411738059633549
-0.2168412828353839
-0.29646060456752277
-0.12470615827589257
-0.22739583351649773
-0.11874942364063215
0.013316075188803633
0.15152141750600542
0.11670420794517883
-0.1300476229179369
-0.19329921803422512
-0.3654882649463848
-0.5099001689441375
-0.6197091813620755
-0.4287808956353818
-0.18574966813621152
-0.14928606646531653
0.013059062176212256
0.3843773403891621
0.48612671569641464
0.24595539083373358
0.055975673275235754
0.14777767725872154
-0.086730087625487
-0.4146754168765087
-0.39751358151377236
-0.49170887737326835
-0.5035335782038588
-0.4556240537103479
-0.24669568654566418
-0.10681474056261618
-0.2749859583782296
-0.33653040475654095
-0.11018632981893046
-0.35202697596671745
-0.4715766485978654
-0.26832960481276996
0.020784399913639087
-0.06422217500024724
-0.11891390363445614
0.24235335930254404
0.4955589891827518
0.3630484216264725
0.14225880208815797
-0.065882741437383
-0.18646275485081382
-0.4676500487241854
-0.6713503559631996
-0.5445459379584037
-0.6183150976865956
-0.62175933864458
-0.47933931329275764
-0.0720977942437116
0.14445289736152933
0.10709753140091244
0.028891504661986592
0.11087382158600118
0.22094463551611807
0.16694192609554853
0.28669586063425645
0.3304920831416063
0.31252017128069515
0.2549915167462199
0.11435110762424039
-0.029637980870993952
-0.3074728265935604
-0.39093370443587416
-0.31005157973484826
-0.434435373569698
-0.3837499173181825
-0.40235133410002294
-0.21535471859038113
0.005154594408727013
-0.1666553507748323
-0.11336480356146474
0.20597602751878039
0.18602175271518448
0.1428592166134093
0.008955597595565974
0.0939498652725851
-0.011997968692080273
-0.008660076080687553
-0.1768361892329345
-0.5348873304307007
-0.6556731679535694
-0.5689532593960036
-0.45896362480850994
-0.3188108621736975
-0.05974955576919169
0.042479161747073786
-0.07504849048051375
0.1238877732752163
0.0958337018853043
-0.08491346268062605
-0.067614004317784
0.14337731952939836
-0.12120310234653507
-0.4049798101200559
-0.42294485717421826
-0.24415403827105472
-0.4098458152084901
-0.3417292661602962
-0.1723602166194238
-0.030794630136119792
0.009555404894053396
0.2752858433742016
0.1504600372350364
0.04493671440098209
0.27596575490467873
0.22362478060088567
0.10916381968193263
0.36220424354382624
0.5600166745260114
0.45973314431087486
0.4185300332877166
0.4290846023270205
0.16717890986797435
-0.004042865272949296
0.131614871362139
0.24688545378438304
0.308309102426758
0.28565850326485465
0.34901851594482847
0.24420195695699773
0.13073045718756127
-0.022892427442673315
0.01913655035972006
0.03493808908992109
-0.1781706853804888
0.053436529376814056
0.12364595972925527
0.1285969431707413
0.08651626939450671
0.021200733434831368
0.006846285555890172
-0.10321375664996471
-0.06684830866171344
-0.10068437884458672
-0.2613075293135791
-0.5979672616928011
-0.6912320113354963
-0.5260784438932553
-0.581552892914287
-0.45830093033526254
-0.37930786395521965
0.005471101895106676
0.08917684689580722
0.20511843999690071
0.6610566494117394
0.9920899913696992
1.6399729720036993
1.924839071730101
