1.979362694607448
1.3774416726198204
0.8073559296655735
0.42177629393763205
0.07216331086892033
-0.3194923119146663
-0.48228434024217604
-0.49119076298440223
-0.37316161684823335
-0.25602774364040226
-0.46777722112221554
-0.4823101222912627
-0.3812257671465414
-0.28711586957085433
-0.24939041595123748
-0.249085821238914
-0.23849999133582706
0.004631059621052391
0.14920150149481706
0.18079085859694496
0.32814451579395987
0.3575835268969431
0.22299321271574105
-0.10327352925058084
-0.10610471541479795
-0.20489406567355684
-0.42465378227259354
-0.41658696982394205
-0.2674927113644462
-0.2937635065978406
-0.5113120422859606
-0.4683870911555325
-0.26620946283588864
-0.3935098336641893
-0.1914202533117684
-0.1593831266358448
-0.004501796851423861
-0.04555748931844103
0.1078468101972388
-0.010916404382429239
-0.1543488427396564
-0.41319567961181447
-0.5791339754918005
-0.5384302396921541
-0.2783890256148994
0.011320744815970833
-0.019233410760475664
0.3282848029432873
0.6501671339139249
0.6684829300256581
0.7300346876825932
0.7025646837216015
0.6475246584670815
0.48109482781197693
0.3596402919547473
0.24941790923093174
0.06206596415501432
-0.13158424682422723
0.018730023972076477
-0.018892851615584176
-0.11635008177271881
-0.2942660014249069
-0.16430603003709776
-0.25321400429084684
-0.48262909673415255
-0.4963088588513511
-0.22768901353363397
-0.18025115176296416
-0.20070755563934328
0.03848340977676777
-0.06366696381447412
-0.33171809248499634
-0.4404614840626699
-0.6276224914415602
-0.7231733712732221
-0.6432665565690436
-0.2776928135432625
-0.15366936775708964
-0.08084006404598162
0.2295476491830029
0.6093652824876311
0.5409666469212071
0.3882050099448303
0.5135656274081194
0.5587987982081477
0.36293842956035055
0.36627070196069594
0.44938492719126477
0.37807961411652036
0.15666605379248624
0.333803520961447
0.5526662893120804
0.5112824206643531
-0.1510742669804853
0.5553284469796615
0.828277698471818
0.3245100824559078
-0.38479292848429003
0.21303814366652982
0.20630832373064922
-0.14913655763463543
-0.28177960002717145
-0.418379844656388
-0.46889730769255944
-0.6578760166038133
-0.6644174879418022
-0.463927360309228
-0.26642667348096416
-0.38571880942080894
-0.16139391335481934
0.19988070590497312
0.33687031806856327
0.20068928278748746
0.3075791669141817
0.312158054694305
0.4472756358604539
0.588600360264472
0.6780262258481717
0.7132002504670326
0.30793524714172854
1.0761311041172548
1.4641616080196531
1.4534371539784363
0.7363586103057886
1.3507155356111973
1.1977942332174425
0.8916880316906964
0.6173303689975664
0.37441115624231214
-0.14282431641305132
-0.47534539864780945
-0.38907031554488924
-0.3969021985408497
-0.6680242783330669
-0.6749505229960922
-0.42252760115022314
-0.5336499742575344
-0.43310896858942083
-0.037833276731300956
0.1176206749162942
-0.08431620807822345
-0.15480209474863865
0.025713459423203962
0.16521005111901277
0.050947603387714965
0.22138668471695017
0.4360919965713228
0.5456804550238712
0.4219544202158438
0.22220312214187563
0.33453503539831503
0.35767100805911417
0.04170741204832651
0.049404437862154565
0.1306213630085298
-0.0034379928847744117
-0.20461608688709548
-0.4508906691558905
-0.45144825556804036
-0.3568524981622931
-0.09361160219691854
0.2009954862275533
0.29586714659658475
0.18030896637962396
0.22186588027134732
0.03707656978221095
-0.3882561126668905
-0.5349765984409731
-0.3971438358147412
-0.5255427608684651
-0.4795042633434263
-0.355106319657266
-0.14757162790584627
-0.20072887033101167
0.01898168416982487
0.029196164697133157
0.15227877512804391
0.024408522828288665
-0.04278564746582665
-0.5715989717367168
0.09308252174572128
0.0824225936098839
0.04343396103781519
0.22346532485799722
0.30204235399504664
0.44423217115672436
0.5514977004353241
0.6383969095470535
0.6612091332160397
0.5953126533100441
0.46679323926217936
0.41094801291280153
0.08094330919292934
0.17336281420832156
0.09740683477933647
-0.2409768939016329
-0.2862792300640342
-0.07623110979088207
-0.2388305297494986
-0.29476515843248596
-0.07828750929504992
0.1509205524466179
0.09638836378693964
-0.0635152126021197
0.14308601558096187
0.31612669070591704
0.3311999973010996
0.4242892181045804
0.36616805263313845
0.1942163744618882
-0.05423991261629163
-0.2869016306383166
-0.3939512573508447
-0.25360918953820727
-0.36672886394685145
-0.30531634323189716
-0.006063245264952245
0.1418163937529873
0.20980407157432607
0.10744917040667087
-0.11715467333672801
-0.20580833311226068
-0.399804048604811
-0.624943588638653
-0.6952407826730833
-0.6274397974701342
-0.7481565673203905
-0.6674511226511487
-0.3968677710406622
-0.24675590928852498
-0.1444737199176202
-0.1306578316561115
-0.052631494269238105
-0.13772973956860107
-0.015643745988213005
-0.08978684993192008
-0.09531198210091894
-0.0898173462954906
-0.011871279339220948
-0.08856337003787149
-0.11194669392631329
-0.18506896176593102
-0.23082860540041997
-0.49450448956941306
-0.5029775488337586
-0.2939180025304487
-0.1568731834528229
0.12463214528977137
0.23806114772974482
0.3157207436975805
0.35862872792355344
0.2189214505594187
0.07509370757727413
-0.05735857820440096
-0.25835031307875106
-0.47428194398246754
-0.5518808509736081
-0.39914027593616697
-0.2230393806651252
-0.17609553973496606
-0.025110644022178278
0.31899393560597156
0.45303214953938514
0.47962469365728205
0.35547291614465965
0.33275062628351837
0.30555510572513067
0.12190146726907379
0.2107210077683876
0.35517924722607846
0.41426907488127407
0.3670399452610953
0.3317827685847535
0.2870457080031101
0.06560241448844208
0.003371520377484068
0.21975940898250418
0.2922176130387541
0.5071280312626929
0.720215221821086
0.7409194169885841
0.6904938033669297
0.701249028243049
0.7534311544261659
0.6537558645885589
0.47563293744793367
0.24181892228433294
0.1643931257758812
0.10425848526765626
-0.18039252801504335
-0.2689427553091142
-0.44546210862630564
-0.43384109598500636
-0.6048313955526854
-0.7239854627517921
-0.6671863355207381
-0.5472692996589654
-0.30566412422323896
0.056442368883827136
0.08980775986613497
0.05394889684045144
0.31797777802394067
0.36732669644951277
0.2614679719934993
0.1335254361058146
-0.32638505786975797
0.3251106969641438
0.3047399169685107
0.3524060114209788
0.500975735622492
0.15070136037231827
-0.4414132587503892
0.10069813866628637
0.1862108965771304
0.21953876575652542
0.08240938356125967
0.10904641596018985
-0.1587501336764711
-0.3169364234273209
-0.22088064216283962
-0.08847301654316145
-0.1174714026135576
0.0719991824664406
0.324501771796147
0.47075896053132604
0.3905360116679554
0.6156435868379633
0.580458399932876
0.2739471280710566
0.04093665223205598
0.11316655829212781
0.03962187027898598
-0.3557121864613621
-0.5374176959736353
-0.4917207448052183
-0.32746444559834037
-0.27616564534800775
-0.39405364560511014
-0.21844566229608373
0.00566737735257307
0.051206038439204925
0.29071597102099045
0.14418852795773
-0.044760307056878154
-0.29213979268436513
-0.3070519487087133
-0.4483120196899374
-0.5111226164245724
-0.5412017596036206
-0.15286208029336787
0.04457824287883902
-0.04068855012753319
0.1989147042454098
0.448379139656754
0.4247870081726046
0.2425246001539361
0.37587206509016363
0.4211372972498341
0.37435584776356295
0.18510154709641838
0.1554161949001012
0.07531940489573094
-0.256160472355663
-0.3417167369744678
-0.1645690342741114
0.08419053712821435
0.09964503758976621
0.18695590192292527
0.21585742454379478
0.26686115331894267
0.21989782772846334
-0.09197269224394786
-0.1683470554914795
0.05808798221028087
0.03976275187265713
-0.204476089526203
-0.26600039608104886
-0.10738931760345265
-0.16839363223912188
0.024339004657735364
-0.04126788953636362
0.1009690288823969
0.2500440292759323
0.36909345651401826
0.4409145369068426
0.43561300447340023
0.6531574255377885
0.7668961855998194
0.5035733957674444
-0.28785160805417603
0.23502032515451862
0.39968126151264843
0.2814138881547153
-0.04908536490398913
0.02682963686523998
0.1062201168001594
-0.3723796451848731
0.23943157470928242
0.5695972163046186
0.5495306714644896
0.5440795960484206
0.5301564322188882
0.5207464841375418
0.24069575044499752
0.16515267166515715
0.20655979513214823
0.029447152648691927
-0.17122222295131198
0.07522926771368399
0.20710998953760862
0.1377687288112281
0.4170308209942624
0.4656181274192384
-0.04937813034988103
0.837061799830991
0.8395765543622999
0.48506415749351367
0.37837957644877784
0.32732439680871134
-0.00880115414280295
-0.4411574349622673
-0.4576757173031608
-0.3010292584433155
-0.2274333580890275
0.03030058830021642
0.253584023493385
0.48528808111505006
0.65772912026571
0.6402940702842718
0.5273806429248309
0.4092973288602687
0.2798983620724054
-0.1661540599845691
-0.2132213433270749
-0.3110366747276847
-0.3065761877377001
-0.4212106146673452
-0.1748919261527013
-0.013557581232610944
0.27823854399123926
0.35285270037844485
0.40195878739665997
0.44919453987691044
0.3462487870948961
0.2858887365191737
0.20249742156301184
0.11962507155086446
0.09395581137721445
0.10235485137099702
-0.20127414588597098
-0.0985428292854708
-0.13052932464466085
-0.11314167325270175
-0.019265698198246337
0.25521051830693575
0.3162356771488048
0.19318746406702958
0.09038893699978612
-0.2741950031075045
-0.47538959539537695
-0.5501546315519683
-0.3826702712133796
-0.28632769485746
-0.38899969663293266
-0.5215550718204403
-0.4830571628522022
-0.20799940992020796
0.2719400637321163
0.7597704024452827
1.123417715830242
1.5744553389849112
1.9450306868548897
