1.6997334982235246
1.0712703848908443
0.5259356061869283
0.2001436884862964
0.06985391525420218
0.16596420868537126
0.10764290339191376
-0.04401819670175183
0.16979737770797046
0.2685637075710526
0.18960497533533618
0.2662618783209489
0.2923348167617511
0.02791401959209749
-0.2750393965362677
-0.6309706130558477
-0.896290165794615
-0.9885988012515947
-0.8654220326211447
-0.6456947281026838
-0.4872047405595707
-0.23709748867238636
-0.056551984805475956
-0.0012727313080097863
-0.0607672181820972
-0.2188005927048836
-0.4693185611093475
-0.5464186905626149
-0.37701342192191933
-0.14827909616944607
-0.03026069719534403
0.17171619210940703
0.2163390538704622
0.0985450096741508
-0.12782756231146447
-0.3353394482750934
-0.6304220466462229
-0.5856622795801502
-0.5653743066186483
-0.4950451002262305
-0.17623060241063407
0.13413602804989405
0.4227355668170804
0.3648129729422209
0.26148856391590736
0.05813371241451531
-0.26211740803769873
-0.4948527206303753
-0.5302862441345787
-0.3094194304064784
-0.24552532664222518
-0.30085825684274137
-0.2182149323585722
0.16377980546436427
0.4901851774221588
0.36546321320428155
0.2211412018906965
0.24101247433415784
0.171553971695736
-0.07714549286550032
-0.28641349489998824
-0.2151554542081125
-0.17382187553642017
-0.38195473962298976
-0.35757547685900765
-0.35789240954931806
-0.12648063322393227
0.0019904235600350885
-0.01995835453560991
0.009261873198713955
-0.08576275903779698
-0.3942783489101276
-0.4378829231404475
-0.34977153985519865
-0.2060711600237741
-0.22626254872695964
-0.16583296046797233
-0.21319962905852544
-0.01821127614042405
-0.18152191677296478
-0.22303001661257135
-0.2861195220598575
-0.35115282203160547
-0.3760342371588486
-0.2546652235318161
0.1612738592478437
0.38032301426910775
0.4123429958640017
0.43646036704213226
0.3489690235617052
0.06141503694846085
0.08386414147038826
-0.24147680733399787
-0.36380464973539073
-0.2822145527400247
-0.20504306857139235
-0.042953781828862905
0.387840519212129
0.4534808824789284
0.4108112216533006
0.6117377761705922
0.5636225909085109
0.39508219562227
0.045407224619943606
0.06704587696869567
-0.10141236875252262
-0.3100654361408901
-0.3172045160809619
-0.3183250448452826
-0.17813219718828172
0.07362370345903971
0.20019090616540428
0.19725903201229658
0.03478554058937103
-0.28496519823583827
-0.3650167423292163
-0.2610215569985158
-0.19285631711460044
-0.16790804345355353
0.09399354511593305
0.27517652243113877
0.3342613155909159
0.25919993156903076
0.06134244347197956
-0.25357808491405914
-0.5346489153393499
-0.6283639493977397
-0.4772965064504064
-0.08019068407326309
0.02307326411462304
0.4385661650360152
0.7394965946328027
0.842405400007007
0.7095132899030397
0.5262830962812639
0.2153825836706108
0.12929155302525605
-0.2749867829444831
-0.3711744469184556
-0.2624976465887521
-0.3566371209968731
-0.23268362812902976
0.06705216373875861
0.2044676173084727
0.19418349358968798
0.2668209166263238
0.3941420272086945
0.27184745358263834
-0.049737671221545265
0.011972464221447255
-0.23643865589634486
-0.4890551803030615
-0.5103160199804377
-0.4106924540763718
-0.21969524407969737
-0.08355363253473601
0.03394540815344178
0.12169098685911778
0.16120493798691818
-0.17031960442797514
-0.23131450482230811
-0.08736610589465664
0.057323066032871225
0.02263084551030812
0.10104801664852003
0.10515197393302705
0.361164454244539
0.3448172459084782
0.1054885434798437
-0.10153066693530809
0.02494686020573184
-0.17733199078911668
-0.17077050282382578
0.1892049769034105
0.5465822024684602
0.6612147378380345
0.6464327857399413
0.5249813952643602
0.25976537107703046
-0.21956983166149183
-0.4552430432668076
-0.5446738459244348
-0.5204981295734847
-0.4294869677992009
-0.2589884608812463
-0.10204957012076447
0.31210153698270454
0.3150984146770397
0.22814161573140096
0.31557937179212925
0.15445365237758163
-0.16824267675216467
-0.4581092472395654
-0.6039792055942226
-0.524080648020562
-0.47151653821877226
-0.3053503709902525
-0.1421165891778152
0.22700048407979073
0.4313666124678798
0.5024457362519751
0.3970785952284592
0.28953563850897335
0.0759751871832589
-0.18312095886021248
-0.07506704798516958
0.0657561054087167
0.06331780910890106
0.2385294258360916
0.3931576145560477
0.352590639436948
0.14283961384547306
-0.16396206872177635
-0.47402281323842754
-0.5007976008285704
-0.7446678630981796
-0.8713800095586995
-0.5916304247884425
-0.3891264865040881
-0.36125860990935665
-0.12883025382948796
0.37074965781200253
0.5960581289179758
0.5576286814481133
0.5588672231452957
0.4742096472988758
0.169628075403289
0.007331568004012453
-0.0006930450673616931
-0.03644134395385075
-0.004952482299844101
-0.031630284091538244
-0.08717211320761978
-0.3465481234107975
-0.26995151440585136
-0.5473355568459206
-0.6772576788552275
-0.5777319422891803
-0.5030461157371565
-0.4747260915851114
-0.21998512595632388
-0.10460241438030785
-0.25705616681344745
-0.20042599847006948
-0.18379076788848675
-0.20302588903299634
-0.36292917201577385
-0.6148303561985766
-0.677655246363333
-0.5678759478301824
-0.7325871536982007
-0.7171287676781348
-0.7896783171253923
-0.6341893859228381
-0.4618829173896588
-0.48829668503908086
-0.2965800212740742
-0.17516521933196494
-0.3022940648356124
-0.4255279246031266
-0.3283353802182952
-0.12801368437134886
-0.0474152191717703
0.029070210113757256
0.1866571392729915
0.33421505136192703
0.19122697482126289
-0.1577464900452032
-0.32881956007178254
-0.2791116912922666
-0.4192695877474894
-0.3357418685989382
0.1629062238902414
0.6162786485445092
0.7147238267825028
0.8918756119200337
1.1388188232058487
1.2008856224766515
1.0876935420154525
0.8723298839222559
0.7636662215290205
0.44197149974295374
0.16048286631256017
-0.03655127447543796
-0.3034156430610668
-0.2645447245279163
-0.44795121757481005
-0.38583899289098533
-0.32837042073685296
-0.3316460139664978
-0.3605064246186688
-0.17346599726553344
0.0528370436380277
0.047414359758448446
0.056795298836839966
0.17786895187922466
0.24030462865952146
0.11075368044555614
-0.13214733948703397
-0.16147702556140583
-0.3542530341320719
-0.4015563827749727
-0.27036627044709116
-0.13882064557965706
0.11648818510187617
0.3389952491116248
0.6266256659689087
0.5543618268718211
0.44908210246687863
0.25120941815048536
-0.060464082699900785
-0.20480362581483055
-0.13524493669931822
-0.02404394543200709
-0.03068110689234551
0.27438044615493146
0.5343732282425924
0.5399120189205776
0.3659578788467304
0.27528962388095735
-0.07819599851382569
-0.2670470666644333
-0.36161479116899703
-0.2088252132588104
0.2721398097888685
0.5287636686653059
1.2449469794668544
1.791850644296055
