2.441602410076853
1.9483124111826724
1.3965042199551072
0.8069984978506635
0.5835356560543824
0.40557646030258887
0.19869912749693877
0.4374734867763581
0.4273247548063911
0.28488440051577596
0.3249275261042646
0.4242668115729667
0.4444376458939891
0.28648798331262965
0.11711819367849854
-0.02228841604050621
-0.3253104205178809
-0.5640064265131112
-0.5287176031861232
-0.4241754372403542
-0.2679184236816845
-0.24364120780563522
0.16427596079078333
0.28344852678770477
0.24901800896202803
0.20690966242182102
0.06870743841997366
-0.26158278428560844
-0.5954744146317236
-0.6946207833866795
-0.6053795042776692
-0.670420361557174
-0.699068852705706
-0.5060372485644801
-0.721410737213955
-0.7226625083776387
-0.4736059369625577
-0.46277935276381005
-0.36319011807873547
-0.17946422970691742
0.2340765074187618
0.24987385034967238
0.4957300287961025
0.608891365986211
0.628235132182268
0.44163209158786515
0.14993587448711784
-0.16415119428421918
-0.40165159668718464
-0.4082047026814429
-0.30438708420774235
-0.36194486305585993
-0.5524173568655435
-0.44846375435382585
-0.535104579518895
-0.5837408023966325
-0.6265943010975246
-0.4223576569081204
-0.10330024438910741
0.14739838200559424
0.35816510127679746
0.33475926031823433
0.12065988691888513
0.2507514409885234
0.09663760254147515
-0.29583025494008003
-0.3230325995779291
-0.042180715216650025
-0.24977254307362823
-0.17692810100872422
-0.004131864393865633
0.21745317225479252
0.06926771937632693
0.09354356437833844
0.3613965867455739
0.269898803669564
0.39370461982633304
0.5117021160574242
0.6352833532358252
0.36776088591154876
0.2490950127014807
0.20150537649246567
-0.08368070094634383
-0.33027751449692827
-0.41800546869850624
-0.2820705688469731
-0.2120171692168254
-0.10982615535649615
0.10881439908157695
0.14475370690920275
0.29113640030782095
0.4014528530878826
0.2700034157832894
0.10454048172663949
0.20418496518673596
0.07108911210733353
-0.265846437457858
-0.18212106795958155
-0.09544357107287954
-0.269231278554534
-0.40405432725192597
-0.485282561046224
-0.370939833556332
-0.5193703530895536
-0.5082684908418171
-0.598713422370857
-0.4882195611553801
-0.27299769789865785
-0.16016481217136222
0.15613351049295346
0.30890421496897674
0.37309405519305777
0.20530288164543223
0.40476817076435834
0.2918579047533887
0.15306372970086757
-0.01439538860729982
-0.2392950556210531
-0.09673092857841528
-0.1743506353760744
-0.18532216500045842
-0.21357666841937697
0.12657161694997635
0.20941311415363292
0.19746701760026641
0.1314735757661811
0.2725057942877349
0.39173961991574796
0.27330613281821664
-0.059656972716746665
-0.07940279187411797
0.07398333360680895
-0.11870315929896007
-0.13095395631363785
0.17115203575513582
0.45561767003120557
0.3738208726798895
0.1726135666472986
0.3037355672759209
0.3939924417515364
0.2697785013083198
-0.02133442171266685
-0.017626247782834614
0.18424358283775796
0.24985381674308255
0.19086581559905708
0.0870334718644552
-0.004672433283753964
-0.32269012313760936
-0.38787164131144203
-0.40303997759954263
-0.6668705045801543
-0.6540690271370705
-0.4538897068869011
-0.5049900484910769
-0.47124516512778714
-0.10216634544294305
-0.030373202718666698
-0.11204735093018928
-0.18635874289964677
-0.005637841356211883
-0.1487189574963273
-0.053040227278963514
0.03509317814857818
0.03441045039483019
0.10362020114783445
0.11393313562568527
0.21815190967510062
0.27808544185328443
0.1677270926675742
-0.0720446049256283
-0.039446591863319155
-0.258788071591689
-0.47798514326132924
-0.6105124950126762
-0.5945793396245083
-0.5834100792873295
-0.5424963982811043
-0.17101643964413593
0.032656345420420535
-0.16858676435187778
-0.3129671403417149
-0.18191288174907053
-0.23612587064659166
-0.4061228424379843
-0.3591741320506765
-0.045225237293183354
0.037579825785486354
0.14697803207090104
0.3205413100443578
0.3729758989523051
0.016678063544498634
-0.3725479583900108
-0.4440715521115103
-0.41506397105998444
-0.32053457765713794
-0.1374448413387815
-0.03408316543540686
-0.16011801826948827
-0.12688735398686288
0.10221394464296492
0.2710433445661282
0.17710484638798177
0.11849946485309844
0.15606293623277948
-0.1264308186717613
-0.39258583360071764
-0.361918691931261
-0.3090398476751102
-0.41775240557772375
-0.36329497893956053
-0.10139162563117896
0.0020742131153428972
0.13766837978430324
0.1420373444624686
0.18045557780079005
0.3871569347284307
0.3858903650444206
0.2914630291114345
0.11569422424411525
0.20011396591359887
0.21067912888465143
-0.01341421118847972
-0.2609573043335868
-0.3607811910303109
-0.5560240227290335
-0.6294042436267828
-0.7341143394585045
-0.7903306095005476
-0.7947441843852298
-0.6218970190906893
-0.6438480815586473
-0.8797360623280701
-0.8885637547321051
-0.7117784806718833
-0.6862049894733909
-0.5126610578773243
-0.06640560535187742
0.06512779978872195
0.017373941617585775
-0.09122931557664998
-0.0019321156663382876
0.0954384517944681
-0.12887778735779806
-0.17168557120393663
-0.3643574779800347
-0.4452207341709319
-0.38388702530218627
-0.0901570590727761
0.1103218276015591
0.016637594599286425
0.006129444579830994
0.1952171263400289
0.13246323539980637
0.19368855084345732
0.3177710726850387
0.3021909069408933
0.22817970785199168
0.10415228716640679
-0.20892337599366692
-0.6477012371302208
-0.8766470493541869
-1.0371891785660408
-0.9640534054630535
-0.8679696810998101
-0.7214383960715681
-0.41393912651147174
-0.1856724406442438
0.16566894800337179
0.5195703840438872
0.7969965339843355
0.9289362180911311
0.6488128588965774
0.4536524180768317
0.46071377265769886
0.25556958860761336
-0.33127720054862986
-0.474087974570272
-0.23713629513629594
-0.4510635799450608
-0.48621813538206005
-0.10973435550954444
0.10349304146280612
0.037227562986866934
0.1563527723933512
0.45893061686063996
0.36369200535722257
0.37898783020476295
0.4493163442143619
0.5632345976607221
0.12147981376028977
0.04424642607437163
0.06177595711643149
-0.08213323231139237
-0.35272790414454286
-0.3999323647925901
-0.2960667882667608
-0.24038172738184427
-0.2660863400776999
-0.3853086524220208
-0.6632084081710568
-0.9253444323724884
-0.9767750015571632
-0.8726863044240128
-0.6216529821016274
-0.20629183441058646
-0.0135883308212392
-0.004114185379708463
0.4484045828113459
0.5674371101691885
0.48460077600207685
0.6611478695203311
0.7603132549327927
0.5578537091648268
0.20677796663263312
0.39377913472976794
0.4037258515634023
0.2503917470138857
0.3496533365187867
0.4203796356080886
0.39055330969648727
0.4131941625429839
0.4538815679757857
0.5847273127770685
0.23227219996950074
-0.15029326966793796
-0.41341294182604443
-0.5040141985949309
-0.7312708619517166
-0.8033408002157413
-0.7104363383670039
-0.8386240850596097
-0.7645402842373121
-0.6783843861872066
-0.6457506441603957
-0.525206200824636
-0.309625215973149
0.14799799990201076
0.3592955865878054
0.38719904797797644
0.40571340159732966
0.21869873315469004
0.251739409367113
0.3151523578774471
0.15574441537496506
0.1402776046636118
-0.03683237227494533
-0.1741416823156292
-0.099149382379957
0.2005752661602784
0.34774263563192337
0.2832895655958948
0.34848113266918457
0.30420623783724565
0.38494110430998085
0.19852050853344153
0.3488783026024404
0.3380371578915158
0.15032095497307177
0.33040737879260634
0.4143623549002151
-0.06238750778990484
-0.14095702340846508
-0.18493757191006993
-0.5116426431194571
-0.6582665375376492
-0.5054954640357193
-0.25390948884338704
-0.4411521028440122
-0.3451843503810903
0.026898530124392726
0.2760005434768134
0.3360482667149879
0.4631408229098545
0.4100084400346349
0.13657608954221767
0.20582385949241214
0.08153334960435331
-0.0994800995083647
-0.24803667874862018
-0.11939587557277234
-0.12335794718990603
-0.21640492411852993
-0.03151482379672227
-0.09171223871970219
0.04164142031028803
0.24612044262618743
0.21096245552295606
0.11073869915075442
0.4425355749607755
0.41743804453466266
0.15381791360718905
0.22440576041197002
0.31606294147569797
0.12721949408597463
-0.23445788867883874
-0.22045382988665319
-0.12996420425383975
-0.057812760944917246
-0.1840208720534125
-0.1468368671757773
-0.18072782290835201
-0.2833180174835021
-0.24263412579513036
-0.12052686455144504
-0.12476660515179629
-0.36996765037777524
-0.41353450631739136
-0.4818669111712719
-0.41368284598314914
-0.25886234113380435
-0.0032177602227883707
0.1398585383585927
0.24249372518718357
0.40113873421947555
0.28828829688299307
-0.004761062099083456
0.12112021484466609
-0.01150257336113552
-0.20988466167183273
-0.3520358810154263
-0.1655175642610308
-0.3358399527170395
-0.3643406815377328
-0.1126871101885299
0.10090196716368133
0.010368889569521502
0.05707206086563987
0.3917749776489706
0.3632419479168503
0.5100996262341516
0.5178350018947151
0.5881367304224421
0.5418506607022877
0.54235525177118
0.3674709047318315
0.12429316317631249
0.18590406724102435
0.004143365575320519
-0.09155047733775104
-0.2614964023770845
-0.1800545490005513
-0.09997247380367437
-0.2315496330534806
0.001128108079174724
-0.02365861394008716
0.1302353109316401
0.191856798688462
0.42353593325613426
0.3487148012650097
0.1960666486547284
0.364852965102483
0.343756961195487
0.006979514762273475
-0.15461596146336434
0.003946884554030542
-0.20489300897620172
-0.2128261674781193
0.1291012767039184
0.10076819332346479
-0.0675046787661653
-0.18818692153893435
-0.27286113865159234
-0.39486920622023874
-0.2736836365967347
-0.0179158556474394
0.07697896514937931
0.14753783848974714
0.3690210583523496
0.4573267963257159
0.36329226330834896
0.09025930109716256
0.13713044543435995
0.003313001162972292
-0.08219251457405823
-0.19402619708703975
-0.25409200764753426
-0.08339466065306804
0.09462002932693542
-0.006087572900962747
0.03382815497505893
0.20996397863691735
0.04514902157122482
0.15387751711212114
0.2588456676014139
0.15178540436468543
0.0355848083095992
0.17769799473662184
0.2570365223321286
0.26565431562829483
0.17363871745537016
0.10286583190210008
0.1349761555669345
0.39216336304686455
0.6298293005111414
1.1044698348613426
1.5157826208955258
2.034460851411583
