2.1722529521630216
1.6054007880277674
0.8920767375451327
0.5790440759740457
0.4945466510531321
0.1958036315131794
0.27524780863961174
0.49285655524253313
0.40588996044437453
0.27785141068973346
0.27697088788711427
0.3151770009948178
-0.012911583294087628
-0.41422926768579743
-0.32801961551841063
-0.14750951881690189
-0.4456676765066864
-0.3804040191260213
-0.23811308619787397
-0.26978810995695923
-0.43212582043892334
-0.3738642472823118
-0.05381981157256177
-0.08897957027782012
-0.03667705541408145
0.27999519800485234
0.3319462889805816
0.35667137958346806
0.29275816602709936
0.22615674717843606
0.3033067127540549
0.4356102914644521
0.4194258046046355
0.27592640923387945
0.15393473692455184
-0.176511296921853
-0.30100750971227985
-0.504819423511884
-0.6523045466080238
-0.5997906824731526
-0.36026609188290765
-0.3878168874096457
-0.29593921830593195
0.08892448220673069
0.4235112097452446
0.5886464883839847
0.6306259100546587
0.6853559717411041
0.6786174312126926
0.5157764662477196
0.13725238293498476
0.17240097531749574
0.011306309683251274
-0.3624838944284606
-0.34420047352275357
-0.09091531301443731
-0.004586116625572396
-0.03817289317067652
0.18810745523348318
0.3607922249158461
0.27133446704377245
0.19224330582868013
0.33030565234464726
0.28134460525067223
0.2684570535428592
0.24538282053756827
0.1865137425202875
-0.24888911388210802
-0.39210017969386723
-0.1940233169051344
-0.25557469074366085
-0.11418166955887127
0.30129084511396975
0.9839476817638031
1.5167748420913756
1.9973097039795944
