2.3171305347701736
1.9123140220640018
1.190346926232203
0.5384489840270366
0.31693840823311914
-0.14150545930308647
-0.3059588861086371
-0.24546806289120784
0.048172673459882326
0.007810193438819353
0.006698073023520043
0.06719156401619214
0.10230728277332307
0.15011216753432324
-0.007596799537264055
0.14587267263116016
-0.041219655512922435
-0.0018716376481209718
-0.05457807841246078
0.006706701784134719
-0.24091770107895263
-0.32834153910390246
-0.04023685091018566
0.13255013828588
0.09155810012654826
-0.061449334124159045
0.2615091887273071
0.2387398811345583
0.158126151700798
0.48097362233223306
0.727259617777519
0.5644593297051538
0.27047765277750413
0.35075076712920195
0.47489293934363
0.4324673841942036
0.24558137717204523
-0.01782259601229026
-0.18004861330147262
-0.32716154693643784
-0.3476039093569325
-0.4208495957911417
-0.27981009746617913
-0.19002155685141367
-0.06389213568382021
-0.13789464298381082
-0.23641872497046088
-0.22773780632731566
0.12541457066978834
0.20870718182647002
0.03852080224016812
-0.10663168778818834
0.09828389285269695
0.2428880595820816
0.03502992424482976
0.1516884357300262
0.45980319915763107
0.6115807558582249
0.4759460632051064
0.6005939035292327
0.8744885077706973
0.7609063303809697
0.4108354724686126
0.3618322416572127
0.12132355246635551
-0.2752329908742683
-0.6569673352288763
-0.8409538060614855
-0.8217877556404435
-0.717166540147862
-0.4860813289060146
0.020062889698520107
0.2347681507915557
0.4974161343309436
0.6203098809760732
0.5597476608183561
0.5886319271754809
0.56886038106908
0.368389498865573
0.30815218768678126
0.0978216272165839
-0.3076998995632985
-0.5518355867912592
-0.4534736608676619
-0.49552122759309314
-0.9489183530636536
-1.0243577955345828
-0.8317051984141265
-0.7728615725765472
-0.7177391086958276
-0.4677506341349531
-0.19001002230485511
-0.02918809462188661
-0.18238481050608654
-0.2339961821440433
-0.1334902911566665
-0.22394495428210118
-0.4194272323704506
-0.6283676002472035
-0.5386403694299985
-0.5576276493099267
-0.4989850074288141
-0.11440938768831695
0.14262629704728025
0.28939866550605714
0.4832950296856674
0.6001759794361697
0.4624198360812799
0.12541912467533586
-0.19307338628981635
-0.3070241277459762
-0.5017155292051555
-0.38405593389196035
-0.28837770941876173
-0.10330260652384526
0.049887740772534994
0.22390635384523616
0.12564742942785662
-0.11016107897996927
-0.2756926434406387
-0.35384710713948364
-0.6572757769382531
-0.7305755926275606
-0.4743329454334193
-0.6205758263052508
-0.5737153516696849
-0.43055232397470256
-0.4254336234773498
-0.5844153933253802
-0.5922540845885389
-0.5018722891634293
-0.2567592607875387
-0.3575228436360289
-0.34918766825750397
-0.2402914723049732
-0.012993087546327983
-0.026042352972891612
-0.09752855539522247
-0.3731564426435081
-0.5009998476391005
-0.3934720918716356
-0.5883854214759067
-0.676011458363889
-0.7043505576636622
-0.5551224815580758
-0.3722730330644689
-0.30549048223403874
-0.468690872045628
-0.5003823312186626
-0.22718655707250085
-0.26172237781936203
-0.2953227252257482
-0.17908925200359058
0.041280573915948415
0.11039280380485907
-0.05093474965072186
-0.2026919026486247
-0.13491551320083353
-0.226652913812067
-0.03548319223082842
0.20039240728881522
0.22913270780425793
0.34304821307954314
0.3086725058772489
0.31750052759787756
0.12639761630138743
-0.21734976372267759
-0.3410087751435144
-0.5976575126945768
-0.5921698381979231
-0.3675503359153397
-0.4663307494306684
-0.7319201831117287
-0.7714316987634919
-0.723861801433354
-0.7026286727070271
-0.4822510219643768
0.013686458893902746
0.1609532534413569
0.13205088634097914
0.020955944864430448
0.12319966007702798
0.054073955197775414
-0.07860192348280336
-0.091321006098842
-0.23342238401884569
-0.14231254926351525
-0.2860497512169817
-0.19384035842063835
-0.2462026461018787
-0.06847584567428479
0.047583696606287196
0.12057720927668214
-0.10781371113187493
0.0326746422265467
0.13246265946919283
-0.0980788209814342
-0.10599794243904247
-0.21151734436622055
-0.139201156746535
-0.08029293865562206
-0.18599182581157064
0.09445435162189852
0.27690068755155445
0.2121044179789716
0.4478740261261991
0.551059148930929
0.569609693968736
0.3671846459894035
0.11024497370820045
-0.06852969914155037
-0.3933310083290723
-0.4365248290842336
-0.38080435123801065
-0.046235005168308765
0.36443278246321437
0.6426038611141885
0.5642703153005304
0.6547762205675531
0.6519553876232895
0.38908196008097456
-0.1317053688072885
-0.41226739613760127
-0.5401966452096659
-0.7448883378288196
-0.8180118136449877
-0.7159539919329685
-0.5359892026396024
-0.46016196064852816
-0.30356284500930175
-0.2216796167303859
-0.0786554281998797
0.03590653348692152
-0.11670563674452986
-0.27161830119570946
-0.20113718558283913
-0.0960791931796956
-0.26149524956244
-0.498446738950508
-0.3920111256556181
-0.32320490742774116
-0.5242185016011531
-0.41670688744967754
0.020202308776733114
-0.0972014197442028
-0.4690507532615893
-0.4257367376307041
-0.09184810572746002
-0.261072066273884
-0.40458902270630015
-0.179550360710568
0.022116650615930714
-0.1638843204483568
-0.438822342381425
-0.4151072769013009
-0.2380950052487641
-0.3271903826297325
-0.32585861946430333
-0.10432252369326582
0.16684912728228984
0.16867538412806873
0.0851456596684039
-0.09159095305854302
0.032721902569644
-0.22152799130946957
-0.33862808716049164
-0.16604594557524083
0.1278280810216427
0.08786088938786463
-0.13365102439506488
-0.049268424622083695
0.02433702572649597
-0.054398868659854965
0.04602367834135676
0.01755875225028622
0.2773846626017708
0.27068973922243483
0.1769307343703486
0.4582556413386812
0.44705952956534756
0.34405945455456594
0.30469310368699115
0.3039712540684312
-0.030707817194362903
-0.04497034335209482
0.10176529520028202
0.0012411986654964318
0.14874296773302187
0.1842328142568023
0.14488097518215914
-0.0218805740624118
-0.25607173546817447
-0.39085322779353837
-0.699698138787206
-0.7059591302504845
-0.9779273400997985
-1.1005392096196005
-0.9861957122848299
-0.6528650436319372
-0.5898961532089777
-0.48741205919951336
-0.15319089394974814
0.02168481317312828
-0.01754515848737343
0.24042430960078431
0.38131797556980035
0.36116215771855553
0.3208277495789879
0.17467601002029925
0.053698124805104136
-0.06040409463924819
-0.4433525483300983
-0.4587885978815023
-0.30778370275616673
-0.4222609054003113
-0.3085203869099091
0.02947276504609061
0.20412372761648512
0.18860496256335435
0.21611833579147186
0.26526733441678246
-0.05177780321190427
-0.10480428364372846
-0.17370432438757444
-0.09695369678993186
-0.270170634901256
-0.5232510881558731
-0.4757349713326584
-0.40175802722867726
-0.27575905377989296
0.10761112552618923
0.13324327899628918
0.1326960491378514
0.23122251026698953
0.09378841828196952
-0.16750848590380113
-0.1293075084529006
-0.1832203304202187
-0.41997087987092374
-0.28961689219268644
-0.28632605830046
-0.08454545748615026
0.20873627904880654
0.44374980749007104
0.5748537959376598
0.6104540137570557
0.5648305541942529
0.4870972645093759
0.49556207807820535
0.29572553553388453
0.011866316871617488
0.04560447875443017
0.07333353130814184
-0.10640423561426085
-0.19660289799714603
-0.24146030144352307
-0.36953806095647435
-0.37192455217378306
-0.14677969076066982
-0.05583194899508972
-0.12317885635302916
-0.006104188055217715
-0.08110943348426063
0.03279309287968381
-0.028932691470511272
-0.0482743853033502
0.19192272125080562
0.05127512875584943
-0.11168549304531233
0.15822295909005119
0.05446046156445483
-0.2976130194494789
-0.23145029400026584
-0.2526799033006188
-0.37494038789843015
-0.5148488439667949
-0.4011262549401726
-0.14428355057355638
0.1874201718124407
0.6117235321454128
1.37334070750013
1.9890191704774627
