2.0385990277958124
1.527295930720852
1.09279467934178
0.6596741299836587
0.49096999781654993
0.3531955060945112
0.3655406894602139
0.3004865459433643
0.3502914288050485
0.24159301124439955
0.23796108079565606
0.10745273054497291
-0.001556905129736966
0.16674610177037102
0.20903211161054774
0.004487119218310292
-0.041224210021444614
-0.18534858288748784
-0.18985040263511765
-0.2827740842336315
-0.23987279023108693
-0.25572304673261365
-0.46914960512367765
-0.6096717557523857
-0.4349532998810305
-0.34570545605716707
-0.44407667975017057
-0.5183987866756602
-0.39657440114649145
-0.234175036665633
-0.22495050387396956
-0.04363534475093906
0.12788680509864184
0.2446111024791242
0.19505033180870543
-0.014661394422899545
-0.10609572040120223
-0.32087237409041275
-0.30409351438066784
-0.23894979047549422
0.05898633994868192
0.09039894811124712
0.10698197734335085
0.1878510042666007
0.19526680302572078
0.04317778560058105
-0.11886697699206716
-0.046918492360546155
0.09324723448353783
0.2519964145289444
0.25605044393288484
0.5243250623294855
0.4895000009637229
0.3656459833146183
0.4498342768346391
0.35271966029161417
-0.13164524785172071
-0.27792079162136707
-0.09589578681885455
-0.09532977424137387
-0.005999274675035147
-0.1183620982248552
0.16901534973966686
0.28644216518736143
0.11880820117533819
0.10732720864018741
0.1897025243080126
0.017380834700727432
0.08540571375592153
0.10782400615830158
-0.033084026845405005
-0.024923249485709044
0.09211212521071947
0.2387802656058849
0.11961506176108078
-0.15212539379780357
-0.015033406844980415
-0.05724914290322079
-0.2932633841674077
-0.3706145659936425
-0.2351348288338516
-0.1742092447093221
-0.2646099727549018
-0.4609238402008725
-0.5083749886665553
-0.2680098185194832
-0.24714387061167162
-0.524906675085114
-0.4888270444565824
-0.25023047299339124
0.06219962724482741
0.22409491192274614
0.42277241428001666
0.604516569441104
0.6082927133755992
0.3313593357474228
0.05157457869711331
-0.21077288980087802
-0.6533137316282134
-0.7209554253171644
-0.7757281898149622
-0.7033364504990544
-0.5117885469275123
-0.046904221655818465
0.16899045101276125
0.18235825365546526
0.17112412698089832
-0.06555045510103537
0.004023395156284511
-0.1819159443054735
-0.10184908496863948
0.27903498658743286
0.3780668017281635
0.40310750778709753
0.4719945721867486
0.5396128563443284
0.33129409361442846
0.017777494743123224
-0.03886475131371623
-0.03996737512747235
-0.20551443237946723
-0.20173064032739052
0.06418279077377691
0.1792183367566105
0.1413752294862409
0.21964220343212384
0.1691828894665326
0.15832116869871637
-0.14297547780203912
-0.3335730183133172
-0.3276000845164502
-0.37159628309232856
-0.640720601386907
-0.621907823231252
-0.31066332265621166
-0.2555612583986024
-0.1955934445206048
-0.04712529523693084
0.09401121389455491
-0.08016479742966054
-0.3668354709859552
-0.4685698367828406
-0.49365998674019446
-0.48756069148808145
-0.6418072049410856
-0.5735403944861848
-0.521503339656214
-0.3513144207863472
-0.23253858017160836
-0.006326741450246437
-0.010605516580770113
0.1956774542799223
0.549607183274519
0.9027900961637452
1.5306393385772366
1.7845941508697911
