2.192499924235229
1.6138625742986126
0.9636084419455848
0.2733302906807395
-0.026339136887910123
-0.3294990414864044
-0.3481443043405005
-0.3048033326600351
-0.10019690626670752
0.24848541866407536
0.3219100883119053
0.37435828943546356
0.3065906726244901
0.27217588005275856
0.23626217745656145
0.026576591264482908
-0.22285795002814301
-0.17114282986334792
-0.3064160406751213
-0.2361871697563117
0.010765471194243932
0.23713746759690466
0.446464283938004
0.3416335833764289
0.08994446508932293
0.054494359706077355
-0.17753188570968995
-0.12366592085643184
-0.12523405345480942
-0.3020702578249225
-0.22995499521590756
-0.22970899240924533
-0.09324380882877159
0.0066762728730131215
0.3072677357003519
0.3382403772470698
0.21156067557797678
0.23000110850587022
0.2468620204185361
-0.017190516547414
-0.2610991627678423
-0.46416936285833615
-0.6433654391231247
-0.7795707269628552
-0.7327089673511716
-0.5291358472421862
-0.6005225928282931
-0.8299135985224875
-0.9010266741833001
-0.8470463601200396
-0.6902667520944387
-0.39703239054159123
-0.06449381168437733
0.006861343658720568
0.015303200817444228
-0.04576327682863217
-0.28212759814768623
-0.3944374304542729
-0.26084444278185986
-0.2895665960095759
-0.09645160779465733
-0.10893043387441578
-0.09222685863857226
-0.027587607584526188
-0.20834133484110928
-0.3047257296676717
-0.22107355776159945
-0.3605551118913072
-0.3156238569284947
-0.025590613119982245
0.06737562455509036
0.023831031982971148
-0.16747443252000088
-0.15361422003972539
0.17503591733672041
0.4265746711210746
0.4180953119304149
0.5275696154660987
0.5877374452352425
0.6065203760014619
0.4986998594576087
0.40495973683657494
0.3898073237790736
0.24009643975130185
-0.03247159082913128
-0.2870533082701467
-0.283947263698448
-0.33370922177050255
-0.36456488610371346
-0.26151119460072575
-0.039442209962112416
0.12492260078193473
0.044978439737721865
0.014616933070629352
-0.24907874024753648
-0.27670340860605
-0.012968915299467497
0.2888362130570466
0.3560271211101595
0.269979356465617
0.3042956475804874
0.3394097099790184
0.11078461949731774
0.07965896085472299
-0.007953374362065814
-0.2410921361396104
-0.5316444526518581
-0.7554137922741271
-0.8797479131580467
-0.8917946688061155
-0.768061961101146
-0.373542088361191
-0.42211124344059436
-0.33194427893055534
0.06485755897577834
0.20136339061031636
0.27244514299087863
0.290666291192853
0.4202268849902163
0.28199092628383604
0.07697847620076866
0.20439371631996534
0.24086374065755564
0.23638521336190024
0.1761537370370068
0.22163379418551418
0.04677586255246715
-0.15787146289803336
-0.12162345680620766
-0.09318308650544169
-0.17001916040983578
-0.29113830670049157
-0.09809312715101441
-0.06541747305816042
-0.05187194863306409
-0.17109196751724742
-0.22944596807905315
-0.059593525971101874
-0.19204141778044953
-0.1925417797671495
-0.4198319018538582
-0.759743227323802
-1.0105934670943042
-0.9848144248630681
-0.807599588207693
-0.578167367628807
-0.3028078059588974
-0.08695599929148404
0.008783180974784647
-0.03586072290508727
0.14394679538437943
0.22307082771595457
0.08142422743416375
-0.06136257621285951
-0.03832652347881953
-0.11237465549496545
-0.23011238253537725
-0.42127866065909725
-0.35227346988170716
-0.1599911568210757
-0.17149045886971676
-0.20307692089493212
-0.004876800757468116
-0.1467703955107924
-0.12415841984772139
0.19349972130055804
0.3136410382110853
0.2768848488952339
0.2909525253791351
0.3811441102999271
0.11708591295522941
-0.20480708972788714
-0.08994712521276337
-0.057509588179547086
-0.36515614970857213
-0.46454328677396645
-0.27228132636799923
-0.24156333286696838
-0.23684376262260465
0.11015160780520318
0.045705473442817265
0.1411692295122262
0.31616489417016375
0.34693361053595184
0.17136625079027154
-0.023804125003955828
-0.3044677000981052
-0.4467074496224675
-0.5760518650799821
-0.5330383820132362
-0.30332760507541345
-0.26907767010908296
-0.29987014284634045
-0.539307330631129
-0.589688248849012
-0.3875664702050497
-0.18238744865448706
-0.020682007086439136
0.074032644406291
0.18460880797523754
0.18671128731285794
0.1304219234194232
0.09737818733563802
0.21728750629350968
0.07246030408964267
-0.09008994258017644
0.0010160144228793043
-0.16810988879494254
-0.3868153000658763
-0.3044092079610085
-0.572836688830704
-0.5318501813591847
-0.25012787771384054
-0.2211468702184064
0.04129381420546978
0.007219730376996491
0.12483691558432741
0.1451222494344587
-0.09298303337709364
0.049852382675769
-0.009480609436162763
-0.039923353555289726
0.07774860137057776
0.2239258048961051
0.1410744487029928
0.12386007391256497
0.06461033729647374
0.2418476491470112
0.0689576237638908
-0.22187268862420045
-0.2643910022486548
-0.3658362771745212
-0.27716403224080277
-0.391256731975739
-0.3286050495400532
-0.3228493872256545
-0.3245938458664595
-0.3400036512430126
-0.5277573256144366
-0.8184398605255891
-1.0316749411593213
-1.129534238173377
-1.1082249241915
-0.9219874739534685
-0.6367404815334854
-0.45519211957519745
-0.4384984148518913
-0.11949516401484404
-0.08429073643209922
-0.1834078101584376
-0.13362020062247443
-0.21704737141859534
-0.38227632735276246
-0.34911491831918234
-0.49178808288924675
-0.655228279286311
-0.502155530546779
-0.16585105274799294
-0.20786049301311849
0.01398625281317141
0.21863758676228856
0.4724539267416091
0.33283547208031633
0.28312039386459203
0.2739316735605596
-0.0317434319582488
-0.09912602173091001
0.03721395350301795
0.15874362166448788
0.15655036738881284
0.17696814017477808
-0.04103124433965866
-0.01516465387668185
-0.11453538999788226
-0.24285532234187218
-0.16572943695475958
-0.27889894482122196
-0.2561010299246592
-0.27728895211335475
-0.43707243026418763
-0.5932310631840373
-0.5783383761179066
-0.453516531605011
-0.2945552391319762
0.0773529387621442
0.7103340188277445
1.2010983106757827
1.603792606931853
