2.189890760075826
1.6789484328744329
1.113802306993919
0.6421821532233658
0.390671198269837
0.05820390395706526
-0.18899644897643567
-0.31421159457024594
-0.47178738096956985
-0.5542534907369556
-0.4866887102508174
-0.3120857468489233
-0.5325219700293596
-0.47211986807477635
-0.22561332785611593
-0.2127315132969988
-0.21306125307093693
0.07160370445808087
0.2829723241208979
0.14336916965688243
0.4639397414474943
0.6734475545882044
0.6964741255564963
0.46802931032581024
0.2263926257344117
0.054743307830306266
-0.35461743592751493
-0.6513691768620291
-0.6283353822567492
-0.4972003607103899
-0.7578496314271215
-0.7751134271286819
-0.4808218109376355
-0.12915316175401298
-0.04919953364648314
0.23556126666874044
0.5804479863465761
0.6697522945853878
0.7415943885578489
0.7262114664051954
0.6218549462576569
0.5664901024602661
0.40076404139398714
-0.06449562596346105
-0.17039792669092127
-0.046369778245163557
-0.2891502907307781
-0.28969994463937404
-0.047716107187784025
-0.027718678204770926
-0.07966472462867093
-0.09084694460624206
0.08794167300974975
-0.0699007140107654
-0.010231695650083777
0.07954562979941159
-0.039736391279633174
0.09835483817655631
0.2054494336786886
0.2766381214068278
0.18353597623258727
0.3971405815529093
0.37141793840916054
0.509528419115686
0.4420746193476325
0.2217904330198709
0.3683348847999764
0.2561866113155995
0.036599924426023556
-0.048897396814768436
-0.3178711551936475
-0.44017534073601255
-0.34069998733194234
-0.3284957693870826
-0.3318433153059083
-0.5997321058585271
-0.45825606025456234
-0.585763411511999
-0.5736076650297077
-0.37220731469646434
0.04685529302747628
0.13859482562572822
0.09842129495288968
0.3123688514742188
0.264416701516386
0.09536831501108785
0.14613532259209633
0.48940043516631065
0.6177949546310068
0.7171647480943688
0.5875410115518359
0.5920852007066093
0.487456470144884
0.03380889648438563
0.10670030302003203
-0.06083698111008208
-0.2190289441452954
-0.34088933666037674
-0.28181713311646045
-0.5257240855290727
-0.6255385233562809
-0.4096163783267777
-0.5179381156916416
-0.6193400397831763
-0.4343182930500526
-0.025519799474755026
0.10758844957305107
0.25194481151030684
0.4730539884262309
0.6877755630372099
0.587019289851747
0.8791451688327679
1.5759279821473846
2.0368140281552427
