2.304815480685589
1.7187265604318114
1.0405412931443556
0.7644319971848716
0.5862480490287476
0.6859227385317145
0.41397417621399746
0.20988570671168685
-0.013485058769106353
-0.33864970249547854
-0.4968230693271688
-0.4740880086123864
-0.5018855444700601
-0.3724360312398143
-0.3245388895968931
-0.7441145507810478
-0.03855892287684306
0.3649527136707048
0.3350241686160659
0.22390768522675406
0.19576089545634792
0.14740765104004974
0.24748083484653977
0.049385450550512036
0.1741964293372025
0.2952364486055999
0.26566222104525383
0.04190369413727014
0.2314758577848749
0.14027567205389077
0.14384686928498072
0.2618189248992694
0.37061481412535485
0.44485379698615685
0.35786141132225013
0.08165171071935558
0.04035203866964264
-0.21385633693170047
-0.2704274296678074
-0.3043668763032653
-0.26573684795786934
0.031010698580988913
-0.12733650454163795
-0.3469894584959059
-0.23303708705758677
-0.33877594357571716
-0.5064395662804976
-0.3692850924598678
-0.17647048627190398
-0.3043972692514881
-0.3011236572890334
-0.06329318465237709
0.19095719483402476
0.3482759828017675
0.3764418241236011
0.5180277427010992
0.5019459565035974
0.2446313341382706
0.03446461499638972
-0.2968838629272183
-0.3234770022192232
-0.36990213581271203
-0.19324026217816279
-0.2336090205314028
-0.14896311149154917
-0.506055458549589
0.30486648483655104
0.34125983938188786
0.374833153842917
0.6958995972134561
0.7539468242460458
0.535515994939181
0.5021334809706216
0.5689018857891291
0.2788704872889685
-0.005287230479019858
0.08195235843782482
0.09629543640577592
-0.2625275057754847
-0.19986730283544277
-0.15901803523921576
-0.4629454765443115
-0.5562946784877363
-0.3352680924808575
0.036600046894340446
-0.04761474747255422
0.1403103795462614
0.4503661646364073
0.5283373972283157
0.32102225500761183
0.45953454127924825
0.5178501441736243
0.29070185305403756
-0.09014674035295266
-0.1967346923835792
-0.39509311798612096
-0.48414060646337953
-0.23119379079743022
-0.06228650047371549
-0.17982209559086876
-0.15476090541179863
0.1617132296024351
0.1461526627273978
-0.4419442198708221
0.16487500644494388
0.2648338564709987
0.311793573172217
0.3857044426457254
0.5389386301242786
0.48928406787556605
0.4236546610038303
0.6659589639004433
0.9533406887936613
0.9212804426489314
0.1442331800728717
0.8262560726113456
0.8721087640295597
0.33643889582890546
0.03048099841504934
0.10992646521889951
-0.11587165152555191
-0.14847334005506957
0.20548927215604215
0.4492310405619433
-0.12315630308313263
0.55536170510949
0.8989951552092389
0.7934566984425602
0.5536820844305447
0.26394917085584246
0.21729764178284475
0.22995589761612742
0.3379405479745232
0.3597853886949609
0.21474029818768345
-0.3268174361559358
0.2975654999830273
0.2765253621633728
-0.11823305764964198
-0.19981886121716372
-0.108844731740214
-0.06834172938196856
0.06473928092927321
-0.12466917177268103
-0.291702391317143
-0.2162954016120103
-0.38108442283624283
-0.29475487057084004
-0.05842045453087383
0.2826244428806467
0.3237049886358241
0.30663215233383867
0.12351920748928288
-0.15533505935878586
-0.26049463199023515
-0.5079316226863442
-0.6089429988427951
-0.7236786228917942
-0.8615985744788981
-0.9369777710504467
-0.9473753572212149
-0.8359590857931267
-0.4766022856827588
-0.1437264681520983
0.04766756231965044
0.3551800176315319
0.5560995317102584
0.6446697616430671
0.5924274439914234
0.5716537359233272
0.6913645557261371
0.5257957217536356
0.3398306561300607
0.2155549460399488
0.06949329327610199
-0.20586149696665354
-0.19163747270338186
-0.2786193087051316
-0.2839479551870536
-0.03836695795129423
0.009869794291645872
-0.01814168155565085
0.13368736826626507
-0.012884494469458344
-0.18450102466711832
-0.036559686152237744
0.20938865902143883
0.3499653084998869
0.4732776216865112
0.6624653558547502
0.6018684376151154
0.5539553641003069
0.3444954637711442
0.13124084946182127
-0.28645460187863053
-0.32134496194334644
-0.2905128402944885
-0.44974553242910736
-0.3566406701264474
-0.13423401086414488
-0.03565709719419742
0.30890636162101953
0.33322374852795145
0.2178699610940858
0.06955533169058517
-0.5453505820474747
0.027344481151938316
-0.2247883465778248
-0.36059221086865734
-0.4293463991711525
-0.3334408639806367
-0.143255767076287
0.02209850227674439
0.2251582501384591
0.31310334756415337
0.3477805581388541
0.22562815949397413
0.18931842940791227
0.07284054455309426
-0.0648758849699803
-0.20723830432994153
-0.03339742151500927
-0.06960191662671264
-0.18985498264589254
-0.06387469608872405
0.006668209815467926
0.077619439492878
0.09214433061883974
0.10207689878409862
-0.012149725856954719
-0.03937814182542525
-0.1855271323455028
-0.27026853865257466
-0.13009631979653577
-0.3020513156815544
-0.3932377705121294
-0.09895763225158308
-0.05989664278923758
-0.16591484006564639
-0.11774627495343433
-0.11012453723641752
0.10375275743702395
0.07443822892941411
0.18919554542047795
0.13981263427989044
0.26950709936634637
0.42212072010737556
0.16266673858683645
-0.4005176077847468
0.2141020603209277
0.32019652358594497
0.20810716047052702
-0.0963164966550839
-0.221242480309534
-0.18274838204742186
-0.2143232817972834
0.07945865555114444
0.2553950029563428
0.13543839152081155
-0.09277654514429562
0.05796718221141165
-0.0791435007272769
-0.025072253835355357
-0.13314041409549723
-0.3756080514214319
-0.40310765626402195
-0.6447500606003153
-0.6990945675274489
-0.5546981323025102
-0.39452504340585554
-0.4899261587029975
-0.3717796971325562
0.0002931410153459024
0.16336460150706902
0.26191008428003637
-0.3684178570496107
0.21974991399358357
0.4848875925063222
0.6021027351301811
0.27798591005005363
0.3457256767843894
0.43060627069950197
0.3328907601846419
0.019905582061944285
0.06354033328808692
0.3851681644695074
0.6712884154294015
0.5629280720039007
0.15939335017530126
0.8031698701097841
0.1621607117077269
0.4860657926681557
0.5801783178313362
0.7130665442253299
0.6086286209980555
0.48386221527483025
0.5718657968720903
0.6209794200473857
0.4110387354725378
0.07845062709916681
0.22175508047058953
0.20376581701753402
-0.05960643486505905
-0.3523851568014095
-0.5976914379843897
-0.5850130295504378
-0.5447263293009708
-0.5314507384171231
-0.22150358939091286
-0.07225160961204352
-0.2652271611504996
-0.09780982294397184
0.06984188387448576
-0.214759641348634
-0.37132171782503137
-0.14328533211497033
0.09238849712616796
0.05770127166802534
0.014267515137749126
0.4554555738525182
0.54285972763336
0.5635715757621397
0.5772133133104078
0.4174103760365998
-0.075777288710687
-0.28568565023881587
-0.5738406948679592
-0.5993779486984411
-0.7595492836191479
-0.574475820557141
-0.14818208721170226
-0.05145636200257377
0.07287652917952528
0.26350236123852644
0.33210417704844525
0.1637123470248443
0.24505513741421844
0.29049125727786673
0.1773703334785144
-0.0635103137683856
-0.017664601048409643
-0.11320604291272186
-0.20603672442552454
-0.10923650486948511
-0.24320052367978162
-0.0175031280301056
-0.06574090819716953
-0.012828699851474713
-0.35632606773564934
0.43468046452774783
0.6117853325154621
0.4097690940171278
-0.07542158470746899
-0.2232456219151899
-0.406774918576319
-0.4387498671332324
-0.49884956597998836
-0.4519685927458969
-0.16005346226345235
-0.004253204429341523
-0.059519215687346624
0.12975803930399685
0.3267750302060297
0.5739270507199669
0.4874047111757605
0.2520515433329694
0.14336389546765327
-0.14176154283179998
-0.518340560653173
-0.6875042512063697
-0.6105217347177561
-0.4530804291384524
-0.6209744766606253
-0.46995524283873075
-0.3196880910049481
-0.2644952507192506
-0.04777362155921991
-0.010033973719413593
0.260732173720035
0.2548495400318042
0.3740213540938479
0.5873157120608614
0.6739797906434544
0.778877889354387
0.9429359065270635
1.0116810752320875
0.9790818151917792
0.9481931585146913
1.017758942819898
0.7982821834134531
0.5941825990278636
0.49460284064430887
0.47886648731428316
0.21044806100812155
-0.15963986634871902
-0.12804625585093224
-0.29972595980613614
-0.299008150622803
-0.08206287268879715
0.043495885491353616
-0.04394680688058711
0.08271540864776813
0.2526508327260509
0.4225046981812566
0.2840096833470472
0.2713029317271183
0.4557702439111571
0.621511085407439
0.72420910136411
0.6357636528852607
0.4899333209018953
0.279025823049168
0.03610421883306254
-0.1408955535462217
-0.04730988568819661
0.2758844504312251
0.33115737911650356
0.25981604107103695
0.59296959539178
0.7974603094035859
0.8156826159669797
0.6832904111107502
0.64714847846055
0.5467818372479825
0.13344566826322143
-0.0558085139182478
0.0855257069871311
0.2122788617910254
-0.01446302056110912
-0.004371247678350814
0.5466550869449736
1.0418879280158326
1.2056564809711308
1.5666096566027459
