2.2451010374244853
1.7365666009206127
1.1477422683280463
0.48209219781957635
0.00914835779296486
-0.26072467777002484
-0.34306305866363584
-0.3262529231827994
-0.38740794970126513
-0.17198219317907118
-0.07960034729100962
0.06502862222704442
0.049342146422150714
-0.013711232478201298
-0.17145582004093698
-0.20546318260841995
-0.011308216597197822
0.10164834966537636
0.12931021871017478
-0.12836700872193987
-0.3470434723479528
-0.4999976047702681
-0.5648859434394606
-0.777636186478889
-0.7196446138319278
-0.4496824175989216
-0.4412775844398179
-0.21890711547766073
0.0037548222113709885
0.16469302001664896
0.13904484940506448
0.03797432770642119
0.26133355828697014
0.16209999886052906
0.015657619852004864
-0.08502277009245067
-0.33265492925981555
-0.43792204053964745
-0.5505322068736077
-0.4763443413024365
-0.2161734436205055
-0.19415601967812368
-0.25721858751490934
-0.32790138114880196
-0.13078372591519616
-0.11105691889510608
-0.35493608126056053
-0.5293372811349779
-0.3606098403287265
-0.05505835581322163
0.20909652135678605
0.28635143659850365
0.35339443056648995
0.35183392660574236
0.29842524392543884
0.48266607081195956
0.47235373502053185
0.25725073331241693
0.36827901020143927
0.31007364696383843
0.19495322465324488
0.01310441974988738
0.24025133072803087
0.17962178453521255
-0.016455622820497853
-0.07208029338569169
0.2774342543887345
0.21443735327139216
-0.09523288763498014
-0.01789420875050828
0.05641151282861087
-0.04326840122963749
-0.27524948279600403
-0.0638246871499165
0.07230375307931267
-0.009578966209334808
-0.07267689799452687
0.2789809872243862
0.2714513184433091
0.12918503817189586
0.3061374302950243
0.3686531144940652
0.11942573737324139
-0.04286796675351783
0.046746556182620407
-0.16195017523993255
-0.4039622612152713
-0.33263958005041727
-0.29821408474526845
-0.09763153684193811
-0.07288239916781307
-0.043900084496271585
0.25696931468454154
0.43015747640040297
0.273776334051157
0.4659017969103961
0.57994726686579
0.3511587196166773
0.32135764013607176
0.3088974760181057
-0.03947663820895421
0.0024891108349575993
-0.08472034542452589
-0.1135141051570703
0.03388665219006969
0.24803341177050695
0.19953341182754963
0.1611536367631549
0.31914359007934495
0.3633755761377551
0.16170854562731116
0.10919333207321602
0.413912048677254
0.4842098796713133
0.3243717730791384
0.23901739383816953
0.26334404514823284
-0.10897713130682044
-0.11782512796410202
0.01957310379550627
-0.04625875179400073
-0.07618992482724564
0.13951987944219693
0.08733057845922847
-0.2528746585117167
-0.4581012408091648
-0.4748430143832777
-0.6011599801833732
-0.6876570258533496
-0.5643897368970447
-0.2475716109454043
0.003471730092699218
0.1460713111144419
0.37269284560915994
0.5507281296936538
0.5652164993125393
0.3143760242096417
0.014925261706293411
-0.12236396488217184
-0.40538492241400204
-0.46396041929402443
-0.4608044045819058
-0.2461182539574701
-0.46552064172479884
-0.5320704013188498
-0.23157916739870724
-0.10503458353303086
-0.15267869272406304
-0.3705845707251955
-0.3428312916604076
-0.5741161022583834
-0.6171312399179206
-0.5378586005222566
-0.34798794459806504
-0.11018697802297656
-0.2739523474354718
-0.16635155226390352
-0.11537018803074298
-0.011782761379448788
0.23369972835304048
0.47772126332897286
0.4056983494834171
0.4310773584702579
0.3318550624019684
-0.028848823968008083
-0.18088950548590957
-0.0911369752110601
-0.24822910535418297
-0.22189367290947576
-0.18564363991720123
-0.24159732264449738
-0.47685153802036195
-0.6252852726896261
-0.6386414094508567
-0.5725882976688925
-0.4639844157177003
-0.37667640276415293
-0.11936896294707582
-0.18613124151051147
-0.2343369132411548
-0.40003858270233794
-0.3654481111759847
-0.4602718136067553
-0.5633875231612216
-0.4983637631363305
-0.26247650631711106
-0.14382232091284944
-0.007163455210007784
0.1785979172026715
0.0672476046169618
-0.10266762480144741
0.048310496814788065
0.07233268783736868
0.17217926589178076
0.35498614777719695
0.17945396315002235
0.025924765634674645
-0.26704392455675413
-0.5121923319197672
-0.6163977959914917
-0.5680571398708576
-0.4190940822463875
-0.22919531074318458
0.012142907700707473
0.33389735928488107
0.4928920581965526
0.4824056166217817
0.7928554946952115
1.2834601440221642
1.5828147173582037
1.8836074233672424
