1.9635880107633459
1.381517958612451
0.7077960146755413
0.218962284942421
-0.07223134107763732
-0.4896832039996769
-0.5944914997727871
-0.6882838274500958
-0.7303299561871052
-0.7011531797791402
-0.5888692727587683
-0.46405055235534065
-0.4771175454248509
-0.5989436008531567
-0.4298525941340948
-0.5455615689006731
-0.5832587627342652
-0.38448809711916737
-0.2795472221958338
-0.17550396814871635
-0.1734047884438302
-0.2754259664668077
-0.386904689948988
-0.12739800921633473
-0.07623021142992108
0.06647645565278969
0.1997796351396465
0.16383449713300102
-0.12581326611135546
-0.379954605982579
-0.33273912590571864
-0.021085643169226623
-0.15222992594322482
-0.15379479725518927
-0.06021273376053363
0.1165727117808105
-0.1244942563152144
-0.40063750590791686
-0.4425668957090053
-0.3843257315800463
-0.5900708848135068
-0.6553796223662519
-0.47880899973250074
-0.5913339635044906
-0.5648539644811374
-0.1559321049241894
-0.1029437869799657
-0.16783323287594173
0.07336641305457246
0.2516632222032951
0.49065241878628185
0.30392287119973727
0.1480820138008448
0.29143656111018834
0.008889435587332755
-0.09502494463230443
-0.24889101857155632
-0.15916711992394444
-0.17996399594541185
-0.13361382579335762
-0.35378263394559023
-0.4000760997394576
-0.3389213703693871
-0.40337399704140675
-0.4817737789007772
-0.3068695237171798
-0.01761777673318931
-0.06077341435524738
-0.19158217213003337
-0.02932500551688483
0.19449050882238697
0.04134453869819497
-0.0044277153162436056
-0.12948807288708233
0.08320079027675092
0.1413050781311522
-0.16475192442709974
-0.5402138851409936
-0.5672644270326749
-0.47737359287622627
-0.495409922236917
-0.3158863980442525
0.0640279850891066
0.1977278616834038
0.07358571819123783
0.03685304101549234
0.27135054769762756
0.21639740815208502
0.16904730005047644
0.3188062892147015
0.3341180204263191
0.1926468480818973
-0.1458675196322153
-0.047165596947369645
-0.11207200143453375
-0.27545252142180804
-0.14037802031332444
-0.09433009206965935
-0.10373811560521837
-0.22815437407348926
-0.19519974863330297
0.06743612763908616
-0.02213440022381363
0.001779300089423305
-0.04103873660465572
-0.01835017638585923
-0.22047270171068167
-0.3189870305203186
-0.4606735748791331
-0.5561298952385415
-0.7239976856051245
-0.7070551659360724
-0.3863127407610509
-0.5110205143628613
-0.42779895653629735
-0.2986077655664371
-0.003107406450872583
-0.16873492247417965
-0.3032236494881835
-0.07690513211551585
-0.016963525018984148
-0.11251944643462139
0.06711440213554969
0.14680633450006642
0.006068086023653972
-0.4375152362395919
-0.5431359312512054
-0.4521663318316364
-0.46749290159424034
-0.486129387755245
-0.13531331820889891
0.2158882539405972
0.31376867423673116
0.712747976058221
0.889930351752936
0.7639216346376795
0.49798203712322453
0.20669974962582818
-0.14247514449636345
-0.21131221891365817
-0.5058647279832958
-0.5316760499532527
-0.262027445854381
-0.039815045469754055
0.009197953023204175
-0.06319149217273888
0.08272785530725127
0.09948012483785118
0.02924529505186664
-0.2163313755838138
-0.21957904036218928
-0.2396662663820221
-0.3417659594584458
-0.29094309956253017
-0.16886225352784498
-0.23789139542182702
-0.12392246684413444
-0.051153342517977096
-0.27123560305090605
-0.448288659813508
-0.47877424675052394
-0.30789727859109206
-0.22637138603303325
-0.29745123349615327
0.016218530006652104
0.111115233934646
-0.009483861566263536
-0.169606291597657
-0.08683072880217627
-0.18513368873093747
-0.4835222358340547
-0.3927412422699156
-0.25726141255185264
-0.23788152391503414
-0.24368039430480473
0.04665115234892228
0.42355951046856966
0.4379236124028372
0.32433161050707204
0.2923419249588278
0.10556648283103837
-0.24812623309166243
-0.5323054639312268
-0.5988379222745878
-0.34963458843619644
-0.14403730508782084
-0.20527798351302018
-0.12652515315824855
0.03386094436553504
0.2701150365588519
0.49714632020338934
0.8275183561530365
0.7722423319907175
0.687356095282097
0.506646876553028
0.6130454181776491
0.5157130758864936
0.5173817777746021
0.5623390090991603
0.8601090473861579
0.6866255601381567
0.5144448234025668
0.6508974288655829
0.8110679995251905
0.5287645394264876
0.18396493602877906
0.19782966791949536
0.24155944437892773
0.1157304646375328
-0.16340069644676758
-0.1051772486936785
-0.13924851730492732
-0.4736298987936956
-0.5738324448442175
-0.4521027411354343
-0.282808524786039
-0.3161205227772707
-0.3360210023134723
-0.4726951466593792
-0.47857975984687035
-0.6807393001040658
-0.6353834341802684
-0.7300858707733362
-0.6019366214502279
-0.36035866695895497
-0.35474880456204166
-0.34189029793231246
-0.31677556495454573
-0.012411219300449285
0.38408749484339205
0.5082391071017976
0.5618598175362484
0.6011060062840317
0.4522124704912336
0.2985370935572845
0.3192847453750242
0.3495152796592649
0.28619720146379235
0.35891313869696545
0.3076758692129694
0.31304742765993443
0.3127331530943831
-0.0041189176600911264
-0.15915707492273304
-0.3139917249454328
-0.36155306997394443
-0.39294037376117535
-0.1992557402671058
-0.041313779686495015
-0.16076301667503323
0.16122173280983965
0.19955874839455578
-0.0036827601893654857
-0.24127518385996138
-0.22095066664297774
-0.35300812367037715
-0.30992676019108284
-0.07189226337873587
0.26856484583855705
0.27666847004632156
0.3381008488067825
0.48405448573426846
0.21592823711080567
-0.06434111607051762
-0.2732254079095709
-0.30155661418021906
-0.545038733949396
-0.6525054456441235
-0.39129229659669235
-0.2166234030022966
-0.01856868010175771
-0.0706169205535406
0.12648022237141032
0.025409042442928423
0.1595054678380275
0.211680572561368
0.26790542806802553
0.013204986912434736
-0.3583695106224386
-0.4827918839607265
-0.3034650409807353
-0.13424367487218464
-0.2856741776727714
-0.11240201105231412
0.13942105803802216
0.39664555798986156
0.3892877210932436
0.30512865476417395
0.2602577036366057
0.25997912661996936
0.03563638871312523
-0.2723701379265988
-0.4189466701992834
-0.5499637321358352
-0.7250183582188304
-0.613777927190723
-0.559926315285692
-0.345166796854965
-0.1915141233427148
-0.04151543149298834
0.15531877824312967
0.22767932199246302
0.34824251843269566
0.23277035390195208
0.35991292191276913
0.5627291037794023
0.531515216979675
0.31045143401407715
0.397067765174989
0.38255327106697806
0.4048748291596584
0.34232209809774117
0.3983655696916046
0.13999988110173484
-0.029301845030951627
-0.09711179297294052
0.04606334190313973
0.2023467424912154
0.14463559288375782
0.35302553031822476
0.34445323580223935
0.020568855034489276
-0.13497125831215437
-0.13074741226878273
-0.39023498153456165
-0.6613143091528453
-0.5880430559881326
-0.44948069567785204
-0.6222553912973857
-0.626643170560085
-0.2682773743214133
-0.20058719414740506
-0.18748492889467352
0.0924936526587699
0.35765906828202226
0.37302305697698446
0.20913434177889167
0.26154436613562937
0.378779238690919
0.08223714922305617
-0.23043049989385098
-0.4042696720004634
-0.4403459603132893
-0.34895432240555263
-0.2504368408744498
-0.27060013679399336
-0.16819365658730248
-0.19837227091477297
-0.051789025632562574
-0.3795713172162646
-0.4774176546839525
-0.39912175810070627
-0.5804402282361157
-0.8669953999765657
-0.8819558541546008
-0.6615381249621352
-0.3079914272977327
-0.4042089738052488
-0.508282375373407
-0.5084718408317921
-0.7054242451745595
-0.767076279738127
-0.4604014042077183
-0.5857640088631444
-0.7508724747733213
-0.6797732707684522
-0.4179520102170534
-0.3935596411446572
-0.20259106952709552
0.14317359403039928
0.46270102077597264
0.4197032862607329
0.46043389499000403
0.578108561829626
0.27271584978287106
0.12733208539689886
0.07747589596532599
-0.014660184473879841
-0.02238257043431658
-0.09006087238330353
0.06340619051319486
0.15968447139619119
0.056606547849690755
0.09876575927926345
0.3027437699277879
0.16643837441842324
0.10988100606524467
-0.03741763077608003
-0.2377272278847175
-0.18757248350001163
-0.18803871782497697
-0.24446497267801212
-0.27366611389419043
-0.003109499270371154
0.2788781398756139
0.20370935786769334
0.16970816195310728
0.10496315154426152
0.23123535622414573
0.27718372652964723
0.2740307003672869
0.23760007904300537
0.11946325129733172
-0.24543491992821273
-0.4106531449300929
-0.5995864063131218
-0.6303301542060435
-0.49925757603167104
-0.18646099098592983
0.11185661272041615
0.1533686955661542
0.008730452203311423
-0.00033315110960523435
0.10403632285364708
-0.2084982217213986
-0.33007834880009396
-0.1659485636044798
-0.17272603915644952
-0.44825552293297044
-0.42191896211334423
-0.177663425385042
-0.07810432966502953
0.150738330185131
0.12665529740675735
0.0016856763163223835
-0.06798234019964158
-0.0064977098280885265
0.0850750595662027
-0.03489167963642292
-0.0681888358369897
0.02425403828674948
0.12226061286705085
0.09832775886992663
-0.08540242642948943
-0.15409232966375758
0.010796412872384942
0.1998531413105998
0.02378904009982333
-0.2947382520824776
-0.3931378663375202
-0.23972381861999587
-0.14463801929127776
-0.2698963556979008
-0.2970232738364493
-0.2540521329477128
-0.21419540145028512
-0.4781960915601445
-0.5370669256280709
-0.4035861234053647
-0.23957203439456365
0.0688893079143186
0.058110851593920126
0.18466677760431896
0.15007372958500143
-0.20208896470192336
-0.1719575746970233
-0.3325493594611442
-0.3447054274997504
-0.15613296469337248
0.10444622088208072
0.10810043895201675
0.11667367296561419
0.1391861563375294
0.011496197447031686
0.0974911807572985
-0.09048738322151155
-0.20924385307276744
-0.17342688815852586
0.015127868368169739
0.18025715571902268
0.018735834781819505
-0.10461604274933442
0.22503353842528195
0.2111667451453697
-0.14636397530114278
-0.3297072191241304
-0.2824878513699557
-0.5262421768170628
-0.779244926393918
-0.7425002202561616
-0.5567455978963318
-0.5086473590970836
-0.2758840383035584
0.24400514381045277
0.4217179205062518
0.3954034897535265
0.40141385632935744
0.4928339516665334
0.5844596959731275
0.3214311039945488
-0.0046975702183882735
0.11360968733582769
0.0531254223302437
0.03957705141508504
0.414624470247743
0.6518561404001754
0.6359522470919343
0.7653626786782031
0.7690933607877303
0.6530791563672277
0.37938262553683677
0.5436887665503279
0.7709972071454196
0.5922425886846541
0.501806278943846
0.39483710809701006
0.3180717291291769
0.1547530070688053
0.29762054414516836
0.7373970983739383
1.1473300637805568
