1.9724838939571239
1.4928538348932432
1.1717951780359743
1.0835124336211117
0.8056834102435496
0.4891954278152213
0.4951998039895138
0.38622616152199873
0.13735058188864735
0.16612268161586813
-0.1200952267584756
-0.013277387087906222
0.17667583977382736
0.13589526965798712
0.3522439103726971
0.3670721117813725
0.3020039020238447
-0.0024615031519168783
-0.1383294520696266
-0.02558250264545645
-0.14625050920665966
-0.3233165244364202
-0.19688716642164877
-0.03695141956301917
0.009813237656601134
0.03848803212526103
0.40263012732587977
0.39018912311007725
0.17571297164273567
0.08973354583650821
-0.061459305762452746
-0.40500729123732215
-0.5847663873564699
-0.4884617829520247
-0.6201209921732206
-0.5190614419796787
-0.42310830470622757
-0.1132535953498704
-0.13869568825804343
-0.06362130788457249
0.07453058678839859
0.25451650554248717
0.21144493587217
0.04814796464990315
0.2738902468532708
0.2843172573728117
0.12209932467739784
-0.09810335155018456
-0.08998232264961294
-0.31477736204432993
-0.5325042578761782
-0.5289170883668876
-0.27878949338323034
-0.15718980948271818
0.16521263367330666
0.33028329439643966
0.382187503747436
0.3921824122498292
0.3221151701079183
0.05494497271043039
-0.08739194330704134
-0.26335992768098954
-0.45249639773199146
-0.3434035436135384
-0.27517571100371097
-0.03214190905826796
0.03679821262333602
0.20871278471653928
0.15754426029662194
0.027001126430460633
0.04631821158851079
0.10029794013050236
-0.03139066954243555
-0.3000947209509108
-0.5143703431754227
-0.5390663317867307
-0.5598556078389337
-0.4586542934475425
-0.23229190381289133
-0.00703306762292016
0.20374378007917568
0.14095959220607998
0.055812423329614086
0.1789131534513043
0.10777820999735517
-0.07745561553172409
-0.3771714903581238
-0.49616554526420453
-0.47700771668219494
-0.5894006215145245
-0.4281652408885599
-0.27378721071320966
-0.05682857582786083
-0.07204480505601815
0.2503658400708553
0.5051409234554876
0.5709122294770461
0.578611953890366
0.4518767082144834
0.3061834818174654
-0.08054127672068281
-0.0797227023481695
-0.2631048170342834
-0.3286111337205486
-0.4535244871192346
-0.3501700189243358
-0.38219925691241213
-0.2464324564957797
0.09893208483521809
0.3564699828530932
0.4782961628235573
0.5433972390703621
0.5569439158228919
0.3080068599368792
0.3566948783721589
0.46399374676880584
0.38271634676690514
0.2318183594650988
-0.0015851969118492752
0.04168549302298467
-0.016080495900332534
0.011715040324376393
-0.259622050827557
-0.1883339327247201
-0.18174868791360105
-0.33919266599423925
-0.29103870154943595
-0.17653768954103738
-0.006874504231137594
0.08761123582989779
0.25585502929757264
0.2989606846857552
0.22849469719248525
0.05205427526789376
0.22360904609123378
0.2825719618121744
0.19332007335035886
0.1462893679706552
-0.04202085230797637
-0.07009977617465221
-0.16460948213059928
-0.14328071631255923
-0.21377919196349557
-0.0927043778925968
0.3057944165968659
0.5400626466054889
0.613930035426732
0.5968598043292097
0.6976990285007101
0.4628207144508216
0.310354637578088
0.1195071871129964
0.10501657186819426
0.09312624022035583
-0.1527600029414151
-0.0752871067186045
0.04054169158928395
0.02243149738394604
-0.31544364562339466
-0.36374223442220016
-0.4046986057881844
-0.32428332143408584
-0.10770173404233882
0.07068405884606235
0.17440879178631116
-0.09263019854870083
-0.2735256224202808
-0.15753311368134146
-0.5142990881989633
-0.6336854955718076
-0.4735004058656829
-0.2953335609790675
-0.2835630965895638
-0.007369120677789594
0.29526910046724697
0.32538470344749293
0.3521732859216868
0.2772823052712436
0.023050508447110846
-0.05268653825876585
0.0024581223236983117
-0.20254669989620325
-0.2620234179370772
-0.1939481302948793
-0.3872716525763352
-0.6991804521482361
-0.7750548030858027
-0.6977168981791888
-0.7938497412751432
-0.7253598792387679
-0.48037182425246966
0.0008033684985700075
0.24899182369470693
0.37310192362896893
0.5588531573616846
0.6754830429439184
0.5975675638104573
0.33339224306222454
0.1630011352382199
0.02671728910498998
-0.4543743931011846
-0.6029550866571546
-0.4359425458166882
-0.49724184239820984
-0.40696955631613524
-0.392282005455112
-0.11048818781797191
0.08191383066086663
0.04180780998414112
0.1371070664308598
0.17062033538121166
0.03184028316233293
-0.22559891162684254
-0.25049992325590836
-0.42471159628243205
-0.34687638845476715
-0.40714423305089587
-0.3378860932044594
-0.10036689898556365
-0.10078395598926314
-0.2280269523193646
-0.11547900635893614
-0.14621102659703591
-0.0010253307275826927
-0.025045333311527612
-0.05781956335997361
-0.07507007976927704
0.048881119309579085
-0.024096922238832547
-0.380055276924902
-0.45817859472851585
-0.5800382582889513
-0.7652233593502548
-0.8570172941684305
-0.7181740228864985
-0.5094262151606811
-0.2829509071158244
-0.03328920427423231
0.057621361730615724
0.21193429756262788
0.27771831893706406
0.15629726457482004
-0.01487380977808149
0.0428098555478575
-0.05376078941937608
-0.06965947859406395
-0.08328142506238406
0.02041379966998789
0.2406429700677105
0.1945264647294544
0.1756625975739997
0.16192805005829458
0.05360095445788045
0.001112748789165116
-0.026506042274087652
0.16786525481343254
0.2377831717291476
0.1846543406456605
0.18855940491480697
0.15748590731780734
0.26113714862872345
0.14358711637008667
-0.08845429689812745
-0.44274180039931255
-0.4121990093588074
-0.7145265477223575
-0.8908991385284627
-0.7902717810127105
-0.5807509777641081
-0.5546499339140979
-0.2890515338586993
-0.07177742522727586
0.3011929386361233
0.3108215703157409
0.3926907176650327
0.5310760460782845
0.2600569405018704
-0.0016183403051659607
-0.23373053698240326
-0.2975186680530527
-0.1358434894291578
0.15098586860399665
0.14071890106118942
0.2997178020197135
0.4495667420405074
0.34911966993695304
0.09548468267993729
0.20966958121834464
0.3377033682641937
0.06997505232172743
0.1428862830624886
0.2516262221645773
0.15086880358895915
-0.08425899480333372
-0.11582483476633817
0.11018864784961364
0.2689977106323252
0.0888097744922994
0.1340922605726881
0.49469386961695677
0.6993636480853148
0.6698184151211428
0.6005826721751375
0.6691777255034898
0.5714951205495524
0.18546263239896138
0.1909927548028554
0.03422423455285714
0.029533992341089586
-0.022341496247933388
-0.18542472948831865
-0.13081305020267026
-0.007462218198341745
0.020094471908208004
-0.09935816633384809
-0.3964027130959057
-0.4333444012783581
-0.33426603724106146
-0.3576111045861418
-0.4698737030431206
-0.35375150838876923
-0.29788184609729224
0.005368374572294146
0.2533743353780047
0.32582442825507485
0.2158640210760298
0.005044281763216298
-0.20560434689482046
-0.33216515559203047
-0.4525231072606969
-0.4326543510693468
-0.4232548765591763
-0.007060377723940934
0.27025707540933375
0.2799217843420697
0.3103522680454744
0.38702178266785514
0.2548704221055332
-0.009382874153169801
0.09214976554646537
0.2369090411929833
0.0765835706636915
0.03444177056379609
0.07314563279915257
-0.14698965759676638
-0.08332749983470669
0.22106564244825266
0.43671357163636854
0.7828455489081274
1.1242870139577734
1.6437510304369554
2.020536792690126
