1.9018445647342124
1.4706271477582684
0.940314603221126
0.6203788898276033
0.4397985933903067
0.24401974779433633
0.13271036443220857
0.2308731798017314
0.07047400896069772
-0.032261215918207825
-0.23538430859217788
-0.1898249531740512
-0.23911345433964143
-0.34402417027085536
-0.5825836846479084
-0.5031170671439578
-0.22175567215292305
-0.08234450548532389
-0.19607920746949928
-0.1301096814754499
-0.1812388485920177
-0.43534664456793726
-0.7216543493275478
-0.760102505272102
-0.7240674724008203
-0.4856198066041484
-0.30726847476032865
-0.06260797113222674
0.03578322212249013
0.23521331024728653
0.2250857024205907
0.06401897581213847
-0.1179514346549182
-0.040896278424634
-0.07998448450986517
-0.27258903112175403
-0.4163924888639184
-0.1745261258860629
-0.11180588641838173
-0.11246536138600344
-0.002709135915671432
0.1775169679485888
0.19425788869796642
0.11626916177124125
0.24661604691065397
0.005516939345878913
-0.2363920159887971
-0.48712955372231115
-0.5700245916432559
-0.5143057433062375
-0.30438186455397953
-0.19887612947155298
-0.13238978150856454
-0.16349998743844485
0.12691151924350016
0.20731060873713478
0.15659230288826936
0.2372251836815568
0.22359004241446984
0.3581447324380745
0.5250560954990328
0.46936025975468715
0.3462142698518676
0.13105837418031993
-0.09132251516169848
-0.3165580493311163
-0.47437412114370114
-0.5501025804857652
-0.818606211663617
-0.8127951537062579
-0.807637872825651
-0.6339579316216185
-0.5749531980220904
-0.1681039448640055
0.018204728325538884
-0.019944110622734674
-0.12796613385237457
0.0036680896171857606
0.027941307261683566
-0.07152823376054816
-0.03381106063998446
-0.040505345942589394
-0.13836327608868262
-0.13806994622307095
-0.17114324774339362
-0.26659727528342303
-0.14402446069812444
-0.14909628320475027
-0.21208654870752108
-0.3760439510129626
-0.25394792821023915
0.003444445183736725
0.018470074680776702
-0.0558009467955783
0.06320302040267758
-0.07539770285650124
-0.12040824863197319
-0.19267890608640378
-0.13095902798993359
-0.197955576092982
-0.1820097024424699
-0.4000790380414121
-0.3654502753909736
-0.14219020774096144
0.04399236118364669
0.220557923348309
0.25494201588028387
0.239935211496004
0.23836511127671095
0.2951079055750811
0.13358265780437598
0.11751922090797984
-0.04265735795291123
-0.18252850079826752
-0.043264606729239444
-0.1061135203055628
-0.15618935985707938
-0.20979977713311446
-0.07908842258482335
0.0967449303578132
0.1436168285674061
0.28051836779731626
0.25888275045410547
0.23063110373024273
0.5343145410429871
0.9067282709804901
1.1152598872734314
1.6789152954267983
2.093769705681843
