2.620935011667359
2.242931908426262
1.6406484241196158
1.1617018840765634
0.8090809706468621
0.8502765463239849
0.8075995386039617
0.6276449883024823
0.6679437457487893
0.6614462008974902
0.7529886208552409
0.6905475300270805
0.7534956549391233
0.8584418238549135
0.7979432382677556
0.5584475096474014
0.3785634477252448
0.20362407923012676
-0.21914023531187984
-0.36493484206341176
-0.5408175016354688
-0.5135467434057965
-0.6546639725366352
-0.6614165617663187
-0.6075581560098064
-0.49384054842070424
-0.33169285232959683
-0.2827302622539254
0.12830839364291471
0.2512249788284631
0.05288987722910555
0.15996717104209796
0.5371947424231815
0.5472713996153257
0.6273635636287757
0.7153663207350002
0.8656267826779296
0.680408277151495
0.39519534542980983
0.20377647413501593
-0.13390653316194753
-0.2202156301559024
-0.3616667932676731
-0.3952301080022186
-0.27085322360033204
-0.2573337609866567
-0.1986955271088831
0.06918857922181867
0.006144801774476435
0.06242136689594875
0.1414683341101199
0.2845326719930934
0.2317090709198447
-0.12430291347724222
-0.013054318052243885
-0.13353763165440363
-0.22348332797033776
-0.3222512957618262
-0.043045777405686575
0.019462175941080087
-0.11448021427559112
0.055784767023533875
0.2656452540588985
0.21200245980540725
0.112937768429267
0.102564931652062
-0.13091286680265013
0.03093839387184672
0.11159016458522683
-0.028142907273992608
0.10404554274961914
0.06737178531106171
-0.07110898446060185
-0.3056071274609165
-0.33964870000600805
-0.5431405451875774
-0.5309036223954742
-0.5599902904760901
-0.5864111848032625
-0.26754319093816814
-0.14355339755026658
-0.13313882836686725
0.06559867752961168
0.1667365396890923
0.11044477048728385
-0.11615118585240253
-0.3953243481518247
-0.4190261746127183
-0.2802294029953287
-0.38566942078475586
-0.24384432762631733
-0.3435275229010007
-0.3943239019764018
-0.5538255894809271
-0.4564743931958543
-0.2752984433031369
-0.06437302837200211
0.12101154178560826
0.19212480035932414
0.14845106018121054
0.15537950754527216
0.2702050564107641
0.32047069915787757
0.25935680284062446
0.23971968702791654
0.04845562883047434
0.15423848885490765
0.0774242394268832
0.37401187634670097
0.6080567523041304
0.5609423308771093
0.5990841078052919
0.5607196449795228
0.5163218947373034
0.39690340260305396
0.19722149316487714
0.019205961565714743
0.032245198606146414
-0.17975315782476672
-0.44800403630591135
-0.41505674728993985
-0.6674781267935848
-0.8712414611655744
-0.8577205207057675
-0.789674275588287
-0.6307566949315386
-0.29746093917858
-0.26563754224556724
-0.2844391938252244
-0.1533508317150826
-0.31072653090836366
-0.44758327558172006
-0.42416804040898415
-0.29332231424395466
-0.4201850378550514
-0.2528162539879579
-0.2199900957862109
-0.39881022849450587
-0.4106606274788971
-0.4427301655227726
-0.44035625112884863
-0.35144260084351514
-0.2310236609052981
-0.07608433596103055
-0.2419293192526185
-0.5383331190874866
-0.7006955939645364
-0.7020596174242287
-0.6551177690266771
-0.7597841361520232
-0.5971414164285054
-0.14712248966662525
0.12707423689077865
0.3113578845392729
0.5796840376094943
0.6781644811152863
0.5840780646229958
0.32661872159080163
-0.07010747068822373
-0.3438368071229895
-0.36335956050468726
-0.3540024833273758
-0.2152563152029356
-0.2944388531613735
-0.018125788197076793
0.2191484447786018
0.21325485038374462
0.5089644456507553
0.6419506142362261
0.5973311500870158
0.5311689295815775
0.23549538524763888
0.09262845543654558
-0.048864562498833544
-0.07458635250907929
-0.3209517846531215
-0.4756129118708444
-0.4273762073284557
-0.24093573584986508
0.025793562870002652
0.6050728460670161
1.2958437273592733
1.7348070457722005
