1.9213218985265974
1.4845001377826859
0.9905849282572342
0.6576154926359754
0.5349637669043968
0.42109242972813254
0.19842139621730848
-0.09476980686446335
-0.2729509356906509
-0.20749008815856104
-0.1504842520792567
-0.1495255556774112
-0.18748057587259373
-0.11012757142965796
-0.005971289183769798
0.1465609789954121
0.12905268576102874
0.2218179771028233
0.26817878644555915
0.17433042202829913
0.10294670235914606
-0.2564141691879594
-0.36469008160678945
-0.39323614387800365
-0.31061119995231035
-0.3828321352717622
-0.3145053888523214
-0.2715012536195114
-0.21281893272135136
-0.5177569654709551
-0.5780148099382922
-0.42316097179229767
-0.23415011760640983
-0.19965647406054118
0.008744093121563285
0.22827574512944535
0.27660695884539177
0.14636820135077894
0.3325751862008351
0.23398734157801296
-0.12889428399698918
0.008170167787051727
0.11218495758978826
-0.12974091124480427
-0.309429970903699
-0.13248174785711592
-0.04357651009525083
-0.3027998695708915
-0.33387016933935487
-0.3178593358916878
-0.33470919623734136
-0.10397888254440943
-0.17205728276944351
-0.04742340600211582
0.24535357750612286
0.5129273043504559
0.6790752089952059
0.6592498032702245
0.5857684469051682
0.3874674001626305
-0.042306149104242866
-0.2644558551464925
-0.5190523450317988
-0.49776253723528674
-0.539037592545665
-0.30755147085534046
-0.11434188327838041
-0.02158378792955688
0.2766154564665041
0.5837663489365483
0.5745514694436665
0.6474263986748706
0.47090086390155256
0.24580807957817358
-0.25445940051611693
-0.49015945421908913
-0.38345325371813843
-0.5244022181252103
-0.49431358620394766
-0.21500984755559593
0.10046638373067944
0.06052925810307056
-0.014985016570126393
0.1569911586077618
0.28703828753361454
0.18814141271251655
-0.003046275014767223
-0.0055647131034277314
-0.03730157771788915
-0.1561148390506735
-0.27037069273272485
-0.13127578246312674
-0.11469648767704461
0.018456725871534047
-0.0010358341652433975
0.048768226118982044
0.3609635290590429
0.3147944731831114
0.1613390598445675
-0.0012392122616777296
-0.22028995115255098
-0.2557730460101708
-0.5158185334263073
-0.5236174290607108
-0.5348188784076521
-0.7608270321243571
-0.8226978534935387
-0.722503972324681
-0.4006944149383328
-0.44455733839273226
-0.20747332815646552
0.166940629542662
0.19167599116489506
0.19684585101776791
0.39590291137007166
0.23886967761980352
-0.043316007307268214
-0.31908319487347275
-0.3166959399401453
-0.341001499033145
-0.5129830367831711
-0.35009832348584385
-0.07994242693979459
0.04439000993450039
-0.050768944743277956
0.13681270252186664
0.3043796867904347
0.45756417238367747
0.5189222681081278
0.5834348798646702
0.37834402386285987
0.36733082212524254
0.21562298726642204
0.23075896769675647
0.1087688506222908
-0.1278004691430947
-0.33572854497974053
-0.34851167474834555
-0.1810886817738546
0.04418442757943626
0.036764794451151675
0.0005835348965846579
0.16701010492619456
0.21981393448736658
0.2359730315721612
0.13482503674526955
0.08717094640851113
-0.07603365808764627
-0.21070078695597735
-0.36275108563384895
-0.44249196278017905
-0.5463517133412472
-0.5720170797903483
-0.2731388799599148
-0.11104472673117108
-0.1122014799263084
-0.13515904671779563
0.15135840152544205
0.2234113355460088
0.20979298830629878
0.30226944181369625
0.4256145813721914
0.4596608456791796
0.3125985171124805
0.23170509066001482
0.1851272729605494
0.19030389476091328
0.302655915505694
0.32535657076364033
0.6586999637036054
1.283851917744027
1.8965022415809973
