2.1212659934137035
1.559271684692589
1.1459960433733798
0.6494260473480814
0.4992711501391155
0.32872680866743387
0.16009409597505195
0.10143901989855053
0.031191593583744587
-0.05679319399236507
0.12842814032586594
0.04268543286229581
0.0238269746610305
0.0544384092737553
0.329911292542188
0.28911381260108177
0.09056280334052809
0.3036990820458894
0.30903644399797736
0.5153973506670514
0.49390352223696793
0.35877048413812784
0.11039394565954298
-0.19240496901676943
-0.32240328454990064
-0.5435801395919458
-0.5056064801118282
-0.7059583169772946
-0.6734541272301042
-0.5953900344485995
-0.2728234619531059
-0.020870186587531928
0.11437187575445831
0.28275129698416507
0.18345487828287935
-0.06499364757336364
-0.08140772627947909
-0.11055799534475345
-0.026803605438572548
-0.11215581052030046
-0.2843716823504707
-0.1339675666256127
-0.2513524294603434
-0.5064273863679889
-0.42292331578400133
-0.32303054655022806
-0.458202000584467
-0.32786356968694463
-0.3560154082943773
-0.32904057094355704
-0.22226042642475338
-0.270604040869989
-0.26906775439127606
-0.41038540032103055
-0.2948071085577571
-0.04401762602558068
-0.12743914824560806
0.023066492833081098
0.4091422034859161
0.7352332480424669
0.7249833115947476
0.7959440394123793
0.861999273897104
0.6513005073769348
0.31445260882944776
0.3465899110154611
0.13970940068565676
0.00786050567420143
-0.12395594737462234
-0.47351871902657183
-0.5819989210215409
-0.4682627128256235
-0.5728382043537131
-0.472326153958182
-0.20922224782258408
-0.13321353840064135
-0.12001529210283096
0.11112785488330518
0.10633249011532074
0.19971312007089945
0.2907187176975457
0.2130333107855849
0.12547282127178194
0.061305314343743644
-0.08843018375654661
-0.2500600908764614
-0.21253728993400933
-0.19700419410733727
-0.37592034077675945
-0.2534706317970043
-0.19594492246428036
0.17006901952873052
0.48165757453751856
0.515328148263924
0.62909853647567
0.7161663446857358
0.650197536667247
0.5983080174605105
0.628834593714565
0.4638836517295548
0.27025688020001276
0.0664607289799114
0.0498012745558113
0.17183706394139664
0.13097010658793345
-0.10049157467389622
0.0805818551673597
0.025803670375149107
0.13551273753251725
0.31453146243344543
0.4562497890632621
0.4367541248034239
0.07970771193667583
-0.06324746900289897
0.04051677986264043
0.018076305380961413
-0.024995267609227986
-0.050652163422802904
0.26982527248403304
0.2910125572915165
0.25128932335064025
0.18858184197253527
0.24410061813645925
0.05709751849873057
-0.1621786333660087
-0.3876490378906729
-0.49641646908285414
-0.39608903439038096
-0.4719688127144741
-0.35740778167794174
-0.06704395116855674
-0.001959964629920686
-0.11882909785952064
-0.38841917749834637
-0.5644314660373239
-0.509765400839424
-0.5910499866539871
-0.5123879541296222
-0.47992385748703364
-0.16651786474694596
-0.06472496564606293
-0.04222320847505435
-0.07538393611416887
0.06630048260376518
-0.011034040026280178
-0.2228048420585333
-0.10591807808045936
-0.11614124142669596
-0.08810308971647515
0.17407177125407697
0.09489986209303393
-0.068835386401682
0.065915477732123
-0.03946379408289269
0.04454545542272569
-0.07179088832201966
0.006448323205605026
-0.032930126011323835
-0.12157664915718087
-0.3784395008864191
-0.4744935588453611
-0.47577629324807746
-0.4954490069484859
-0.6043601439078935
-0.506426269230676
-0.35368628845953104
-0.08185407939203379
-0.09721931279405219
0.26713436299767157
0.5376305177243205
0.7775634055281242
0.7293978904458955
0.7574411104508134
0.7773407328363378
0.554970755083046
0.29568227485972354
0.28960828481987105
-0.07358288949576801
-0.19821171375093571
-0.11311248625292714
-0.14064580140769561
-0.3113274616514664
-0.3339001029098948
-0.12993967121047723
-0.30411102565094805
-0.25935027273661837
0.02407737922825579
0.27758933315312667
0.33187294024241826
0.134013689562862
-0.04005781922148213
0.06577064436006957
0.004459714438574542
0.08802949817638256
0.3835944297314974
0.4745531325153883
0.3878983911917536
0.39289194984889086
0.28290057264990837
0.14331841167730547
-0.0415533863566694
-0.2268849054816628
-0.20889850160290607
-0.06507313342156723
-0.17315266269513185
0.028262915768233195
-0.053928441879505684
-0.06824184848164865
-0.2938556864607453
-0.2833290742141892
-0.057016763736785776
-0.1445558909841143
-0.09631565406820135
0.04529745385408628
0.14917001440670036
0.15069404503208186
0.08844137542866586
0.34847410554448754
0.474657549016864
0.3955299069542313
0.37354958913827896
0.33303054297141543
0.17638687617080748
0.007548818283087248
0.011249679620015196
-0.18662525215774292
-0.3144038743797129
-0.3278309925739513
-0.2385291441654615
-0.015553727780251143
0.03796481614626945
-0.023543578456907747
-0.10163164182550534
-0.21300697960598441
-0.33185937860057035
-0.31385072963697586
-0.43229459962504085
-0.39093151977063245
-0.4205760871688727
-0.5546412605959634
-0.4043476495336859
-0.483505084162381
-0.4192804193150966
-0.30024033740694694
-0.0930985475341148
0.054066355481108955
0.12184201698748715
0.46793144404188974
0.7624118002208399
0.7470802516361142
0.7620902913720106
0.9321700334896645
0.7481359152359601
0.551513170594133
0.350910257529078
0.18613942085902332
0.05826100470439416
0.048800184907766386
-0.11516376158626046
-0.19470443725712333
-0.45327062084325315
-0.6129943378406936
-0.7586532712126929
-0.6493595609548566
-0.6186493292341709
-0.5622903439276408
-0.3336822943861294
-0.09085886365067575
-0.16834928090636098
-0.37472462710896176
-0.5189372318327247
-0.4878132614189818
-0.5112089144553496
-0.4993640004768749
-0.3625919225428958
-0.3788058152559518
-0.18673675850279012
-0.17438431420294154
-0.23477254065900524
-0.3569897478234143
-0.3516581312502044
-0.18695861144859896
-0.30014268902319957
-0.08561000656962227
-0.053356521496157966
-0.10638731241629013
-0.22995049703049916
-0.23896873873658792
-0.002770462678598623
-0.07768981415187091
-0.047999487461402715
0.07922372507048758
0.36917193164825424
0.36030941934587724
0.25827147638692427
0.05924944576410435
0.1430899095134383
0.14735970130280265
0.042407668373662694
0.3425576633307491
0.5973657284291408
0.5477032430966357
0.6641145258406216
0.6044609640161402
0.35725341116000886
0.34672388481401084
0.28195427820021135
0.061424351977057874
-0.22433904668188373
-0.22819704698134882
-0.3428739533013948
-0.2823434444204629
-0.2501147846605978
-0.10413580673761624
-0.06024097039769964
0.09189859191147223
0.010271544021241868
-0.170087040885034
-0.010870509970222625
0.02450373643238426
-0.04590620042020441
0.07482798478852082
0.30552664460707984
0.494503521384689
0.7243244689931558
0.8185598314504008
0.8310337393715858
0.5595061942644032
0.3256251462831361
0.11235779853002723
0.10361162844340134
-0.08199862753841136
-0.11339193086487036
-0.16301421416520132
-0.24367376899199827
0.05302109781036867
-0.042473104717504116
-0.015991797208979412
0.1620462536399081
-0.026843714187364302
-0.30313365274511866
-0.3790845780498919
-0.43660474217118667
-0.4488867727299797
-0.3700344220047056
-0.42727338720154984
-0.34452539679902194
-0.2097193943673366
0.011466084702222486
0.06554260408120215
-0.007161726280456328
0.06108765154357215
0.14385827697257064
0.2353956467976474
0.37370134577460645
0.2885164621500157
0.23507935486935297
0.24516403051331795
-0.05557375383322531
-0.06354995643308343
0.12479813137536
0.31697011825750043
0.5801260541724786
0.7908165429202046
0.6839173836340307
0.65014802141557
0.6151662589489979
0.43837182321010837
0.21932765610469854
0.031676626647584465
-0.3178321360971585
-0.4267912090275609
-0.36975651575540336
-0.4918560461537257
-0.8376769943955465
-0.9153807930315051
-0.8239096248791946
-0.7694671338026535
-0.6400162722839345
-0.37447610287341226
-0.17777176739782083
0.021196403731273426
0.26439849450080394
0.18481523515614393
0.4177662874076126
0.3191327764316574
0.08302361305552922
0.06502467782368941
-0.0574283302733479
-0.3538430449792643
-0.49321138254203284
-0.804991342953276
-0.8372395673040622
-0.7786312713712454
-0.8331714089173802
-0.6541395111895674
-0.2003710738260145
0.031106281159024966
0.11205543632933124
0.06952733572568146
-0.14989805316545607
-0.1896441058638681
-0.15990443949596067
-0.2548010556103521
-0.20909479876701514
-0.07065586843895708
0.29857998215933546
0.395258979978937
0.4935475712747832
0.6764721688632677
0.7217392793900974
0.4820317074719221
0.28521565585060227
0.06497843815271367
-0.04037682797469282
-0.3492984582007246
-0.3719716313737981
-0.3900081542040909
-0.22009430086459805
0.08821975260200345
0.0901680936937626
0.13427309732563833
0.0003300835046663458
0.02172666957328772
0.03576020607234073
-0.20371449907690506
-0.32191671454315096
-0.22977097306414787
-0.1943660110475027
-0.14520999215103667
-0.3745022430181551
-0.32301274336928326
-0.22333772128103896
0.009347345556145671
-0.003871696452606522
0.3422045783682505
0.36870973164011256
0.2515283332929163
0.10733541579157888
-0.03831474890517837
0.11239081799103053
-0.04615291484964747
0.021160108749514434
0.20498031130233277
0.15610474569104368
0.052124914092393615
-0.2765101211440153
-0.2925411667641075
-0.4223367059065918
-0.41431096981300686
-0.4361421146111488
-0.28288914303220397
-0.3711635983009918
-0.21515875037766166
0.07032549630489904
0.2510218311679834
0.13666475739948347
0.2215234977422936
0.41149596446840875
0.5364913880557982
0.6511737196164418
0.6297644885667438
0.6309167720520824
0.5671277072356395
0.17228448485786
0.1794540938802534
-0.012141779016409403
-0.5310079024427944
-0.7341826092688106
-0.6950951024624229
-0.5437498885091622
-0.6031798045556606
-0.4174221769443203
-0.2727944340958676
-0.15122597733151735
0.09359319550797535
0.17358595034202048
0.07908217220963105
0.05840234370262445
-0.12099886441188791
0.006323803652220868
0.1423256454635682
0.1798132748184406
0.2241537683659971
0.2812749852831546
0.3257952733296429
0.44261572051886183
0.4680500673072299
0.37554046447709044
0.23920796566570052
0.06655314894556315
0.16295397648173407
0.12956317023819347
0.12049255688251848
0.19344535193291096
0.06428211401005678
-0.07336704027942459
-0.26772361122287497
-0.2147772940676623
-0.2653803080599833
-0.23122981664583786
-0.3532025806074454
-0.21338346486249107
-0.009660076636995859
-0.035150459789510966
0.15329144202762646
0.1443135486467232
0.18196761712541257
0.0778450535823611
0.06114295940632111
-0.1339809754619444
-0.022495474560539595
-0.03562921601929578
-0.029246354452506815
0.28861338991754504
0.4508719061034234
0.365198225712009
0.2473612358205466
0.14822554059218154
-0.19500861086517152
-0.287519719221832
-0.500771319180809
-0.4265820901039398
-0.4272399770442039
-0.23099645401778401
-0.21584293176216235
-0.31901707956772407
-0.19652627894958852
-0.30917864001300055
-0.3415447901969016
-0.205529459433775
0.04366094884734427
0.09974676618907116
0.15781481257279947
0.1617500608542852
-0.021261608903422186
-0.07723597423761239
-0.25620003070551317
-0.092950684315838
-0.22256263560230935
-0.527037657180907
-0.5416265111550816
-0.2761100385142088
-0.2587856040148713
-0.0870517694101618
0.12954438562503226
0.049491265488840225
-0.09687974616875482
0.05101664579500347
0.16104577364082648
-0.027183351342590888
-0.21013419720444515
-0.5984036944271783
-0.7058277693499209
-0.6605008470420486
-0.4690794445608817
-0.24249290185877698
-0.035573955509045116
0.07936987662172
0.22306702255348834
0.41327036572577813
0.28316049203686033
0.37046535500489236
0.35864125872274133
0.2688397271423812
0.09252799959495468
0.08136337480471759
-0.08078678994755834
-0.15733965503584707
-0.1377046754456151
0.08546303042960797
0.0859655936825709
0.2787797714594332
0.36527214484258097
0.35750777594646155
0.362087709697809
0.019649544033086264
-0.13581741347385057
-0.4086492845709787
-0.5425986031052773
-0.44899169889284535
-0.6228928705761084
-0.5911384526377013
-0.3200408447179015
0.0007028917163658632
0.1316306399785276
0.11923686968077357
0.24797325765090655
0.16051234766876168
0.0650697266800638
-0.07422449417113541
0.09484690066656055
0.14311712308335664
0.24493364401044004
0.13695169064914778
0.21966933173362294
0.13438538185736962
-0.08898610984821548
-0.13868083788987504
-0.27410581781422483
-0.2834040556421241
-0.4121170097308291
-0.5502661472783815
-0.59183525154005
-0.5158859294890309
-0.2885546607581877
-0.1220684948554845
-0.15017229891983552
-0.015195715592785661
-0.09169840046356573
0.025167600184577674
0.16539595638029833
0.17429669187658722
0.24154791567326842
0.2933349983320116
0.35615907493831067
0.2953785617648644
0.13456156178291542
0.1529636604712779
-0.0775432080588611
-0.03283711965442228
-0.16631599971326858
-0.11800434345637187
-0.22696707954450543
-0.3457018218950718
-0.370999438700543
-0.20888415822746087
-0.0791951942114875
0.0699814844952554
0.2895516112499029
0.5599473122364016
0.6922573712327893
0.6854993794708121
0.7761535666054747
0.6704956868325586
0.4934636169468496
0.2569150051748249
0.11989200001336231
-0.05742083383203897
-0.2721902030401885
-0.26121050795509326
-0.15462571621022014
-0.19755385533221903
-0.3170575798148023
-0.11963547503931124
-0.04273860150072056
-0.201151646975752
-0.33053781692489553
-0.37341470413514916
-0.3803709287661496
-0.34561658135558665
-0.16483138324855265
0.07016486630291152
-0.03377829587333872
-0.1939539849595444
-0.43362830535164465
-0.49193141794970685
-0.4850918854705439
-0.43589121633595884
-0.2042930188015709
0.09125030597642943
0.15678224015963002
0.08939959820115578
0.25577879876908693
0.36391833353564207
0.35940085201824695
0.37866102516213473
0.4662452726056724
0.41473215507415045
0.2554226135445184
0.13862610865491087
0.35711130524503354
0.2871982728549264
0.1159438983511249
-0.0894991356674048
-0.09412388789458856
-0.3966008627771207
-0.3273689791489744
-0.56801996556879
-0.6126184864787341
-0.6509228571681107
-0.5443967487860288
-0.4486628211878607
-0.4533937947905786
-0.21501739902882633
0.008825488684660855
0.15778642922113278
0.06716369133795227
0.13490323142462576
0.0390720903533782
-0.18464435914859917
-0.11537705505822268
-0.11485776562629954
-0.24877276018169103
-0.12071466468385755
0.06904665365701139
0.14739896611617365
0.08244156701528506
0.12150808078023474
0.15100534975394184
0.03689684932857833
0.279606647774337
0.534851560397549
0.3275693253500459
0.18312520774102195
0.15591395587701842
0.04463943566047432
-0.19342534652387694
-0.19717038801714826
-0.17732179409741705
-0.1384378715152881
0.01765212895492991
0.26023357652396273
0.31109384963456027
0.16773605640693906
0.0447104753925093
-0.18407100258327067
-0.21124442311112826
-0.32803245977180756
-0.21957204338021805
-0.05919126599881532
0.01972664067181919
0.2493611604495949
0.242566153082235
0.1163891705511356
0.019369499604276526
-0.11225103142236095
-0.3188994851395254
-0.25666252271999884
-0.06917642922815263
0.11915330402584329
0.22813426336568224
0.32027886252190346
0.41393538747036346
0.10585053048221171
0.045336122680447996
0.030137050322480367
-0.12063565787536258
-0.3807883569408256
-0.3967405488754275
-0.41289558673131777
-0.47287607725362807
-0.4109344185655362
-0.24320788747647462
-0.2545699618625043
-0.19798968481881116
-0.17473136282894344
-0.06835199258306306
-0.007499641569115169
0.016197361097433405
0.08480347596488498
0.07362387784259458
-0.042719114724577054
-0.27474778240087194
-0.45665715161521525
-0.49950736822265235
-0.3806202069098302
-0.45435909782991074
-0.4620898843143735
-0.11106811052060099
-0.008962588044026934
0.10113304853563301
0.10587568966852381
-0.023842671540816714
-0.35380731058899956
-0.527119815662927
-0.4178937750693694
-0.37884017254020014
-0.260695691551938
-0.10418844239696791
-0.006126163958476844
-0.019646282342559246
-0.040688567512662914
0.1432109311358503
0.31514955657379834
0.3033114957875005
0.19617553049129985
0.18379111687897737
-0.08332910437832945
-0.3140932557419502
-0.30324427186448893
-0.18636449054219884
-0.17284511769489086
0.012721385450289198
0.30178907900176877
0.492214415814603
0.37366372714411644
0.4449572407671102
0.3190970726117825
0.13429598182749436
0.22567286548488527
0.16561472750847633
0.29681004524637894
0.32163514283876043
0.25180760608383446
0.3185074339729524
0.5154333516896509
0.8124764063059314
1.3681117669700031
1.5877207824947583
