2.3302023259718747
1.9545490269614334
1.2151358003352561
0.6698620425804261
0.34961756735216387
0.2256888811387951
0.02839185990583074
0.2182680604014296
0.1548219165653496
0.42466778262969307
0.5994286370433232
0.5299351417721873
0.33501667171171
0.20722365301001314
0.11425820896380333
-0.3464160701404416
-0.5538167619304727
-0.4794356571628854
-0.13210952008642252
-0.13642822744953112
0.182592451277906
0.3398698061090838
0.31356504002302377
0.2508750982065441
0.16166359439879552
-0.07335338440884287
-0.09991024595373095
-0.19698804640045908
-0.4700056778072833
-0.3979140400312203
-0.13521488966924772
-0.20770767449307542
-0.25300353723801094
-0.025531391248886405
0.3607778962048053
0.4957740538799258
0.5686035359801466
0.574994832744552
0.6735567672726372
0.5259205905414531
0.26800402697650205
0.1801636265563293
-0.07353886688994775
-0.3702489939510344
-0.45056752034001124
-0.6687086483335807
-0.664385572101399
-0.48686539364363124
-0.10945144515658581
-0.16647600062356993
-0.31844062674045787
-0.2097214364604928
-0.15848505926884668
0.08924038639364636
0.1832192060827699
0.5010831839032877
0.5114877413419093
0.41518586007057295
0.497639087584911
0.727591624090681
0.6179815452709031
0.4015177123100333
0.5622156219758748
0.4918441649236531
0.5555812332728299
0.44808430335956967
0.3549684226912829
0.21065386990729465
-0.2004936236784482
-0.2513470292622846
-0.02139388466988004
-0.12606316730666733
-0.14643139798731264
0.017360681819330776
0.27810732164857777
0.26733043240413584
0.2505829013215071
0.4044536841603666
0.33636802022757906
0.08098118824159474
-0.17321246999600826
-0.3479901294341527
-0.3775412026771582
-0.26535366341003735
-0.07190622403369747
0.21719519482454222
0.2448308070383495
0.18477871873808874
0.07373002042837606
0.1430280814496792
0.0026953864313035304
0.2324275773789534
0.21501850765239822
0.051060912489237394
0.24372992173468394
0.5041017214950951
0.4444355204668158
0.41799082974523555
0.40756973153576886
0.28888110520715365
0.3085522719492999
0.11583062522694294
0.18769768684832344
0.13589930349035403
0.0993911910095831
-0.0009382927073326176
-0.21733852389673938
-0.4495428066283572
-0.46175045549190497
-0.5756635527738058
-0.6119330305923851
-0.7173068283715806
-0.45235924656150805
-0.3237089123895676
-0.42378862911785575
-0.3074874806112855
0.08526334875007374
0.3402789359737772
0.2949338918993044
0.36541044174267323
0.3796506846671114
0.2675998848200718
0.49224290082765937
0.5701426924208223
0.7104009760124216
0.8272341374863852
0.7707516995858842
0.610620261023299
0.466428038789522
0.26276923697570154
-0.0671820131253256
-0.44934105986811207
-0.6495083718249285
-0.7857661063345661
-0.735685468954379
-0.530991884818912
-0.24893657687378662
-0.1839009365861827
-0.23646251247770744
-0.3843604808129105
-0.5760399150287356
-0.4661631157421096
-0.1280067000883579
-0.11991461485388984
-0.20899223031840172
0.10582046849283247
0.31724768579142076
0.14974356131741354
-0.006866102585331226
0.20020750005814092
0.08307752291119909
-0.09425457711208816
-0.022106740873295862
-0.04053936650398033
0.07055685763871053
-0.03744115568694176
-0.2718025060541207
-0.26978812923521517
-0.31425430746352
-0.4110630558529557
-0.2914848826146222
-0.35211958450852876
-0.23650843300597357
-0.08730178739326745
-0.05174838053645571
-0.12130886524311403
-0.015378904124679259
-0.11190436551311227
-0.0500071571021256
-0.09880580360995771
0.025737156498951412
0.016513587634463638
-0.08320529818869835
-0.04103833196107236
-0.01940796920598113
-0.2079607406821429
-0.25150428429334193
-0.08098131392675394
0.06697821741082685
0.08576699263640007
-0.1274320878182772
-0.20323215982431025
-0.3727082287396367
-0.43807444720981936
-0.4230098395887566
-0.15212881151262705
-0.14145108343100687
0.17785372298589863
0.2762424711590113
0.7161621980934626
1.4297093447763853
1.7210073548366602
