2.0344642967458495
1.4476171949990237
1.0802650274673709
0.7219571929129279
0.46733902220112356
0.2644734430247715
0.45743011365134933
0.3478357093422614
0.07575712243650062
0.14357200498549516
0.21024254464204314
0.049830072327747214
-0.13973587847327257
-0.0045404203549915595
-0.03774799987167456
-0.23719789937646468
-0.1377660456641503
-0.264406356164321
-0.1513431165075838
-0.3572522791290734
-0.244812035923616
-0.15890431126781207
0.06118631720821428
0.38310880874535364
0.40685509185703445
0.4815832404915805
0.5573299206423531
0.36893986393400435
0.4783951180988713
0.5190452784050111
0.40675546207405
0.31098171391121887
-0.06333328351416564
-0.07242520186901977
-0.19562942593597782
-0.40610573734810873
-0.47530916087465613
-0.30586582454421873
-0.24773795459665296
-0.2981495681433352
-0.0024638168715400382
0.02941918588262663
0.023419539657287297
0.23346070926530094
0.2459247994390779
0.42079456525733305
0.17332772465697002
0.22629942946660944
0.33954638264379394
0.06938656978330882
0.05692358685913374
0.30025134243503887
0.5110985780849003
0.6187273490716613
0.5430335160182688
0.5102358080857159
0.3507357189140873
0.3030366612557366
0.2856981723130845
0.12254694701054752
0.17005817552479913
0.1120032314507769
0.16855315903838616
0.06771416814578271
0.05241050028458115
0.25084738281724966
0.19223010792236697
-0.09318723944544535
-0.03774112702734294
-0.0739771667979326
-0.28543953537410116
-0.2378648930180977
-0.23845883730855266
-0.15383344138447683
-0.36570863940504394
-0.30395803052741466
-0.26334556034354767
-0.2632911718943859
-0.14617774921278504
-0.1205442760896234
0.10787775840074423
0.0749422958629948
0.010472380802832713
-0.03878281067958995
0.08498741841753837
0.16255965757314902
0.061224183037063624
0.03649533634676949
-0.3204835252577499
-0.2834418801016273
-0.4380894559136658
-0.6114499089653819
-0.5995790970607254
-0.43874194499748564
-0.32165622173006636
-0.3095315246163727
0.008802411429139487
0.018716445462871937
-0.19166796180353407
-0.35171889872122614
-0.32734578706027756
-0.34922294306401197
-0.3497805943177882
-0.15339279525259766
-0.12379290740167308
-0.11144753894126318
-0.26507564540040085
-0.2267984361551208
-0.2969311787575492
-0.19638595910534296
-0.07992258718936174
0.16003728621086938
0.22469974005850418
0.3279858408700921
0.2647183376059478
0.4104452072507382
0.18551938172670335
-0.19215227699908868
-0.4160685076259106
-0.600687824293307
-0.6774362396424883
-0.8932252507253357
-0.8774112944751661
-0.730404595620507
-0.47818666672296223
-0.1754819376250029
0.018416035559899298
0.07173743608976858
-0.21609619983651107
-0.12228833367642909
-0.02812893918357424
-0.06844266708264148
-0.09558607026923277
0.1062685454426101
0.38241695108095464
0.5292146578961188
0.6335063182682537
0.6234511068210967
0.5069748730872117
0.39289956537777443
0.3352168418838123
0.32154427725165813
0.05821780489254917
-0.24015625397012633
-0.19445109705278743
-0.21099620993565557
-0.27677408491154587
-0.4455185932248609
-0.2519896964460484
-0.28079921943853037
-0.35525454513721433
-0.15316404559872038
-0.09424541629068076
-0.28168617091970277
-0.2812577013533119
-0.27333544527171394
-0.12589884437158366
-0.17977259009762092
-0.06882670497055146
0.3125749097198441
0.5809284539277905
0.4808285536543876
0.422037221295284
0.4804536881471909
0.32863359552113575
0.19239479182610592
-0.004655712761154445
0.10928370543115537
-0.12799786350861067
-0.12369198315542856
-0.13335406669235378
-0.11784703085166023
-0.3901171676341389
-0.5123111223462498
-0.445854879440425
-0.3096570311958648
-0.18184470813442585
-0.1130185483096731
-0.11083349960029713
-0.253355965495217
0.008052926901528416
-0.0479932884899025
-0.2547972594925019
-0.1372401315035834
-0.0003460597430263787
-0.22086583186547454
-0.25894276335500915
-0.06423531335805556
0.30488165607092854
0.2588206612920016
0.26912637519538046
0.34932791129808205
0.3254656457454437
0.06471951038291304
-0.03886415117206853
0.14052123984097228
0.14395423775169103
0.10028659654692176
0.15372507075392133
0.12487581121767224
0.056788721790535276
0.050958408604739755
0.07061399367062235
0.15578509415023198
0.013637598344092807
-0.1872685788997482
-0.014271217242694638
0.11673757743220536
0.06408882042610604
0.24369715792430346
0.38405472252745976
0.38076081252615046
0.1806001656290878
0.2702783302731926
0.2651293028554319
0.2259508308883445
-0.082914650232103
-0.21488342802088206
-0.3882968733495369
-0.5299440669044037
-0.5495103348355471
-0.4020088555586866
-0.44978765968877477
-0.4827955912487618
-0.36445768770964226
-0.32760894994960377
-0.24730542356667162
-0.33291508885523674
-0.1462299904553161
0.09432780056405687
-0.026375859564160442
-0.09582507135598468
0.10144341834418032
-0.1302645421687872
-0.08399536611473074
-0.1058504061276946
-0.2141093723865225
-0.3165992718534686
-0.4886799218360081
-0.4510556600492524
-0.4422273395483795
-0.43321312499247644
-0.2947225606324221
-0.4354986868897426
-0.42106396724389455
-0.04258912442313555
0.03755004013074819
-0.004377840101643581
0.11336290470205299
-0.0339643029645232
0.04151193983081542
-0.031371385357715484
-0.0377879729286785
-0.08209719614283618
-0.04964553266336334
-0.34830189587542787
-0.3012089402871705
-0.3287554199556039
-0.15700183958518943
0.13256579150250994
0.1347817265085483
0.06486462037745243
0.10094806160020432
0.03098039575884804
-0.3251195434430563
-0.4410872535811967
-0.38587965751443337
-0.5840627084534032
-0.6218474018557584
-0.3280622574894824
-0.10861543261941291
-0.1042796357445419
0.20461709690317711
0.31432843787232057
0.29213036868229136
0.22226251528375057
0.246767978876961
0.22977941632994803
0.050240748653939266
0.013009148173760485
-0.10648308852944802
0.021731252810377823
-0.0699748462460666
0.10388086886744181
-0.014331883200654743
-0.1853646097003465
-0.4520188401092292
-0.4679847566353863
-0.2543144588025498
-0.3863422964372921
-0.2510531588146813
-0.17202824068991415
-0.21240563940872498
-0.23857464487883567
-0.24107916381898406
0.021305983191942362
0.04921664132117044
0.03329217130831634
-0.13240494289801516
-0.09986925306416514
-0.30700791494450536
-0.27010299844967656
-0.04660716615242537
0.08876522694902733
-0.11488997671985557
-0.1494588605667287
-0.1921052690662722
-0.4169271565836761
-0.48914462547048276
-0.5132510517814005
-0.4320648092540634
-0.3913884823680259
-0.08669356724662255
-0.07589215063241153
0.2584657301024889
0.4351110963752481
0.6874383694263875
0.8784944737249186
0.958604413609118
0.9707478356218913
1.3573368942366817
1.681514759352836
