1.8469293625009986
1.3974995573886393
1.0381716166263455
0.6605674347037609
0.5744384885012451
0.5171134290634263
0.42941273918637557
0.2760929432645567
0.0538998186363494
0.09151328120990565
-0.2621416366771815
-0.3597670020195367
-0.16851501117575132
-0.14186799663740596
-0.09854926495902493
-0.026184083300334653
0.06845276742630042
0.03864419177952168
0.20373712166581134
0.10447572177652924
0.06497605578045484
-0.0716439811200158
-0.04685557911862207
-0.04471814397340416
-0.25089330069206844
-0.20422018492828106
-0.383968690256932
-0.2681291746097469
-0.222308623807209
-0.16002904429309803
0.025023425574188803
0.07612101178056857
0.15265505436207905
0.33299323244189905
0.410351959661597
0.31304762778269435
0.24081898096974091
0.18379354227731753
0.0534817865377327
-0.1878786185877713
-0.40520871080090737
-0.42994198887329255
-0.5619984969578457
-0.4919542005313703
-0.47989810770300706
-0.3240014125836842
-0.12261159468601238
-0.014808248067730147
0.060690962740162654
0.17193803422053525
0.1528918708518339
0.02937086626034948
0.13374241954816316
0.034503611327165076
0.119951727655473
0.15597052075792273
-0.03992735607301157
0.040331050116173696
0.3125135026089267
0.3166042155400324
0.298369076310482
0.289558319577623
0.028564853583228817
0.012810297101991792
0.18604758072693772
0.29871606987569604
0.21535748901582535
0.019980852965883873
-0.2422102057844819
-0.4104847809176403
-0.4545321519327331
-0.20401730550738834
-0.07427982914216834
0.11594661203485317
0.294806369781473
0.3660127284197265
0.4304325123932958
0.37804089486170944
0.43801264899364006
0.3228451490988946
0.09442184715146161
-0.15982660421389153
-0.29527061565382207
-0.6233888175810811
-0.8427023911577133
-0.8640016670010232
-0.7602411554150669
-0.793579012191071
-0.6806833731281101
-0.6752696893237066
-0.46732226365417645
-0.06511106529084056
0.16094492986334114
0.5307904490348462
0.5490334928724547
0.47977194836118703
0.25531175713951926
0.21781565245245507
0.15807815418212062
-0.12517712694450872
-0.10385222768323699
-0.21643915511437362
-0.13904951636658597
-0.17672725734909706
-0.4282143554920367
-0.445640595093368
-0.17010708623978685
-0.19904596889444331
-0.22273345760147933
-0.26200512997370506
-0.09169308880094204
-0.023745686227930326
-0.13560028517831496
-0.05418352042838091
-0.024550631519037185
-0.2507325818465808
-0.1899394436009738
-0.18065691058557057
-0.09039281127781963
-0.3369389503959349
-0.2668361038518333
0.021023017962600483
0.05166684477920083
0.16321898979475125
0.15399313633891817
0.2121244957209216
0.14650679963156615
0.2714258345578273
0.4057009966872615
0.198242407494445
0.23902286922608257
0.32176462658062677
0.29675799944999764
0.45066865439225706
0.2521654787109493
0.03637629975533209
-0.19246714261806863
-0.5525971672481472
-0.6467577360092183
-0.6984071191030082
-0.541713756315343
-0.027040447845714667
0.4316937690585308
0.5069566525571962
0.5786737805524454
0.5417108620035972
0.5253037815535866
0.5052425798882202
0.35166722498524106
0.13430869621294023
0.10568073454464977
-0.033419268999433496
-0.22260017186120196
-0.2910064417908691
-0.3297799531884809
-0.599011206256706
-0.6290056566041883
-0.34084459708680803
-0.21419321009120332
-0.18978979298351714
-0.04047495292822302
0.23470629008170688
0.08855504707204963
0.28064526215385455
0.4715052984188081
0.39418432874438497
0.13538099045396937
0.08941013890957158
-0.012226084556475067
-0.2476521562241378
-0.41929117528438337
-0.5343228930574219
-0.46789613627421567
-0.39464994401804915
-0.16012339149489546
-0.09777090796608118
0.04765746231929906
-0.15923201652732039
-0.39355268642444996
-0.4815537241369104
-0.49488197273182244
-0.4653243662071598
-0.27886081032455584
-0.12548729889234314
0.1308823064619096
0.0694991038785223
0.02100835384823677
0.10557910337203764
-0.14635955801616812
-0.21165090043959225
-0.09432921240804197
-0.006042612004502716
0.020706225115425605
0.03639187968380693
0.35936491904258494
0.39047242914312513
0.5452946720244337
0.5976671153235706
0.7173166030686768
0.4440628080254173
0.06216222123297133
0.024583975714479185
-0.06467701849741947
-0.13595249520711147
-0.28430987699942584
-0.5034093274247863
-0.5160421268542961
-0.3896385924964636
-0.5659627976967783
-0.5166104733368783
-0.27039548701984967
-0.2892703110967138
-0.26639545253142405
-0.028085879387262324
0.2792202621406124
0.3169442202929605
0.22953985919498293
0.08163480152546876
-0.11855406402987943
-0.3763077949958451
-0.42383305464815385
-0.4141465587146702
-0.27042013801239023
-0.21586081477410907
-0.01698321557175751
0.07564489335515852
0.09796937771408358
0.23230591073366902
0.179382087538073
0.14726787123974927
0.06261772423442209
-0.0809451944804225
-0.335208243932701
-0.7547012444060847
-1.0219155168995442
-1.1456529247356513
-1.2071442588366204
-1.18341181896476
-1.0106612682737384
-0.7818668756662099
-0.3956884156085362
-0.07139616857634327
0.22248301251031813
0.5771128640589476
0.6168200941465153
0.5646413837379368
0.4171478113962251
0.2561346098804677
-0.048321957610416896
-0.14453033155011744
0.053466691779644714
0.21515346612353606
0.13623341653600218
0.1770030641950602
0.06812675988695335
0.32853462526909444
0.3293221019665178
0.3771228981253091
0.5348680569306095
0.4705690540118459
0.5007176533372023
0.4277414319754021
0.46960497515512784
0.623234627248292
0.4202941674831098
0.11745836556940153
0.1848124534207007
0.26980259716678545
0.2832879369284682
0.36343155271136524
0.31354027627512654
0.571330369246695
0.6176022486845976
0.5172890398410512
0.3164926846676796
-0.06680188921027065
-0.11704509142841833
-0.27391651485687335
-0.3740007074366759
-0.3250448580896724
-0.5722896163937627
-0.6079231518661059
-0.4984809211822729
-0.3976210581655031
-0.2982436211961839
-0.027523285339663806
0.06088690840910185
0.11201358653895792
0.0659218024964733
-0.07493682753938993
-0.09780115194039873
-0.22746196065772487
-0.42508441689386905
-0.4820016940257628
-0.4119043444924156
-0.4489503440279336
-0.30831828212588747
-0.1227759392693808
-0.10361315426473432
-0.024772543529190595
0.05469853950131352
-0.002222041860057295
-0.2154063038417843
-0.14860029141778072
-0.08282524190351233
-0.005413774779133236
-0.2095180176193128
-0.04542385914563331
-0.022967971652119386
0.1534297218615802
0.19239486252801932
0.34284617046072546
0.3056884223317009
0.02682091324271565
0.007621147066833753
-0.07229154877516032
-0.2859113907742804
-0.40650541450846955
-0.6187232345699264
-0.6848084529017365
-0.5642904434056291
-0.48350196735381473
-0.5206709788761352
-0.46476863586405986
-0.41159360630044994
-0.5483608378198571
-0.6001635049475196
-0.32760466797997895
-0.3476560334818085
-0.311265041736666
-0.17205480379260382
0.08830813812391829
0.07265342914354199
0.03801400268359148
0.025574587834418315
0.016688368902539982
0.04801615784572366
0.07726850067804457
0.13454510592709176
0.030419860152069465
-0.11747054428561832
-0.0611429412874597
0.15834484921652958
0.09318078362359386
-0.14649831829703824
0.023084713068478036
0.07655742327376193
-0.13422312696920238
-0.032586049285159235
0.10362904940780399
-0.01210711986922582
-0.16604428897444903
-0.06866205732477688
-0.18071310585540776
-0.08136026529306296
-0.1509831306619744
-0.1732600080058289
0.0008394137460038506
-0.14554857259021814
-0.028373004771628647
0.05850510906174738
0.05554163543972926
-0.08441350531032785
0.046609528925280586
0.16628979020780116
0.16214100906979226
-0.005433695661332469
-0.0643949578927698
-0.3426206208994691
-0.5698472525153063
-0.6541557134789623
-0.694430242869836
-0.7513985288984306
-0.7285829542712131
-0.5732944376760731
-0.3421057994641052
-0.34351535476164646
-0.5370222452709077
-0.5064028140718667
-0.3293797150091771
-0.20704778727927847
-0.277814735586392
-0.37298354088327956
-0.2483315308649582
-0.29549400585303826
-0.3254849388003152
-0.21163222505890059
-0.11681238481687906
-0.050927601110468
0.020497636923456214
0.0023056091217083835
0.1824987826356846
0.27069194963272875
0.020744054536493625
-0.0375283279514372
-0.13066072937215908
-0.31840888610169715
-0.4025750947650424
-0.28746901096992367
-0.18413734733026943
-0.33830018960984665
-0.1649044039892464
-0.16767001777864207
0.026598840513704123
-0.026773014717166106
0.2171204206942814
0.5737626951987311
0.51571015596636
0.36002881094704453
0.33734909517796174
0.339814503401152
0.0989705739941633
-0.05872591501376774
0.12097019695707979
0.27872762913482424
0.2267915457558695
0.22403972817554937
0.2369825741565878
-0.05367407179519457
0.03130266808295587
0.051700028414209745
0.08629553972046915
0.17843555388832852
0.025726774998791502
-0.12153296612795472
-0.31199063586811104
-0.40509337490289515
-0.28388935018619266
-0.2601094669358875
-0.17618981065532383
-0.30581923723767235
-0.15773754436433216
0.1322469362744515
0.24406485368581932
0.25679500093184154
0.05109630871994209
0.0037418787842222767
0.234584991401006
0.17735576962163643
0.217154508986198
0.35060078774221703
0.3785149413161216
0.2167429750281688
0.1908294999054158
0.24162945387281395
-0.022530762581634303
-0.001957454572922297
0.07189611039984944
0.23368215759538605
0.22439283008498792
0.0427984734187695
0.17022762899875524
0.038398048513049315
-0.2408370742117528
-0.5179248220706608
-0.7338806758528899
-0.7343410207412292
-0.6343042982661647
-0.45779733598975103
-0.05163296299141462
0.24085517753089145
0.37286490142916834
0.6210124064778244
0.7369284911203364
0.6920661155583595
0.28332077485541407
0.2405888817212421
0.26539829566487144
-0.025325086808732494
-0.3680057168582951
-0.39016105963369624
-0.22975620527540871
-0.06561325454545155
0.004829100824764878
0.33845231125022135
0.2412848137149329
0.07635977562589846
-0.07445700544280497
-0.0381940669131441
-0.14156741303092357
-0.09713970908492091
0.18809308855494075
0.2731007909416638
0.0882623714437175
0.23036096893159727
0.359732182162209
0.4744408397359071
0.5538180334572328
0.4460433606488553
0.5996983605775434
0.7095464468313265
0.6234082899594582
0.5719549451132302
0.3584237102953762
0.12981130558496864
-0.2558467232887027
-0.6015047961144615
-0.7040485373842708
-0.5356512010662411
-0.23906049979300903
-0.23639146843505507
-0.07068042298538033
0.07826217238101826
0.06614966763098479
-0.09497533584055608
-0.15520707088911223
-0.16108479625709698
-0.34163790042789327
-0.5532760491919774
-0.5327883562679261
-0.5490864148454595
-0.3707829921659696
-0.22558025153494296
0.09488883947323863
0.30672846294305034
0.4082489007048161
0.2621381539945269
0.2120609793184466
1.134377975009885e-05
-0.2381904084939791
-0.4415082055138927
-0.4721316489130331
-0.5445366559024843
-0.40763767357870195
-0.37615439726462435
-0.2504869539843086
0.034493613657082395
-0.08786346957937327
0.012863491855601485
0.23117509637972136
0.3886633809350656
0.44104443327135245
0.18224727503384747
-0.08880773955565203
-0.40259503768439336
-0.5805112923083429
-0.4812276694309163
-0.38401730084223246
-0.3342749924368469
-0.43141069729157683
-0.18737652738513444
-0.08616641312004342
-0.10745983910607888
-0.018755116068349016
-0.029636460494411834
-0.005849235195689456
0.016733450473075864
-0.07897636379150733
-0.19725612832186662
-0.09461181400429337
-0.016049444956122264
0.41201789754134344
0.5678908850521039
0.687071346422856
0.6393705544012909
0.6924339799167757
0.5526856599385732
0.24581199527078276
0.025600531670161675
0.06473684668341344
-0.05835416531324192
-0.2254438677949366
-0.4197726021269674
-0.3223255714571284
-0.4039157355926134
-0.29505623853532853
-0.34184307904607236
-0.5662327523596906
-0.5507276510058113
-0.6756051836062054
-0.5747325400281529
-0.24925956838837784
-0.2547837122776706
0.012461472402693803
0.21516613419531283
0.2282507096689282
0.5009792073805054
0.6488593752524546
0.6656548000628741
0.6022256158448875
0.5064518450985679
0.31734739634693737
0.18774839610895144
0.06867986554101863
-0.12714808165642927
-0.11150346371753456
-0.1809671475473111
-0.24296993506602557
-0.3998015388523455
-0.30657046453183634
-0.23733985937355498
-0.12299377100334069
-0.0809333821876701
-0.14653095747199046
-0.09219192330015193
-0.24880158502851224
-0.21958470065802183
-0.23300206181746258
-0.04244188728301551
-0.19166587327541748
0.059562154071324126
0.08489452694634325
-0.01973142550430953
-0.150795766731124
0.022379871670650843
-0.046618838626514975
-0.19781819550724886
-0.04927150603295752
0.004060925014092462
-0.23030755626989707
-0.22679511922017243
-0.11085677882597315
-0.16703547905315264
-0.32782594253617925
-0.2404169184779727
-0.23575990927787244
-0.045679483178057645
0.028401630965877486
0.08543197952573778
0.10484693236133953
0.0018669732172368655
-0.26739918159398046
-0.2299947387913519
-0.06739999790048921
-0.12458917185706206
0.08161917156017395
0.25537439973894055
0.37340709666358235
0.29319518818579643
0.3311803302280403
0.29999746911736513
0.3221809510386176
0.3206592778277346
0.3115363533996963
0.13828180676394997
-0.048672294189875204
0.007964690933306548
-0.12245797269239037
-0.03467775192455062
0.0065434035801062275
-0.08056125004943557
-0.326133600072601
-0.2809946114775265
-0.46115326326141975
-0.5308196534326783
-0.4829879230234185
-0.33183003429840285
-0.2517946279640206
-0.30074324288343246
-0.2717075228037631
-0.3408204656099362
-0.27042551896978373
-0.1629262127367262
0.05420312017306031
-0.13344684612568164
-0.22943367391307765
-0.159546861477559
-0.3917438893003797
-0.4998417171747347
-0.3822069292694082
-0.265171590153115
-0.5548447174569413
-0.5811907416302174
-0.3604609166792151
-0.11988840202743099
-0.17007486575782874
0.12828188483489852
0.3210921022402137
0.2864574403925717
0.39252179499443496
0.3836316607299388
0.47184992738630765
0.5603935815824355
0.3610321618126539
0.04986201672914319
-0.20195705848496254
-0.15425479696585423
-0.13555370035879027
-0.41009071277124043
-0.4255473410580488
-0.25976010929561344
-0.2904394906603619
-0.2821600923257901
-0.08037912756113898
-0.02632721495010932
-0.15309176310217293
-0.04898118783185093
-0.011292077721088116
-0.1461618611913171
-0.32124460623215045
-0.22275619327312468
-0.1313820190452795
-0.2509953525028961
-0.08111220384210424
0.06280347419669259
-0.03717894002187937
-0.13366541608464508
-0.36503453581166706
-0.47015501720205655
-0.7321818931078746
-0.7609028900296283
-0.8429639878266331
-0.7773043225278505
-0.8082952013412843
-0.676580658895661
-0.3399508581421682
-0.21344973024113903
-0.07151651994849959
0.14217836331760678
0.1722309445970777
0.06207533852360257
-0.0010860084262276106
-0.24825065663466447
-0.33281760960935597
-0.1767861381933961
0.03895267070652056
-0.14270407802790785
-0.2613093116634407
-0.13413562795238385
-0.1482666856474198
-0.43130445972461
-0.43764336706902135
-0.5531702888410077
-0.8464638854052948
-0.838480882515676
-0.5496736939696774
-0.5633871270034261
-0.39452970040496976
0.09004265401063793
0.3342744756024262
0.22641492866803545
0.32723623080706654
0.4816189608815837
0.2757261175181486
-0.08396467596218443
-0.20198117360490875
-0.10662268904459288
-0.03256635746201053
0.07966178875926415
0.3008394603271738
0.2401062194456274
0.04640458881542827
0.07923067496421474
0.01385195761368272
-0.32513535582297715
-0.29959241906111483
-0.0687431988212426
-0.03435502709569188
0.2828991587722986
0.588967068108869
0.727842595642323
0.5015903314255533
0.4023446498470945
0.4903627944016962
0.2588637130961164
-0.2191122202206267
-0.4370062506682679
-0.5260613133085547
-0.6130117969976232
-0.735119091476931
-0.8091527278948126
-0.7382522500832019
-0.4980559963852103
-0.3388241294383427
-0.20988382369821743
-0.09868861856377224
-0.028823496111006687
-0.3105222291267303
-0.3302804745105332
-0.2705034351547293
-0.1845110972073543
-0.261250605788421
-0.25947852421849066
0.03017087960958902
0.26302972579523753
0.18769023794117976
0.3422701119488263
0.5945682626182246
0.5215076083577954
0.28888879677091894
0.17441423821183438
0.07654292876258949
-0.19804452419788274
-0.1381858062353607
-0.10943056321049355
-0.39996338483504923
-0.5526805399917778
-0.37616776984556033
-0.3188673811094525
-0.4425186421172136
-0.2560298620169496
-0.03441721418877554
-0.19556436321916834
-0.3573923617877692
-0.21185969026209506
-0.2539026423995002
-0.41860208152123984
-0.49792096578613676
-0.3388861697078252
-0.04841398149113259
0.2669540532803446
0.498444719914839
0.5381803757891533
0.5801462507099735
0.4217705427217894
0.6496431151364345
0.6289885590464112
0.5309267993446438
0.3052211049649946
0.14857906105797852
-0.0832016819895329
-0.3794586492888272
-0.6194518229117764
-0.7484609815901229
-0.7243759427173555
-0.5920428151274745
-0.5403037639093199
-0.33447771838985746
-0.21851720361622892
-0.11668339467473837
-0.2578292191980881
-0.28775768926737083
-0.03620093419591114
0.1639121297099171
-0.015472029913902202
-0.14229986156090196
-0.008500945887891166
0.14383782242931734
0.04719565493955096
-0.01393219870298672
0.031310451356291465
0.04874953826098602
-0.2428524831531846
-0.5028379791611763
-0.5574093843406052
-0.5467788231690146
-0.6011389742974931
-0.4825180145094327
-0.08234826191231862
-0.09766264018855515
0.05031832747332654
0.06992878613045522
-0.11472201492376846
-0.1567835358417741
-0.23980276458399716
-0.11470823378192496
-0.04456082003812836
-0.030617662871264842
-0.18124182467629174
-0.06800213408009144
0.04317589505686101
-0.05296448302064734
-0.0657220983546483
-0.10737522319693191
-0.3618565372192868
-0.47833549611528103
-0.2759911854262485
-0.29669337464940215
-0.27753979568059106
-0.01030187245609997
0.2597420368840125
0.3114914542955098
0.2613466081542729
0.10413562380893238
0.003359446142520064
-0.0834406431173436
-0.3899845687286923
-0.5268032511131487
-0.6755121993146942
-0.6164750820663113
-0.6596424965011497
-0.564919752066998
-0.3840446493852298
-0.14576574788012747
-0.06449165414803637
-0.1223968744762807
-0.23624433601940106
-0.0009442787972089626
0.10761065526634161
-0.037249955975650055
0.018357077017430997
-0.1588360736812709
-0.07075274780686203
0.02173985864110316
0.3219716639002749
0.48032398216517513
0.3347675280591739
0.15113079602654828
0.0528313170712401
-0.044248415129606145
-0.25839365792504776
-0.39527237361224665
-0.19501304586674847
-0.23368280978781575
-0.31528121097647216
0.014110612364958582
0.16435402408225352
0.1632863441589413
0.3391978465378913
0.5042513072610565
0.7198636541364782
0.6392834315833891
0.475393049557298
0.1628768317558054
0.10939634620900998
-0.015691412592617263
0.0459939758839585
0.13915187109356142
-0.04678572434252532
-0.03282696746175991
-0.13570701271899513
-0.3193945309644654
-0.326001860099409
-0.45603343048023376
-0.554001595174903
-0.5329578855812994
-0.48055484808311644
-0.21991863090207667
-0.19316677525655565
-0.34513782541291105
-0.31076152304252447
-0.340854403975116
-0.7140501933603521
-0.8090768462184234
-0.8302939170246075
-0.674776060698831
-0.5964096580149818
-0.6175697004167466
-0.40563796811733366
-0.29601726390710037
-0.319038596311637
-0.17498410690729968
0.06421466231023082
0.12870324304057607
0.13603275676717366
0.11204336939305468
0.007509770442527043
-0.3293301766689841
-0.41296723242166766
-0.47501163143976083
-0.6278258422934677
-0.6332883049029642
-0.4387493476422711
-0.18916079686796333
0.0698281855672491
0.3347829896813633
0.5788252260001181
0.7109151931378214
0.5823405889751908
0.4337830560806877
0.021365140359635822
-0.08613925837665319
-0.15399079666750376
-0.3320599707607899
-0.31950058393846376
-0.37439917008068174
-0.36141987758498717
-0.44263185739833394
-0.268051364020345
-0.09430956152929508
-0.1208116217212664
0.01976678872407088
0.08734400516309147
0.05257573923538102
-0.10484943279766447
-0.07000898859653591
-0.09521955269853057
-0.1451317515797897
-0.27816312240074176
-0.05080365767740053
0.11202524929390059
0.20015893426697934
0.28669531600260667
0.29606684155586127
0.05682804856167806
-0.35321580069010483
-0.5024068814529074
-0.5436623411623943
-0.43553302669900656
-0.3199434050735257
-0.08364311189141764
-0.03619093765577657
0.19340656817475477
0.4061329017500329
0.4827173874047773
0.34109443224013286
0.1722509773320383
-0.0101858597090453
-0.07430385836015536
-0.39177748047636957
-0.5306443534779045
-0.45703957951912677
-0.11185176671164904
0.1636613338398308
0.37943916046151055
0.33144401302772725
0.440731881310003
0.47602011402445643
0.2567376392186104
0.012250645942023856
0.04138505439891971
-0.07690663685914788
-0.17131440917797988
-0.1548666228748864
-0.1916542142314965
-0.30103229860541086
-0.4982480587863926
-0.4288720699268785
-0.177216831743141
-0.07419458230074753
0.21874855201665186
0.233588402375682
0.046685367219968035
-0.19088464191423396
-0.37562935749497994
-0.5414722927762662
-0.5462161697959524
-0.2194295774609666
-0.2036254945837124
0.07701242064721485
0.33400112417004774
0.4095449479419351
0.35132600638643463
0.2715266517588639
0.32010326803655187
0.31802643590040786
0.6503346993919571
1.1081176566549784
1.726330894793738
