1.7941289746005713
1.952326774187846
1.7682169205737823
1.505331417130252
1.2927280541710884
1.110060322118716
0.7338183345823243
0.0313480816342612
0.5277762864371652
0.4472512922582803
0.29722333569391224
0.12107868818486142
0.0220574129553516
-0.21811697526597246
-0.42702522686845396
-0.4026941229739475
-0.31594298033627194
-0.386299597000898
-0.49360167569093866
-0.37991989157579775
-0.39502212506871826
-0.29915961341994346
-0.5167850195481649
-0.45913754433568904
-0.42945229996762413
-0.5110498573567919
-0.26853886481034317
-0.07726320294730245
-0.02331950813716383
-0.12683574667663458
0.0771443427642484
0.1309724896722503
0.018483161619014917
0.0001934388580486056
0.053163520240949814
0.13314026661545705
-0.047500137550700136
0.1364654561481834
0.343383197458078
0.3799507875359791
0.04794669648871398
-0.24393208979265546
-0.20067359220823497
-0.2820710584556
-0.5926746182284103
-0.5935691204845268
-0.399033045243841
-0.422819392563222
-0.3836697906053546
-0.18700667683494174
-0.18347989831998107
-0.020064476292055308
0.00427588205003679
-0.18877739434172638
-0.11009653049500683
0.17700783600290418
0.1612009708380348
0.21075365545481506
0.6294658730478739
0.8843901398246201
1.0094330397291775
0.8669182624960904
0.22512813801003462
0.7851740988997455
0.6017409219391613
0.4528451622563282
0.25207078347871487
0.20310380960433058
0.12238790381872264
0.12671616028188779
-0.0032153450932902064
-0.11910088384637446
-0.38128505252583367
-0.4916278850795085
-0.3676159822187855
0.0056063802275603545
0.34321684482763604
0.5749848078568695
0.629386061927969
0.053724219896071665
0.7385319803855169
0.7945428523816048
0.3615028637201431
-0.20841701281436315
-0.5977586054978288
-0.8170264609581749
-0.8600180905742634
-0.7104302897780156
-0.6111843653446895
-0.305620800732777
-0.32050388097048177
0.010872995938255785
0.1822260097558922
0.20126762565985296
-0.3796590335368399
0.299994310945962
0.3313029173723212
0.33508778091138436
0.4777950087465272
0.5739355056121446
0.5205199799083633
0.5631708527106388
0.725584354957318
0.7932079389769033
0.7134826501899393
0.6208822834537681
0.3877091996582936
0.10528894647567018
-0.2764185795992907
-0.46852734664298723
-0.5562212994014042
-0.36722348651391434
-0.5297205246507138
-0.4657725260187636
-0.357077036756585
-0.04944774277848716
0.07920393779485697
0.09492565436921965
0.33081111754471026
0.47700374493574166
0.5594765837479343
0.5366498722649455
0.8318388127546583
1.035439268202512
1.1635013311482634
0.9567665284368353
0.3188221273007063
0.9218317565501327
0.7238421319520028
0.759350276025841
0.6954679745288249
0.05193465026686232
0.6591972844022134
1.1544702322472382
1.4662820217973735
1.8300749134127727
2.077306520034313
