2.033114220878624
1.7044474378250005
1.1505444011253816
0.6630560732473191
0.4786318134257158
0.6259935152791706
0.6597905705451258
0.4680762813138709
0.2145785646064269
-0.04694951777950199
-0.26826187695901166
-0.3333360920786765
-0.19495588787663554
0.17064796602206234
0.38008144176781117
0.39651956251243736
0.5779478578115776
0.7497918484335075
0.6738838827004153
0.48202764337572357
0.43002129225222885
0.42852907415568775
0.25255775858334756
0.07168587121961148
0.012413632907268676
0.20374668594597092
0.0935569543230432
0.32472253321189415
0.4184220903873419
0.5936234132238589
0.7486946117894683
0.6902376674937942
0.6085513488594271
0.433918456631753
0.12076911222055065
-0.3812136198705202
-0.5197840913642023
-0.47066071085730304
-0.3881306617342001
-0.4607054688384739
-0.11084941493018703
0.08401044714588324
-0.044546347393643375
0.15510211732856352
0.41230458673937437
0.5201445190210503
0.4403323406191733
0.35932411087612237
0.2052434379651921
0.2606799780675569
0.19808951461031504
0.2014312482207941
0.19885943810018597
0.09123765691544186
0.012353022984830897
-0.024766078336500512
-0.02529602385464868
-0.11782703295758382
-0.051769878900937115
-0.11334567969367426
-0.32171960728703697
-0.42086348582973326
-0.23749672683559903
0.12426164549695622
0.12604370820640773
0.017751817172955715
-0.017976332758320702
-0.19566311785352858
-0.4314941488968026
-0.4227510722749084
-0.10716477512161496
0.004509804716600043
-0.07129650014304632
0.11638165919794874
0.07773360230740181
-0.021118314477482455
-0.2252708078620986
-0.3328652569968607
-0.2728718385724999
-0.1391370931722687
-0.14239410076555878
-0.03020981466897547
0.04748611754882455
0.355522681702097
0.3034618393699521
0.09661685813198771
0.3128715413825996
0.34406610211779853
0.13614823208570906
0.11891243653749965
0.07154604570213341
0.061438672342582434
0.13767604850434156
-0.1570823605328617
-0.16995412384433212
-0.03392190885446873
-0.10289739437368872
-0.22203881445217347
-0.13707854479620357
-0.06701141338153761
-0.10699865773260325
0.04731183120708486
0.24364685637566294
0.36843074027658906
0.3986637738311415
0.24081720544519603
-0.05588102998023245
-0.46184872297871143
-0.7138060413133468
-0.7709481917912733
-0.8450315337648717
-0.9604649693398046
-0.8339157429154891
-0.591966395370647
-0.31776748086377726
-0.1391977342604277
-0.20435966157016588
-0.3844093594741021
-0.5695089984011711
-0.6312359819022809
-0.4899941851754673
-0.18095683267611243
-0.18367765291781193
-0.16011246018286557
0.11635096284302829
0.037676511865890744
-0.09808221205614083
-0.15099171180414264
-0.19633869819507338
-0.3642461032584034
-0.6251559031435173
-0.6935686012134821
-0.49267537828471136
-0.7305797970732861
-0.7923772598704061
-0.6169807814341286
-0.30231162762803926
-0.2771694602394382
-0.07166392488382492
0.22621328520775588
0.16965426809465808
0.08958546874897
-0.05384787602648493
-0.07319588232578754
0.10761232230322966
0.5806872427141581
1.1267584385029439
1.5281113711787302
