1.9157938818774864
1.2769493167094528
0.6204394014629684
0.23374677839008096
0.1670107268580405
0.04302140917684383
0.07996478482674392
0.033574651415020376
0.2386386055207275
0.18791053032181346
0.3528700608919199
0.4611614840308493
0.27225060944071655
-0.15886194174590643
-0.4804392923076329
-0.43244700221427107
-0.48198660473930416
-0.6796289472073279
-0.8963353968136358
-0.8336511985156483
-0.7009394566710782
-0.6809111178253121
-0.45918712107019355
-0.14339612566736673
-0.05538592553288556
-0.09085216485377054
0.19534086661704278
0.30518290161668304
0.3094075345478047
0.10525637025681267
0.020695858095223542
-0.19454571002793897
-0.43503210179732743
-0.48741370581745513
-0.40601491031501574
-0.22988335227894652
-0.291940204076401
0.025635894897593853
0.1849885911882505
0.21302872833508346
0.17327913472957696
0.044718839333904026
-0.29141831802500984
-0.49735430641017436
-0.5980663848236215
-0.5334470846164939
-0.5599053520109007
-0.3581208970222836
-0.14161433057827805
0.049618320729564167
0.06512553357445892
0.346116386998119
0.6062371283572344
0.41214835534079547
0.1426850746948844
-0.04871234614620517
-0.30337651752176775
-0.6936336252787264
-0.753521562293093
-0.7090414865525031
-0.6057833918949116
-0.44836959722268194
-0.2303696375072746
0.03845169321694393
0.04264302080526115
0.33399695562612686
0.4669322809111585
0.49090805530913234
0.330473735619793
0.35588820171305
0.39892731794335934
0.48464442367295535
0.3901658429785251
0.16844971436201006
0.12481291489610835
0.007982057259761699
-0.21306779572726575
-0.3016595948732837
-0.09436638281450851
0.08559786170520091
0.5097765555198415
0.6611112817924915
0.6405866046069512
0.5955755527085216
0.3977688856162833
0.09820106178670002
0.05897786757108929
-0.23163060383399095
-0.23645515988257443
-0.4063416926512426
-0.33238609741090996
-0.20288050733498258
0.08068257712575287
0.17571409355422085
0.27279517017071797
0.07113004625507652
-0.12931375893858846
-0.047325184706355564
-0.27030055912946166
-0.28874858705868645
-0.27184075627745435
-0.13425024993862722
-0.09526781482755643
-0.23949592352500487
-0.3576460255892193
-0.49860151382447143
-0.46072680078837897
-0.3121592935770985
-0.34372288712434673
-0.15552924008278898
-0.09481581937846564
-0.05587861195226518
-0.07026355406155935
0.21435855655752836
0.2657486272598773
0.0764488276628411
0.19780542362611891
0.24702217678304494
-0.02324747883963573
0.016599476271506333
0.1740402236976991
0.06091229368418862
0.0327193502076957
0.009703216023627847
0.17480677406961953
0.18589182690197772
0.1213510706448191
-0.0212807323719324
0.08928893081870666
-0.09441664949265839
0.007837906521532309
0.10589995738360711
0.08776830578111669
0.1946152671564835
0.17374842667558255
0.5593442020662998
0.9762493846676336
1.3307561626605062
