2.4147764456474548
1.9431656753606177
1.5528851058452566
1.2229854555478974
0.9909885055336111
0.7205006681392497
0.3387026493276054
0.10380547466719012
0.09603033776109775
-0.19467811170227606
-0.38494693289220305
-0.18578932096892065
-0.20900621752101411
-0.12322725655157224
0.2881424499030544
0.609299203627593
0.4898617182357812
0.41899476606552233
0.2824095925726934
-0.14674148908555462
-0.4858979594389209
-0.574335433581186
-0.5725042656240049
-0.4311136241938095
-0.08507200585503355
0.19174834947511718
0.3134265967964184
0.4707648796725107
0.569834981090632
0.6112320237848483
0.34160997532728604
0.34658061643694443
0.31966117007671135
0.10264140285265949
0.14937459119820767
0.4377428671783441
0.5227530214805577
0.5733168779086097
0.6177324330827626
0.7197300135447441
0.8083713132664829
0.9030121169375884
0.8685207117998724
0.7455924748422702
0.6684739031115674
0.42295431739770095
0.10412535202073145
-0.25026416085341835
-0.3341799185668127
-0.5044205530630995
-0.5241530365859941
-0.45741677855591834
-0.4051604073847829
-0.32565431036072207
0.1270702634844323
0.2957899729400986
0.2954867686442698
0.2910471558289875
0.2744639422815226
0.007947792506809647
-0.07695721678744352
-0.056675506678363914
-0.14028375385286643
-0.18063937650165024
-0.44976339231326584
-0.4316632591019519
-0.4629401375862233
-0.262878504160564
-0.14541980397884238
0.1508185030671898
0.1256773541057223
0.03905973265511821
0.04754639331204348
-0.2761856131699709
-0.2570203287282199
-0.24043835776867822
-0.15604557520113557
-0.14297348352845726
0.07530051861023875
0.08801853316779248
-0.019511137399747445
0.1498012143849602
0.25514451721458736
0.14261213787709007
0.006850702158753199
0.05045452603594601
-0.26556023473601825
-0.3200966065797259
-0.21148207425427296
0.0646401934693468
0.14009767278676782
0.19874404957286188
0.13579734535816385
-0.0022517883755387015
-0.03026339694324873
-0.0524754518887323
-0.04879756390801626
-0.04232823045610022
0.24346714190833166
0.35974963059764115
0.2542761882431531
0.4979915950924638
0.5941048367320044
0.542286295704168
0.20418752225911405
0.2487979807975692
0.17200668871419647
-0.19518007143768001
-0.23041804636817484
-0.4458478772166797
-0.6207219614038668
-0.51370427508134
-0.36128997867259094
0.08033854870507633
0.2240765531818615
0.3874017012733877
0.2626029414329979
0.05573786329798033
0.10490066941937624
-0.1605778279530475
-0.1632891876008685
-0.28927288585542266
-0.06815657012261574
-0.19728737388886963
-0.22234888122112062
0.015434568158812459
0.19304527394882917
0.16855637564414047
0.019990677765366147
0.28899979353016464
0.3083276651610685
0.06354282588696164
0.23044898664522215
0.45956517983852674
0.3818406125422504
0.29464856918572735
0.32763683964865264
0.2919408896000985
0.08808235545696985
-0.06122637115746886
0.20576792541027836
0.32413028577033876
0.48123360610776506
1.1216523453494325
1.6477090903610652
1.8507649661419603
