2.2688208266485064
1.7002607238841208
0.871700321750768
0.4577429353781487
0.14183269605433282
-0.209083543045569
-0.37241960985853906
-0.19656763589061202
-0.09756583824181689
0.17168512801901456
0.0844520006358718
0.2530675257804552
0.5633966226275254
0.49981273958928535
0.3075372034195185
0.15866474747747533
0.25495246830690066
0.18450119127978606
-0.09056860354262734
-0.15928577440177302
-0.08931164337721145
-0.08013883711295673
-0.2653070827322855
-0.17223646686856053
-0.13118223642134372
0.07185977474023343
0.2122325968891371
0.12356919083513501
-0.12990165714745586
-0.17542429204375562
-0.36830705650415274
-0.6223483277574677
-0.6788650824763491
-0.7003775994400068
-0.5580462465550468
-0.3809329290075388
-0.06775520763808357
0.13492059469623335
0.2736916749937291
0.3564428701209133
0.3496836528688896
0.12503528761906976
-0.12978416173811802
-0.14430822521357653
-0.4627784832842171
-0.48409216934238525
-0.5687327222504954
-0.45984117228054616
-0.3501409077733867
-0.13581773399786934
0.14098350830831646
0.30517837234330925
0.23820893329621912
0.478541663988761
0.48703846555517644
0.44780464453836133
0.4203170388885516
0.3129130453797364
0.5010458952205232
0.4469352307830121
0.41074267428458355
0.36323209674453144
0.2016813639192223
-0.23787876362828986
-0.3241739454621215
-0.122242203978486
-0.023668781975261382
-0.10542314134995587
0.04835803710759518
0.5574091635372356
0.7871428588029911
0.9437366487016836
1.5485917510652583
1.8908436560870923
