1.8012966005905922
1.3438459274677041
0.84606121311464
0.5574834876362601
0.2458931875397169
0.24322896082226206
0.037855988068450086
-0.001986765659029079
-0.12466014154775132
-0.14605407992802474
-0.2770521648284812
-0.44340663920486423
-0.32987155276743646
-0.03764453209194041
0.007800874408102427
-0.16503699897907534
0.04512250388796937
0.21025790799347152
0.11651557060582149
0.2153776266296416
0.18229296454820473
0.1212716561177064
0.026227133629057493
-0.3247235879526108
-0.41128340324046897
-0.2528227463989358
-0.23463065509901473
-0.06649515030814096
0.06601641650579522
0.2656125415544189
0.5824987145269075
0.8394585654469806
0.8609650446770954
0.8117694280655295
0.8035453411334326
0.6201632924849998
0.1966319388674057
0.07488918023991087
-0.04865819791063665
-0.46943770722353484
-0.5874254737786034
-0.40472218327629167
-0.2644422087092318
-0.48942538924524
-0.33236337370758406
-0.25662573844437986
-0.0869305528143912
-0.18983511493737992
-0.13266250748423233
-0.12754772024052202
-0.154151456347696
-0.40505331391060356
-0.3609993482168209
-0.26346295737217584
-0.30130729100885956
-0.4424175725039789
-0.39284228499152873
-0.40241936666408495
-0.3507738374746509
-0.2686201749764023
-0.014512267027383032
0.15489122452629359
0.10563788777901426
0.15612792962056599
0.35566945594872984
0.25388999611790825
0.26539536453515367
0.26410331372390095
0.009089315825113575
0.14925738589327558
0.29585160447974584
0.2140395139407411
0.24847880707498154
0.20116153278467175
0.17390614562117027
0.26826133359622806
0.27072460689904365
0.14052966783051832
-0.12373956810047852
-0.16374390457074853
-0.3767990867811454
-0.28477410313229545
-0.42758766875283016
-0.563443605194766
-0.42738153962360953
-0.21499203449383159
-0.030926234241492847
0.07367608265104707
-0.05903684458683231
-0.16418761128264922
-0.31372172869314285
-0.3619171855211443
-0.18738696830237325
-0.2723590878248936
-0.28505034791148604
0.00029342871180330964
0.06620068641573948
-0.04146707315491504
-0.2320639204516363
-0.18486937359638553
-0.35456118954790256
-0.2613112188512801
-0.2906589646187071
-0.2536988630794049
-0.17364995553047352
-0.2859554229100782
-0.39539917566979393
-0.26250802885647045
-0.19026295699085655
-0.07003998548400026
-0.26568779973297885
-0.16469421586692268
0.1287009132947178
0.22492348916171684
0.2907226329218909
0.3548661572315434
-0.029114938966209702
-0.24314996837848188
0.003375456147845239
0.17354211485331217
-0.2116977088179587
-0.17009611277008296
0.20663754280880578
0.23050666041348933
0.15091976075377603
0.27339404906181547
0.26843407131000624
-0.01737987648262461
-0.2946876666085184
-0.2364703187262851
-0.15483426429251748
-0.11769582072741906
0.04050491545705806
0.17011252877642102
0.13291491639284994
-0.0021205682934882434
-0.24505905002095055
-0.21092890257558386
-0.20241667837032773
-0.09006939302837026
-0.08316279867467655
-0.011226608624514453
-0.1895486250638221
-0.2608414480360989
-0.18646405403546595
-0.16755141843020094
-0.4856381364920283
-0.6016233205806167
-0.5464668718846056
-0.42215330067481865
-0.7258432516651239
-0.6819219687975615
-0.4023568911585312
-0.20416970208767837
-0.22972297752488088
-0.09380492725745808
-0.01804369558747243
-0.215489321989039
-0.26728710189421934
-0.046495384524839534
0.12022970866213283
0.07973080855348881
0.1294294156116816
0.23144167679983482
0.1645131883995564
0.284924762160705
0.24084783655185155
0.12595247901914167
-0.1615150231939476
-0.2629985201785847
-0.5353646709869989
-0.58930624842722
-0.5299953797678194
-0.697660815321161
-0.6333054356878989
-0.5454425378499282
-0.49557247915928065
-0.5442301849023194
-0.31855324415617253
-0.26379764342636985
-0.17880546148428264
0.1643456264976213
0.2975253654693529
0.1990424428479051
0.011909464905106536
-0.2195269969740061
-0.22144053753978266
-0.5013740986990072
-0.5465223510175254
-0.38695387669692155
-0.3691240294512621
-0.4120148709022125
-0.5117012486514044
-0.36355398328006383
-0.4920225728796146
-0.6916275253978671
-0.577637433182502
-0.23714028967460712
-0.1693936854449842
-0.19274739051992884
-0.09649402502822298
-0.19681809816315513
-0.32781933196975543
-0.25939301571720996
-0.030920183259805053
-0.17959573693921174
-0.5008102814403377
-0.5318364992334866
-0.5902714193567183
-0.6221052575557096
-0.6928815486433806
-0.5068101784874672
-0.10024168790580694
-0.06553644824367617
-0.17614504224940583
0.005488836870468258
0.27968777495533836
0.3660952532363696
0.4940266693722711
0.6232165233130276
0.625632002455944
0.4458298378021918
0.2861052779969645
0.26454481427953086
-0.12338703636866845
-0.41832456060291207
-0.4378466770949859
-0.2549591734447267
-0.4357831940736997
-0.4847745050643827
-0.2764798055562452
-0.46514936475657254
-0.5514268628421447
-0.4312705129284611
-0.5098974196346348
-0.44117683559986065
-0.17728556517353022
-0.17236150864368593
0.028886324201153776
-0.056049108279059054
-0.20932293219578807
-0.14237599315999536
-0.2032202837581894
-0.3097184199924702
-0.36917495952128837
-0.36190404598816617
-0.1645383114385567
0.019703400562620897
-0.04897976426710059
0.1933064496451938
0.31142932257011946
0.2802243243884344
0.5319861418412405
0.6292759861287521
0.7073834878126655
0.730764498201211
0.8184727296280946
0.7702427815930317
0.5606881394483452
0.33920463042943866
0.43162024826601597
0.29370570971318405
-0.0188940544759928
-0.003241211641480168
-0.10094134109703756
-0.27662834564826727
-0.21634337652610522
-0.25909314180767706
-0.3383959650558014
-0.1887955170612811
-0.26698940094054857
-0.4882263152341358
-0.4548172359202467
-0.5977726265444715
-0.8351003913933789
-0.8678191958536878
-0.7245065647458675
-0.45664239462539513
-0.42934307730468074
-0.17373514266317502
0.17570772400471707
0.23339475059645462
0.2674091840906024
0.3487883059464956
0.14651005453556892
-0.2189136346466585
-0.45716424144503537
-0.5175675409571007
-0.4505122570083917
-0.5890016234543041
-0.40833584322247174
-0.3936342265189749
-0.21473720163310414
0.11362034611224792
0.29377929177982437
0.24857186740619958
0.030038626522216498
0.019389215765862482
-0.3647060228337521
-0.486281081438832
-0.5387197313186447
-0.3470786794499946
-0.305010773191107
-0.1629780633116827
0.010402561182378738
-0.021793751219041597
-0.20036629886839297
-0.14202544412211948
-0.20876843795059635
-0.37246606135189786
-0.3593098680724389
-0.46987774805807053
-0.5065466793770479
-0.581529056126508
-0.5618470989610626
-0.32163068937130523
0.16916288690171224
0.48098554488404444
0.4178337029536915
0.5122881529571943
0.625653299878636
0.4262593786206185
0.1719629253944347
0.2993336526981494
0.12764480293729605
-0.08588881833005534
-0.21731950822459206
-0.29788260940299677
-0.11756539915872599
-0.02887495525392427
0.1965339180859022
0.20183546403902522
0.22485037790984416
0.04634575735964861
-0.40991072730404454
-0.6074190456326266
-0.5327684790986469
-0.2524365279254664
-0.429650709764353
-0.37104526504642527
0.09381871299071594
0.2538885734123199
0.23202920929430573
0.5172376990091747
0.5207540714593762
0.43453125349443456
0.17319174595567094
0.03406740615113226
0.15535395270714852
0.020131447424443394
0.18549093784767462
0.36554681759641916
0.4975630917192511
0.40815013078674434
0.3872569017325817
0.3220682477361758
-0.07575214268896809
-0.16451971645476857
-0.36911446952808413
-0.2534842396729665
-0.34435946941288864
-0.2622270676605605
0.23626869412351728
0.419938029394213
0.32986854066219734
0.15273726607839225
-0.15590572362747906
-0.6302842734439061
-0.846296643650712
-0.7869042356556802
-0.6406488898222875
-0.4269317334224628
0.01468034204396548
0.24691959518831502
0.34708425939488335
0.6902620715295479
0.782989986283585
0.5409821696055357
0.3331820108730363
0.1578657128419424
-0.21169403569631537
-0.468699974577104
-0.48729881239148326
-0.2775384041468001
0.03398754991799119
0.2095157524972469
0.47510662763404904
0.44229698383973615
0.3182318903283336
0.18631439563385255
0.39353051688446256
0.29082660241748526
0.047846786250683004
0.14536967523492872
0.12085115833989528
-0.10136549538761301
-0.12611188999738163
-0.10322436033077646
-0.18853949865154565
-0.33816416308650243
-0.579708086210841
-0.5944605502298781
-0.5095298311066183
-0.42319704217074916
-0.4323000476543913
-0.1080840999457786
-0.06195759985687276
-0.04636421252582745
-0.10156470376270303
0.11741724830402023
-0.08587517693678434
0.019667160292682118
0.33700656656574196
0.4446139207541957
0.337935952174723
0.21113028976456827
0.5072961305044341
0.515585469572094
0.34244790014778437
0.35951970748320383
0.4264993023240172
0.15928489699257334
-0.07685253690746749
6.782826932395718e-05
-0.1282528033922786
-0.20591363493090795
-0.03542462134125317
0.08066557832556252
-0.06413912551558586
-0.3213426621642125
-0.5441922212946593
-0.6489065191616366
-0.7170923389171318
-0.6452028425279143
-0.37684901730666576
-0.1712986359146235
-0.28783094220919797
-0.1258924520621084
-0.0005266773311488796
-0.10190786875960231
-0.27504878001547806
-0.2195564880659777
-0.17572348008473077
-0.2488698676088282
-0.42089967163852665
-0.39981328362716806
-0.24845741754503928
-0.20074946834444918
-0.08580695348774398
-0.1747628844389628
-0.2030796658189109
-0.05610773765961718
0.12244563618095573
0.21424219529438196
-0.09264540828754946
-0.14678057516493925
0.014874046409845602
0.016439448141973817
0.010187344041975067
0.23365407835019622
0.2631978220438869
0.26656357458241375
0.1659794792376283
0.09762083724461239
-0.14208947721042395
-0.17046025450088456
-0.4682953160191106
-0.3821108281472332
-0.37322013966301515
-0.20293268107982612
-0.13351230183935883
-0.11854978839339175
0.2073103276564152
0.3139075814996263
0.3804507086051694
0.34482604928067195
0.20790132685239895
0.03205109381650556
-0.11423317200696204
-0.20432914703267888
-0.3915843352828377
-0.27235666687784105
-0.2736594077985621
-0.21774345475221651
-0.1412244212091416
0.0605829612110208
0.06345487042998915
0.06691951709479511
0.13771985361808867
0.37907448846094915
0.41353237894524936
0.4598359327265034
0.49602303833894984
0.40844346422337197
0.2097267795256603
-0.036914179970257276
-0.07149510408627897
0.09618958409994377
-0.03362545145845716
0.056877791650325915
0.041137080962080325
-0.07353858839652136
-0.23265106307242575
-0.2620392581987328
-0.16017915975776642
-0.22302006079922967
-0.01010136916376888
0.2111194614575322
0.09888015992936765
-0.06168025202017412
0.24879370103733467
0.22102438011388628
0.028727584271471297
0.1414514203578306
0.22594631350672414
0.11626815410972735
-0.058019418757793456
-0.14213428393557356
-0.30397311802188154
-0.6278569357003357
-0.7399639262238816
-0.6407888988646094
-0.4600799812710027
-0.538090728568534
-0.5141446354151081
-0.33162548196615704
-0.5055288451401909
-0.3883828204964464
-0.41977383458088185
-0.2838834431820475
-0.3643131261842354
-0.23305202848766784
-0.3313012910394362
-0.10983355684168185
0.4088161645328614
0.6078011142135588
0.6407100029295079
0.6604559779849145
0.5152745317658841
0.21146017032513173
-0.14707919297209862
-0.2031712185415113
-0.44329859718893055
-0.43732869897499155
-0.42571185437779296
0.03788187943802969
0.39589947796583663
0.47134159268052883
0.46156531969668213
0.3180956179718058
-0.012518871684891783
-0.3308192105091023
-0.3068543050128308
-0.3551707627494386
-0.516672168405026
-0.6140769437367419
-0.44221661723613404
-0.1678975531857332
-0.09516316176220617
0.2540159618108761
0.4642735422574351
0.48368719796170095
0.8601525877744153
1.3388939866036298
1.907016338482829
