2.0354631909197547
1.7217732407847668
1.0928389025440748
0.7937192230874826
0.5151380714595304
0.24015763588487576
-0.06682324794423691
-0.23087967732444822
-0.5390605821918759
-0.7233129230515428
-0.6940980410368782
-0.6079569682184676
-0.5708578690709206
-0.6587306180142234
-0.5455996536964371
-0.4857214118340381
-0.40450315519068003
-0.17311172685454734
0.058189729246169386
0.27107247273829904
0.2866667706777149
0.23706878062834233
0.09849981652518326
-0.03752389032474569
-0.13644749447413465
-0.15696912745376723
-0.1310921763871767
-0.04509232995020786
0.09217766402733997
0.028719859623745778
-0.04962571129412598
0.14808750835753856
0.14298495984357035
0.23331216907257674
-0.03449273786177437
-0.21012049493624368
-0.14680745519032343
-0.32252549328570074
-0.5284564880233854
-0.37730575999682614
-0.10802366353698757
0.0026908488979468137
-0.0018268294481583313
0.518002842996451
0.7387760805827662
0.6123595339328113
0.5792667221383103
0.6649724694107684
0.42004989208013327
0.11022054317194525
0.19693019820032334
0.09862208796229233
-0.2925323967128631
-0.5090029276799762
-0.47214274357292824
-0.4790015342067697
-0.3202285069946824
-0.2720313291006153
0.0208210788352864
0.2072693932539359
0.240727070651047
0.279218440074738
0.1617692662520651
-0.08380689433274774
-0.2698075197213887
-0.22864344603267647
-0.20113997750512833
-0.23063367740316804
-0.06355870145611449
-0.004502519027547293
-0.04637307090341107
-0.168574340185198
-0.003322314350075829
0.13405870251587818
0.006901644493209235
-0.04715869324680674
-0.2950080625648665
-0.28820840426571803
-0.3871884569635473
-0.6423353749677315
-0.6565804706408719
-0.6837761900254391
-0.7784360911808375
-0.5825173431588114
-0.19811438327236394
0.20272548509701344
0.4258009418698267
0.6256837020850968
1.0214243513337238
1.1662468782064652
1.3714744515576547
1.7681903692420977
1.8345073300419266
