2.487313153502484
1.8763602305489981
1.1320311203788054
0.8139852952485139
0.4052383118921047
-0.10822960923917271
-0.43469175063970145
-0.3925771621666029
-0.1938968616413239
-0.21755000481341732
-0.15748809514541665
0.13458632245907073
0.2468723754945854
0.24353905809401616
0.09688500194264196
0.17551309510895116
0.1429387221379262
-0.06665759253741482
-0.2406706938551418
-0.12455078550253926
0.09521675051998073
0.2385536557117141
0.2779826991159845
0.4278975980521299
0.553628567290371
0.6563636873814884
0.6717597761041735
0.4284013813078441
0.1904432158795193
0.20145550027771814
-0.04893053131410388
-0.4344404768642878
-0.5400223861227809
-0.33026136879492834
-0.3022816938392458
-0.4228085665097801
-0.29522575360978826
-0.08808569985515742
0.2033187203285864
0.14695309360938907
0.37329942697482477
0.4887136225216085
0.5653241167003674
-0.01061019356862298
0.722887508784156
1.0126099668582595
0.8929075665987679
0.7399932775552558
0.6662090146446867
0.6779579759708474
0.4051079591099543
-0.25802578584071434
0.3670613893423684
0.7432641700060714
0.48237087236437826
0.17771750861886457
0.2862418461665103
0.2044263374019274
-0.016034048404175754
-0.26929538047343193
-0.0993631231887734
-0.01844136483307939
-0.18373991115310387
-0.006731764291084369
0.2691245651680443
0.2363216343870497
0.1664682291436261
0.31511610109786226
0.13718824055046205
0.08984367977723394
0.20547208853352306
0.222937168433871
0.021093177472559937
-0.06638144077450744
-0.07045087327090885
-0.3071875410065538
-0.6957351751081213
-0.8493210008791937
-0.9036300030717905
-0.8019344333691223
-0.5251560583579792
-0.3180927270483917
-0.18554402239730386
0.14188131037088655
0.18125959023400828
0.12849963245195295
-0.005050667813791136
-0.1628501283567093
-0.18857659439252628
-0.4774189922078924
-0.7417459734294204
-0.8184472094238459
-0.843302672763579
-0.8296204412300419
-0.599399548078501
-0.20167110461403778
-0.07670421860994975
-0.04213658666535604
-0.06064322327241482
-0.07440150763237685
0.16151673312474715
0.3192329600559551
0.39329500449479027
0.16383806109471857
0.14127923293308484
-0.4533234859014931
0.015325559666213594
-0.02610353062633525
-0.06784831204213018
-0.09211388852252805
-0.20492406520018458
-0.3301154126310727
-0.2556319683624927
-0.13624046108754054
-0.08914666901144466
-0.045263450778996364
0.0622285576165454
0.13888335795123588
0.20539028773397933
0.30296961022839786
0.17943186323961657
-0.0016561412691354805
0.15172080590463935
0.05897332668822289
-0.1277673227305641
-0.124916596653936
-0.174356416170885
-0.3909824887731661
-0.47481955703562906
-0.21282733727461664
-0.034387161326992516
0.0872656489577621
0.19373214609942543
0.29365306347843834
0.30155158698346907
0.02106449161842555
-0.20704947883186278
-0.3281466909389434
-0.6567987372132059
-0.8637298322653398
-0.9133994693752175
-0.818109598281321
-0.5859942494939872
-0.5285032992595993
-0.3389206245972254
-0.16611552624693438
-0.12998380376813173
-0.03635963295165057
-0.10273606082487367
0.06010968410467339
0.21012253253705926
0.21181821926179775
0.2997760795407045
0.3795623155054431
0.7856125732038091
0.9581161202923171
1.3343147291508335
1.7215813733476657
