1.8475501635592542
1.4053507699426573
0.7065867341477896
0.35914122000876836
0.3638894668049988
0.1647448289610903
-0.11943636798950372
-0.10744026681448102
0.1659978365749381
-0.004594905664384678
-0.2574985483310446
-0.11368994353720274
-0.09319248635352329
-0.038833725430642924
-0.1620660779838794
-0.08880879594451727
-0.042628915825563635
0.05692053840964838
0.15838262902488054
-0.004161583360309167
0.042043645239174504
-0.0570940269075661
-0.028102356543293978
-0.16581957980398562
-0.00931056021785268
0.03415803672355387
-0.18400966006434352
-0.03858545895695958
-0.06268360570778428
-0.03126312162116625
0.09853349127644956
0.2588164962702168
0.34091562388342245
0.3651076572073578
0.4414415282528701
0.5071600121838824
0.5238151677906002
0.4391097121614038
0.5570330253321657
0.17161198384466286
-0.4190661074951255
0.22030973061219183
0.3000480131948356
0.1511416951178359
0.30631730318753214
0.452720049799006
0.360001337624091
0.23087783839361758
0.039010063384040346
-0.03496501393555877
-0.3688685126920447
-0.5145655294238825
-0.39267863814590787
-0.19384378843348027
-0.32273000867252916
-0.019049303306308666
0.1569281211919015
0.21680323119203782
0.2965789657699618
0.36174167075071084
0.425776273851122
0.2652057239146248
0.1289678393999268
-0.1500709307970534
-0.364452708690973
-0.4060826812330766
-0.3450173330723685
-0.3338027748210554
-0.10493508770384412
0.06759716866675669
0.06319914527368621
0.0728710431011745
0.11475843855575343
-0.15529423883612337
-0.15054104712092148
-0.007692172787725187
-0.09869772202920418
-0.09762637302346669
0.2855482732205761
0.5511084407331931
0.4823864207112488
0.3021254360069396
0.03283795286321247
-0.1738858113794471
-0.5458497210007421
-0.6216113481282177
-0.537609834303618
-0.6175068302274839
-0.5582696330102267
-0.2923871593498502
-0.04511310914179009
-0.027043597454072428
0.003318670199910154
0.03859127797635568
0.027406571200662554
0.27259365904108485
0.31404625671225117
0.26465356522268707
0.19293675478912137
0.41170201404790474
0.33950540421836684
0.10289976273040648
0.20888326594968692
0.008953162730468965
-0.16304105041690756
-0.18140878017343898
-0.20229694351960778
-0.13680695458622272
-0.22113506905758146
-0.19735055296245155
-0.34446645236056694
-0.18600021812575498
-0.24926744085674724
-0.2513148771775628
-0.07299868388269477
0.11519564156075889
0.05466753950119625
-0.22271951907569484
-0.22328091638941444
-0.2319579130527891
-0.19144446061861609
-0.32012666263915307
-0.39015869577769946
-0.30442343014082424
-0.35233266760268145
-0.19686877783414766
-0.003189361316310427
-0.06285379620148412
0.07351714153313008
0.2164944793918628
0.40408709618458116
0.48425330774852293
0.5114794344573665
0.39837760350136686
-0.5177975385445661
-0.22149451313751858
-0.29745108103368834
-0.5461404082666809
-0.6672089542011627
-0.6090290547123758
-0.37288907488049367
-0.2411773681725441
-0.14493588396289514
0.14656276997073112
0.2082600899590915
0.09716244533076922
-0.046530178925695664
-0.02373882506702467
0.09121774068106227
0.24476539650824264
-0.28832247801050215
0.42019866460658023
0.7898473043996959
0.6894046613302565
0.6283231891890128
0.8047005455780685
0.7991287606021712
0.7140622020090956
0.5947395479019715
-0.14177601332672293
0.3788727622045822
0.22694652598353054
-0.0785294573123303
-0.17220701299939112
0.02698180226522018
-0.10273714147141105
-0.08124765540465397
0.09085732493573287
0.34066952066431827
0.42466675850174884
0.4059728846482516
0.2877042512709035
0.400855959703575
0.2853935803570773
0.11991143006205233
-0.008534552510742685
0.24530222329364929
0.20435311484567303
0.07926744682723992
-0.09417749643064327
-0.008200616845248079
-0.2959827090512943
-0.3395860575017448
-0.18899751706266243
-0.16566120673367019
-0.049927594375504133
-0.013841625448008467
0.31295124384733775
0.47025551769044593
0.2528551580674886
-0.25146426927351223
0.363081068092035
0.4060745582075854
0.41829912753483467
0.22839325033596755
0.21038224944001346
0.1244316206369923
0.06319795127365034
-0.2523342056509937
-0.3913506842377894
-0.28110085359974124
-0.20954518009696133
-0.28416059470552935
-0.11639091470937657
0.2551772939801881
0.30373769461143874
0.0663050252806552
0.11787127921722887
0.1390398593658211
-0.12054971779995323
-0.5219127736895065
-0.5878987014816328
-0.5146629664047127
-0.596743999567261
-0.37582213674364656
0.028258094390318435
0.12411385347267524
0.0516743705903317
0.004853678586057624
0.12162395206035406
0.011024712239929558
-0.20541464751163646
-0.3159104145816543
-0.33397572735281267
-0.7047475515660245
-0.7079828379799719
-0.6310032477351784
-0.5195745569843835
-0.30802762424139574
-0.07987531701632428
8.091482080583844e-05
0.05128657464630203
-0.04294335600157016
-0.05688272275580276
-0.2962910842617371
-0.4700029589218133
-0.5339826828113337
-0.42675204387624577
-0.20236391402335044
-0.001602515291448263
-0.12164630434232925
-0.2665624040509894
-0.16122484812467466
0.12280920092529868
0.35624225923438807
0.47027207584740754
0.40905536274996224
0.2323023286638149
0.13312770463818693
-0.03701644748845555
-0.24511214791062946
-0.38235204722661337
-0.343025567683047
-0.2470966258871244
-0.4498861805728709
-0.3568058061155397
-0.05185935279600579
0.181457326405579
0.38606545131716946
0.4381047203190511
0.5119152187616504
0.80792682062423
1.0707033773072254
1.219955435009591
1.7601435481674184
2.229615498204942
