1.9459402049506032
1.5407119209217057
1.087317919985647
0.6911238147036551
0.42145701854413
-0.0956170156959282
-0.2719985096448857
-0.10287308351293334
-0.3023057300279426
-0.32160143677693853
-0.19270560483402707
-0.1571402905232607
-0.005747286791639129
-0.04353832965516461
0.2823010806226017
0.29123062192594334
0.15080525537078834
0.33984002027908294
0.21012422284700824
-0.11026331894217807
0.034614584945976884
0.03847592194475088
-0.3398474838528256
-0.27471394390653325
0.11120172155310443
0.07732207722724944
0.058851536880115546
0.024788579220053748
-0.30595512205008824
-0.5869296726042696
-0.6317425290578265
-0.4971288182492948
-0.43334593162871216
-0.32127395194540764
-0.43272916732414146
-0.567137131184741
-0.5357839962068376
-0.3049635474776733
-0.5324300810789377
-0.5450877394522107
-0.2618680226722586
-0.09911295982458983
-0.011202068004576755
0.1206782424863863
0.20975564881798245
0.14637104070281923
0.24723260793216686
0.2516519469378772
0.21826281709917322
0.10341815782779692
-0.15488368688035103
-0.1582402958595279
-0.4144584653870554
-0.4856324003330767
-0.42795838482051923
-0.500713716743218
-0.40845791988407465
-0.36871243320908437
-0.021072427997426913
0.20510456252544948
0.2339843380466305
0.40563291361907416
0.4068654488515344
0.28034342941791657
0.3229165273552619
0.16068776348447755
0.0836877845992153
-0.23580095274030854
-0.3867721094789477
-0.5056531830109746
-0.5372888995218559
-0.46929752747249626
-0.7009819571072369
-0.6280323712708914
-0.6656884005482485
-0.5051853005183138
-0.4069486252079531
-0.14901695858155828
-0.11007816081193764
-0.19161566783237763
0.014259521296304728
0.42654403051876394
0.500152887686733
0.6099816729766735
0.6992437211336593
0.45059611114665515
0.20853665271436625
0.28238683517730445
0.19071396887550932
0.042233237751800906
0.07497506279124931
0.0643742674040069
0.31281892860884863
0.42166691839276643
0.5383698945740194
0.45487425851126123
0.2932748221415402
-0.00011901787301521068
-0.09794123254701487
-0.24412381018962326
-0.011883383441797842
-0.10343106882439128
0.020390082861338022
0.28444257728521777
0.6690222193473929
0.7281871419214628
0.5960317649241713
0.6761328639620033
0.6788627732515421
0.5448710003491412
0.139678339096424
0.14105233190488903
0.2195882984829524
0.101947298802601
-0.15587342978457075
-0.13135196679297
-0.13798315224654756
-0.29835189498073944
-0.31319653121355207
-0.4779194367984094
-0.5493633577211583
-0.48729027749177517
-0.21517622822185456
-0.043152570045726375
-0.12058793844180357
0.019528531361474432
-0.10162959435113665
-0.22509321141715943
-0.03757585498261687
0.08326192613395382
0.4221740749158444
0.484862155813658
0.49657507908613596
0.45185274098901995
0.247980105811017
-0.24432661613796697
-0.3550484914044598
-0.21493357346105632
-0.3635664740861812
-0.6952212274878472
-0.6583191987657285
-0.3246037187672066
-0.5506728888919449
-0.5525006605961137
-0.1313400563911861
-0.013905675850749949
-0.21536164003991634
-0.0004958869761274583
0.5062388093625356
0.6579469349361196
0.6433573972976867
0.7497216893467329
0.8233614167119291
0.6865469416766776
0.671521935213334
0.6654100343503649
0.5857283744193026
0.5305358069331314
0.37772453575397164
0.13897866000518305
-0.0056350429542001415
-0.16257978518906083
-0.5262440805719606
-0.6454158051575977
-0.5244665887729854
-0.5196152629192652
-0.34274041772480734
-0.3157369531453601
-0.14207691460008387
-0.01832399255579314
0.07873486054011389
0.08826836044177147
0.22104164404403223
0.1913946389491084
0.00929332578437194
-0.19879104438951534
-0.2690259064196093
-0.5376528724700494
-0.5213116972433703
-0.21061408280383095
-0.3752560734040348
-0.33942972618119005
0.09839128211875936
0.2282826036030578
0.1629556458539428
0.13414720591251025
0.23567829199768825
-0.007681768219411816
-0.10317566286664073
-0.004338210253348883
0.09874980449039959
-0.3539343068571048
-0.5102176316730108
-0.34207862108161347
-0.3686606968688614
-0.6411312803548136
-0.6915838607005476
-0.463321004908088
-0.20393694921073943
-0.3670654760457047
-0.1202818129072029
0.18621385088903364
0.1260386782179626
0.01980879277168365
0.08093416131746231
-0.23582430423230014
-0.37608972025881177
-0.3297132652641045
-0.14130828617792204
-0.3198607748015366
-0.17643800030649717
-0.029488790088919085
0.34398635697071583
0.42043938559603955
0.36081814487061087
0.21729586262307385
-0.06347219736137383
-0.4718475151245053
-0.6680341248020808
-0.6796499338347308
-0.4682816401001881
-0.3624064711215483
-0.33353595404480607
-0.22149193753333357
-0.29305992414007676
-0.26895424125424355
-0.1633039332255881
-0.055836018315840716
-0.06758812969004738
0.0002187052176756138
-0.10157100987487505
-0.24048702945962633
-0.18189788196163106
0.011976831753609904
0.17692829014850103
-0.032695453673846034
0.24811747852181168
0.2669967980767607
0.13371879979239362
0.28494201760870463
0.2586680837407652
-0.05331760276283169
-0.022491199995268423
0.12585287449161028
0.10644008570135689
-0.12246487919243386
-0.3456043580601261
-0.21513077221593724
-0.29972593225635075
-0.26874659185757543
-0.029081399063641718
0.2524381691778036
0.21381142782397058
-0.07161825262678513
0.043552632574678896
0.0517402315819088
0.018542598908236896
-0.11248003757948669
-0.025890909642210393
0.1624785978709614
0.30605137451069286
0.20157892500887348
-0.055368163182217225
-0.1157312133084981
0.04303934327618227
0.042801008911714164
-0.1662798553318735
-0.2540610243416702
-0.43374617651133546
-0.5463790208575486
-0.7124919015797972
-0.7038117909491637
-0.6600821709993243
-0.590263191423016
-0.7623338071560201
-0.7285340505013161
-0.5501329789908521
-0.42450336593515825
-0.6531245462066532
-0.5304469356717851
-0.20266722191771558
-0.2532986508764949
-0.1700428569363406
-0.04367960627578382
-0.05994555196475568
0.06166949939158378
0.2917026295875002
0.23123723412673203
0.35917945806698726
0.4073374650913914
0.2645674110902655
0.35074205755064247
0.5130080912343699
0.5364839842871687
0.21119769014310086
0.3064717893952755
0.5392018340275136
0.4914173381579355
0.16195744544291008
0.30626237096731257
0.43057991217361247
0.2229358699135714
0.06447541808769554
0.21893003903042835
0.2948726107586003
0.0147989457188768
-0.1350795564620616
-0.13660099943457918
-0.5182934542078871
-0.7070844382277759
-0.7492209241236407
-0.8738674422384144
-0.794841576169372
-0.6116492353906301
-0.6816410053626557
-0.39501477174967664
-0.23894351448040807
-0.37213298679390583
-0.3748991526184654
-0.12649605009682993
0.28284883612345263
0.28331570033524317
0.3244522382469899
0.3739840987025267
0.16567131278472494
-0.25371807372989963
-0.4276054441168075
-0.28368130459322033
-0.3250554612999529
-0.37073497555232
-0.10701514449319002
0.06927071432060183
0.0019066889164017955
-0.12395871688135135
0.029861792393347485
0.03272156567510807
-0.12088241735377968
-0.09576842380405172
-0.04013751000516496
-0.1974084509717386
-0.1633278381565786
0.1646460551604224
0.24101603131520669
0.26519205292625586
0.17148326211400103
-0.029782338311148366
0.12297843890193312
-0.059733830772645886
-0.3795676269617011
-0.32817418668289217
-0.025183944407563656
-0.0800077178700059
-0.12178668116280562
0.3114673335552346
0.5514441852689036
0.5469981183556232
0.5659147626393162
0.3608962394224071
-0.06827794437790476
-0.04060723711757881
-0.28561811669592096
-0.2752775899431921
-0.17058072132406796
-0.05446633675501927
0.12863489474029702
0.4095595538389447
0.5179403570344797
0.4701497712385526
0.3290583107892912
0.1918291545061665
0.1574031669425611
0.23941948058079168
0.20317434803888731
0.21763009601630726
0.1635835994348449
0.29660384837361514
0.43097451690404187
0.3751294853942665
0.26036013685508014
0.06640458400438892
0.033246952832267265
-0.27763092867725436
-0.37306510587098557
-0.11232673853878736
-0.12121548685519705
-0.2720558325192749
-0.4341255071942368
-0.7024074573807272
-0.7579452167101511
-0.7377683226413608
-0.5858917975281246
-0.1775768526852118
0.04293996627557953
0.05873284164347783
-0.05058988679869703
-0.042187812538547656
0.005987913387055421
-0.09608982316115046
-0.21895363505103835
-0.4232583202781717
-0.640089418510481
-0.6871270977965415
-0.6952231195672599
-0.4859905334857856
-0.049572634809113086
0.23061976083281274
0.385117014171271
0.5846558307629357
0.610225119950839
0.6769241397751392
0.6426905445024685
0.38796170410541025
0.32763937199216736
0.19146252729447452
-0.02159883867446944
-0.25060900449401724
-0.21724943416316458
-0.2500752818183902
-0.2606800671097748
-0.05264932460611191
0.15577433116818143
0.34155818091962803
0.3883565967423712
0.49943315734579163
0.6234007955564999
0.5026046263572226
0.19426495794263415
-0.1367350490977845
-0.43839810497030646
-0.3730536109707049
-0.6273518659070818
-0.5766858032096306
-0.25131082899921575
-0.033506988001173854
0.0074327039762612105
0.05392913561618372
0.07007691849547391
-0.15487599391911813
-0.2050841360862277
0.06736308428862163
0.21579121427007952
0.08614002046007659
-0.08687785309458204
-0.45960237846763036
-0.6305476890829441
-0.660850756477483
-0.7852201337290406
-0.6887577514814018
-0.33303924882575725
0.11647133980678848
0.38407127097623733
0.4085781472493364
0.48249965707722364
0.33675962259506903
0.022719450953562963
-0.4497378884327411
-0.6064543794950672
-0.8555967638633808
-0.9959427285749873
-0.8572166339527005
-0.38975324349003193
-0.2252037217584495
-0.1798840931113771
0.11726612379794842
0.24354873404427663
0.16590479478139653
0.03760824786960574
-0.08058374796433307
-0.12807440016891217
0.02602854934010066
-0.02147191289957093
0.06243010635121754
0.2092746149970751
0.2629790916204648
0.11752463450521491
-0.03843525725086078
0.2224059359467083
0.34834700772529653
0.19553951342267337
0.16244548025635044
0.2957415295238231
0.277685903680855
0.01942484325311074
0.0783804047207636
0.4121172061914794
0.5287144988427162
0.6823889642322618
0.7453266432587989
0.5381778200390609
0.21552153745375907
0.07036266445759803
-0.07493124068811752
-0.5278598463890981
-0.6719392799365135
-0.6590823169073686
-0.5340913884244318
-0.10435482273541964
0.05627399973886522
0.2106514609197331
0.250029440491642
0.19119531466379094
0.3636424756705621
0.24197483472416276
0.028525023608271593
0.08050680300892368
-0.16999902616415968
-0.28413211819400447
-0.3830516163547131
-0.5000183668798728
-0.6527420451426528
-0.6654479944400999
-0.5725432237483226
-0.45326273764725045
-0.2658726806462097
-0.1440860032615732
-0.21956753906510565
-0.6238691151566721
-0.7217362500994658
-0.6433625880082584
-0.6253888935240229
-0.49337600558393524
-0.06776146936373115
0.1829754481101371
0.14564261864544809
0.12415043708802492
0.30818899892622215
0.28189553966951775
0.1765847679522609
0.3178084987075054
0.046618876614991506
-0.22721087495823564
-0.3828751113199765
-0.3516760513924563
-0.5426030813862112
-0.4657723870461808
-0.4937244513998682
-0.2644604160272936
-0.279831530584547
-0.06971883791745394
0.3010274525751101
0.29990284877311263
0.15117334762580012
-0.011654365889067892
0.03678937059297949
-0.004327708925542742
-0.2942456392171216
-0.3126111733719224
-0.020034515280424846
0.23399334741224398
0.3025091957172299
0.43928916455884087
0.5579739868665947
0.4416218365108651
0.14596523145039803
-0.1598964070875404
-0.29803923061600185
-0.3284242220162584
-0.3923367961239567
-0.34100682484500755
0.01798277384680038
0.17741983786968987
0.12990666757018504
-0.0005169962227210967
-0.1883337550134137
-0.4848388091329298
-0.7329585749702763
-0.7880025060030746
-0.6144766676303081
-0.5119320389005672
-0.49081132068096156
-0.2026480031972016
-0.014290234799070486
0.06850318728117144
-0.04246678926204753
-0.09463849024493602
-0.08496635752180577
-0.16924314480068522
-0.10634980132094247
-0.09123600163619082
-0.21177744841105925
-0.16596249449505682
-0.22425254200060665
-0.43981570124576813
-0.7007534293354534
-0.7494140899811991
-0.847866959975985
-0.7766941290095647
-0.5672168465113497
-0.11736910600598308
-0.032154214773920525
-0.0993401014287932
-0.07450857559786148
0.05094453375444734
0.0003806654895494732
-0.01629544097810604
-0.017974555724524843
-0.13954375030606167
-0.38691701028530257
-0.31629244885900104
-0.17564634000512086
0.10448935336621769
0.08549037222593611
0.2655545991079873
0.4650330990184024
0.4773869531470842
0.4360245570139435
0.582737371398788
0.5299805382763118
0.20519759097229592
-0.08375352519784864
-0.256543166542871
-0.6179630758692451
-0.8087982529233905
-0.7403778264854619
-0.7743238524172295
-0.7532301902311511
-0.6397182636940854
-0.24369034668788772
0.015475229035726562
0.30593870928052364
0.42390435662331116
0.5061591441453339
0.4969512154843588
0.47720048388144237
0.3144327215329356
0.20469979334136335
0.05279798173579195
-0.19721438151402715
-0.227757684328551
-0.33234041934308506
-0.17505007523261296
-0.403334383672024
-0.26816881389966535
0.11354957428430729
0.2554739176990324
0.2604421036432102
0.15009405357820355
0.387552398811415
0.503584805257293
0.3615659845464451
0.22811347404556803
0.14330422338637028
0.027087094797480345
-0.17674559093031786
-0.08153306730506504
-0.23487866905177732
-0.10728746146296238
-0.0003977056218187504
0.24439697406773034
0.2924862886583066
0.366010022482805
0.22921336998196384
0.13403477753254778
0.12744852040533297
0.08550453427289605
0.32268370772964355
0.5097303242433812
1.027306046087512
1.36990847111666
