1.7680527133020083
1.2735485407923763
0.7035871097905578
0.40126956489243404
0.42737274374205236
0.19489656289174098
0.03910471225868206
0.1972506479701991
-0.0763551907833121
-0.1502117284142102
-0.1889245583905245
-0.2428645937779458
-0.4121931362709089
-0.5057082229945075
-0.31397309759789754
-0.2781014417524552
-0.34690058321453165
-0.23664314672960673
-0.049432288733235345
0.0970419429096348
0.1617914559962107
0.2600554330346919
0.02974436018990143
-0.018318530618389263
-0.03566708729545698
-0.2107926851125292
-0.2659389922680772
-0.08544113332168413
-0.08377779425607773
-0.18958433037552466
0.05347660673083024
-0.0070361780113356144
0.0969007363349799
0.43357660007421417
0.6879591338061114
0.7969066798575937
0.8019026952158229
0.8202631490603053
0.7286001697263728
0.5136264274458485
0.16015395297247137
0.048390258670404335
0.08372391716899115
-0.03620035721207336
0.05307918445561513
-0.02707248525319819
-0.1471479650278363
0.04542861798035155
0.14876296424389632
0.15612846525438512
-0.029103658509676847
0.05996447266576169
0.05890349414601234
-0.02416194498308193
-0.10658286800962029
-0.22456550580297258
-0.525559690760745
-0.6100658975182595
-0.4211165504977823
-0.5043533653260325
-0.4154714122807349
-0.22864633534446727
0.0817631853875786
0.3560051061646477
0.34123639135599587
0.3342766707949452
0.20163870538285247
-0.13316271827700416
-0.583970012151965
-0.7348518564649154
-0.8285000144977176
-0.9317454852741948
-0.7128535327735886
-0.3174573291980136
-0.34590623633950074
-0.3994226163870722
-0.10943461720635046
-0.2544075935307093
-0.40841763031029976
-0.45592187761715364
-0.09828243287301679
0.07734768732460576
-0.18266228410216062
-0.14857663078297043
0.19462453741710278
0.25681267819463405
0.5310479125005113
1.1036294416505548
1.682860103267835
2.1189658477073605
