2.1603286548850287
1.6342382858585798
1.057193747651971
0.9311501953259272
0.6154860747900524
0.4206312645987136
0.5806094294360006
0.5928424732967117
0.3588500624782487
0.17324591333174563
0.1513632804258608
-0.1481202943259323
-0.19285748114401882
0.061803834334498625
0.1182330381764757
0.25642732425031467
0.5460202442982327
0.6617644712957388
0.6105312500061312
0.6745919564217174
0.6740298244757703
0.6038569810443511
0.4483033892843798
0.13362627881948486
0.09323879977256218
-0.13097248157367916
-0.13790925308892837
-0.13557606629958105
-0.24019518341590304
-0.4363651440206029
-0.3346718231405288
-0.40652223029285606
-0.20506601142549147
-0.2612015788484331
-0.026870104560724258
0.3607595461935738
0.461350085171701
0.5678714287604851
0.6150416824341373
0.4443536630469972
0.3964082561697936
0.40611597137777083
0.2721011897941061
-0.12174228293099289
-0.3657857977018964
-0.551034604341101
-0.5045963915322279
-0.2836325872437783
-0.2960859816509389
-0.13050764136388174
-0.14952749597840137
-0.29789390727974446
-0.19253229270934416
-0.011876899022305668
0.06513572929408123
0.07618085883845212
-0.12704677878363785
-0.24459954996135902
-0.4018014072221927
-0.36816104395327826
-0.16984365567876633
-0.133098919404772
0.15424797623082603
0.1513449373282585
0.19842817750900088
0.2265974430607315
-0.040711739029771245
-0.2279711821145191
-0.09055916389631184
-0.28917562067863334
-0.3755988836579981
-0.40065812143932267
-0.5728935762804643
-0.5088033626792142
-0.501688231552832
-0.3501539902217387
-0.40751066471617664
-0.19506729226477454
-0.15663524794427613
0.027910350812736087
0.0376241423993492
0.30400403108069785
0.4088218068495019
0.5265329158450336
0.5438122373245721
0.40863255623933287
0.2194525203981336
-0.033117822716052514
-0.03649545671845805
-0.42734046937143677
-0.431627358791043
-0.2710184298359261
-0.3421309770376352
-0.2499560629587298
0.1096094407535042
0.4656802289246452
0.46468819056909483
0.4685557959136836
0.29242088654492226
0.3170969576629379
0.13998382024869296
-0.03016919299495856
-0.06513839676519934
-0.33114429945653695
-0.29558032274886137
-0.25469273230270534
-0.3361548582120328
-0.41210541015163055
-0.3686168594023875
-0.42686507645005184
-0.2586226214878339
-0.2336505147713869
-0.007241240831826152
0.05225297396951824
-0.05594398141434732
-0.1627759307742463
0.11960070012012597
0.24308798934932815
0.16704476863990367
0.19338583973378012
0.31403058317340427
0.37890851194823605
0.4094523823032302
0.40574049267439927
0.3186333949553598
0.1399257250944371
-0.05755632060296326
-0.252805928402656
-0.24421144651921778
-0.4196466177088267
-0.268739753746867
-0.1439974849548199
-0.2460576547371703
-0.31054395448434063
-0.10048417807743916
-0.06058840717411636
0.049399459257701825
0.0810860235509313
0.11769517844594575
0.01098326191711295
-0.27598917801731104
-0.2516840160175644
-0.004733363821881235
0.12441618018844436
-0.019033347201743468
0.22867395564226947
0.2814867151988436
0.41349045512367766
0.41009571737879125
0.3877835125410578
0.4614808460492068
0.194474610167149
-0.07134000873283097
-0.002158476165857384
-0.19142434954975254
-0.20525176071390497
-0.2985531163078685
-0.13972086114803162
-0.23502121712657958
-0.13622297048459373
-0.21964538152620686
-0.47331454521736016
-0.5181598434206902
-0.3245574304423684
-0.2180806321393287
-0.1932040176227456
0.062075192853331365
0.24622882216928027
0.19693126715516393
0.3368875805819338
0.4414286412924898
0.357629498859336
0.22293521599399516
0.0979320445018212
-0.025916368829001474
-0.3781546022637922
-0.4672388771546614
-0.350666964403996
-0.24645875593476246
-0.3399521284187299
-0.07676082859167332
0.061334991116093675
0.09735537677143705
0.3705892536751624
0.5811878852390947
0.46329111047975324
0.2763660946253441
0.29593956244297404
0.1757676332512812
-0.12926841992060537
-0.18673563296869755
-0.09480052770045364
0.2266932950477816
0.43899619024779923
0.5237307589344462
0.4914668055643755
0.13358631526484355
0.07208228897906775
0.07812687942721872
-0.11115682351730079
-0.21879678893552904
-0.0838735657550842
0.10903279285780904
0.1441628810729218
-0.04056369954432676
-0.019108824420916184
-0.07992157155696193
-0.2095913081997559
-0.5089637774410415
-0.5436293126050102
-0.5217349135389786
-0.44159730234775635
-0.3758609022303613
-0.07673215466266572
0.14784704159763926
0.4669435722273772
0.6973093512484428
0.7850154049682592
0.8857865180539026
0.8403665390678733
0.637955665753915
0.3071589161103363
0.2072616837082026
0.058602613124481714
-0.3279289042413236
-0.28576620766368593
-0.4667283735903895
-0.3285234433527554
-0.2985779802675804
-0.11015820719347436
0.0031551412571352512
0.05758593849575353
0.007280817008477437
0.03370570732504016
-0.2301353740303983
-0.2226840173958384
-0.2798753958543487
-0.3119185711345111
-0.2557283176124796
-0.17964215705399106
-0.14987247123096942
-0.23082057464366035
-0.13721937319657748
-0.10439399361682272
-0.11234991399111148
0.00233258798562855
0.02446373733916989
0.03463840689191015
-0.039486768608849754
-0.017844401433974415
0.18950145643736407
0.03811429542895705
-0.11158733136667512
-0.22277896406063247
-0.42011037901454645
-0.44519941769570776
-0.41757765616709863
-0.49230045139372725
-0.5350529645064412
-0.4152095564120998
-0.23029660719596018
-0.15957577364776798
-0.16692521658227957
-0.3249284382586111
-0.2704026581337019
-0.3645990433838169
-0.19456291829209388
-0.3081377204049907
-0.05927450791218712
-0.12750962966249185
-0.07317215812423795
-0.13723976203506608
0.07361603818591007
0.08270410730138966
0.1138232338348553
0.25001087128942234
0.14070351249926283
0.3865903073329667
0.5078403344939241
1.0008528334345579
1.2854767152967763
1.6899069323765863
2.054261225307255
