2.2794091418850826
1.9392924589912552
1.4492190982042168
0.8611793570988981
0.4845929379192879
0.5703400589257169
0.5310501168361212
0.16221653563703634
0.0633956309411087
0.26341844986340945
0.061805822731878624
-0.2369202705565086
-0.11858760344554412
-0.20155112351138982
-0.42352432567817305
-0.3884860663550852
-0.07327109771789204
0.024946617622367738
-0.039328870723870965
0.23532764407154566
0.4143334422264615
0.30515307388881174
0.13857299411883692
-0.18652574735070884
-0.32018440578362933
-0.44687491865972656
-0.29854266559046366
-0.36349165274368084
-0.36686301567268703
-0.2739095870779898
-0.3598995043918887
-0.569144816460581
-0.7723135887116022
-0.7782340095563566
-0.7117869237702282
-0.672246558188958
-0.38659207500479253
0.1669747629191169
0.3487941546840652
0.5973087348629418
0.7051827242835659
0.6298162590615227
0.4223888196214842
0.36158798252902286
0.19177505443855475
-0.09626896043405914
-0.008907746869380923
0.00829047744497867
-0.22809372617283363
-0.40107790851499897
-0.3062672389610928
-0.5122058310568258
-0.5087237390285133
-0.30085714103303685
0.05218059759201238
0.03951296631467871
0.07099400787652109
0.12177911905985753
0.3618488422155319
0.5024634362310552
0.3665077251335148
0.26760666115050474
0.0032779929887741363
-0.08008085966735089
-0.1898979927788002
-0.5057407359494552
-0.7550641867448215
-0.857777663641607
-0.8225601930673536
-0.5693264428512003
-0.5772469683454441
-0.3894286261992168
-0.13782823781510706
-0.1810367656821974
-0.34073854608113935
-0.3405920015505564
-0.26059572374545015
-0.4505949761633288
-0.670326579532081
-0.7190359693236897
-0.8127152075773151
-0.8919666621495996
-0.8189161515551122
-0.7084073385825
-0.6026499939056206
-0.43096798280434384
-0.36017550386262315
-0.41031360032887126
-0.23542880373753555
-0.3235463347127616
-0.36333928508086827
-0.1307654030063225
0.043188720307021075
0.07766122455023144
0.01320956702079134
0.1567634726149491
0.18971321963480434
-0.12747753064186304
-0.4643919211091668
-0.4355629807610314
-0.6325808993777239
-0.6808678589954213
-0.34688845898159504
0.03684333719053425
0.02122606539326465
0.0011524638440598152
0.3022409304145423
0.4475353354995018
0.35709178654724993
0.6117971103643823
0.8069592984343356
0.8371271924918248
0.7238512520509213
0.7085125988423582
0.664720226848782
0.32070456513438705
0.004231433557549958
-0.002579849433327608
-0.07299986376502218
-0.22002262166188655
-0.444236051851405
-0.2602023677858999
-0.4085350073116488
-0.45764467901000344
-0.522333384187559
-0.3163158500069986
-0.24143435559102489
-0.4603789834970205
-0.3660067002771956
-0.15520571975877046
-0.3219163879340373
-0.26439880166083246
-0.0465122584081369
-0.044308098908416596
-0.13868994075702726
-0.03809126566310858
-0.08024372861411054
0.049494917978586836
-0.10725907721322211
0.0752141118569843
0.08093382963056105
0.17951134199706612
0.12095647518507104
0.11540541146492145
-0.030139526351684903
-0.18027512833485732
0.037896963471611284
0.028540683856437907
-0.16685446973288778
-0.16122551683172165
0.030653998014428613
0.2858064785607129
0.36734254458130844
0.410317752853179
0.2552232382634506
0.3201007220507475
0.06960789716587457
0.17144515598853124
0.23397218793662283
0.04749711395833242
0.12003554614020027
0.33031166261665634
0.32168280126896115
0.018818608179451645
-0.004459703787351005
0.04357551775712135
0.11954413629572745
-0.2318371281089641
-0.1594454483999258
-0.11591761105556751
-0.2526010758026609
-0.4309477654383548
-0.3789764550757229
-0.2670072469705163
-0.23574916883105357
-0.20140754571719477
0.1959920098857601
0.1824375694600976
0.02510954234004871
0.14484360762930018
0.23935101813537776
0.1071038088719735
0.12643271064477554
-0.0699018363998701
0.11532837700790341
0.06043098767979303
-0.20155336031556567
-0.1300522088382937
0.18530129612549917
0.09713053572119194
0.2857695600386166
0.47056620830767637
0.6119726512037678
0.5894715810424033
0.36092336885529797
0.15493643451159655
-0.1795534196277682
-0.28287185745024107
-0.2827502715856753
-0.09337788382233302
0.029116708668922887
0.06511971830539637
0.0036981714189762
-0.12912095943287827
-0.372839056194495
-0.5151062809236368
-0.5163087691463035
-0.5529220468471184
-0.4031266864116856
-0.16611489368327106
-0.02680684260893427
0.11287839505455252
0.25328001142696044
0.3098427655807511
0.16372924103650027
-0.22003280068623984
-0.3154936145969302
-0.1853595944969729
-0.5403605024459416
-0.6444073725775263
-0.3400616945711342
-0.17816506798443854
-0.3314110980514036
-0.28544063548777565
0.01283601351426731
0.06384501541652306
0.0434178676486424
0.35596939355964424
0.5050461730155003
0.37692385707352
-0.02519603469908532
-0.002166214478931456
-0.009706285476220898
-0.3401846913498443
-0.5602912088879478
-0.4414187980927281
-0.37206588393377377
-0.31532150758000554
-0.512249120529985
-0.5226511627860925
-0.3835650979935889
-0.6611286724149457
-0.8586702177656237
-0.8814599731062825
-0.8290707050926783
-0.6618101749825737
-0.34708416459222474
-0.29961622830422335
-0.358985989890095
-0.18074639304460663
-0.12090466462492004
-0.1445965784701988
-0.11766942370498389
-0.2799805222197514
-0.14648047715163098
-0.13772319795064739
-0.2828204722468036
-0.2673886604103975
0.19699245191439615
0.38033437517415847
0.25718424650507066
-0.006799300604495978
0.2365234739094086
0.26105141627434625
-0.16091639277236033
-0.31060785382205736
-0.1814399012507835
-0.4661567027413477
-0.6052919625999367
-0.5823947496566295
-0.48989623561458656
-0.6060994787790344
-0.5424504338593822
-0.1686319384920039
0.080420805392315
0.04344001877294511
-0.1494597248772395
-0.42380474698580617
-0.6019911482224847
-0.713678420579635
-0.6238949233969199
-0.48057973984251595
-0.4324641169541664
-0.23386765926953237
-0.20245163928017074
-0.19419358724012697
0.08768969939877136
0.18913756902451942
0.07433606436140157
0.21774831304700018
0.13363561773269508
-0.0741482258681794
-0.27686336955865415
-0.43099059775189574
-0.6514406917019224
-0.7603656465729134
-0.5941227561632533
-0.6365018670904906
-0.5495888046277194
-0.21408962271021226
0.04534787346429924
0.02296591637664358
-0.059488012480498634
-0.14542348797746438
-0.07767537194697953
-0.25863592622723225
-0.20877532597007972
-0.1429363656356115
-0.045616658166041296
-0.309917923199118
-0.2676317138773167
0.19394019717407995
0.23275956730876352
0.17087679826485921
0.51961781585602
0.6680622239050651
0.6543628034996248
0.4939525561862843
0.45677947330429414
0.07615692754714984
-0.20202462300217727
-0.6773300978430933
-0.06958355002160908
0.19340499300961997
0.3542991142300952
0.355740537336261
0.31023769297365617
0.2232827400249215
0.16396659671126523
-0.12737426957521236
-0.30137798524876325
-0.2329904458404807
-0.30612173176485763
-0.5266094009298875
-0.6868045090087148
-0.5261756545953022
-0.6464990082777252
-0.6094982999489318
-0.37297976328863713
-0.27837389981187116
-0.11365293513414766
-0.09415698196119401
-0.17522715293787033
-0.08466437703573977
-0.178648307812519
-0.04398146010716506
0.12520545854453055
0.28647531727233744
0.2473122512198503
-0.043289326017645346
-0.0033093090792881796
0.35360240906341933
0.2985755146298561
0.12462833335829991
0.26965718405059014
0.21719539437723517
-0.11860944768300767
-0.17152463006044144
-0.3020320278067065
-0.2612658112309464
-0.45652794459511625
-0.399377480605194
-0.18263639022072467
0.2229901907904569
0.3645534139767406
0.4587952623892354
0.5531765298368496
0.4861422557602728
0.5563344301342087
0.4538029868696952
0.09169601957274459
-0.02270700232469492
-0.00031837893298181043
-0.18594551209848462
-0.5445981267570164
-0.59799546192093
-0.4748177709067582
-0.27937611551298913
0.10258788372050569
0.2362850871201333
0.10256193146316836
0.31665818577907756
0.36338987005163825
0.2540102306919295
-0.07020146369412131
-0.17018299499448938
-0.4126407932847822
-0.47629523207959357
-0.5201201369191123
-0.34193459742954935
-0.5416445669805916
-0.4624369591914168
-0.515680251925537
-0.4154901670813602
-0.21183834596388212
-0.06102287504064756
-0.167992753322605
-0.0031624773665292166
0.0555210075050806
-0.10332188611189451
-0.11591181328962823
-0.33836422139594374
-0.4744648869998323
-0.6574531356285784
-0.6681703740975964
-0.520181543137929
-0.13281003689143386
0.019744316357799822
0.06966440678471304
0.32513253054378843
0.456006121854916
0.4502907716162486
0.1780151067575452
-0.0057823937266493165
-0.2539939882644669
-0.44059992881642596
-0.47522760035702094
-0.34978336837490215
-0.28930281005614594
-0.46930232318920884
-0.6162097693358944
-0.5917513012839154
-0.47915470121131726
-0.5240646458425378
-0.42703130367996883
-0.3865827380743384
-0.24741482505728918
-0.020832509177223114
0.11742737575195919
0.1787753722209808
-0.011915383148826696
-0.3813482301140107
-0.36194869923720574
-0.13405777744133057
-0.27608735390029454
-0.1991112851910746
0.12436669667458564
0.23601242597655242
0.2542928051085283
0.13514627042554977
0.31807580116196615
0.2674614110788269
0.11143037678225035
0.13157173445820528
0.018100570270858016
0.01939836780537635
-0.11937171839534208
-0.12050434614007766
-0.2495601139100754
-0.183181136536596
-0.34487380433735226
-0.20789103649402424
-0.3602458032502824
-0.4001757940096249
-0.2098825489091535
-0.09722536841190295
-0.33054350447146225
-0.21222303745367627
0.18707100763610474
0.3240582373764333
0.24503804602986562
0.17253847915599474
0.08502646015677359
0.14241997544742901
0.1775997228595935
-0.053815695818517355
-0.06638186514703759
-0.13611209767302124
-0.0760057787454116
-0.11386651997957971
-0.06963661540093642
-0.02495826612888614
-0.34913468750400534
-0.46631453134507517
-0.33001124644479646
-0.6305862944894599
-0.8353236758877239
-0.8306598386858703
-0.71873674153864
-0.5557447606665281
-0.4714874437582952
-0.3876256837712846
-0.3314309469221857
-0.3614954406338658
-0.19657733481934428
0.160687233300351
0.23640310693887814
0.3590305104007694
0.35329808577510763
0.3039582283281979
0.22301767333458958
0.23384219083295646
0.01947125902407171
-0.23670222176718803
-0.3840578957669828
-0.35132478480449136
-0.23055228084003448
-0.0202644021152862
-0.03482705519132899
-0.02686906845789579
-0.23223185452906028
-0.41334570224615674
-0.44503994801774965
-0.1739170537946295
-0.27582559144747804
-0.3291771279378314
-0.10198752912669114
0.1163833209763035
0.23725753178745942
0.19140021258444959
0.4383986007809076
0.5688282424967006
0.4566040848581898
0.4976658344241261
0.5633370914735346
0.38177813735072696
0.2113170054383911
0.19738900478289909
0.15574249341443058
-0.04670900860357784
0.09060981094360196
0.24401864272179086
0.072329592584815
-0.204292622829078
-0.13192022173672519
-0.08069790703807474
-0.33391096092006883
-0.27948942499758855
-0.23967800562412483
-0.10402989870026676
-0.23495729996226628
-0.14887021853008056
-0.16456483327993787
-0.35093262894695154
-0.3417617581418498
-0.309725127405365
-0.5237390637622688
-0.6336517119579776
-0.5093750020345327
-0.30661140149786
-0.32225795857158485
-0.3509774172935882
-0.16542599957032164
-0.12629164334909104
-0.27968086951541055
-0.4009429469865347
-0.4664101341240409
-0.3570300723063856
-0.604863846212735
-0.6407352134540432
-0.34509297570526754
-0.10611055009034126
-0.06775974753478302
0.05290400750407807
0.15032889556662932
0.08104395440730673
-0.15178158604826614
-0.17951468995972972
-0.3583336142859518
-0.6933121415920619
-0.8763089929174855
-0.9361239001581915
-0.7610738429659474
-0.4963099169143498
-0.4408841232256041
-0.1784608978156748
-0.06195756222387967
-0.30255496584930164
-0.19470149688485808
0.02216135168506623
-0.07932764923368152
-0.3259656298477786
-0.12879770782449038
-0.15329177666018504
0.007276912654500148
0.2709319428741995
0.43793809634865427
0.31619010680874415
0.1781632592267353
-0.23727052844199906
-0.4815115028938104
-0.6306688017530475
-0.6021434834338475
-0.8189428583387729
-0.9725170953134401
-0.8423549275219897
-0.5882649236189834
-0.2707362045068418
0.10185368182009037
0.2698482072617301
0.3547833599702653
0.31027574855171275
0.012106116515485838
0.011204252684354406
-0.12189285083317487
-0.44878436007757394
-0.6062722299221122
-0.5301097608921161
-0.5374342743365296
-0.5288500062931587
-0.6259765386879937
-0.7321142068359796
-0.6190906298469633
-0.5300859829508604
-0.6084714111879671
-0.47629182417437776
-0.2764551260335016
-0.5028318531700074
-0.5077698871540636
-0.31314330832850784
-0.27764370476427597
-0.29102358926203015
-0.16481222229423817
-0.03392131268175411
0.24133629149562802
0.4852576442711317
0.649025107308515
0.5933643181875289
0.3186052475128956
0.18534540763800883
0.5187179767314988
0.4761353719497758
0.3463010943982356
0.48189346027383195
0.6071565543050131
0.5845430291713151
0.3796641379731277
0.34016104112517415
0.2950601695865941
-0.06266418737329905
-0.29342484862299106
-0.14665627304071735
-0.2741431772417988
-0.22470082262834756
-0.10908282962101684
0.2545638564970089
0.46063132442051186
0.46529459393358247
0.4865786740077193
0.31268011442192645
0.0600797314480785
0.10015651310845144
0.008073765976580757
-0.3205213344120866
-0.365046260067884
-0.5193598185167683
-0.5308040133046548
-0.7200385833430766
-0.552957805973104
-0.2880115413497152
-0.39210292719769246
-0.4415061401393233
-0.3379715677660111
-0.6082450615355411
-0.8902663764055866
-1.0028141729577191
-1.0513470320303937
-0.9993807670567517
-0.7306234461047542
-0.5249747989909234
-0.3116347646326835
-0.006415155313412792
0.19011064093702296
0.011483645110959013
-0.13776145788734837
-0.04677575557781617
-0.05013434227653166
-0.2080765977033845
-0.3112139955226498
-0.15906602650964205
-0.05143644814240523
-0.20197038332863246
-0.1843091546487919
0.03592057251617726
0.5685864163568799
1.0397829635618216
1.3993758796960172
1.9285454529918005
