2.1696341943343143
1.6246859630375685
0.8601668751992043
0.23282719892364062
-0.06411938827812227
-0.17104771211837702
-0.08322455222658451
0.23315373015035284
0.3316757442649848
0.3434597145542504
0.25706038163419387
0.11921164613834573
-0.1457586832268909
-0.19191107605442997
-0.3124783027040258
-0.5231988729882487
-0.5046360844983939
-0.26782139637549707
-0.14691613180350566
0.15548196869541261
0.1154726510709155
0.29494821540768384
0.47684938785613795
0.4745407783744651
0.24337230565583287
-0.08202172350838438
-0.064029513879993
-0.06739789231594974
0.07349990013093011
-0.10237089610694211
0.02289208757543154
0.4371615296114517
0.5167202980327964
0.37496875440759203
0.349516156118655
0.3369405410924081
0.017524264416719237
-0.18205592903880774
-0.0911757778920142
-0.0802597755352453
-0.1950876953368823
-0.2509293415693263
-0.04193755009292456
-0.04658580942398875
-0.05325457210316986
-0.31317515835429993
-0.3241008261077208
-0.5864405919544934
-0.6878183147712023
-0.7081913702565718
-0.6808153170637656
-0.4953976999568277
-0.41514705646204814
-0.19147949385651022
-0.2252958951099883
-0.01787188752655367
0.08495135481393135
-0.01863274361906024
-0.14262374277761947
-0.16695957521317145
0.01977862944913458
0.01465496313548461
-0.1644513462714817
0.03082400942231383
0.3598527602822715
0.3641454222298929
0.2588534639602066
0.4876892775486755
0.5774965404463354
0.4941739683234794
0.4103705361043243
0.2618645153319478
0.04428862035365179
-0.19554649824591364
-0.5573471602259622
-0.7104361202664553
-0.7536086148590376
-0.8431321335189316
-0.610578076823898
-0.2450569797571851
-0.2278412498002843
-0.12558471599629267
0.3604294779392608
0.4266171957161564
0.27698640014829284
0.48728986338598085
0.602366885102197
0.37096047296273815
0.010074069904319798
0.10337837962977353
-0.19843088289235777
-0.4152773234540699
-0.3132477121431186
-0.30326207190838433
-0.4924419697488759
-0.48304228917553704
-0.45855732900993773
-0.36628469972421374
-0.4829288533083588
-0.45583849305166024
-0.4739210336125898
-0.3148959158551375
-0.27983901966117647
-0.348087032048624
-0.44862283488930904
-0.37360860634452436
-0.08578993300736104
-0.2838605705095488
-0.5353252701886079
-0.534703404600011
-0.5089782106997518
-0.543045490190795
-0.6693307555894479
-0.4624561784490606
-0.4257449527513128
-0.414114861488696
-0.2780644083411618
0.09048717035539128
0.33050837264269756
0.5651281417713744
0.8716449066810413
1.0538351135253285
1.442030390162376
