1.935552417717268
1.6847362714197578
0.9230244536174336
0.7116421799742048
0.5287372834997925
0.08297415142775968
-0.17400427641492086
-0.24956285764726624
-0.14878016181668363
-0.2994337690133698
-0.18373291106113795
0.037980964234407305
0.2629050397762461
0.1101302244526437
0.20884109086657057
0.2648702488694721
0.1634933671032727
-0.005040867283252626
0.27593950311438276
0.31625770605341585
-0.006743076746903792
-0.02347397857341864
-0.03492333861774839
-0.2521558963278554
-0.49998568257532566
-0.6243457437737272
-0.40616929421197223
-0.6061499336443433
-0.4962515025603702
-0.11165620198634053
0.05023929606799052
0.21480836348836282
0.1947664802627287
0.12205015292074627
0.07379735396067261
0.09200096758698012
0.14575343001689742
0.2184127793985767
0.10739437478116955
-0.04732339791277486
0.07824308766315814
0.19564394892330564
0.08190620094105726
-0.03869057051990521
-0.025732212419277232
0.06595513663013536
0.08885275735255133
0.1182561823775825
0.1077068029665276
0.14749731402502178
-0.055588672211008036
0.022373138655760686
-0.07172649054208668
-0.3388386882230368
-0.5841395343060688
-0.6153332419422016
-0.6331612092448098
-0.4220675136126732
-0.16184964307503225
-0.04759944695313957
0.07201476096400768
-0.016313260979527146
0.11470819158478673
-0.07951081810119286
-0.28831108043588444
-0.24548387248496942
-0.3264586361802551
-0.3690383272016804
-0.5727161300375209
-0.49327886117857955
-0.772058963304949
-0.7897129860812621
-0.706762495385098
-0.629205019986616
-0.5478799440538658
-0.49828122233089295
-0.20537922237216544
-0.12829943133643462
0.12964573605192664
0.18973987121272282
0.15214117474811711
-0.12261162873013536
-0.283012896401576
-0.13362315457775245
-0.1796163145375443
-0.19867582019880084
-0.24785931449899978
-0.1862937535982502
-0.3080762345661569
-0.2776079175064918
0.023700156063535194
0.088534763786988
-0.09954652167389008
0.026503421962244873
0.06979733322715653
-0.06190229686824651
-0.14066782086446294
-0.006254987938833996
0.00139734846513168
-0.14523363514149396
-0.10052999078940464
-0.02847019996870129
-0.13443497106949132
-0.2617698132913403
-0.1484683088266567
-0.2303940733343741
-0.3400237689686543
-0.2891118636990504
-0.34483946840200663
-0.4616864931946538
-0.516727262036416
-0.24585578491749005
-0.03862233072405427
-0.08332366072034762
-0.032194827585496424
0.09890339350668796
0.2200638554117209
0.07353016623350682
-0.015389840211255463
-0.12341895245443937
-0.23340840082765343
-0.5228440486123945
-0.5302987054069596
-0.37603841086086587
-0.5146630722514657
-0.6540478928365114
-0.5602508658563446
-0.3508082035709017
-0.49296979325581347
-0.631264885110305
-0.3181245498818916
-0.42145199264683775
-0.6079237019498523
-0.5544070930660019
-0.272108511576101
-0.2703458637215043
-0.4147876650103018
-0.28786536734890017
-0.13269047284341262
0.08942078958794465
0.015598472694166143
-0.019965157571034974
-0.12164847745015005
-0.04877795640112141
-0.1015213482307195
-0.053539933981468786
-0.03753842792221927
-0.09700419740988392
-0.1763922981222599
-0.29740454582013437
-0.26993893523270474
-0.3271281770098806
-0.07854233191629363
-0.058671998925633226
-0.24037618418934792
-0.2594556963011456
-0.11043121060027557
-0.11128822290274566
-0.20824859205231633
-0.3701747374722842
-0.4671949426167465
-0.28602297399632004
-0.30054385325587507
-0.24717805573334847
-0.4118728922361567
-0.4342901771317192
-0.6202379078366298
-0.6353545233516361
-0.43851588420987625
-0.1465766329199969
-0.14621257964304002
0.11736650332142542
0.15773239735200015
-0.06821855752723843
-0.1590686629392295
-0.3727108764180933
-0.26581541602128284
-0.3777739030297236
-0.4205291424628825
-0.324526413598362
-0.008003002729523125
0.09173742046827046
-0.0001493230603761946
-0.1502294761081746
-0.04669139474379221
-0.06496910342135054
-0.0732455926632082
0.03661696430977319
0.028027688187562832
-0.0123828110028667
-0.0072373316862675
0.007549819945523618
-0.2008575693846339
-0.13989148895217043
-0.08863292780097272
-0.1314169627111754
-0.14958725580466803
-0.35733789585556724
-0.5280600315404295
-0.6121322074603879
-0.6862998377125525
-0.6122395375429558
-0.6452780370474858
-0.5831994421586598
-0.31142632644526214
-0.23905491566994946
-0.47526909623300184
-0.5083057194537273
-0.36999719046364365
-0.4845224499603871
-0.4753456194459398
-0.26937451311040805
-0.21327703403571896
-0.2600765979257383
-0.41835181007401623
-0.46855857136589024
-0.4565011231263581
-0.6222425443669874
-0.5849757654542785
-0.3018166163105783
-0.004612292341581921
0.01201251239704846
0.1955780398135815
0.25690965910831093
0.19206490930050626
0.17335534450466486
0.04238108345978115
0.2386056349947782
0.273182684144093
0.005978166129886217
-0.055846094003572225
0.07429405932968393
-0.08423750503526548
-0.38169517809268455
-0.41695292308833837
-0.5108042838514747
-0.5689161942353359
-0.4991770129978105
-0.19217506488983763
-0.22496103094721978
-0.18915900937401953
-0.3204516139162995
-0.22659341566284297
-0.24187730863386267
-0.3895065482397442
-0.27363190764931483
-0.006662681325449982
-0.07226846929467572
-0.02266921255075353
0.15307362423697865
0.2709194604704731
-0.022917809102504225
-0.014282026490632722
0.39625580503112545
0.44549245677517885
0.17045966184540384
0.27384780425768523
0.3474173390113532
0.3623545346876657
0.18327201152205952
0.057288901316883176
0.1959376033423984
0.29702647677601324
0.21169561784224897
0.0346085478136092
0.10389408883291293
0.14363644138943027
-0.09825578868307484
-0.26986564351935954
-0.30927516420731005
-0.2025490544831351
-0.46782461617615356
-0.4515403307731929
-0.3533744583368746
-0.2701818863801477
-0.40321379067655544
-0.29818392516054315
-0.11917026553278229
0.02562688555340503
-0.010769217841725336
0.19885065711775768
0.27945078327480427
0.24100729271795593
0.10546697795779103
0.3182280932940832
0.7813624065649213
1.2723403140752063
