2.2529276009874732
1.6414257120016396
0.8952467851176187
0.6924126659237398
0.5088923445272147
0.03364876966232916
-0.1942239956336723
-0.0646613062333774
-0.03918988226395517
-0.3771810678829345
-0.3893846725176656
-0.27409872738817764
-0.09827364217650905
-0.08639136613841956
0.16321748782697032
0.08063074790488645
0.09233944080017348
0.1322103384453039
0.34290992802084597
0.20977972691539518
-0.05788413254703916
0.04581395045629886
0.03585443088992667
-0.16151317090164774
-0.24804070298839298
0.03796214647373394
0.21061131362743868
0.1209058762099636
-0.10602196176352172
0.03591472712997414
0.22396733442129949
-0.01190054215831238
-0.14040381190623896
0.0435900302136831
0.017631139645180913
-0.15471900866432645
-0.6195871981059909
-0.7362140339023036
-0.6300193235943339
-0.7617384108211164
-0.6319357064477792
-0.3513322279405853
-0.12377846077745691
-0.11396436205851367
0.06484328662307356
0.236957965798599
0.2594951622185561
0.2648641663481488
0.06142804527320917
-0.20694261893758223
-0.2904437376297983
-0.08771176560302905
-0.22358618247700623
-0.550658206740466
-0.48801468580614726
-0.48678253091029206
-0.3921854812905863
-0.22252817974936928
0.1298762412456733
0.4990977793002461
0.670946411065328
0.6303957979203272
0.6591628440591601
0.7490818801039126
0.6303572106789376
0.43106492721963113
0.17232490107426324
-0.1004122604335335
-0.15836484408356524
-0.06238197181743689
0.01089921269818774
-0.17135499459151657
-0.07429345416000588
-0.0645456126069143
-0.12524134940045642
-0.32045642639985095
-0.15365277620128787
-0.15129676632443925
-0.1829840541123592
-0.12632448540237626
-0.28980647013002636
-0.2318264333799464
0.19005340348351418
0.4313251525478911
0.5099950503144808
0.669150602348595
0.839169089360689
0.8208442233333818
0.5756285454457812
0.46497681836433674
0.338174231484538
0.0008045903840750076
-0.38995070410926774
-0.49415119741233193
-0.35635422783838105
-0.5747049849774544
-0.4877216693967641
-0.21615679405252433
-0.3428735863587326
-0.3965749690263227
-0.21801523637537726
-0.22699007774703522
-0.21626478036806132
0.020464158189107788
0.20116658737894133
0.19218731366535458
-0.10303739021235765
-0.11706369752488893
-0.20902053809661852
-0.13623813561855033
0.01814717716807222
-0.017054711124881848
-0.11855439469661001
-0.267063095572492
-0.5384452114002916
-0.6574199844713042
-0.7024565400039713
-0.7398451896055556
-0.8297269124779003
-0.8443866022588769
-0.7165733191554438
-0.4552351291925277
-0.13666053616421378
0.018325183960082533
0.22968895556127286
0.4768979891532846
0.5115008845429511
0.3616670177513077
0.024894494189232046
-0.22588559219368726
-0.2607113902089145
-0.5411056051696929
-0.7711675875181648
-0.8324915340358118
-0.6010019891787718
-0.6684696119278436
-0.6736730103389021
-0.617476461837891
-0.2665174263859658
-0.22337926774662809
-0.18353786204240646
-0.3209965150871092
-0.11800030056955302
0.005554600931613997
-0.241747701890275
-0.2733600851228782
0.12726109255725065
0.23298810428262975
0.10692908896977901
-0.01453150090177507
0.3018034321733007
0.2167419286673281
-0.11121009804898406
-0.14290163669510658
-0.243086978058758
-0.2631742820616434
-0.5586749463369053
-0.46163359764514117
-0.2780915170585586
-0.31948455481681837
-0.04135408325332965
-0.020764066095347172
-0.18264651178746932
-0.17490014989149044
0.03274387523995195
0.07892806258105534
-0.2814615476450805
-0.37704874051855763
-0.04410564209173198
0.07678413004642862
-0.2802172703946457
-0.35721225645100513
-0.2345374755551315
-0.37636827827666214
-0.588082658504389
-0.5324810505936458
-0.29132424142105817
-0.38540037622576434
-0.36633301304959315
-0.3718834972012122
-0.1470832556316843
-0.3063476903816093
-0.35796653197259715
-0.3428744598551177
-0.40481997910173845
-0.4311940160129681
-0.4002769579071445
-0.39845841396744175
-0.7107281008852149
-0.8449870972363388
-0.7962983467088197
-0.6372023822190201
-0.6101390932755796
-0.5438253084875901
-0.32636839727592937
-0.18391879815130485
-0.07822788346366132
-0.36740120058491554
-0.34459973045330566
-0.4895478270541641
-0.6700132681882914
-0.7370968800527316
-0.9177351368797122
-0.9986705835428956
-0.9447418802399696
-0.9689032947218207
-0.8495604508632774
-0.5821618210387286
-0.6209696283545623
-0.5983968173404657
-0.5004673788648514
-0.2517341010195206
0.008600718534199213
-0.2349509173216428
-0.5026376395812585
-0.47521714536222887
-0.7139489803716671
-0.8697380007133046
-0.8676731238781877
-0.6885503021102343
-0.7307553919793122
-0.6150689301917343
-0.4435475976402234
-0.22447465800618596
-0.24209030173147894
-0.13167902995472006
0.2560213722468007
0.34133603437137106
0.39384733968033336
0.5080850332544853
0.5018884331167102
0.31009207143323897
-0.073423742937718
-0.25626317717018354
-0.2719035481057144
-0.14213129087254028
-0.07375519784382495
-0.1372480352818208
0.1869163679821337
0.11118643437518486
-0.18006900024264924
-0.3054043586988279
-0.18169894623331767
-0.48147522755654737
-0.622906160963619
-0.4308474430324797
-0.2980014330250535
-0.09721342449971267
-0.19934741111212914
0.014307605083170152
0.2603693197731936
0.2029376209458771
0.12371006206321827
0.33272087581412546
0.4859504598528113
0.7071930673953433
0.7963149299441126
0.5446380480251336
0.36040910786232727
0.4181566476159374
0.2407319975643034
-0.13009296700827808
-0.14338704246129055
-0.07578792334393568
-0.31637580785121644
-0.29301816011381415
-0.1649166314337377
-0.0856023419278023
-0.057981406619028564
0.15804725481809778
0.08237814564633467
0.2475157062286147
0.4268627652019917
0.583266198296393
0.5408773339967643
0.3619100321658864
0.5924193343272267
0.5934439851514088
0.33747700474506875
0.4370952216419411
0.5014484572324986
0.38904436228663053
0.11790486102447348
0.19571022794313223
0.31033366862794476
0.38623565928691767
0.5914627427354777
0.9686103037231509
1.2632307489191923
1.6654638285264012
1.9493286126753318
