2.4414257263945887
1.9651952957701864
1.5586790898945984
1.1631229634447597
0.9001166329091279
0.6842560828565757
0.47198543164629914
0.36113119587457965
0.14292882521027497
0.1803158313216558
-0.006941267809801464
-0.13768112658766984
-0.06749886847882919
0.07241310703347989
-0.1714001580762044
-0.06038685036274237
-0.010202687291023686
0.1276619075888169
-0.008422071477768571
0.06310591130076837
-0.08538777569124723
-0.14696028710751058
-0.38220984963486127
-0.41036023614459954
-0.12592042889909752
-0.17494773551062073
0.001350489639389476
0.08495702467295471
0.21063451510266842
0.39159936864608197
0.6098806671869517
0.5200603509627357
0.3949000785856647
0.24703088030933426
0.013839292398946436
-0.23441152217690497
-0.5540165686102868
-0.6364504060913971
-0.44833085464005507
-0.35630519056523646
-0.11030250803004932
0.04140565152599256
0.0670853348667426
0.022438744059544356
0.03278446729159202
0.30108025770542174
0.2386964147039803
0.23723664392721472
0.1047408299812117
-0.012117862095908254
0.0591465512962879
-0.07175843034248518
-0.1818766050358537
-0.31615164672266727
-0.19726605006888304
0.09069770652186789
0.18916081397376608
0.14325553176213865
0.04672371937198126
-0.02138400770697709
-0.36196347851418675
-0.285307430992259
-0.3637016938917008
-0.24566697144082528
-0.009176740956487402
0.06667349882342567
0.2024213571436889
-0.006581512711952438
-0.29529853213523655
-0.36412500740498627
-0.4446685190264804
-0.4402456359591688
-0.38617967287157323
-0.4937476895445844
-0.4679816158902946
-0.5534407526804661
-0.5139555709579543
-0.24982000870064686
0.17673459630476387
0.282684121736415
0.42822396937683715
0.4386681572782033
0.1950441505809291
-0.19362208539424944
-0.5574959305231918
-0.7074260902606535
-0.7678678014369976
-0.68568578516971
-0.4052334108751255
-0.18414302056497692
0.09948888345840601
0.053410370359148814
-0.07763731314589568
0.15260897518031188
0.26602368243857755
0.2773411294311056
0.16327239900995985
0.12501694905089644
0.2238534945174584
-0.033971073101826385
-0.1851314049420878
0.10654661132519802
0.11752091877997695
-0.021690752053599178
0.19581383052332235
0.5219558355172357
0.5542493871289282
0.6556506642946273
0.6910539810889293
0.5761380651670591
0.654462606209073
0.4648017590262215
0.4588154902402439
0.14457094528914383
-0.21234407995710983
-0.3368706736520003
-0.3067408571287483
0.05013164635901445
0.04507636991752945
0.10403752913999932
-0.30506718200376143
0.4645579952859865
0.5119177983762832
0.6915090261414397
0.6468293540230399
0.6391836438893753
0.5705569096096981
0.4742994260445034
0.4032972461370016
0.01763499676347318
0.015339203722468383
-0.23433876656149383
-0.2437001898367531
-0.16041050331508114
-0.1831136971415978
-0.30799476334185405
-0.40857889042495443
-0.2649745684676225
-0.08509668434972059
0.20550722280901973
0.32762346752705673
0.24026018937852217
-0.25898292582200655
0.3928833784485655
0.40808786088264876
0.3015980354426834
0.14053960969645346
-0.18715900702556112
-0.41181152317769226
-0.478640285319089
-0.3533507702324442
-0.030206391598263285
0.0782964315772484
0.26443673348428653
0.706727370435403
1.1948029466865813
1.8728736629591562
