2.247781285594298
1.7364319832000747
1.2442637404392418
0.617184253406658
0.035174055969873
-0.2888671677363722
-0.4457161405900596
-0.6540755107365264
-0.6893807091238126
-0.4925784461286833
-0.3767293780357023
-0.013377991109864472
0.007381909053517997
-0.006316498253215129
0.2515778739399745
0.5333953919582392
0.5192361583967302
0.4673031776643423
0.2765066708724134
0.041354013962668905
-0.38384075519781097
-0.6221950043200685
-0.5002398834473727
-0.5993317623448727
-0.5286713295239379
-0.5070654274703841
-0.1633901676837592
-0.17677458548323527
-0.24093744025466693
-0.02128716256897812
0.19135169378400857
0.059561338749835546
0.010895697171865205
-0.10822092046846611
-0.4268754458984142
-0.5809577777480958
-0.6972925843184665
-0.5743423656068743
-0.6424134447951726
-0.37311252637282766
0.19168834721781206
0.3948597176636753
0.36412489870079934
0.26429543099902447
0.06441631376479778
-0.3361936179665054
-0.6272694158965706
-0.6730554088846773
-0.3834179694927369
-0.36419245361417507
-0.35991570817001306
-0.04033375398083011
0.4324151490723238
0.6458079448906147
0.6455481062873698
0.6867312514537262
0.6681762248164118
0.6092065320965193
0.5097673807868199
0.265012817302693
0.17770321869333194
-0.18594115533771996
-0.32205632466517775
-0.280980176535796
-0.2109109333087664
-0.28182028017643485
-0.24132281429973135
-0.15315865692615813
-0.27946248181253686
-0.32396421787208485
-0.1688965680170635
-0.09997986942544568
-0.14407864596428302
-0.13031530145911366
-0.09465716320206127
0.07239981446308057
-0.006875866610319497
-0.2753434652804997
-0.2580427688314452
-0.048278759013051134
0.04368950357202712
-0.07021861300211152
0.12375604128286972
0.22801686713561073
0.26145284166187893
0.12465040552200242
0.03657110350370881
0.09885590982410403
-0.07578809456636493
-0.15022125066703498
0.11531388784055573
0.28165169265511375
0.13608454247564936
0.23691824077658027
0.140787125049243
-0.1391620263226139
-0.27806519881569486
-0.17252928307316936
-0.118128262874738
-0.3178429925351085
-0.3987216227459734
-0.14377938074830515
-0.2967037775258413
-0.6292678492425836
-0.6776086211122695
-0.5508441897607812
-0.6508405769477893
-0.5930035055007172
-0.46502244061241765
-0.20652076225452087
-0.06400829426564049
0.083617704078818
-0.1053218181915739
-0.06619584329867895
0.24780662554478017
0.2034328089205087
0.038030999323918555
0.11006015556182967
0.11262591127612309
0.02900859875709228
-0.19710251797231368
-0.01703960472333368
0.04591604417418822
-0.1243188961882887
-0.020344012647545543
0.347510507662287
0.3942808016166204
0.4061572921263494
0.16886398464988336
0.36914321817897944
0.32820135620317314
0.24387643553834018
0.06450157894784292
0.09599771622879824
0.008986856903735602
0.12763946320176983
0.20051161192373257
0.35508246428884443
0.412665173268272
0.35114008267421626
0.24135373249691872
0.28437814280574913
0.3633552428789113
0.09894688329832432
-0.15407341360258156
-0.4178080186633606
-0.5926014322859031
-0.7652242992822431
-0.8304333060254465
-0.58647041523806
-0.677978391573491
-0.6988473801276305
-0.4184788171314586
-0.11895685191324427
-0.02322084045091285
0.14027242425942185
0.21929472718500562
0.3222062243276076
0.2634194562234065
0.03863043291152224
-0.17237509187078057
-0.5022853030281935
-0.5089261543422294
-0.6159094016307307
-0.5429648863457187
-0.2891889658488631
-0.11809951111972149
-0.1833136712337479
0.05029464062155858
0.11524357728764577
0.2502076817011666
0.28542311887895205
0.24343905142423794
0.27481918448317194
0.2515935540092493
0.3190421328963611
0.2597181246498138
0.2789838723134198
0.1949610023610245
0.11418664829955028
-0.005496859618022122
-0.3374480740445668
-0.27000201368432375
-0.3178462271014092
-0.34350168691715743
-0.2614191994361571
0.00713347473487222
0.12859023001963238
0.010609005107755616
-0.10609856603110364
-0.4479059763426955
-0.5520918989020761
-0.4738421908756139
-0.2476220615271881
-0.0012097718940819937
0.06122037414167476
0.0625441491552188
-0.17660826748154818
-0.05352657756336866
-0.11318251496868766
-0.1947670129217041
-0.3581706272359964
-0.19721304803827885
0.036330041729522186
0.09023334544399465
0.38285610163632744
0.46584412145564486
0.38254576469672935
0.35124625886638006
0.1892183690884736
-0.19826314254461744
-0.19881915957890442
-0.5329194672732955
-0.6390552781545095
-0.5588703753118944
-0.1658785625455799
0.1143016419048839
0.412601868647893
0.6924359134981807
0.8526569949253039
0.7307282745246717
0.5933199115584912
0.30318149878631306
0.08245772013013347
-0.1496436695510941
-0.3420145739696292
-0.5201500896286967
-0.7227232580551398
-0.6597781538867051
-0.7996608773181264
-0.7842446197429238
-0.6141634619899604
-0.4568964304973687
-0.5366052951551893
-0.3722827909512998
0.0048315861930461135
0.15101892183024604
0.1647044616216864
0.3305169645607085
0.5500421984880569
0.6958416569784655
0.8977536452871068
0.7428009281279906
0.4935302294524156
0.3966888559800873
0.13562354886852562
-0.3492749394094172
-0.4815739645895296
-0.42168349069706496
-0.5287852144683856
-0.4795510054990103
-0.3177169910563956
0.03522792335014076
0.36992145082012906
0.4436658949837271
0.2705395172063982
0.31935254175224864
0.22884509681996631
0.10647876706128219
-0.05844553078936843
0.05286063777765877
0.0996105314779861
-0.13053661474503908
-0.01831583141799575
-0.004608358634223327
0.08023323798994339
-0.02403147873731741
-0.017685523399016488
-0.04725786932294871
0.09874752955454925
0.2133343139241203
0.2999334489047159
0.16490315474271544
0.26968051730457476
0.37154202935253405
0.4550009866170837
0.5177551289767629
0.44285875594399343
0.0688910057318033
-0.1800783045414501
-0.008127730703917337
-0.11171938045470031
-0.21152014730342406
-0.16802344715917492
-0.1338423664833047
-0.17958718346136018
-0.11380404072385006
0.22489905974581137
0.07816751282677523
-0.07789870790508378
0.07492391440145513
0.1289198956541111
-0.012023593288249987
0.12627099479401327
0.2733326038862908
0.2748588876724892
0.07274179863962422
0.2543422013227732
0.14513986890731181
-0.19046314061864458
-0.3264358729656761
-0.3780048776674655
-0.36602586741761045
-0.432728019763569
-0.2010664290388985
-0.08215772973898623
0.03020997474149345
-0.1079860326038499
0.08775621535488873
0.09573587569257966
-0.06354221712788667
0.12254847588995636
0.4588018988993193
0.586547345821832
1.03343641570764
1.726882239204932
2.083165722225993
