1.8412791167268465
1.318504686482043
0.793028865083017
0.4924491487306528
0.3240370811743194
0.13941751417299242
0.12237242628135846
0.29227472157912515
0.19178569783001653
-0.0981332342431813
-0.03729027036249954
0.15857687159279102
-0.02058319326055259
-0.14191315688238793
-0.25923362029592917
-0.169885315395148
-0.3644975267346713
-0.33988677615312934
-0.012273258435517697
0.04099398388272345
0.100542587314113
0.03708587144992888
-0.03411880443326798
-0.29234200184653086
-0.35801343151973825
-0.3082959544569888
-0.3457758473921956
-0.36056204257832497
-0.47304088849209325
-0.30982105992176007
-0.3448348610614122
-0.5416186689047943
-0.4872102636446215
-0.12417388271271171
-0.08449125918150538
0.20870323074031105
0.398296752715402
0.5682677124390342
0.5168093164793144
0.44095192293297036
0.3317150778209315
0.02697635982712089
0.0022331418497599253
-0.10260170987874881
-0.3147998777482212
-0.5653498174906539
-0.5799589897936126
-0.710087455535518
-0.7776311218500354
-0.7580823250353473
-0.6078330403331281
-0.5490959131101115
-0.24585145540475295
0.03547541048962845
-0.028690369458591707
0.14442766560115314
0.30379794047107717
0.540417717392235
0.5700291292415122
0.6829899136930434
0.764594488661692
0.6144108017316245
0.32346840887740325
0.18991654200934663
0.09499979249978605
0.0560780025641098
-0.2962599228619139
-0.34669314522747896
0.03159588057379069
0.06806099036847749
0.0012781686862220257
0.1728171146383284
0.15847279914071227
0.32972639261854403
0.38993481293319815
0.5439889555909823
0.44778177118545015
0.2855966983181297
-0.0736249978323738
-0.14810010533475126
-0.11674727322960651
-0.27894803266065804
-0.1884695374407357
-0.16171161607153264
-0.20928606018285884
-0.18446495415452285
-0.018357792725751162
0.1174511506383549
0.16796601450686918
0.13765263821760168
0.32695125146489434
0.36407077994913944
0.3998925678710143
0.3134649066630879
0.2329875403691055
-0.12278899505331513
-0.32740609710747914
-0.2182584885237041
-0.3198140560912853
-0.44145828433670864
-0.5970639626820443
-0.5898355601503819
-0.48981292769266127
-0.2746553021940344
-0.26678301460205
-0.253326059733891
0.012453842219079952
0.24056544737787383
0.1858605544486428
0.3636068922725699
0.3537474348198923
0.2841943031709507
-0.027903352166176655
0.018614617480762638
0.12061064542214726
-0.16668023080956168
-0.5474423834230191
-0.4992845419181674
-0.19819934803377542
-0.31086156534495063
-0.5726593815423225
-0.37363083347426285
-0.11383217413719625
-0.29786761323867283
-0.22003903607278696
0.08106817313395341
0.12105915013525538
-0.03960402218337984
-0.16494513098659933
0.05971619361593128
-0.01588285803966159
-0.11644419110069269
0.06366376217803796
-0.042321971922933674
0.10528808349503277
0.15249864010204447
0.16256196815775628
-0.09823594164588895
-0.2894052688002582
-0.2861243432095407
-0.30721633407355226
-0.4175298216638201
-0.18205428181276337
0.058841824348569924
0.06713350782122225
0.08676699671743711
0.3847705025049452
0.5831724903058556
0.6752322514459655
0.6674995098488621
0.6249008316404866
0.4487619432975007
0.13599304974336032
-0.1988363620120792
-0.17995555521723985
-0.40878849473051115
-0.38928471673564313
-0.28027488891298813
0.1950473376859739
0.4362943870395365
0.5274888864165467
0.6015899277004854
0.4532195030909849
0.4872871227209763
0.5008568100727929
0.32635829882313944
0.0191683139026146
-0.20080213933714228
-0.5469750302066251
-0.7728338968455455
-0.8393967669235897
-0.7019488524995392
-0.6904993783916872
-0.7861379919838606
-0.6127182074796882
-0.5033212388163553
-0.6156582860543497
-0.666148275953182
-0.5956973233048473
-0.30494069649237887
-0.22432930644669935
0.03215252588662387
0.28180462402058415
0.2238606346482646
0.34915959641303285
0.49764928203324643
0.4021091365633564
0.15652644806007882
0.14021536597557063
0.07723892251788837
-0.07793577894098483
0.05055923797745643
-0.02423469516410962
-0.2523734269832874
-0.23477156723440584
-0.3482935619713145
-0.352518730153055
-0.5234545285612088
-0.3447641166411033
-0.23914840078358635
-0.033057992977004624
0.30142058827734336
0.3981592884711729
0.4078134232856933
0.44549778485791414
0.45322836994626803
0.2853467808491472
0.18538588536568235
0.018749081636996904
-0.23583926693440985
-0.43266113735541173
-0.409172820726975
-0.034089721257592145
0.31420700909410987
0.3075510817570457
0.2141878691269116
0.2295900955794214
0.11700364010691847
-0.17756104339242904
-0.1412609585863311
-0.01092351565315607
-0.1691964010830869
0.07631823918067485
0.07862903574287837
-0.10111011774652899
-0.14753677493816145
-0.33439674914837864
-0.2862810733293743
-0.5585562042533755
-0.5994567838214194
-0.30311567910333787
-0.2599787573218504
-0.0934791694275163
-0.03632585410032999
0.28916888589335515
0.3292206616906591
0.17348111019060838
-0.21231983061325346
-0.3369372001696381
-0.5458971420399955
-0.6281834107368052
-0.5681641054446123
-0.33720676543040284
-0.2242182546700426
-0.12823159898994213
0.01284105133286862
0.315584104432992
0.46789883986650416
0.4366498811286675
0.42494796256399503
0.3282506157502581
0.040569953645547635
0.10678190640398783
0.12664658689226174
-0.0974081753725761
-0.23374326224996683
-0.07561607261652604
0.08668160495088803
-0.01391226815263363
0.18045253215535287
0.2460718710455166
0.19198957121456292
0.0003109669910733344
-0.17179638976041084
-0.45211191688702607
-0.5646175358538449
-0.6812486610961955
-0.674656614529539
-0.5418331382362976
-0.20695604979318272
0.0944200914836705
0.2134352952786389
0.38403564728333645
0.37079097787999965
0.3336872195505879
0.004761514118338581
-0.07194437497522625
0.04276405380901886
-0.15393605956317868
-0.22804739720250414
-0.3506703098163558
-0.286953180719852
-0.3087892550456439
-0.14406219257104688
-0.2385809571145915
-0.10827262934631085
0.056667364419828836
0.2917056103516443
0.38244242346881113
0.33028577701637263
0.37557929214445634
0.32858763147100134
-0.011039644754686731
-0.15195729785973283
0.02239767023245231
0.14065812849018244
-0.1075838034719476
0.012778079006226755
0.03394012767238042
-0.012410421128100063
0.00581644399308508
-0.23463217846454285
-0.3816649543490156
-0.24701969593042772
-0.11728538050597806
-0.30860520595329105
-0.27735736864651966
0.12021680874391005
0.3040798507035786
0.17426081514588604
0.12635052296773405
0.4614034042507331
0.26178100819505945
-0.049602926029212124
-0.005086288651569984
-0.11771368030941773
-0.25712578481924875
-0.17728238455130213
0.14512020587373892
0.20451570356165602
0.2695488594319483
0.2313239280210542
0.00992668989287953
-0.4229927024314405
-0.644299108834597
-0.5791613247710108
-0.7210510672619027
-0.6937724200017141
-0.6167899917309337
-0.3079578884610795
-0.23114190728938042
-0.16690398886071944
-0.0885442395126925
0.003880213278249851
0.25846805696411623
0.1913149006105193
0.5404627893960738
0.6134067965603338
0.6069732480709258
0.6199039443632173
0.7714731049129189
0.7378193619819052
0.49074774554171446
0.24491743381943779
0.1522511713827584
0.1006922100184899
-0.13672341239518995
-0.14747390186230894
-0.04615657551363445
0.11548978621609446
0.06810454271750531
0.07409723557340864
-0.13173515096160643
-0.12856994480321512
-0.11716977558667369
0.022382486294575735
-0.03961600474172286
-0.28208266236779056
-0.5600831947764336
-0.7684880662308304
-0.8388070190969084
-0.7562869062678128
-0.6831709276353282
-0.5121825998442624
-0.15520498150421516
-0.01785632294265505
-0.051571166531861966
0.02216191484441827
0.001996645029166831
0.028560484966776527
-0.13995955396603935
-0.3134727390285274
-0.20504666154286247
0.0020909527535917503
0.059775550553710734
0.4343367305150184
1.1302092185109733
1.672183901504199
