1.9835947932808162
1.5416385080896846
1.0735026475753422
1.0214331197995037
0.9908749788603672
0.9216114072177067
0.678352838634406
0.32482513752433795
0.19452804233318732
0.10876795044105932
-0.07155761587402415
-0.3759616403669852
-0.5014570111085215
-0.8037963132784067
-0.8868085935101333
-0.8237936467454311
-0.6280761928384466
-0.3498741369308356
-0.14775914445893515
-0.04528131818419658
-0.13503320668728452
-0.2493912748460996
-0.49274269590616543
-0.5621918181664364
-0.7427288254937982
-0.6765324650398412
-0.44115928025209006
-0.30184326373649206
-0.27841926173726583
-0.040765622129985336
0.06031750396818526
-0.09307259090451973
-0.15298864996901296
-0.26500730024444946
-0.1575573557765588
-0.3082921311541506
-0.017326675922695097
0.3450355202952453
0.4111211473783822
0.3280902551358126
0.3063995233555363
0.38270080215115637
0.405235124852076
0.45382500638315515
0.4854480726380671
0.31088976443669963
0.10361207676575795
0.14909236072581505
0.046873667325558255
-0.1399506619457872
-0.28728964070441826
-0.4710563216832015
-0.27156738264233404
-0.14032412462405283
-0.356490925648706
-0.3277828327582123
0.11109106819826704
0.20366251482582656
0.05199307694344608
0.18779920544070888
0.1673861988625641
0.24369599119927934
0.24375500636056202
0.2926503257562756
0.04829779554103711
-0.2862070861065157
-0.3103477457987265
-0.5334664729986295
-0.5792709295708894
-0.4021555676384532
-0.19254244831751902
-0.2497476967137849
-0.16703974444020944
-0.15567689464210782
-0.3536610057825389
-0.39117535604222803
-0.2704156613817388
-0.20568474380955243
0.0023925182212673657
-0.168533706710633
0.001846825916714108
0.23261736717226214
0.1132615328681196
-0.15190171033859956
-0.1362775308035285
0.03048563126452615
-0.037816518833820166
0.1326989433585904
0.12091864416416695
0.14463820743682737
0.026694128876566484
-0.07382810845189938
-0.05896397137172411
0.014908547037612761
0.16840981948280612
0.19650015896029593
0.16076168354285625
-0.0022760940423247745
-0.11410545311455388
-0.47962552455637475
-0.6550562921972342
-0.7517404728334194
-0.7343444915981853
-0.6389388043219564
-0.8357665043478438
-0.883217448421844
-0.8745942877263865
-0.7238431918196929
-0.8219857715676999
-0.7151509523876988
-0.495041913265174
-0.5502537520585924
-0.6223755584937565
-0.5954488170492904
-0.39637777974513144
-0.3705757882516731
-0.2626724414541093
-0.2681331809277835
-0.44324374063252225
-0.3717795183261687
-0.18939149467502372
-0.2632379999671896
-0.06813057519449306
0.005453805967099369
0.05671951006883305
-0.20533528420576044
-0.34814602838091885
-0.18508118636043788
-0.13916476788677604
-0.25331632215297756
-0.14615732399707304
0.1844058201781212
0.22206525174956215
-0.026672303231849038
0.13021745278743688
0.43355484545215933
0.5692836919780182
0.9336896649116054
1.4218962987311146
