2.187231350670377
1.7719886912118588
1.206231847268961
0.5551510099451562
0.4114706000518067
0.04130425232476148
0.06718107369160822
-0.0208083412100307
0.11169067900382834
0.0970913967981723
-0.03695867180498874
-0.13077596213107873
0.038192145632771186
-0.028716213193645604
-0.29122141369714905
-0.2720686138963954
-0.3021987767934455
-0.563981555715824
-0.5370083216925016
-0.19840054383690636
-0.05438022845886707
-0.10520253280811756
0.20033242825652683
0.529381843873157
0.5208895576611717
0.29740687035686475
0.1038455939388107
0.018015163797280576
-0.3300934025478754
-0.43296506084046527
-0.46793217506791135
-0.3458842165695694
-0.28158832420713037
0.024240475591745497
0.18691212460394638
0.17732185468279504
0.08529836082389851
-0.04996603050736314
-0.20897100786169204
-0.2420225472174853
-0.12163076028015847
0.07960102180897666
0.07531660543610416
-0.006557786767320735
0.1554207627567243
0.2738078082834303
0.040539961976429555
-0.04782863643935138
0.07611772796359245
0.12336530627140488
0.1331173394733182
0.19038707295660762
0.4004520591374328
0.23151931419856417
-0.169191485798856
-0.20587125274246415
-0.24357262898648074
-0.4441043956750827
-0.48928691678152725
-0.46868309347613124
-0.23160489551780972
-0.05927262892399465
-0.05259380074008124
0.28367146548870315
0.21414047681365223
0.0028612012085288134
0.0014281433173945126
-0.10515663391679335
-0.023097194395492265
-0.20322509572351805
0.04650926858452817
0.26105712771627165
0.40275572039329977
0.6183388658460028
0.6710437555277122
0.719853703666346
0.48525208781839135
0.4203172465220762
0.37063113644837414
-0.006190782702973729
-0.45613975228444165
-0.6394121999100038
-0.8345451607563856
-0.9485420781580155
-0.865750004373674
-0.6468467324674916
-0.3277191467685757
-0.05620663351072838
0.2907088054571994
0.40149836654876425
0.5361113754343113
0.7335899881060781
0.5384237576647051
0.4056742650176363
0.3875754220326267
0.16332490487257023
0.051207935685091854
-0.05939301708060072
-0.23917777701760376
-0.1535440302724842
-0.33124061952979555
-0.31333154297191956
-0.38716409072994207
-0.30818312649706564
-0.48840764540582016
-0.36861399810597467
-0.25726641017984364
-0.32840701036386166
-0.2953134031797521
-0.04636503605368617
0.21724790149908604
0.18162767543648742
0.0984943930905256
-0.09007739393662681
0.02078470674957916
0.10270169066793829
0.09878440407279382
0.18107424275761314
0.0639734634439213
-0.07224662013207776
-0.5274681917089342
-0.6664413368806572
-0.5139984867629943
-0.5790028028129034
-0.5463926310454736
-0.24075393988089658
0.09118807428038726
0.02249857473108292
-0.07565488001899676
-0.20045171317277927
-0.4340581706606619
-0.6298183056932042
-0.7220183578331567
-0.5264127731935
-0.2638829836353197
-0.2688881584570348
-0.37123440933207663
-0.27548169014282264
-0.26378313457588143
-0.27664178798163147
-0.31976017811302593
-0.15050062006650286
-0.14722825207068235
-0.2412045550409696
-0.30425050489620303
-0.2790743845575873
-0.06816503899736946
0.07812404892635164
0.08294643843874501
-0.006850588862944794
-0.10809828418345395
-0.13825385034234797
-0.14235454960741853
-0.20154016581693693
-0.26558047571653076
-0.24127688947076614
-0.14146543273120682
-0.34776586436781753
-0.3398315988742179
-0.09620184657870545
-0.019183394189892802
-0.1212267944870567
0.0344287811843806
0.12320050465435727
0.14858029344835136
0.09460317021201095
-0.13963160237947503
-0.18328399319760394
-0.12661140383381833
-0.20550299093900773
-0.40992886526442873
-0.2367208931088487
-0.23499600629455122
-0.2738859503230183
-0.10225360563838999
-0.051696189334995854
-0.054632502702018
-0.3355025462812343
-0.27754003852934633
-0.2898126261090899
-0.4936277352889541
-0.4560024897405767
-0.20739280243088126
-0.2971871457584582
-0.14745817343054773
0.05335061865010006
-0.015812806182392513
-0.1394129359329429
0.088664030539369
0.3299504664303723
0.30105834040617424
0.17127050259551227
0.2997427710495765
0.07468377470848223
0.11564305482651259
0.26958072398023136
0.11056070447562891
-0.15174184751605166
-0.4565803758658571
-0.5826384866441541
-0.5780958266205135
-0.674008422990875
-0.7402437624410835
-0.7859161422545574
-0.6576519615545193
-0.514840604917108
-0.298539877182552
-0.20463093520653272
-0.03629156271284821
0.10007789198252068
0.07911438895710256
0.08167839249279676
-0.10020419871265786
-0.23585768473374177
-0.024569265280375886
-0.1369696389132404
-0.18623696715527785
-0.2590561541043379
-0.046129810764125895
0.004875832676544901
-0.09171235199237378
-0.11940566315927593
-0.006901730928343061
0.06449875729833515
0.05384382232758776
0.04696762032692639
0.09095439583239771
-0.11436190049384223
-0.04926367006663132
-0.06851726722834019
-0.12477439591776744
-0.28671063423126714
-0.3107673323409058
-0.4674277047154136
-0.5526489860104435
-0.696012597927791
-0.60210345718716
-0.5598413141155525
-0.35553023371901515
-0.0068803553040625255
0.12221394453269124
0.31663978531652487
0.3044182120062604
0.2093884234988281
0.21208421242104922
0.2753925917501142
0.2397229518274207
0.026397041443154145
0.15341639875928562
0.10089026480282343
0.01447198120045165
-0.058168912075372496
0.1503003891364042
0.13082875673061806
0.29695817223474136
0.37102819193069303
0.4770634489690054
0.6040965439929067
1.0974166900603677
1.5085121078720793
