1.7999278930677183
1.236116446664564
0.7094346743295653
0.27769868380175966
0.07514765736207327
-0.1698539332309066
-0.12970761941867257
-0.20279464876935135
-0.2079558142523242
-0.20727776344881912
-0.2505207485592419
-0.1671955609129233
0.14186245334924266
0.3643368430233768
0.3307281330213396
0.18423186705244246
0.03088531064971363
0.05631502536523263
0.048293176238352886
-0.23171460262446422
-0.4499434566131563
-0.3686234950442878
-0.2196575951291277
-0.26613517804367054
-0.2449756434913713
-0.15452355171352547
-0.25567632890021474
-0.14285781369185732
0.30137164940422345
0.4517676947653335
0.262321817108235
0.23459206066827396
0.24296315812757163
0.16343512677914457
-0.12718922719151915
-0.03782136696766801
0.06757536839229042
-0.16119798979487526
-0.17209254565216486
0.026430513579685806
-0.010245592124177954
-0.20769371165706116
-0.4204950038435536
-0.5132582580180629
-0.5739457253808025
-0.4515749603144802
-0.40328347772412737
-0.2767349656664857
-0.11322568024098358
0.17513658109956043
0.38713104930308956
0.4731150551974033
0.5621697902069753
0.4855084766336232
0.4691736993356616
0.19534720035273662
0.11416466629638758
0.10311000790227855
0.20050510114007855
0.044555686750044926
0.016114325378685478
-0.0815086158568623
-0.16228625123597962
-0.2357235507915952
-0.4232768706951639
-0.42673384089388305
-0.3553666720536423
-0.4846912419653244
-0.48200033653385205
-0.33037518175914093
-0.3532624865705559
-0.5397498572690361
-0.32028361876675293
-0.13043766853349834
-0.24820791561956804
-0.14976544953422993
-0.08133343684832421
0.038753746041554224
-0.052655751855152075
-0.11927438711433475
-0.24555615115418813
-0.4615479298240908
-0.4502054094069601
-0.32874062890528377
-0.3478815059388228
-0.07497125783561029
0.051692872962990036
0.13310785500393155
0.15418092594464633
0.4049220265200704
0.5213569432168323
0.250810894019589
-0.39980151738250147
0.10015531277474567
0.40881828076370025
0.25903894414376477
0.14884982195856525
0.14899909674096395
0.24406819124871962
0.1073208574667828
-0.011133785471450003
-0.18617288132505355
-0.2395335423907319
-0.23525833246545355
-0.1658591237188847
-0.06539511115722739
-0.197142726331532
-0.13407984970755102
-0.3070328720937282
-0.5009903516027149
-0.46637699832119156
-0.38040676061043643
-0.6310196422451783
-0.7365937428479553
-0.6815003844939059
-0.7125101417112516
-0.6093133433052275
-0.44656878957434165
-0.4367163778387098
-0.29678990965929514
0.02986485865360715
0.19556611535604515
0.08623047204524047
-0.20012932363846594
-0.17459651144183927
-0.2551240687413934
-0.3062123690728393
-0.4881308501617314
-0.5592355869987162
-0.5214195211415814
-0.32747931149626386
-0.10948340812656701
-0.06081530643863328
-0.06683488458625875
-0.25869742872694174
-0.2028786007932036
-0.1878347143715084
-0.2616103313150039
-0.1756810914562671
-0.10814245730962048
0.20763774909479654
0.32009052999899607
0.47571156428799255
0.5383108558573184
0.6774726372999332
0.506108189472914
0.3103810438187447
0.16922286143317916
0.05935911995180538
0.019956981390916926
-0.35662966676047314
-0.5934984158080363
-0.6425615231885872
-0.5341857638841456
-0.647350558988763
-0.5912592326013818
-0.7072801532515246
-0.6928453778003778
-0.5122714682129673
-0.34234895000760024
-0.14828863022096717
0.07121527782656037
0.1953006841310271
0.41621225585214316
0.3788654403086812
0.38125597383243354
0.25023429518468376
0.051449147556085165
-0.07031980575704712
0.15061332813841888
0.13525700084872372
0.15747991355585295
-0.04830789149253634
-0.1886424349446341
-0.4112496841295403
-0.502290286165253
-0.5576310489985352
-0.332915241083154
-0.22639390551156563
-0.23488374258508782
-0.18047980515289405
-0.0911670083304367
-0.06075216506130428
-0.015416569993109164
-0.06940838298773305
-0.15006482048671524
-0.005710781961090468
0.012569048839416966
0.07493745291603655
0.05032244442503715
0.05913740206741885
-0.05435490165675365
-0.11376084558211465
-0.14188248109519652
-0.16459876022317677
-0.29330061067772234
-0.3100754867398761
-0.3016688848076167
-0.21373171531148755
-0.2585351658580655
-0.5331966431104065
-0.45295085377458316
-0.14192427578424874
-0.1270309931048572
-0.0899395126013964
-0.03285660540982043
0.09352456934971237
0.04644817574415171
0.22689696601727133
0.39406702845350294
0.4466880634761872
0.34590029514308196
-0.04124561537669165
-0.18584617852927154
-0.10514006657178815
-0.2720550272607915
-0.29806103258113503
-0.31514427987381055
-0.5029715427413854
-0.4696507008172315
-0.2850284600716038
0.023123306359411327
0.12039548700240664
0.35028425548672254
0.6178620238082273
0.9393747353786238
1.2341468228205335
1.5526100559358151
