2.0897107858904067
1.7277934360499345
1.0908945566752015
0.7468974384493566
0.5457767371360606
0.3872628703395381
-0.026863790253390783
-0.1383428882690875
0.051114445780803895
-0.12139400038135703
-0.020779749460791388
0.08970857998689398
0.4022501155576778
0.3008481401485644
0.2758443057267135
0.24744577495646464
0.03316178865881486
0.1448106442057844
0.10765575876882817
-0.1955014075272707
-0.4113935367509154
-0.5358577400422732
-0.5242415473434549
-0.64532718093376
-0.75043500128897
-0.7307371266216088
-0.6960919115084039
-0.7577202770958361
-0.7031522197486866
-0.5801298526029097
-0.34981609657588414
-0.09151712563723273
0.08023478041753336
0.19381118168470246
0.20395424396032988
0.1908423006430376
-0.033975371386102605
-0.057896395345786236
-0.07046305194079742
0.2350961339828604
0.382904224211622
0.4714006277290742
0.26520443862019605
0.0592085738808245
-0.0965388678641119
-0.05608396827756113
-0.12599833393239032
-0.05328686267126253
-0.038331441992393744
-0.05188327075035046
0.044241790077827595
0.0670635720606787
0.16721651618802508
0.14790785513837074
-0.034295348375305706
0.023771594346273992
-0.10483677659158953
-0.1287967351675593
-0.4185935864405184
-0.44377506087672264
-0.3654931194240687
-0.580208544062976
-0.5455486199828147
-0.6809210727174168
-0.5609195562546485
-0.3150327573706251
-0.22326848627549806
-0.041368170111067824
0.20017895600978955
0.4913646064376621
0.4016935700157009
0.10441959107180815
0.2600462928625232
0.27272616928882115
0.01989830222807967
-0.2339861368833861
-0.0872896497195066
0.011356552978570664
-0.24487284928658432
-0.16844283773951632
0.05708146304255424
0.060468293672316015
-0.2722884369971044
-0.04431483615736094
0.12240378886444651
-0.06464046842431713
-0.16042521895231596
0.11540085566998862
0.3682608896219696
0.48233643682062144
0.5307259168544991
0.6020825638200765
0.574552843983136
0.2986661844684745
0.020787284118207242
-0.042941536880822834
-0.13442618624775737
-0.34713338079339096
-0.44164093493556156
-0.4388855223388495
-0.18300766891828368
-0.3295506342687904
-0.19247260295240484
0.22693916523244606
0.50032904075938
0.6074238150669398
0.651185230274749
0.5906323032060432
0.41664524856053053
0.14734528330484328
0.22013941370775497
0.10051614506684954
0.23220549744296895
0.36683656702413714
0.28188985000751116
-0.04558608765977637
-0.25595961259999434
-0.185881276058357
-0.2769461496730136
-0.23651696163060898
-0.44927827701757417
-0.5116528705981787
-0.4734401094778037
-0.48850994985720014
-0.3547354582523108
-0.5604657775162254
-0.617544462093852
-0.7265385311574728
-0.6007873564560222
-0.41745782992236635
-0.3149164908376956
-0.11520315884127362
0.1506344884907331
0.4194422349867728
0.3938130623773578
0.3498478951620251
0.2044870294848821
0.18699264750979447
0.03180186252565276
-0.03446780084192634
0.11934493442232275
0.36882812368214135
0.47746981726449156
0.3105439991413588
0.42325245893815705
0.5800087849784309
0.4183900103881823
0.07640947867150485
0.05533980877026849
0.17680092300819902
-0.03175428905315867
-0.4334536990932975
-0.47242551054130194
-0.422320592058518
-0.6647471419700266
-0.5997161791164696
-0.35007742270419073
-0.3806366696191827
-0.2194025745210848
-0.0322113189527725
-0.012145678914626243
0.059444775898044436
0.19839209674921082
0.007749806360484662
0.014747191989926398
0.2844266390139394
0.5594181593329233
0.4047071656906188
0.4328205926152696
0.4931421397997702
0.47188894148890403
0.44084733399822923
0.39048779665460875
0.09339125062254257
0.15969619228998994
0.0500442663286738
-0.1622410418025929
-0.19942772323081626
0.0712897875728511
0.1458337589834842
0.05422664377907472
-0.07844786808543672
0.15501098167283864
0.17547885306968256
-0.12196870628486772
-0.09563768944619534
-0.15283077253487873
-0.40148023734373095
-0.5550598423044805
-0.514689133522519
-0.3332945403944914
-0.4764313110650527
-0.410189010815917
-0.40145942424724573
-0.1989590576672157
-0.32487668304075307
-0.13168330372082715
0.15271452846437383
0.10146672875134957
0.034411946389485165
0.1431318501996868
0.19674935838066313
0.1205690784679157
-0.04457724972033088
0.08629913110603421
0.255177239668607
0.4349959578487594
0.7414393068085551
1.2995759789351893
1.7449662854048986
