1.5413746750070485
1.1285824408436307
0.8287841365329132
0.9053460707943725
0.8154199631949217
0.581158699850131
0.5513712120454006
0.4294798934517343
0.06383032163653891
-0.04779737035721651
0.15728871220865068
0.1063792891160432
-0.21999459311162423
-0.11673027390908564
0.15915367304024047
0.005606863464021784
-0.08749797022890896
0.10498236275363852
0.1740594178223703
-0.04984945334932861
0.008708949110329756
0.048656201381210316
0.008255432440950942
0.21225906968826275
0.31107156849680084
0.40024789938387395
0.26822088154950513
0.446226487349745
0.5887891221614278
0.7420754079865364
0.7122601690361334
0.5481615499428718
0.39216541252414755
0.24609090410532025
-0.24369145905235726
-0.406452226215416
-0.38722828682146354
-0.513113468104196
-0.3755126651965468
-0.3000072120829249
-0.30678113210260965
-0.23665198809570626
0.16526610543374579
0.36475405792516535
0.2966957800743022
0.18105516242195158
0.34284147774518287
0.3101100176781397
0.18989878288863096
0.5369387568875297
0.5276742413503303
0.3135832534714263
0.3760173810497597
0.3360410487622424
-0.07279694649524063
-0.43332222783681057
-0.510005721153189
-0.3055641049567379
-0.5777913027115876
-0.6965306961166022
-0.5626585191401214
-0.5885720527325127
-0.5643630093222172
-0.27505995064900635
-0.020014335322825507
-0.09045460424791799
-0.1379104864159312
0.0074704575233750705
0.02996290778200067
0.031905788114117366
0.06163752205349696
0.15197625535962195
-0.013160634252396927
-0.11313816558393493
-0.14609170264474697
-0.2390825879858063
-0.21211674631116492
-0.39577253532625206
-0.33230489762352644
-0.4649049178392664
-0.33372148899045573
-0.24051816114389538
-0.3007872140778491
-0.44754871231111026
-0.4176724978453028
-0.32092855656055463
-0.1105846972549811
0.15797874310034318
0.09282792591153177
0.048052741237809615
-0.08186385357773533
0.03472880973591588
0.2614599360501552
0.21157809819606557
0.3938458351446755
0.5241834448926896
0.6562539926352015
0.7185957826060226
0.46464594354916394
0.37903550218592136
0.07810961470320574
-0.19864114872933347
-0.2133153239750247
-0.22992451923804147
-0.3682934932831619
-0.5880825429682278
-0.5967662245494598
-0.6495540118112486
-0.8048241472785178
-0.7382852638449349
-0.4529706484571658
-0.409935717141981
-0.3622173928740661
-0.22345543218245287
0.03910892965181823
0.10222815354039573
-0.10835643185106811
-0.35256496834928325
-0.5067581162604922
-0.6828817282730342
-0.6920754546453969
-0.5663872656614061
-0.548465786038293
-0.3777253421114503
-0.3021646295049187
-0.4788042521003594
-0.4495734079689926
-0.28575310328903986
-0.17488647438983293
-0.1137047582940292
-0.08869861462833242
-0.2473126086978684
-0.3616407720165765
-0.41783043808865283
-0.31849028623075304
-0.39288446651090747
-0.565961550589968
-0.8015507816439283
-0.9447770500758246
-0.9994206824100856
-0.9039137002079227
-0.7012964532426056
-0.57157246517524
-0.6695784700362637
-0.5478050082209314
-0.5321759228670739
-0.3939388678620198
-0.5165886771546464
-0.41482199263214226
-0.11256333312446831
-0.0020861508386314956
-0.017203287715124138
0.15013517553832093
0.26462673710727236
0.015387209905868485
-0.23936211347580974
-0.13863007228542762
-0.37510305834778
-0.45077530621052164
-0.3255857156035671
0.08817707522254878
0.09527024684304633
0.2012441561188452
0.409549262683849
0.20124186025101215
0.1527135450543905
0.1780346287306893
0.2238484121245955
-0.00397590245135005
-0.08308983128236012
0.21698070137500886
0.23843213719591883
-0.04057069599571554
-0.28515496503779525
-0.11350310100398603
-0.2563321586138275
-0.37863611883876214
-0.08136313645576507
0.3061089276073052
0.32523477155799696
0.204245046702405
0.2724240162382884
0.21463983666829056
0.21057635536847416
-0.11302713159043001
-0.09418100490874134
0.18293965618377772
0.37426118118368473
0.5047734181549063
0.5044133150114987
0.5301743083905001
0.5296545994014692
0.5955969247126257
0.5094173656018927
0.0857230517057707
-0.046262403072454786
0.13462053588070536
-0.09223291461366527
-0.3276039864642949
-0.15001338501237546
-0.08149153468644499
0.037047367199772155
-0.08665003464347482
0.25530921250949246
0.3590862146435083
0.16249185872974056
0.2198437546542789
0.28001039658970933
0.28959027736980636
0.17099313189235243
-0.13834102841214024
-0.3830072939054215
-0.4544967780718112
-0.392837894537098
-0.2635794760317011
-0.3917094438947126
-0.2800399370325423
-0.22354181473142842
0.007862972825112394
0.07595263010280978
0.0910474821005811
0.1055745651617385
0.13753028835594988
-0.15486821845586377
-0.2713021431148993
-0.376420344583185
-0.26813309621108594
-0.5074584620816611
-0.5039282369876626
-0.26671395179888824
-0.10074349401160122
-0.18423289405470694
-0.35391986227354766
-0.409898798667391
-0.3031932939747928
-0.03437494396887504
-0.08654633842211618
0.1480678781888913
0.26326150993318687
0.2922008704298523
0.07562594671568901
0.1102354864684096
0.08911166912060453
-0.11217189631109216
-0.4248729238185973
-0.7143129051896664
-0.7253052470870548
-0.6341618627795523
-0.5769746255581711
-0.37797986407839534
0.04813732475634826
0.23468082023563772
0.11170592984724244
0.1720537229684937
0.10204751966419873
-0.0917337223390839
-0.24700219740566778
-0.14970915352987266
0.15841703913309513
0.2388175149524717
0.08847976738654528
0.03090285546905817
-0.08556400948000113
-0.10818806433885739
-0.23390114541214138
-0.22169844304263583
-0.0017812828095945387
0.32459409483117474
0.4284973056942375
0.5502565704462887
0.6918888563847909
0.8573940125869753
0.7988552421741653
0.4567690753556717
0.3132757449893589
0.17933724515413035
-0.2817699702576767
-0.5411557451757067
-0.4130678746230461
-0.44794220778423244
-0.6139232639374279
-0.41508654528601924
-0.13745656767205788
-0.2550990324942828
-0.14486980844296332
0.19121457346790885
0.26701781527467466
0.04079715809822966
0.15066120328953597
0.5130170432023784
0.5798782834252358
0.5772189729704794
0.5128356266057383
0.25843728896239043
0.266705261069051
0.22686896080419885
0.4044689955449354
0.44622558892974123
0.301208922354769
0.009645864407284894
-0.0959801991674118
-0.281290821579804
-0.44408052523814184
-0.45725887392996234
-0.43497124669879966
-0.17592258276485323
0.19922771636486974
0.38420891684733116
0.2506607471860417
0.15436737218708332
0.226414559360275
0.3565906360669539
0.157479693547372
0.16808541622973178
0.04529960552496105
-0.22047294529900985
-0.23410561170979866
-0.16637483810751408
-0.24181846182272018
0.002779851238370473
-0.05760574987101316
-0.17614023084856875
-0.03014368333990479
0.26213106218372656
0.3545948431372919
0.32378855610089524
0.04782628647143421
-0.2690495461502983
-0.40470963983306385
-0.8222015412025323
-0.9810876349017158
-0.9695688679168256
-0.9193740286936305
-0.9343388659672924
-0.7316973762923072
-0.4530138201284369
-0.4550562265746419
-0.38771020222683555
-0.1991925230463347
-0.3103897025282286
-0.3425654856769074
-0.22628874710217267
-0.2012105317300691
-0.1526835127400461
0.15596500089255833
0.2916904142275713
0.22363179654849422
-0.01222957985690045
-0.02371210065639188
-0.3141689728649897
-0.4271921949697858
-0.3907759123275117
-0.17397297507100876
-0.07112276187591117
-0.15147395123097426
-0.23279792044247055
-0.5797505863398077
-0.6772529657935878
-0.6912667442712681
-0.6114669422286958
-0.31022952064221543
-0.163305004355123
-0.30844049712365557
-0.16315966281162236
-0.05837601272575563
-0.08287174521484869
-0.27434316212032783
-0.25632368623865054
-0.03194415136241624
-0.013603249715853617
-0.07004499999443846
-0.06990956923955267
-0.13214165953473395
0.07587145632068584
0.18053055796647982
0.029567076599681715
-0.23459721050410642
-0.24137451523112452
-0.1823408148540386
-0.2791564071180611
-0.1990898119351846
0.14433287244771484
0.20541140836892074
0.47985001451881426
0.6643717723751753
0.5478861799731438
0.2907124610224273
0.3140531254403486
0.25266298826399214
0.3917516063275848
0.4587518803240499
0.3350008677503856
0.025209214608046253
-0.21257579812351182
-0.23495283358822372
-0.4726019005770093
-0.5189458589168435
-0.5284165543401339
-0.5560146495024125
-0.584357288774268
-0.6290450965588905
-0.36668347961502223
-0.4457270187232091
-0.6641470803725366
-0.6366521113271959
-0.43206393602445625
-0.45847512687343384
-0.49560942735787855
-0.16804448626628157
-0.09202306660218915
-0.20390425656109565
-0.016406381581403336
0.20797177825337643
0.1965277576030929
0.25642109435613075
0.3468595387555298
0.3407509191716085
0.3254120101980664
0.5028849548780298
0.4555502265356937
0.5654579410505678
0.47171944493812634
0.32962333287227924
0.26801101249397935
-0.17903145909291762
-0.32761514121322344
-0.21807979652943926
-0.32109730827699634
-0.3454472013280275
-0.2494139322408844
-0.27013717373567186
-0.23308634478117973
-0.5034925287499512
-0.5386009631156132
-0.5459249148442095
-0.4737472380156317
-0.17310776345294396
-0.013693573693183046
-0.00015985762851743827
0.16429007401003645
0.2524727503516696
0.17174966973136332
0.06189080839453917
0.27048503338359464
0.4795071280530561
0.41493495875890246
0.2728480416307495
0.36381791655838114
0.19510637473393977
-0.15183383773780013
-0.3064102135299673
-0.27757503172079506
-0.008794487512460293
0.11718462849599422
0.3043467580086387
0.5924968269078064
0.721803525476783
0.6034895760282311
0.3186212895711457
0.511880315275502
0.3822506479256182
-0.046852829843336205
-0.09538061964692614
0.23817774178699136
0.253004303372033
0.05081346676145284
0.3812192841932928
0.5435122137938209
0.44115733473644037
0.3744473689671008
0.7475642187072982
0.8897599267971735
0.6384666984202841
0.38024056270407214
0.1768005762035533
-0.08269698779242872
-0.21713426488618373
-0.1760681402637691
-0.047071648042376686
-0.07797643238926735
-0.028173198517215354
0.09385979237144412
0.13654075869270604
0.31515222771232787
0.23332626581963034
0.20056234256335578
0.2296024102501653
-0.07919829498825948
-0.19344757798128245
0.04171401026202843
0.18005945996098974
0.15114028252630843
0.13363077973854504
0.4023113688127707
0.5596569515765085
0.6121041845056212
0.4223848600684215
0.11754202900211787
0.05119622902457514
-0.08941431656420472
-0.15585521525611942
-0.3202724384420841
-0.302046444045013
-0.1480332628781792
-0.05321283228197827
0.16737094409260628
0.042105008070711186
0.2344621291858105
0.4389922183097868
0.4658989345679926
0.334135440537928
0.08437289059288507
0.1139113782306171
-0.19355041719245825
-0.2478431173819685
-0.058757831302507085
0.29685427210539067
0.31003090060912947
0.3698591043030159
0.43011865068236943
0.4618791115202944
0.11538783479627086
-0.2505474330006917
-0.5300507364854582
-0.5951007194165279
-0.7472263130610041
-0.668650673459875
-0.4536417400732783
-0.25886214405990243
-0.13003993724749313
0.045237711878431994
0.1856774415711428
0.28612135993364857
0.23412223384189365
0.13093562836671793
0.11614507257214578
-0.05756348436857098
0.08052915539793862
-0.052299996915646255
0.06657767266848834
0.13370811550964729
0.06679100079622724
-0.20733238259428424
-0.15346709783168153
-0.00838080955425632
-0.22569874961426048
-0.19726548678206815
-0.34764209318608497
-0.6227034599189666
-0.7397964364670664
-0.676469024534375
-0.47402552895255057
-0.2641615541486089
-0.16140046703074717
0.0803197357469019
0.11342094658439586
0.12039437653213603
0.2764267566413707
0.18201595389935923
0.13152415135510118
0.079312288613845
-0.07201449742256706
0.060237702527678405
0.06687550379618026
0.013169877577702601
-0.1566547577170589
-0.029637376849787823
0.08632667403147748
0.14641701746312977
0.1925761883084084
0.35304882563633333
0.5005463341616799
0.6337066920381272
0.7120437680935572
0.7134175514801349
0.6004701058064846
0.4245378496264551
0.16725062237135224
-0.22589756089653917
-0.6092516710533443
-0.8437038764511802
-0.8666064004330553
-0.6751860404265597
-0.40610143392509845
-0.260264484449365
0.09068388822801363
0.21397635003136076
0.16106372243211492
-0.23626972823832754
-0.3666377157538335
-0.3061740423084117
-0.33316318824270325
-0.284205454637524
-0.07041593639989054
0.11441992094375772
0.2579167794816811
0.15750594094956763
-0.011987790640622362
0.06332476446761755
0.002478621047853097
-0.3263049375446669
-0.33460376709609485
-0.32115510631169836
-0.43234967957784387
-0.35775963848399606
-0.06245734687673184
0.07989080488907854
0.4858060917301218
0.656425898501892
0.5646415109042243
0.47301368426172163
0.3739208069716945
0.18684678970231594
0.15706918388195448
-0.005136585976325727
0.01780906475168591
-0.10550238499357904
-0.25733921582662783
-0.03279682495734346
0.039538885508224764
-0.22528763932831727
-0.1649940721595534
0.24251614234501545
0.18248498835084825
0.03267269284817171
0.264645178184085
0.38330204588506706
0.27599366800913006
0.1109576254602608
0.3451932277935967
0.1789344377913182
-0.12384840803070325
-0.1543038488016694
-0.2878793249153584
-0.21307203817212073
-0.37451334445021756
-0.21507820244392015
-0.07266919411878928
-0.19453871349246105
-0.27343047678992766
-0.019833576019595803
0.2158893930137517
0.08229313533492828
0.26328748771058286
0.34270799063719215
0.17074984672680837
0.13723307447809188
0.33696807733084505
0.38737698396860837
0.21159108217012873
0.03723946541096083
-0.024402357821600478
-0.2150116204106812
-0.4067365635615101
-0.39886125172235676
-0.24521307146346052
-0.2979430179232818
-0.1461957829244531
-0.06873264080990094
-0.09544599774987642
-0.23699484911834712
-0.28064009048873934
-0.17405864157383694
0.21526907315833407
0.43749710980477013
0.3906828633228273
0.21122627885936252
0.4680745459475902
0.4890508859165676
0.09429901476272906
-0.04887740123268092
0.22527533343882447
0.2119310829418719
-0.15703517163477201
-0.20073940159195466
0.15603634874814704
0.15351630042191708
-0.13201631986590381
-0.12409092968340059
-0.03269140095068131
-0.09001156868361143
-0.2166473332845954
-0.2778637701247055
-0.001096877634884099
0.004545834067029057
-0.17795865323979917
0.019614259377077305
0.3310935368712511
0.3379432225261984
0.37550674495170855
0.254600031854454
0.049842100768233984
0.08867461613286122
-0.01979568549175235
0.2456329986483788
0.09064732132676839
-0.05199820156174168
0.18982107979059146
0.1581114367575507
-0.050981766441481266
-0.22052991724080573
-0.15809579581926
-0.4040940023121484
-0.5489638562242705
-0.3261476730886371
-0.16371881148213863
-0.14437641556886052
-0.29841534095434624
-0.14468352710336715
0.1644701387685684
0.16209278930479226
0.38425032794234804
0.5082736472543465
0.4930836183454674
0.3462136973796437
0.2356991578552326
0.4379019428707119
0.4396261361080812
0.3859143976618018
0.451661253182264
0.29582821725372377
-0.15348323351435858
-0.21808457185969315
-0.21450140284666808
-0.47855513312438913
-0.6381127443271626
-0.6368027379437188
-0.3726008535767904
-0.3245708170212095
-0.4108379220626857
-0.3126683490146606
0.08914432429450352
0.19766458770125078
0.05681125109909311
0.33618580027717826
0.5139457340717003
0.540237679140762
0.5579493901993344
0.6608113276755697
0.6926478404862296
0.4320913193998735
0.5225909941396275
0.6459231738396205
0.3528506459482333
-0.12681127004195145
-0.12001377806203882
-0.17180503797952396
-0.6150555021283878
-0.7960955507652726
-0.7374332111874162
-0.9192448003840831
-0.9795450882305212
-0.90276166814025
-0.8593059857179497
-0.6349000495561438
-0.6468892544437612
-0.4798680734999637
-0.051224117024299395
0.1063572916966235
-0.11793954369030295
-0.31855846772170565
-0.18527809916475071
-0.17827943831912862
-0.36153481634211493
-0.20801349526678958
0.19954912309954315
0.19446592344839142
0.007837396892639095
0.27763113417812396
0.1479358347078098
0.005161107326263217
0.23693407128085003
0.29902911939024635
0.05293544023777984
0.009925114165026304
0.1697556639327128
0.077929144209207
0.20037673016790808
0.36229172800485976
0.360473472041163
0.17730726108797157
-0.01080265409973851
0.03274086025199315
0.19316610875836027
-0.036389583534142345
0.14334248665255556
0.2882457776382969
0.16842559095140291
-0.20124075117846416
-0.4133763440482193
-0.414418471153099
-0.42669662377317963
-0.5013064785092509
-0.15644294563839806
-0.025371153630871716
-0.24072531988500262
-0.3267952895490281
-0.12304723854996848
-0.09149949406438379
-0.20976912850098214
-0.014001980106545062
0.09853503816464364
-0.09722546335144157
-0.34551061122054305
-0.283795785627721
-0.27741206988317335
-0.5478270218139555
-0.6456986070526846
-0.4664922947602122
-0.13164894038525501
-0.001194580956441204
0.5027544989642239
1.3476382239927456
1.7363090688029368
