1.916099841202132
1.2138735260931277
0.5337060701629948
0.1126438974240456
-0.1664950327224343
-0.2987339680995146
-0.14043775401862021
-0.1413184514385523
-0.06915983945264731
-0.15228779885206584
-0.1977952834171458
-0.1183418176166335
-0.24884631253594106
-0.1156062008280356
-0.37327464564868573
-0.4170442230467811
-0.15585548210386052
0.01758420918892814
0.05188055501355002
0.14686768296303315
0.24101141015639235
0.06778818870748293
-0.08811895961775433
-0.20361880996701293
-0.22314204219983663
-0.42340214085803424
-0.5775268965269681
-0.7582290634385135
-0.7510230656134501
-0.6316285444414252
-0.4204453400057877
-0.19790064264024376
0.09504231230299803
0.29149454391707214
0.24305964968492555
0.29503203692974667
0.06031565337189114
-0.026476835116865948
0.04120497478996185
-0.04875174261561409
-0.4002215586810362
-0.4717728374659655
-0.29110878854545247
-0.1928115419490192
-0.15539017363423302
-0.2706829465980702
-0.01298256443206066
0.0731389830786191
0.009553942412098178
-0.1503523129341078
-0.17386098391489424
-0.38073074133746937
-0.6023661261620976
-0.6731355204308591
-0.409188636868279
-0.2052065748623893
0.1372422598207707
0.3428754119897216
0.4002273758469776
0.26271457563589296
0.2033131233872713
0.17002985774189128
0.02602463357266925
-0.40135739580776464
-0.6419343366856626
-0.6101577636014462
-0.6543663161114436
-0.7541362235768496
-0.597624731977175
-0.4540466412422491
-0.44357422114890116
-0.3508641534962772
-0.12001867345100177
0.017401092736543132
0.29876834037881267
0.39775695359502417
0.49794066923714525
0.3713683887240191
0.5202266195648089
0.39661748014025827
0.34380178363988967
0.3110736290403377
0.05225207451797732
-0.10393283027902124
-0.35413827847315155
-0.5251590586010093
-0.5383099695319845
-0.43063951192167416
-0.4236892128436932
-0.5175340337033424
-0.3707755315357536
-0.2048082154999362
0.05859389232587581
0.326499393953422
0.5607639861248096
0.6616658964912973
0.6056250365350673
0.5373632163433312
0.1460238776044129
-0.2637429842220908
-0.4210138323651432
-0.6531957541550961
-0.936068173648211
-0.9403092239788546
-0.8168202870097968
-0.733775738605664
-0.8563518163785159
-0.7895295764018493
-0.6227043865546776
-0.33579491239145326
-0.15303946987839137
-0.1956136033579514
-0.11479908925237227
-0.13673877526561742
-0.25154316485223216
-0.463155531618189
-0.5905966891393324
-0.5282100191359852
-0.49626624840268996
-0.4296571885583779
-0.07601099863258753
0.17598069305181233
0.20349302486718238
0.3316817324142987
0.26120796355602477
0.17643937855468092
0.05602888825050431
-0.2113670641941039
-0.15208488432244185
-0.4330447105032502
-0.39698176269544694
-0.23555416020886893
-0.22978067983897266
-0.2680347486881059
-0.2457686822010741
-0.447835923313892
-0.4749419174542504
-0.6359188542983255
-0.6872972959223517
-0.5015759627218067
-0.6516800175239187
-0.5357018535336417
-0.16268664117811377
0.07380727231327651
0.12734328382302568
0.05032302486450023
-0.09886215040221971
0.0453180834619138
0.1117830442214555
-0.02516354666033323
-0.1423108524036567
-0.13959771845875263
0.0075555046518663025
0.10002316291589944
0.09752644687635444
-0.1526427604155333
-0.39740285392107866
-0.5356188441459009
-0.4836988852755528
-0.3398363733372334
-0.21873036735827792
-0.11084595640916921
-0.32617022391913053
-0.2235594100685559
0.05214767659256734
0.09987274554814052
0.022616303268929234
-0.07367738589192484
-0.22657942854874902
-0.08643710250903207
-0.07494003828002249
-0.1166180518707508
-0.01803933676450555
-0.1206357711673616
-0.32963956494223845
-0.45862646172713484
-0.3699722833861569
-0.16298928013371652
-0.23318345639318758
-0.25939701897896394
0.12024864290493238
0.23528809430353503
0.2806252070679361
0.4211174487265267
0.45692411665331045
0.36228842495709207
0.19423774599361765
0.0795617407468027
0.20962069321132046
0.3598608742940756
0.8004657320499791
1.183095989495711
