2.6727626293195237
1.6438883452408786
1.7433264588906021
1.4401486218573252
1.003937569888211
0.5324550365378276
0.3509734855398905
0.5181939110660007
0.6511970938098889
0.9044303439257394
1.0672127949505001
1.1407053731714687
0.9189468191541682
0.2730074410468727
0.6784197996059057
0.45832834308419185
0.01742951384873473
-0.30702803934011297
-0.3285132036691941
-0.2946179349303609
-0.5438258867132635
-0.47547022919780874
-0.22768188469964323
0.009243981930151187
0.14842106750273568
0.27871215962541146
0.25914406834947296
0.29704730924730405
0.008655637565735438
-0.2192641766782886
-0.20056996608733088
-0.32497120993101347
-0.35509104900633126
-0.08192636358500771
0.15405509939543577
0.2704840354193084
0.2711849052830711
0.6117879516427782
0.7823491920932575
0.7026652094697581
0.5477294485481838
0.2741999636082327
0.18067888291108966
0.004104151503159442
0.1670077010850762
0.15458352668312214
-0.024573211661026627
0.05516469278333786
0.48551092341273333
0.7761137276779513
0.6647835695865775
0.0012560559212439557
0.6300199300425102
0.5982587365872507
0.32706910031583114
0.4046768019916898
0.25550206266257247
0.13493009062647507
0.11902324078336853
0.2171315745265714
0.24454802489796204
-0.23600732474760536
0.3172562675774674
0.46027337675647073
0.23174932818129174
-0.030980130689503563
-0.34803425903105284
-0.36154564498040004
-0.17045273833202992
-0.17397714687591015
-0.011441417929277123
0.052366264504392024
0.08698935838201216
0.08401976616904253
-0.09008071060881463
-0.33276334093850685
-0.4881250812604059
-0.5708011443683276
-0.5193026712115605
-0.43504245126633784
-0.28305589268703524
0.15965642045682082
0.5104666865631599
0.5874824650726298
0.6054674620760795
0.6723424333597292
0.5159654351493441
0.10853670463387638
0.08277468403272356
0.007156899580202633
0.003701084500614318
0.03386392741145359
-0.061752678309404146
0.04939678016930743
0.07124508367983648
0.044545455645440005
0.1243285705166854
0.17435578570208843
0.4086990427419096
0.13042536954746717
-0.37217563370535983
0.44265630170583886
0.48260424274289904
0.5181490036754375
0.458708395958421
0.3288700757404083
0.46063715129962757
0.3944445193206542
0.1699709643274744
0.13658941811876413
-0.00342752713318575
-0.22946048425985333
-0.1683676861954163
-0.3270385576822107
-0.31250461530925333
-0.06917486290830077
0.0032887324843143173
-0.07308395439051639
-0.29530417435218365
-0.13829687257741974
-0.08131478933788
-0.1485604504450696
-0.22734139005754703
0.02776019352232972
0.008078863703199712
0.03347801013479355
0.0873436421674689
-0.2389164991323646
0.4370060477110992
0.20202199343998806
0.9036090802242098
0.9354175793874308
0.7131508398006013
0.37800383302946555
0.048880338315977205
-0.052728074203651804
0.03341472598689417
0.04311690538784119
0.1459912634657109
0.5477863514361802
0.37659633673226334
-0.34498809793469143
0.3525283932843323
0.38505999478973296
0.21524008739153738
0.2437508902121752
0.5497635837014343
0.6195770194116479
-0.07284899482714119
0.7258003368159517
0.8740791031760023
0.5178143709518739
0.3324425001559708
0.46111986855069265
0.5270868605308848
0.5508081577243268
0.36991913117716785
0.22362101518637334
0.20062702958259782
0.08908564300086191
-0.2714389435595655
0.5294997030482498
0.6445122190929838
0.5684360257489349
0.29824886322439875
-0.08062505083896618
-0.16099575480397038
-0.3685269924224206
-0.4176985673615205
-0.28139460571845776
0.1884150091337177
0.36241018680229214
0.5651967055657835
0.65588212634283
0.5383450955313815
0.3002863405374019
0.03431382515682899
0.03738014799189873
-0.2631253657501905
-0.34591597315134026
-0.17264908375331467
-0.018370862715611037
-0.05304542905421752
0.11280023029159156
0.12002465366680554
0.26912852299646584
-0.2571849796295179
0.4332475390304285
0.42187437585362564
0.5943965672813951
0.566339163830151
0.4550925176012091
0.5976764006414848
0.5615399954957635
0.41596835145317224
0.15431481768416203
-0.08241826551859296
-0.18422174859663784
-0.6123519004505018
-0.8136384295395457
-0.8408049646192172
-0.6806361104968142
-0.5209439036606497
-0.6066501299069443
-0.3631343334566407
-0.3933537277137067
-0.5041577992137742
-0.3763749247427199
-0.36071111319160104
-0.2942009505791061
-0.15646199197320132
0.0798504128278737
0.3871292953742375
0.4659566093556582
0.4184187993270796
0.23683469662587653
0.43162797424065014
0.5053589720168737
0.5482310714420129
-0.18322712059901117
0.44942378855184817
0.8702257079756649
0.8377672079861307
0.5952553458367513
0.4989225058365947
0.1501009687168228
-0.14628190523088663
-0.07905650412279609
-0.3059804236867448
-0.3525414595302757
-0.29965212069547686
-0.17251660054523268
-0.1953475285607872
0.07599681422820632
0.450874124836947
0.9655170434364294
1.368805273965939
1.360187278803395
