1.935190184368818
1.4390906365127156
0.9707777565236548
0.44254426692076
0.2761043656253508
-0.02201282429388374
-0.04580011082090074
0.21383185106294642
0.10553544248772122
0.027884683797860087
-0.02450711826883158
-0.15991370112782047
-0.33722334577973107
-0.514467184891871
-0.5866042489788896
-0.2870676806153473
-0.25801503466468373
-0.4393275524080756
-0.28068948740825467
-0.11038619947530404
-0.23200105391824521
-0.2740435365976868
-0.40363011123811127
-0.4552885489186527
-0.8128811364669644
-0.8195207692175001
-0.655754945481342
-0.4631616786272659
-0.21617671029803973
0.047937663970663
0.3911832226963428
0.2801662214521542
0.15425465914652856
0.285191292405955
0.35882620019420486
0.18452938498308136
-0.05091456391354504
0.14733853404753489
0.0336369095977382
-0.11199157860440839
0.0977297655043151
0.17884773185773076
-0.019483449321751528
-0.12370444722029646
-0.28009876112823157
-0.2508322721958613
-0.6333437911113918
-0.7004949392387739
-0.5110799594483428
-0.47808529149986273
-0.3057550605028229
-0.3374277876931436
-0.24796219097139488
-0.25892403726929236
0.004903093261422812
0.008995357216175313
0.02772852224140323
0.3011602757551752
0.29332555105304453
0.30092602906711863
0.4824994966077032
0.3948653413407044
0.19728692092489722
-0.046151671087679126
-0.05750253050041241
-0.15123528882192155
-0.04110440286981927
0.001341886431847701
-0.07260703260171164
0.1528452706684148
0.13617928798662168
-0.12464026687501586
-0.09625417438081749
0.2571475897063867
0.28328705015945677
0.12059979737231954
0.3125781827834854
0.23982879499597784
0.24212708693745366
0.1320672133874202
-0.07655960044566447
-0.034113191844537885
-0.255536974454669
-0.607470920939719
-0.7598403310489277
-0.7505779577627228
-0.6725685538049971
-0.4890831533599267
-0.27528458740509526
-0.25903735272079
-0.31211460535463875
-0.32024168652667756
-0.4912594620529309
-0.433174774691415
-0.30309197242718605
-0.26732500918462965
-0.2895034432623374
-0.1899938990705473
-0.2556814312550184
-0.20116983077895567
0.021491389667625628
0.1656188905598253
0.13926006030706622
0.4028896618672307
0.5889227162734494
0.5718325118640176
0.3446351839074721
0.45119820616299744
0.6677095968353672
0.6886500409294319
0.4920966160442859
0.3426860804816063
0.2823885657917299
-0.22348877797223832
-0.50194938653261
-0.4866779807773043
-0.42062951086374045
-0.4710808138718056
-0.4337451353681947
-0.31353494887995104
-0.23414115580564931
-0.2741069568161636
-0.04669124737774387
0.0955699659261339
-0.006516399621890468
-0.27319211930322823
-0.13192688840561032
-0.0717969278678819
-0.2601577830533697
-0.329834542761055
-0.4224724058633168
-0.5731101844693756
-0.436294203549781
-0.4489185420390175
-0.3496972196579568
-0.0779280756798394
0.05421701343332733
0.04266776108815585
-0.041297023302446764
-0.24464525596052156
-0.24803268253222352
-0.25943853530859884
-0.45952638019784425
-0.45009659159680915
-0.2528311119856639
0.062436327471692074
0.4583003381114993
0.5013320590471074
0.5961646285640572
0.6599214249017817
0.7761653997971267
0.3872650638164362
-0.0368314814649488
-0.10282735348908786
-0.0880942043919457
-0.36635342696902956
-0.36372210434816427
-0.1404794902509968
-0.2076002675245467
-0.23152764495840475
-0.30270633845086414
-0.3892423118780715
-0.3724264426995175
-0.35215801341364183
-0.09317471998329113
0.05788577898047556
0.171267658962974
0.4371306084922577
0.5422726050783028
0.6604577647070689
0.48930444113890836
0.27090042095037936
-0.013702056733007364
-0.13769798498870367
-0.04595121353783092
-0.1450756134393538
-0.30931767692195417
-0.4592559789105707
-0.49927132359419124
-0.5807178887546116
-0.531038787246555
-0.12411261684730647
0.15768615164740538
0.11511643610814946
0.30606647288392186
0.4722861906620942
0.2823835039281094
0.09187130276419726
-0.13013166450990385
-0.37645126521048833
-0.4724551256638947
-0.24749471877750376
-0.32599142352909455
-0.35951458642885986
-0.22208038156413673
-0.18091368635035918
-0.20799728669102002
-0.19868909664880108
-0.21899053828250062
0.001163453641556902
-0.13601583442858212
-0.23434812252781723
-0.14251570101539232
-0.2469279561050362
-0.4177717782088379
-0.36697380782488576
-0.3396384530427207
-0.4426581263960183
-0.35925524481559135
-0.24062697649527306
-0.2594038742220971
-0.07011715990161195
0.08976381465053646
0.025993660869449563
0.268994612378951
0.5920044732353213
0.49531213582655753
0.2524084409897862
-0.08743655601798636
-0.09170318568549501
-0.2760255357920524
-0.3208453505975791
-0.4080390079843802
-0.31199022523467496
-0.5915595925107805
-0.48290214951804
-0.2946697193968436
-0.28958793264352084
-0.24579755130072375
-0.15054929323241406
-0.1336070996536005
-0.30058534953155136
-0.22612443852665584
-0.16043020821858514
-0.24871443169650945
-0.28743418597111076
-0.0485782710419279
0.1142649606014686
0.06975620638405972
-0.024473809640793997
-0.3039352846292176
-0.2990647141275574
-0.4463220177853781
-0.5653404174355665
-0.6236597024683525
-0.500824203766601
-0.37251394359450146
-0.20158268754616593
-0.35246060024960224
-0.26201985333480443
-0.289759348037767
-0.12357470500860923
-0.05363736645016004
0.15043510211379887
0.4940287013379207
0.4662601092868044
0.4924300467200513
0.6170430790284034
0.4546634206041177
0.05170731481151042
0.07321367568063775
0.009754137566849706
-0.2337581230938493
-0.2445613548243371
-0.1400067673611071
-0.1278701488063714
0.15900284463850847
0.12904360470143414
0.07700531444117302
-0.10610639170447254
-0.14438376673951278
-0.4617605405663993
-0.6092147584635204
-0.7054321176933214
-0.6507505461793337
-0.6321421543260203
-0.7096373886340478
-0.6172025365312149
-0.5263996259360869
-0.3689080378698511
-0.20303625644322368
-0.18230146883038098
-0.15099775303607882
-0.025449266349921645
-0.2525262917212483
-0.22133847598252676
-0.4089173836471603
-0.7025461828082015
-0.8930705387449475
-0.8699862627817087
-0.7521885221908612
-0.5272108491812466
-0.3748150974610445
0.019211234121347124
0.2367544011090761
0.1796338195306531
0.35792980871043717
0.3082008166640482
0.17350901794188653
0.036618917789715405
0.029913000887052267
-0.04941473207778994
0.08649269094342985
0.12444848406002049
0.08893283609807648
0.11027107043782952
-0.12641408381970998
-0.1345586750636428
-0.29112087732230046
-0.2167223160605123
0.04154235542792003
0.09766514359396136
0.4100446542531488
0.4674669845013095
0.4928222293759955
0.41594975572100773
0.37631814637911487
0.040541550227390366
-0.29295130235937505
-0.5010671347950717
-0.5659586738535219
-0.5896810964407184
-0.6742660006871806
-0.4335670105017072
-0.3649302382416951
-0.47994375113515664
-0.35232543655840204
0.07707340972827881
0.16388631821057711
0.314374028578251
0.4177068982240209
0.5546039319814855
0.5997639761470087
0.38414543294276826
0.5071545107076756
0.6760371678671361
0.6843870959710824
0.6392962286490261
0.5696148827029461
0.5318228711108238
0.2948685619968134
0.37725326372222123
0.5492094654401491
0.44407561380951627
0.16053603622635704
0.38523110269521454
0.5257575140261316
0.30803894286058503
0.04980793430744965
-0.23765002462599183
-0.26098002899501804
-0.3475591562282779
-0.2981893249353328
-0.45808774581835837
-0.293381776805471
-0.04037181827300271
0.3465914705562977
0.38377380880921563
0.2320918943961649
0.058228366035342566
-0.3020402606885042
-0.7841305165794616
-1.05107303321692
-1.1438976398785523
-1.1303902912793027
-0.9511025804812266
-0.5721916539404184
-0.2589522406275023
0.1268627358342293
0.28966706174495255
0.3093586364537228
0.23738275017631932
0.041286525714647346
-0.006802592670403402
-0.2097415877628724
0.01901219299926301
0.19976003633608932
0.06722802130885677
0.24488126137405186
0.31529071254290003
0.17134215578766587
0.16189863506414362
0.14874107893223945
0.27840394203758057
0.37001789658755024
0.3226918030446933
0.3240443433385265
0.473864156606156
0.39705760090042624
0.3207895775450914
-0.038922182352944326
-0.032741152257438684
0.07426327485023616
0.1558512292103413
0.3569734665484392
0.4842870218961792
0.6411824924186484
0.6618399295516517
0.4342690717391771
0.20664267923711896
0.2541148382954441
-0.02947173848245598
-0.06923701131161221
-0.0940561111961511
0.16695658268901833
0.18235807581583605
0.09983405868555237
-0.0058308888278747915
0.13950150636571917
0.09501041031476604
0.0896903714247492
0.37225908485411535
0.9030204330553027
1.6122680098048352
