2.7066342574634605
2.157225973046743
1.6208689294521246
1.2583594858247338
0.8019337595365678
0.28845613771979184
0.007109517532707864
0.07148100286903454
-0.020745951773102376
-0.10173704694141084
-0.32755080292272215
-0.2434316922212043
-0.09205214578470093
-0.0730085065823084
-0.36773607610517717
-0.3186017423076173
-0.09602656404995137
-0.30257930351005174
-0.3113460950315699
-0.05043232024806391
0.016159758076749863
0.245356319641486
0.3814763790430454
0.3997301780516254
0.26517967541782106
0.20818744483804777
0.29378631814969175
0.21529224670473504
0.20964820627755976
-0.018078198352724725
-0.27235613883717574
-0.41497511937258524
-0.44349759815542983
-0.3461219298214117
-0.24001057742484191
-0.13460916208029813
-0.08650913665657059
0.16000178658690237
0.29095864530306326
0.38151459928859716
0.22191689116723873
0.27614114326820255
0.271341287279319
0.14871046123540366
0.09793054676239786
0.225563201560103
0.20989356789317326
-0.07188761898230263
-0.21262456789044656
-0.11994856822468103
0.035223676334159654
-0.13604908544467167
0.03920519108725851
0.5153208213689495
0.6695031075187755
0.714631773330689
0.6201143802642809
0.5900083176278109
0.5281872331314287
0.1450863386398216
-0.027898719576531512
-0.2762933864703218
-0.4832411971379824
-0.6063909551766214
-0.5521663739047962
-0.3197801790208666
-0.24878683852632338
-0.0017440428951855374
0.09212222268453096
0.14492979718877463
0.12650509200493085
-0.0049204380704277115
-0.3061676522901958
-0.616481995225242
-0.6594864259622553
-0.7373099192198806
-0.7134865515420249
-0.49184840695273563
-0.08464026297662514
0.1403307018822795
0.2565556730311333
0.2086921661677993
0.1728176807785297
0.13313422683109585
-0.11708276309640353
-0.335182984473321
-0.2965079828369388
-0.5048711377073276
-0.41298960259143297
-0.1807979460520945
-0.10748789463339528
-0.04911912674630029
-0.03588405966117354
0.19332767488210237
0.25482449430716125
0.2362887378341231
0.168561711407544
-0.021106085834645422
-0.36120453580634754
-0.38565808807031754
-0.7242874104234718
-0.851628477835886
-0.8364797321708524
-0.8823594449976461
-0.8221844530406374
-0.6210698877457285
-0.4839142589479696
-0.354260371024393
0.032718267881699736
0.13834618556094644
0.08950490983487484
0.006821046707278691
0.07907965076112522
-0.06030974869694068
-0.10693970505215744
-0.22604653832235833
-0.07474816333312528
-0.04535972040885039
0.1664476949319866
0.21344454825014447
0.23514393160600772
0.17286201005930804
-0.001584986497292193
0.01974884484455989
-0.01310287863498112
0.1505343253775959
-0.07470671027350137
-0.23878608791203673
-0.1862407423606596
-0.315159530208473
-0.15616367123143585
-0.06660922984552388
0.031130228894901336
0.2932607407550152
0.31423054107973963
0.4219953677769499
0.30460996319183614
0.11953343271966484
0.015076348979549976
-0.12003437217591752
-0.2773407605900417
-0.363000516200732
-0.4935451313039431
-0.37026407090374575
-0.1946862088558445
-0.3215420732193777
-0.3768977084370344
-0.08456631636736066
-0.02779066104607446
-0.0035569640990404834
-0.10824595307547774
-0.05737921885559254
-0.12973280611928806
-0.3278490414241259
-0.692337799812072
-0.8188956928331268
-0.7137203600322084
-0.7821410984229795
-0.6136284860945971
-0.46469823751336514
-0.07466412343009435
0.04532267846117026
0.4504409570692388
0.5733000513232445
0.44139502022135213
0.2697157286028176
0.16423263365065896
-0.1007569656615942
-0.29131379667115553
-0.23316378838286286
-0.1000371445861945
-0.17793189981173624
-0.18881710532140528
-0.16096393905727113
-0.03677854168854423
-0.04797974196992234
-0.0758890467157764
-0.2150673951534412
-0.16298632292465104
-0.042295904220528716
-0.0833433659579719
-0.22237135940168526
-0.04399122923105131
-0.09372204922376612
-0.35517209555519286
-0.3770969204865242
-0.2913233589440064
-0.2628666118479143
-0.25505789162595566
0.15245088615169017
0.5628064154025545
0.7138665410342491
0.781662691388384
1.065854056937407
1.0217331665151652
0.7590252459089748
0.5566465365542328
0.5377132581743463
0.4482033667349471
0.1570226126687752
-0.08493790224829846
-0.3990226838244247
-0.5573219735640483
-0.51727877648085
-0.3399400279872059
-0.29332736931152176
-0.4695927059148426
-0.3815113714507815
-0.37056899665897414
-0.3944986212065024
-0.5182659265716
-0.4189505455048503
-0.22695276736339834
-0.3301555680288532
-0.38201541694045504
-0.27598892609638664
-0.41967653802577776
-0.5570936758117346
-0.5248900925331836
-0.41372422405506876
-0.44585252366901296
-0.30513482785425305
-0.14421483611753957
0.004757888089667399
-0.0821315671766056
-0.1579085384085338
-0.13304233779212513
-0.13013622295711133
-0.11056767289469406
-0.012398649587119373
-0.11220916744447776
-0.38807967999093496
-0.4008046080882001
-0.24921934306077642
-0.18625637663280833
-0.3720451336734844
-0.33116761373827186
-0.012308493850214233
0.11848250055924603
0.13382182004995846
0.003981581903721197
-0.11103435975788521
-0.44094625412325833
-0.5420627550704559
-0.4204614874458966
-0.08373855631720063
-0.007506892711421089
0.2800457890721918
0.46516487845657567
0.5404775074470344
0.5276690055054295
0.47051711715046785
0.3001552482442782
-0.05880197615632668
-0.03396929759261896
0.11528338177057615
-0.05280287176971016
-0.1362899407206714
0.02427856107914187
0.20515683724799022
0.026028768886716156
-0.22709371509213985
-0.13070567473341171
-0.16720846746845625
-0.24447031039204156
-0.24321923470305157
-0.15977354943331387
-0.24398289421403221
-0.3113277854539975
-0.21606031678342746
-0.1815853956448745
-0.33434741490179054
-0.20386756017934043
-0.05834766985832511
-0.06865073589981223
-0.14744811761141416
-0.16842722943590024
-0.18579619811494938
0.04562720946548678
0.1936681638708058
0.1762570966438978
0.1998222747946216
0.279207430012712
0.223588400736928
0.125964511396605
0.16200350445270104
0.3356421172572506
0.30311171414719745
0.1552642473410526
0.023442861319556862
0.017185260873081566
0.08080804195465251
-0.04414497404201841
0.13351900202926342
0.27198625323615017
0.17044763878374977
0.1588557649459976
0.19040861810567813
0.23954102301372082
0.25891403079563996
0.12373617467711677
-0.14924530649238246
-0.3611263979688795
-0.3924358110293776
-0.3171622885196105
-0.21909327214978064
-0.3376626569315214
-0.25783944206221254
-0.0915448911230498
0.02009995376429965
-0.1451272622739154
-0.1370762131532905
-0.2562328298166931
-0.4622691493035079
-0.6161673000423715
-0.6564824009798316
-0.4381887581390628
-0.20441956953162074
-0.09665839028007744
0.08681436340954428
0.49450632915279513
0.5086156790283514
0.5263182637137501
0.41326672318442076
0.15859725353627638
-0.16133405184181177
-0.2935879487855346
-0.23401947284303118
-0.2331312559239687
-0.13344729132726146
-0.22685343389863535
-0.33251164061933935
-0.3595741065748443
-0.3936456671968406
-0.3531217656987899
-0.07939207660326769
0.13487089985484504
0.13376759368975158
-0.0597686281564819
-0.006517512278226642
0.08721855756350279
0.0126926199665989
-0.33221488913877667
-0.48806182137556575
-0.29503275529018375
-0.27410908172975273
-0.20399078850843422
-0.05122047117511553
0.2576665071350656
0.2261202883384882
0.12446585451522699
0.1126518009772994
0.43576714329999894
0.46663350531928177
0.4067816488389518
0.4763919593093423
0.5465258844723515
0.5774358375718561
0.33215623933958427
0.12584796315070754
0.33471603358788043
0.43401417846519735
0.262157838671089
0.3058814417970496
0.44478392845428105
0.26450934426393524
0.324083379450068
0.30783458573109385
0.1977723519379142
0.35040540239787354
0.5613082674490808
0.6202230356472996
0.9737913535504759
1.402261723905076
1.8563375045638382
2.2295410179145048
