2.359664096657686
2.1836147838792925
1.593843715544651
1.1565787393855433
0.9526464944027244
0.8880276717928303
0.6833594734651995
0.5974607183128069
0.6654071598991635
0.5823508799255128
0.3627235586289878
0.48468332487847693
0.5525624783600943
0.5824978788948175
0.5977927940445393
0.4963688919517703
0.34182836904564134
0.12949847699087716
-0.1811970579289776
-0.32517999918188795
-0.49042514024723943
-0.4627939327164259
-0.5469564103825021
-0.44647087506858346
-0.45331211113867187
-0.15347970895781107
0.15715284868999826
0.17362910363844664
0.02922992536982099
0.3025255825923431
0.28220286267441286
-0.0510866066190031
0.05579581095621889
0.01840016386576711
-0.25769080628258983
-0.41242439943341413
-0.19787825515267343
0.13862584186528173
0.1622711116308335
-0.03865006423459674
0.14773840256055087
0.309475819557676
0.27054706325615563
0.1571516896221179
0.06052856501395723
0.17657658583197153
0.020825463818314748
-0.16375570215654278
-0.0768309199983079
0.23136391088032285
0.25547778590797404
0.3865609367073072
0.361644351176133
0.44543416754278997
0.5162296233680406
0.3428505424170375
0.08742791258511921
0.052960261841416945
0.3128823695583546
0.30711240278106633
0.11105093549227185
0.03441249447410085
-0.01063638038394615
0.035682657582672736
0.008246457359825297
0.2517227715584403
0.41590045396572023
0.3152430512462384
0.21419724194976894
0.11216709869284755
-0.07214495433999993
-0.4581632720038477
-0.607915525338015
-0.699226679438685
-0.5927010263376716
-0.6123723504073072
-0.45472014295485397
-0.28044447324482835
0.02336082969468759
-0.012130761037893156
-0.11020077536887712
0.03803364862108659
0.041082487447438615
0.1068517518498172
0.1301428055975213
-0.09753364752794005
-0.32757238624964696
-0.713167516468242
-0.8982769911082523
-0.9278070501977326
-0.7073263512279793
-0.48244955295336106
-0.44059040768666086
-0.1638541026543332
0.2895482645975219
0.4529031399919719
0.33354942660843145
0.2025367724327909
0.2167928868555652
0.09276270598436964
-0.12272654835985736
-0.3487061258561623
-0.17234142927773874
-0.3254792426437065
-0.2645854761588814
-0.11389293782897372
0.20152317015330184
0.31409269937783935
0.5492908519157537
0.7902258471490374
1.0118061003570094
1.5024197146004998
1.9165451669708706
