2.131692866456572
1.6482401017415642
1.1033989277006098
0.5474098789364954
0.06609474428063641
-0.16071394551751675
-0.28283943485373664
-0.18910181681348473
0.004791155316498226
-0.017634892839430292
0.08638819725957267
0.0855549832212765
0.3511576339394246
0.39336412048988795
0.2546056331737542
-0.07232238124516087
-0.0738386238659525
-0.14890305507307425
-0.22362461017205268
-0.03659577464155031
-0.011229707766013626
-0.06395565006113087
-0.07404915353000859
0.005154746234523275
-0.04601368797815693
-0.24649359112148753
-0.2972146843482792
0.029253007101436433
0.3518174207567715
0.5234956444466053
0.48994600766270435
0.4225142685555531
0.40761927781117957
0.20866682512542542
0.11340234419191592
0.20731687742412017
0.031092893377379898
-0.2568330244026779
-0.33108019062781324
-0.6028682520297243
-0.6372037417643613
-0.7690836559823618
-0.7444715371965733
-0.5664966092832556
-0.5895197638406947
-0.46126517961612407
-0.39330023628377625
-0.32264231970719315
-0.45609401790591125
-0.31209767236215263
-0.05828762031178175
0.14572367396704491
0.26810097232985014
0.5574320223080597
0.5682806134140238
0.31855106400121747
0.5274160172980217
0.4757142161909613
0.29919899914823056
0.10809351525760996
0.27362085527433616
0.12020148757408469
-0.11398724447416421
-0.16726545304197646
-0.27585049576021253
-0.21642393346217248
-0.12498425008059602
0.09296352016475043
0.1977845077513937
0.2542370658400913
0.379153144915467
0.5664356482857187
0.6408238643268194
0.6692254677941075
0.547640732836333
0.30423346302729753
-0.020419170305887028
-0.02944009891701653
0.028102319428977403
-0.15932009749493176
-0.32494461335322605
-0.13902152669901222
0.0010025211922564364
0.20773859369833494
0.3128670961444663
0.5920949643031135
0.6708926611697605
0.5956617492876805
0.6882388568839275
0.5753956978986328
0.41190537631526386
0.0940782596426149
-0.12451232097776217
-0.38084209213632325
-0.6271777974223273
-0.8389745251169858
-0.9231006731342993
-0.8667852248495478
-0.745086920036181
-0.34280292803755286
0.06789780413979782
0.14764202019569053
0.16112899289838128
0.258558322767188
0.35684536312906556
0.2706738131013785
0.2022971228830009
0.016834714719810604
0.02494401353053645
-0.0686029408217482
-0.11364714407357747
-0.2294545381016123
-0.251021449653834
-0.5890237727334987
-0.7125345767866103
-0.6681637750223269
-0.5160782052479113
-0.4904659704472149
-0.27610443161544423
-0.05507603634264585
0.13740491725608345
0.11961751335114325
0.20127556954242076
0.31452707989245604
0.4669911003330281
0.2970151195343344
-0.00981351812958539
-0.3672130213427588
-0.47039908526742413
-0.49620049237545066
-0.5163253574166482
-0.18467338831683938
0.24826900340648303
0.327452996772508
0.26367900059543287
0.5048920725098792
0.6525290052271498
0.632814282831061
0.7117433095384438
0.9565119225473749
1.5855915955556048
1.8903309177997365
