2.0339468031532193
1.4890219931660653
0.8359151138680626
0.41302783741977367
0.393675995447773
0.5115578196019902
0.39079621525936026
0.1335229722297337
0.17991961373249768
0.10168318214457137
-0.23414727605298064
-0.15926452151402645
-0.11421589351411089
-0.2132441549067679
-0.08379363287362654
0.27931705208367025
0.4904160625917067
0.5416508344829044
0.5322630562715324
0.33887140017486167
0.021792847456434724
-0.35847725751729753
-0.49349713778662624
-0.4063545997618225
-0.17842214754772626
-0.010979432458886182
0.22651707073320837
0.3076763165188012
0.52005821579757
0.5669543943372467
0.45130266323627494
0.2912216128630733
0.013640430920585679
-0.22531373338545363
-0.6157092685570354
-0.7210101727135054
-0.4780412406990454
-0.5964193386803487
-0.5258587406558104
-0.24858651191947842
0.28177073483594
0.5239443104445544
0.5670127200280911
0.5240937912531184
0.5048130463839323
0.15481362283971892
-0.27832390180237637
-0.423412809586333
-0.44310652336766265
-0.4125105036805398
-0.45855605041814756
-0.3400274487266784
-0.22150941602214047
-0.2948302771782134
-0.4350252930417611
-0.44131122095229763
-0.43966564642797346
-0.4049508157916102
-0.17354018209084188
-0.09702670109397779
-0.03145483819253116
-0.15518055350856094
-0.3354711476745005
-0.4592203857339945
-0.6180846116277063
-0.5940637330570899
-0.5042615055526078
-0.5372283515766509
-0.5087543088412585
-0.2874299408776876
-0.3492315088755993
-0.14650420520257126
-0.08214700380567248
-0.0225958733410901
-0.048404853391829566
-0.13612254180769048
-0.10320736797693793
-0.06290870576857213
-0.10645302123476118
0.08032990290476319
0.14154940485886158
0.08620365850444879
0.35695555244830435
0.3854944009890646
0.3687841835167139
0.1140218330001777
0.2248502084578249
0.2812718412414596
-0.043837297061047234
-0.08111670351499792
-0.20303088357657229
-0.07577424685211151
-0.36008555439372597
-0.44691167897672185
-0.33077230402194063
-0.10589211248778023
-0.18582041857043452
-0.1357476913466009
-0.3967390170222554
-0.47682461100912715
-0.4330718165458701
-0.31934427067345683
-0.06539465112358757
-0.033852597456577066
-0.18609124876272687
-0.03682180461304276
-0.010510636568876608
-0.10845196134543617
-0.12086614966812542
0.036714939185559056
0.12374590916098153
-0.16730589242027083
-0.11956029199335938
0.10295124620493722
0.01045405820568486
-0.08862871588538655
0.09275391205201776
0.05360194140486174
-0.030095364857332597
-0.3247850718618238
-0.267365295340893
-0.4524843648908914
-0.48665639067920696
-0.28531614202864497
0.20886012317209882
0.3664220212160747
0.5398832720517387
0.6425972846596364
0.5143735440746853
0.33011379584231276
0.28744111747165013
0.035788058347794346
-0.43098878095672777
-0.6360964634760535
-0.8689044953569497
-0.8805902443501834
-0.7174796067985809
-0.5957835876522354
-0.2930701921608978
-0.18564136815774657
-0.3075386850634862
-0.17496312633308836
0.07171108783182543
-0.0377767712636596
0.1443710597850799
0.37046506234120813
0.38200512393681557
0.4479549009376201
0.6472240501053815
0.7394075806031466
0.5996789807634593
0.43284574101971673
0.2973542864424382
0.23772277857884533
-0.1519308194211248
-0.24387201741281375
-0.07987062195374313
-0.07601640924498901
-0.40950125834606665
-0.3940869220228207
-0.20024196188247642
-0.428794575119912
-0.7789040449116467
-0.8888631156995302
-0.953284079119307
-0.9488469297577038
-0.787970053103675
-0.7413314191316969
-0.6757207665734882
-0.6411673436890923
-0.5184918937436962
-0.12285653121462349
-0.0721727059905343
-0.06965429759954858
-0.10358415771968689
-0.30350359668470284
-0.4451508328575042
-0.5522108607101297
-0.47178411265798503
-0.26864626083366644
-0.48981020368375844
-0.3615390418309291
-0.08016333810674138
-0.2136410899604887
-0.18736119226344866
0.181001921888129
0.3727470716742167
0.312000051210859
0.31267745765764987
0.27807467781189754
0.1707752202895089
-0.32396685291525595
-0.3862640609497409
-0.25160379050364123
-0.450426833189262
-0.41184945932634226
-0.1607120999108719
-0.12969845014102244
-0.24132084610482543
-0.11519737492803167
-0.09848142864496519
-0.23358797667313627
-0.0688517714081259
-0.13512482327737346
0.030023726420980303
0.1757220086471652
0.2926155616421902
0.2512554059058581
0.058453224631406245
0.12437813169808677
-0.052914661554567186
-0.027222387353110746
0.19752251545850436
0.3632808301508046
0.2152158685296937
0.3946471656330708
0.48365228405911925
0.42632436089292713
0.41479080059193896
0.17478902193244622
0.2584326243171299
0.34700139807051666
0.3427861739695821
0.17390240941574114
0.22352968493924125
0.0813791299978131
-0.06555128175324051
-0.5170933492574044
-0.6769671817720158
-0.6439825186296537
-0.6803234216375863
-0.5453946952333452
-0.31810710567712663
-0.14635205149876715
0.09738906606793679
0.15735801351735468
0.2633317936427448
0.11812314447770635
0.2914293424926767
0.24351218522932852
0.13399089926066884
0.2422297231060134
0.2603473010905024
0.46696827142282454
0.49902128490474723
0.3787151315813555
0.442370251660577
0.5059844606348798
0.3627263105736945
0.19435809526478615
-0.08245704628997659
-0.015826905688740033
-0.08361206030885551
-0.29059249599257175
-0.18772132857975588
-0.2910220392788736
-0.2817517987313565
-0.18076867420314724
0.2336918939099771
0.42975666719693123
0.5033517165836741
0.2739581248763913
0.47872276800467506
0.6452631378189453
0.4733806698177778
0.3037063250858256
0.06645630222167345
0.00787112436830889
-0.14636116701704763
-0.1172998218884776
-0.2907391569739645
-0.3081098263360743
-0.4116397484679189
-0.26370711406616143
-0.362297037731244
-0.22490283820828763
-0.21698366943836955
-0.1851142864098661
-0.2629299817490303
-0.3308522770198182
-0.5467563897078359
-0.513024558200062
-0.38327357147113233
-0.46941574843694717
-0.3891939974163473
-0.08565588161803925
0.10844166248123367
0.007525564292229795
-0.104263648410835
0.12024036791406965
-0.004564502563107766
-0.3393002538701862
-0.38420259873534524
-0.16417072949252315
-0.23852676158775352
-0.4560346369353577
-0.497910859021608
-0.4782059929327336
-0.6792303772378601
-0.6976926360162315
-0.48221238446321224
-0.34236615328531145
-0.23456418396670117
0.061619300713236305
0.122321520572338
-0.0741785092992845
-0.3624191981385525
-0.4713685574818247
-0.48713657091763474
-0.5269881804625869
-0.2875231562568963
-0.059347307169673985
0.2611338254007013
0.34647419668412793
0.2724991362974985
0.1492761802366656
-0.08049365343383909
-0.23092965764546264
-0.17327711530365725
-0.40590088432188937
-0.23258832857817324
-0.2830605508662373
-0.40970898820660184
-0.27650758775431317
-0.22393517988723316
0.04118760663936553
0.07044570601045219
0.05731711810234033
0.03829385964521285
-0.11826362427738106
-0.009243396286802487
0.0900154703502284
0.39898907977075215
0.4535008346347143
0.43380088106016984
0.4550335464683286
0.16326779524151053
0.012489278725728343
0.25004574964464643
0.38839564151151357
0.3272593952244508
0.14954161214709122
0.24272014888503468
0.18892414855327314
-0.037182265196814966
-0.030418451402100168
-0.06969391150245631
-0.3958502267602603
-0.4089735807934734
-0.45460683370551974
-0.4865984734931303
-0.6144111285312316
-0.6567045592190779
-0.7375329193723407
-0.6939402835473532
-0.650054386404947
-0.45341183362450965
-0.4072195212991872
-0.17181821193890148
0.13604227882232806
0.27679875832443634
0.33628121078625717
0.2645954849641284
0.07704689932709369
-0.013175032215830447
-0.18869467868122822
-0.10745361537122422
-0.23637192917588706
-0.6053807668570318
-0.7569602383038153
-0.7313600960858746
-0.6260431097554009
-0.6717343509818466
-0.417586912571833
-0.3618132785438818
-0.2743417950355398
-0.3087015014780851
-0.21658729676270724
0.03078658825679426
0.03561198458298876
-0.18773166415920003
-0.5699398101214938
-0.7078427873008869
-0.7347318941754493
-0.6599467701857292
-0.5576980087260476
-0.30960219288977714
-0.22552406328668542
-0.24636779368297285
-0.10840624469722014
-0.07336768207599739
-0.0837724572996113
0.13021428632596158
-0.031957537477698264
-0.26015337876640177
-0.2994253557348412
-0.12353845130875057
-0.03927216783839389
-0.20813135215077297
-0.3369414049864844
-0.34845583954656184
-0.2330444662949502
-0.09704954234586173
-0.1409207726460166
-0.2302679973663993
-0.3757536113360334
-0.46244660407601523
-0.3074066009016748
-0.20241787977981984
-0.5006689959184255
-0.5228416310649481
-0.5165291091589806
-0.41777366344890776
-0.23263920042003375
-0.34536390111849236
-0.06566250822689938
-0.07649279763924288
-0.17369000211869973
-0.13601957558638106
0.2748098029895796
0.49768111996645353
0.631887836608405
0.5474878735098935
0.5109585219942988
0.43524420517313983
0.6013639033045693
1.0009973783741721
1.5341397391327194
1.8394114988999009
