2.2471464320024515
1.8399843146431234
1.243630978259485
0.8125328854769052
0.7684288979842461
0.6274038142857393
0.3095107998343437
0.18766516089185012
-0.003401716964560302
-0.30507254512084336
-0.5512621052563207
-0.5356517900968581
-0.3435384185121601
-0.23908282435085118
-0.23351208213082764
-0.14811619263721115
-0.098086796514603
-0.18002748634346122
-0.33225006015525327
-0.31548357860893633
-0.3114090311116412
-0.5650893382519082
-0.7185600103886846
-0.5046272434951458
-0.4166980431916526
-0.5739248426167235
-0.49240488389414355
-0.12094752782982887
-0.10776752035100652
-0.4814002070519668
-0.5298920137968312
-0.43163734279599114
-0.34503324250288187
-0.5805022404735857
-0.5915622427128882
-0.6137639743150495
-0.5465160626652222
-0.37803001432984307
-0.3404509325668562
-0.24517447741378573
-0.25804372614579
-0.1427445236066448
-0.31343286092224315
-0.22132535648183263
-0.348147675046197
-0.2867889251978387
-0.30900828098145866
-0.45223985595909655
-0.5389145123144371
-0.47504285014818703
-0.41635728145412276
-0.4259443250383241
-0.6387020824734176
-0.6959806162034088
-0.5155203277193326
-0.5374794902502379
-0.5149878010460115
-0.2066245381150515
-0.12937857235957392
-0.2675380214232031
-0.06170088688601273
0.2865600050336072
0.262197979717799
0.10515827793519936
0.29215968383597934
0.5158138563337161
0.7683781818893864
0.6840500840245489
0.6156999372989117
0.40555918640146893
0.1885742578274718
-0.16093708864466638
-0.5182822810245441
-0.7168237946487368
-0.7182953623058708
-0.7677877680611623
-0.7585870139678078
-0.6269774149979427
-0.4733633985697498
-0.20682043404462933
0.23468565700610128
0.46975336414942115
0.45526987672587904
0.426055984730779
0.49581052615974525
0.6367646259515644
0.4709612168055625
0.22821206720641812
0.4655400811036531
0.5433228836035583
0.40313138227809825
0.21117428808333163
0.2155463506350001
0.13055829910747452
-0.1287884428081918
0.017007832814713235
0.0740838828484927
0.012521740346021428
0.1903383118655816
0.2943932243571667
0.20677378588680034
0.1062921497662586
-0.09480193511683259
-0.028571245846477963
-0.021922917575543533
-0.2825775163839063
-0.2533863218347299
0.13150323917916626
0.3035028642403919
0.2072045255973129
0.46506299835943987
0.684941647242482
0.6999806336805763
0.5056717423633961
0.4315297963272531
0.3820891295841154
0.12257030997425203
0.02180237377290647
-0.03213773888058219
0.02245176185355822
-0.012797838355672976
-0.06151189783949938
0.05778169062315708
0.08445777900938005
0.09060844958470743
0.08111425315725343
0.048101035601551295
-0.29235952638046864
-0.28257412189080705
-0.3380852425589975
-0.49093129643894295
-0.5210678999826952
-0.5517596488378237
-0.5252846985614064
-0.6140556390630767
-0.8692598075165213
-0.8390511383083046
-0.6842224419133995
-0.7333309341671915
-0.6108261820381211
-0.19674300170381637
0.0077592575728048655
-0.1104178146610272
0.012417967324782085
0.19294123000803765
0.13799672196196208
-0.32154544822692904
-0.3513612069729754
-0.3291972782451832
-0.280984729419671
-0.292688882156022
0.028603910641606074
0.27648124161807514
0.16320256395263777
0.09390342524526946
0.4000220702625469
0.32016269031624467
0.035807287810056876
-0.03595027463436472
0.01736265704580999
-0.14948902734371253
-0.2610449103327869
-0.04044421511963224
-0.09002092749321737
-0.014721357628198366
0.040298289566898716
0.3346234156504174
0.30928565058225416
0.0678337895065619
0.27836750303008845
0.3191524302509093
0.1404708439628395
-0.07541061450526647
0.08188772852799278
-0.19209642915119757
-0.3073914482165551
-0.008358372789276322
0.2517876610052073
0.31365003618496545
0.2913899178332301
0.6412726480002306
0.7726667982386933
0.7781780627284737
1.1390187092475035
1.592618005120873
1.8416949033016374
