2.4656502435550465
2.1985320041612213
1.5032878701154946
0.8970968156082867
0.7154906192976446
0.29257444077019723
0.18983793801646356
0.21651112587260177
0.049801333885779356
0.08948721475365214
0.17352594329152643
0.2208919081301128
-0.08440475426389371
-0.018745298195183398
0.07831158147044953
0.2983090092101351
0.02548057932428258
-0.015396615230319292
0.20971914931343436
0.15320218312102601
-0.0064339927813528335
0.0888391926897667
0.31573706885179986
0.5347884405593674
0.3194343052520352
0.06524929883873427
-0.00041669673694892
-0.20155194203229
-0.5858628031722155
-0.5654261243152726
-0.4113445296944851
-0.45714267144108783
-0.04883168030942381
0.2281691285502525
0.14989106044314143
0.23570051512840937
0.27583549050854456
0.28025458582317786
-0.03323541226938062
-0.32477101898675087
-0.17718491325725313
-0.15747807666358896
-0.17367982998982237
0.04491622147168795
0.3034290458294663
0.18538743552725084
0.007738423061081461
-0.157880385669274
-0.18880708505515256
-0.05006020101594595
-0.1774400552341887
-0.19322448247525212
-0.12149184397433663
-0.008632969120632519
0.19673879406439435
0.2202300268163641
0.49195417831129473
0.4977720577755588
0.41744963764006404
0.4061141320372302
0.725835504631408
0.7416848204145993
0.48489764570127947
0.22139716723671848
-0.12510503863678618
-0.5238851992900596
-0.6920342798879459
-1.0216193910866769
-1.069436445202359
-0.9804900954366805
-0.8123675701610431
-0.47898650688806466
-0.30541730136156864
-0.17201997959886664
-0.2437958391392693
-0.17553194299535374
-0.35525451989263973
-0.7035421194342827
-0.883607412648905
-0.968097472448814
-0.9644471046169086
-0.9388998112859457
-0.7115207404001498
-0.642074041952644
-0.386144998224632
0.002854182978902248
0.06699584595133853
0.15602152290363036
0.14804553783502772
0.35114084050372985
0.5348895115433056
0.45538609171289396
0.3539446187550236
0.286148433852098
0.004109839226011286
-0.411715990927706
-0.656016923045581
-0.7169151793306173
-0.6956627756533322
-0.45501791707178724
-0.3946910858627882
-0.2185745790525287
-0.028284024429282854
-0.0010816644075343524
-0.09230865935378163
-0.09686730839751884
-0.3086677132860318
-0.5904120454591508
-0.8748184839118496
-0.9858831696910392
-0.8631261810792238
-0.5768938991523004
-0.42614656325090905
-0.40770388976879335
-0.0982676563346254
-0.028241413624356775
-0.15001874319756017
-0.12819097297694437
-0.12268617839667567
-0.06388364512692085
-0.19205362237540238
-0.026904557191840553
-0.14229438912929412
-0.32657023853692296
-0.2696986868666171
-0.3874778213597075
-0.3069842023485689
-0.22459986413621225
-0.22897375085891256
-0.14693730462501173
0.22359623759080607
0.30515197637919045
0.17068583777330448
0.1498489355439883
0.003957969554701614
-0.05883820546040905
0.10561999790057866
0.2834423029755084
0.22457795271225475
0.2018168985007566
0.07638321573165978
0.19342435110138578
0.22676536254339386
0.16299456381427332
0.20720160548303854
0.2081445286028068
-0.23237495752697787
-0.3291866504885755
-0.1296159086480191
-0.31647269205951944
-0.5355493484462814
-0.5850212401747181
-0.4532884609612776
-0.4847610863864956
-0.35656460821543867
-0.18826750224100824
-0.16397427241250156
-0.28240715221044294
-0.07087769866589053
-0.08342416192434149
-0.006421303989196201
0.1111800968183434
0.18198560379493695
-0.0010439838240717842
-0.2266337547887116
-0.2583824301751246
-0.02568710572355201
0.04524528966789409
-0.011575727738937433
-0.12678708975239517
0.007464177492401231
-0.1716374171314869
-0.2811394659960514
-0.08067472706646252
-0.050928883669282374
0.25534044907630055
0.39491372608818853
0.448493740903943
0.2356943666950515
0.02852606510585508
-0.26041774324254463
-0.3760208352601679
-0.3396805026207109
-0.3724666952756091
-0.1364521680696256
-0.1988858687548822
0.12051165709573597
0.510748347207092
0.5946950684804498
0.648786442816112
0.6709675036294481
0.7060694007231959
0.6746197584122701
0.5903761444383172
0.4155953127838802
0.2726141916371362
0.2138524814412205
0.19177507354126289
-0.10163209765402068
-0.014031562314080792
-0.1848600905229048
-0.15137370463001892
-0.35266352132549944
-0.4529815755643252
-0.7208317070609773
-0.7625833402015627
-0.7199268600255742
-0.5758193303059953
-0.3539893644136491
-0.11751946385651887
-0.04755921324725895
-0.08935736796578143
-0.02129215704086364
0.1768490542161417
0.2610540765654229
0.3441903081507092
0.3939444009200736
0.15599182024341507
0.22757080946199404
0.31862861348710936
0.14699449974149506
0.30716735554618013
0.22228662915779804
0.0445671780345465
0.15380992146223316
0.021335274872491587
-0.15686552219170272
-0.08305338645312038
-0.1716434567474913
-0.28165320866424065
-0.47044083968684813
-0.5503181051692213
-0.47999963335937124
-0.4612151340697141
-0.48551833396949495
-0.40214478629940664
-0.44305542998863007
-0.3070344285587036
-0.3199949844637174
-0.011780181521221903
0.04435909879730657
0.3078522847871526
0.45263892742580025
0.4950819034350666
0.41955345968390556
0.3160764074653289
0.26008310989718963
0.2748707549653351
0.3055351254828931
-0.002067789750444911
-0.14686281496160958
-0.015663365809015346
0.01899690781648547
0.05716487316725595
0.28533594074581237
0.2014457132148656
0.15384278213719021
-0.062481797870196976
-0.22637287064279174
-0.2729792666888653
-0.40057277989363177
-0.33738659957547057
-0.11728819615490768
-0.0767723364687973
-0.08023368843666882
-0.1629436611803042
-0.2165724738290285
-0.4026908248981801
-0.43978207731858904
-0.3247069036146269
-0.46809420974959753
-0.5095655583048376
-0.20432802085812382
0.04427290259058719
-0.13357001848082467
0.007330685367363132
0.2442819494596822
0.023933706342608815
0.006473215189593329
0.16315959742777655
0.022109790320156905
-0.3884597317143541
-0.5241303801952876
-0.49011304385374677
-0.4289305948349744
-0.18924377250941127
-0.06789021986477971
-0.03330597259433478
0.09771027936347458
0.22133582910005414
0.05636635857519483
-0.272513500399984
-0.4346754661077706
-0.38754640971694226
-0.09270151004989818
0.09924423447440126
0.271929686903347
0.322203131803043
0.4563383340862094
0.5762967704164141
0.547992760373147
0.37875459111012955
0.2150542751826447
0.21131887863455062
-0.10396221980788935
-0.043599623696931364
-0.06535277353905042
0.03999901716116296
-0.04687914060192714
0.07911360149042351
0.26502445947155495
0.4195748313754546
0.5031330482961384
0.34473443218914646
0.08137030574258203
0.0738798061013971
0.03245469385457252
0.06009031100497705
-0.0936749711830761
-0.23314375689253627
-0.2090792076930155
-0.12469724280422032
-0.2235140266704584
-0.04476859378043713
-0.08729749222467062
-0.2744775970994375
-0.31800565942672915
-0.006128104476481267
0.24952937432954225
0.1890223808160199
0.30575517603279867
0.5996121230619165
0.6725862732342595
0.4856054056775428
0.4192286689323611
0.4448586201154404
0.2034399746635334
-0.07076875991504428
-0.14974769032371926
0.029807766686525412
0.20135797329757366
0.08541769370956358
-0.12728021525449004
-0.05743610555416806
0.06561365265859961
-0.16128136237763127
-0.19112980485093334
-0.22599171956183695
-0.45349951484214585
-0.3802601122361245
-0.362353094933144
-0.35221406217707957
-0.17795961659908027
0.08629389321797074
0.12302656949343063
0.12387774989985273
0.17779989669023474
0.19549767026583434
0.15281971043590495
-0.021455225054897005
0.029157590142712513
0.323719921068468
0.2917235829487611
0.19408665766495667
0.29825308148001883
0.49336485189354384
0.2799497560854124
-0.10173915702304301
-0.03928241613610965
0.17844650590923547
-0.07167636764314968
-0.25241901734750366
-0.11895781358725051
-0.1516867107085492
-0.4029031703604651
-0.37031229936949367
-0.0641760151910825
-0.04191254455976928
0.08562775225539036
0.01857986998899225
0.20810557050595643
0.1830051646913826
0.11240418365617161
0.3023487947340569
0.1348546465114118
-0.09939715339919132
0.03939394724213912
0.08054324275860364
0.13507518301484361
0.18898439362444353
0.30994585337435215
0.24744535197936743
0.1095797348752
0.17841473768153268
0.46690168414960975
0.43290456076493394
0.3821997444083706
0.535058343224496
0.3618756748325865
0.2145562752920517
0.21952638904619018
0.18229795896118897
-0.09796182883869976
-0.015429109390330514
-0.12004927816672611
-0.3431945050451946
-0.446023878198669
-0.22582747017621502
-0.11205409895544696
-0.24267956100472224
-0.09933021012801713
0.13751614908915655
0.1041492873192849
0.13632532182698803
0.2261064326893453
0.10833580778568494
0.22161780538478967
0.2587040819113399
0.2169186862128125
-0.22320157544658115
-0.3109893281485028
-0.12465999146916501
-0.16394512740961975
-0.22226368949503233
-0.02566405266164043
-0.18059557435258983
-0.11089451268912989
-0.1517127881199127
-0.2799938509160523
-0.29497722426958795
-0.4073233628945122
-0.23750963641800535
0.10602086713424413
0.29025640475979936
0.5105426781410813
0.5118137040487821
0.5502010544282451
0.36218572692013595
0.1821765460804601
0.29391032277833823
0.22227992270656663
0.18861319298296983
0.13368314740236423
0.16919847371326072
0.22479295236790395
0.006345064471300525
-0.2820992097962034
-0.34988835973947097
-0.2593394455953304
-0.0776518510941625
0.14927787723786143
0.3077598147116628
0.32021432375457487
-0.022599003053023606
-0.06465804800235599
-0.11344995514697959
-0.13352994962688397
-0.45762974608024576
-0.5638179568574397
-0.5929632375007009
-0.5067924777962898
-0.2986413592049181
-0.18473894446970163
-0.17059175149827197
-0.3365589565035922
-0.35498101220828987
-0.23026437368636937
-0.05923324553905411
0.10374383384154666
0.16822560806935824
0.44544001111598797
0.4731228546732308
0.3591878493300555
0.17489389376035844
0.08566478990814369
-0.1489304117521838
-0.3762894942096982
-0.3336628704263649
-0.3249983605049569
-0.42462042178172976
-0.5448083839225976
-0.38370139475597853
-0.47933385676769535
-0.40519231736852757
-0.06416290828501293
0.2312314871319822
0.31504060069439693
0.30674111285396305
0.42412801501551095
0.3251475258764336
0.19550560470156153
0.3779412651557951
0.41425987043202844
0.2238246148468952
-0.1427541450825167
-0.0415132520021925
-0.006535174121136549
-0.015973016308919865
-0.04096817030404491
-0.18764088750210767
-0.2677763012602192
-0.3609729363924031
-0.4759628351483022
-0.35291962549618305
-0.29032490447693676
-0.3998059213031352
-0.3309333783552261
-0.03015753598160553
0.16485526023942107
0.07236659159622655
-0.2566210293435407
-0.16492665860137526
-0.15975295150353805
-0.457519865728632
-0.5594115978817517
-0.5131459193682442
-0.35504813922003103
-0.23898269511346618
-0.14920631987581165
0.1364260141080014
0.30489845680057054
0.25821787099892585
0.25218911923844917
0.3452614104336378
0.17057329954886133
0.08755030969804654
0.09256270237252591
-0.01009649870721292
-0.17651747951065455
-0.3575027558536725
-0.3029798784426163
-0.20976076200060179
0.0907001120740641
0.02987644284284414
0.0692261728989334
0.025190703706772153
0.05592523524823263
-0.27326472124135454
-0.5560236691301427
-0.5043492655963215
-0.37497749098525446
-0.5710487113457482
-0.48370455108817567
-0.08780366121320703
0.01260945993450411
0.17424341565036403
0.4524059381162812
0.5220638297298451
0.4986955546914953
0.45522333034033396
0.5788923679561041
0.4770700060397857
0.37061420467074296
-0.028227750119799593
-0.2550375546374251
-0.27654086703391184
-0.05248995827150268
-0.23582205584957822
-0.09812512173410878
0.19945654243794556
0.3930750874048576
0.25635056584053745
0.37962748607013425
0.346321710486857
0.016164109301356665
-0.29006849620898645
-0.3198045506490249
-0.4137827386710919
-0.26270532972608096
-0.4544186461948917
-0.31076332802246603
-0.12339126808476715
-0.1730666413787337
-0.23327752834123153
-0.21582856418212107
-0.5011705034242213
-0.6077510330265999
-0.4606213272497467
-0.29341320560257683
-0.2956928996739782
-0.08242429785051088
-0.017107649211748968
-0.1118323976746656
-0.13485166979092456
-0.010442526928847378
0.005252344743448778
-0.277371270940178
-0.2681228009414071
-0.027031734729632582
0.20629306975070483
0.4055956430247641
0.38941543472608703
0.45952059642033305
0.16051440255832525
0.08681731513536015
0.08863670155679015
0.17890590198797618
-0.035437565958160624
-0.13501063818350661
0.04358279223040403
0.06245213466916857
0.03938822481531018
0.22793662780831056
0.34207755989374716
0.40642680204986215
0.2594231112471035
-0.015129141274069636
0.09922425227321248
0.15790467558527663
-0.04611103104919856
-0.27103126794764354
-0.30341286902687364
-0.3124308820706089
-0.5647006426372223
-0.5039535959390169
-0.29990296171683517
-0.45806159599376484
-0.48871598886836276
-0.18558610244831097
-0.07000343538656412
-0.2197151824301966
0.005726620067077391
0.25173834971607156
0.5379011466643879
0.45717250364875794
0.33844956321313613
0.21763700597903238
0.359582879272519
0.21646992345050534
0.055329947860011185
0.24428295335016156
0.2727006148688588
0.5806794026435138
0.9287598222260026
1.4327019884081458
1.760171387718034
