2.229380518417777
1.8149558266354657
1.2717680682998536
0.538410076672979
0.09012720460549759
0.1318843146364991
-0.19255726881031057
-0.6027052098057908
-0.7954829731394579
-0.8558179803473023
-0.8970728231759364
-0.677376095807707
-0.24570231823406025
-0.08886408197610167
-0.14344214424212137
0.08680087143160217
0.3420717757696301
0.410119612093543
0.3237545221522356
0.14194580624002756
-0.10576863367918497
-0.2092273563925559
-0.5281093882490127
-0.5174483632208905
-0.4234539835462383
-0.6805000830814946
-0.8720430633524329
-0.7388242344311352
-0.47103543252462443
-0.20067733086181247
-0.09114254463983491
-0.07749119913647766
-0.13406576703338438
-0.4788274993871074
-0.5001855187500717
-0.41876756333429205
-0.41491500263679804
-0.23489890153964818
0.08578530690507369
0.27936835317535974
0.40454867194445593
0.3731709843308461
0.11719766262763565
-0.17333418102314155
-0.2594170705077707
-0.45824068195298445
-0.6038541519613523
-0.5363348319466288
-0.3191100278282738
-0.03842461564490429
0.05358675184777425
-0.006199770792127042
0.12233065519739565
0.07320347004241687
0.22747952062717752
0.22205388928429562
0.024439891438835827
-0.12305342540574309
0.03633902974569243
-0.16590679821861418
-0.10298605977753596
-0.031957160456120265
-0.1820601849625982
0.011429701946113266
-0.09515237668396351
-0.09514613253527412
-0.01743862574286303
0.07737185647011308
0.07086312111542269
-0.2976309969700635
-0.35237473017942317
-0.22282988543126567
0.02329897060007021
-0.028532730557471016
-0.09313993300422889
0.11907004948035696
0.11855900752808071
-0.07521709861873974
-0.06153856546050572
-0.18026818603449385
-0.20835888730238933
-0.07564159027100868
-0.06419571718445213
0.1339267932390515
0.22755931755051775
0.24921629327906486
0.598853290432595
0.8515604735702003
1.425370123375233
1.8808992321685267
