1.9445967614811697
1.2628754394789177
0.5532974427716713
0.044741749845315204
-0.18654482440834244
-0.44179272332226993
-0.5344580377802506
-0.3140792956993931
-0.2507212793565483
-0.3293603396471967
-0.27607860393605754
-0.1556343952851561
-0.18521990430615554
-0.37397022304089067
-0.3525126773095351
0.027642894447443465
0.022295866581607756
-0.2830287085856419
-0.255369414742782
0.005294871308252646
-0.07839835297045585
-0.3088883139201986
-0.3982872723155096
-0.23022293443163558
-0.31858660747447226
-0.24341677242030632
-0.23910162231928606
-0.1551801170485119
-0.358763602577668
-0.4255481278848264
-0.3438943397111529
-0.031920150140712394
0.06380870850691527
-0.059903479702588046
-0.18075423039968702
-0.2325509474287242
0.0773859867517159
0.032366271848322754
0.0026239865378996645
0.2147273337273048
0.3835674294986135
0.5731163244855623
0.7112436731738829
0.6027482739073071
0.5786077396877074
0.5192876177660142
0.2412181145118787
0.3646703830975089
0.37322446971720413
0.3014141586484278
0.49264023854136163
0.5650437825280044
0.5347169076718985
0.22342425598652627
-0.18024978751433848
-0.5086982659834974
-0.7547092244832972
-0.8775020152164018
-0.8078358630631837
-0.614844762250686
-0.3865381267261482
-0.0058302435786373825
-0.055254130723565026
-0.13706603529276132
-0.1286705061883387
-0.19326663044831116
-0.141128136746598
0.020836013169987736
-0.02447183576193454
-0.14727523440048992
-0.13523834522136682
-0.23325521239682584
-0.25327434808033594
0.08652108694228246
0.27572040740384335
0.3098966755777032
0.34246520708965017
0.35836971675878104
0.3833808826000336
0.19425253745949336
0.061415115692357546
0.06292450882781148
-0.024071457420708157
-0.3863571665625515
-0.5826861830830729
-0.37851008285961574
-0.4054412766916183
-0.48577751082361076
-0.34336662991228273
-0.23179071350161573
-0.1908733922202517
0.08629249417214391
0.22753318817546728
0.16749023094558374
0.26636504384016874
0.34175699687156824
0.2672533500758813
0.04435933923594334
-0.2545435253102358
-0.48089657116593026
-0.5280722975634367
-0.4005877417856786
-0.6997664815077125
-0.6259966574207401
-0.6314695563708336
-0.7995599523097286
-0.8679990499904994
-0.758872072616893
-0.532964917370916
-0.23297504751707215
-0.025335523577130058
0.10565720465573268
0.27847792794413345
0.39458291933060663
0.30582456706778455
0.08537109497528546
-0.1438522599255785
-0.24457797185913763
-0.40060531493732676
-0.38249888346179994
-0.5528295821120677
-0.49152562003328604
-0.42502262813613195
-0.4375109674989308
-0.4860318279556025
-0.29130371580361564
-0.15687507458267153
-0.3524294726015113
-0.3012279152726349
-0.1352336323613444
0.20573796992966706
0.2388229973445989
0.08239216331257834
-0.14162604046628796
-0.18027869894345344
-0.22788012626725201
-0.4476736073480382
-0.39004828471074277
-0.39982865425247416
-0.4831455623395824
-0.46279385461141126
-0.3420925902468455
-0.4873378912736937
-0.642281049944886
-0.6915058804908474
-0.6366087291897955
-0.3354921204268659
-0.19164599422548734
-0.24156528943796482
-0.08083113404802532
0.10812251706509347
-0.03130488118826334
-0.16492469639180884
-0.39606152123764105
-0.4350272918811439
-0.48261204570828786
-0.4244132944597465
-0.22359078482426575
-0.13763071771680313
-0.11710003647492379
-0.2601609393946734
-0.16585174706958442
-0.21618137728755252
-0.34548507509764376
-0.30361554075417446
-0.03968003145868999
-0.17571783210515166
-0.37238383308757605
-0.43971856985366153
-0.36852084537924773
-0.32786749887301936
-0.33908847186803426
-0.3179205728447885
-0.2626020598825076
-0.24966791705759891
-0.08806565288473961
-0.24135228299684125
-0.1319066152984294
-0.046419082956294516
-0.028693595659366584
-0.1698671845832276
-0.24130201200530738
-0.06921685614194845
-0.25684703183817914
-0.26447929390421393
-0.14603873441714363
0.029278129181838582
0.01663145354487099
-0.007413965030897889
0.09810547278681549
-0.07345866989140039
-0.0729080909168704
-0.06757635403639076
-0.23245534065930593
-0.18331445136672134
0.10540093371828857
0.3586679165964708
0.4848000153317592
0.35598374398501714
0.3033574660202201
0.21339428633302626
-0.09008556856426923
-0.024545943833000437
-0.15563678608917117
-0.30246402142982265
-0.326484673733675
-0.16168124030961287
-0.04776740104261187
0.14355492886193766
0.2997121571240779
0.7627058558120171
1.2546816100980882
1.5046912584763439
