2.0723548348555267
1.5918576022875037
1.3446236880022078
1.1317219622440533
1.0367496995280625
0.7506321155538057
0.5933348630315125
0.3530855902722809
0.08071305134725207
0.03271347046084623
-0.13980043821633414
-0.3973165321460221
-0.39623394451947547
-0.3264662926463635
-0.15920525088270995
0.18213409118652257
0.45025132713213895
0.6945374207768233
0.7584056919768906
0.7742619068996904
0.8236849250547694
0.8519460990320004
0.5661260465339291
0.1430609304982571
0.02497283062163153
-0.011501562201226619
-0.3271388246872705
-0.3817007025262623
-0.06027162015916131
-0.02599977419408295
-0.24341966405198132
-0.15416231571545713
-0.019553453556544205
0.0592329255845753
-0.0950042434847531
0.12512940528228356
0.24106270709001512
0.217187037835057
-0.20384885272826303
0.743186202394287
0.936459432968647
0.6361921140266428
0.3112452098719446
0.13581698867097838
0.15111050622874087
-0.14783126657655143
-0.10085970226309979
-0.16380095435758402
-0.40511495126254293
-0.41319968689093883
-0.1995187785914987
-0.3699242875153173
-0.3739869278803943
-0.0075660271786983984
0.2070041396128722
0.2545231916620953
0.21547554817222336
0.22880736356296238
0.13035882469221485
0.2456004302794256
0.426063427120424
-0.14109587304654936
0.430834980295355
0.5064334511851695
0.6390158668368504
0.5675408096298852
0.538942585286534
0.4865541317652193
0.4832672125325033
0.07303747727521313
-0.6230712300476683
-0.050841173655596206
0.0756962980553876
-0.05350283419586582
0.03405104321862318
0.14423158389015275
0.2599839056821177
0.37419272718490715
0.4931231510012201
0.5005820547238249
0.16647272598536217
0.24566696629435308
0.21770314152061515
0.2897175664868654
0.38245852262694097
0.007725857036405325
0.8533787333912763
0.9294062314636206
0.7914288539899391
0.33696004696043047
1.0266218458676821
0.9090677675960923
-0.02797097493291175
0.35182465111771666
0.44667841131127056
0.40346331934068924
-0.0554576263499814
-0.12690664381329356
-0.03617892071689324
0.008792662935225511
-0.16653667696073526
-0.04455221806373287
0.20813565094838757
0.31278428675096637
0.29597272760697135
0.3396556794052625
0.403693006525954
0.2866734876892279
-0.1289248971901373
-0.15460861314320914
0.10253538636161767
0.12448167699719322
-0.05745204020563284
0.10291961806107446
0.19867207110598875
-0.052248769876279896
-0.17126804192844533
-0.12125621411030807
-0.15433328685341985
-0.27034075820328796
-0.48994453123136716
-0.4191038810424266
-0.1524148828210853
0.30738252323698845
0.6311532320016663
1.0551297956633154
1.501517595646416
1.7673291587009101
