2.2023461413938508
1.8501172762977767
1.273313968081784
0.9674767353472593
0.8175783014500311
0.5806604865799061
0.39994917760073045
-0.05505254559740741
-0.19914040232622546
-0.09597713002999136
-0.2038395956165762
-0.3580688981105854
-0.08285172889799083
0.11279587368894334
0.029325241067786407
0.08167020772742992
0.058134996276851744
0.1989034557352703
0.22085980513761286
0.19340768056047747
0.170615182263132
-0.06756760329589688
-0.32252527205084347
-0.39506874927871966
-0.36657861959656207
-0.42911339965732853
-0.5147224071572981
-0.46309725528282475
-0.49273621499556486
-0.2758558447300694
-0.20774900454995382
-0.12341168101764695
0.03143514752392294
0.1045964538554357
0.11152365594401867
0.3847739830945689
0.6782684492510266
0.4449258246120308
0.32380382276083775
0.2712871503187124
-0.006087648660784212
-0.3482774740775934
-0.38764666568182615
-0.23143903225333906
-0.44714965202805207
-0.6227566523105252
-0.4972570973561918
-0.10273284210610978
-0.11359587457522538
-0.00979661086197338
0.19546752493817912
0.2759244036049523
0.2083311878681775
0.07044347960848535
-0.15686190522237878
-0.5382613335160487
-0.7135985966349399
-0.7933159868652198
-0.8746816706894565
-0.7249693285385775
-0.42190990340841095
-0.3239643612170603
0.004893244558493405
0.26443389297498654
0.30563907746304814
0.32524369653980006
0.18565769071546664
0.3011854941909385
0.2366618871786417
0.13918017250971787
0.10930046514248025
0.3025259640985775
0.34204156047716133
0.41869668602790006
0.23396222341372688
0.2007405851516693
0.16960814363679566
0.046770146649358434
-0.10231155378543516
-0.23742615576372042
-0.19930120204509713
-0.09310953656728098
-0.1480360110452703
-0.3225512944215405
-0.059734859074848504
0.07449660693626742
0.08169349267270733
0.2974246797636633
0.4344404283829865
0.5078396248713796
0.2421010902241507
0.07009830685466453
0.08440528338613397
-0.07083389605196162
-0.21243826654456446
-0.05259982482763295
-0.028393826611377744
-0.22739683187140458
-0.13150074110866294
-0.33227101380087043
-0.4613076250530655
-0.38092698988661833
-0.318800027443096
-0.6167807349622421
-0.6426770694796224
-0.39606386114420256
-0.31768000477050906
-0.3755043293875998
-0.04938921721576692
0.12592720701645932
-0.011176576840595677
0.003769203521889524
0.08068793989021672
0.06596198053641752
0.019649119279030163
0.02603980725666068
0.12708952425524891
0.20454483846497692
0.039142410277635875
0.007203483756473166
-0.12719124502668558
-0.17448893578905716
-0.1727060029052108
-0.130692951053635
-0.0399161513837725
0.01925424322066702
0.05242914904611129
-0.2092328663082373
-0.3655348775509481
-0.6216443806946056
-0.687640135634449
-0.6302369875266352
-0.5270489106735776
-0.33665014972230795
-0.17194948819090838
0.09946464698740778
0.05949878058902167
0.06407650796709731
0.037998218101766734
0.06905120289215956
0.07652789402051567
0.10451322356742282
0.11800571498911391
0.11453909685181499
-0.03493223311619731
-0.19784387694219494
-0.46367667200698554
-0.5605270534375338
-0.5415733371077407
-0.7739011117573272
-0.7145381371441585
-0.4535316907087923
-0.2973498589904617
-0.24935784943143555
-0.1648298131120344
-0.14343339784162132
-0.37214338903582894
-0.4205167848209586
-0.21063907339183327
-0.08702190573446575
0.133868190708558
0.14922684593053195
0.16449184359949784
0.1700118383279374
0.17546866553953994
-0.10180969319749397
-0.3132936158283294
-0.4222634532807955
-0.5606981182525831
-0.6114976072293891
-0.6451258200321222
-0.6825487416112138
-0.5284905507408351
-0.2655936341487465
-0.3289752788127468
-0.3666706748941031
-0.2609547686925783
-0.08921929247275752
-0.005701059325923244
0.3502586040440601
0.3113374436726513
0.30460376584975624
0.1464168921368186
0.004255707505284119
-0.25428417970837264
-0.2894449524834265
-0.4152175308256811
-0.3068989259924177
-0.3170641021345044
-0.2119094961975015
-0.2520940360679908
-0.12508226953680368
0.25937198219792884
0.46574855508856305
0.2641169454034351
0.16961884423812526
-0.02995652309790124
-0.3584491398242611
-0.540275403611974
-0.502309769228828
-0.31435550690825637
-0.20453200046126646
0.009662133348845936
0.2017585179000752
0.114504514031776
0.3135222614348855
0.3387732036887152
0.33501461482017136
0.12588408450444263
-0.18125603582441477
-0.2985811222037517
-0.10721716847797721
-0.011471715649172286
-0.18078990272126325
-0.03680233250281775
0.21128579177579535
0.5956375762595864
0.7911170092811763
0.6648750741792029
0.6436608485416103
0.528469792312145
0.10009383964434787
-0.15954135375315853
-0.12311761105950066
-0.28999092979432883
-0.5002566065375267
-0.4663626078832503
-0.26395510330424016
-0.23756015449562323
-0.4370568055415613
-0.354861364303897
-0.253592977703689
-0.2130984618969254
-0.2578966205173256
-0.21102669978113878
-0.17372138417379274
-0.03792164818181053
0.2019374363548598
0.19398424390482627
0.2102202468012952
0.23950536013716098
0.33950211084850723
0.25684109740808975
0.03443326351096227
-0.01101428371162831
-0.10350405302548389
-0.2358109890073424
-0.42895657398244524
-0.3893173485415989
-0.15669545399233376
-0.2446132071535628
-0.22389563545620986
-0.20570473993187985
-0.47747121997565123
-0.4932780076012784
-0.38087317961171363
-0.468035079605625
-0.47379756349910146
-0.49997614105688604
-0.30660209187440307
-0.4898123110389007
-0.3483446196296106
0.09473788671157737
0.23410360415336867
0.49746787509079876
0.8486109904056434
1.3564095438077193
1.7752426026843116
