2.188878179313151
1.867887071651481
1.4670633069126122
1.198879845039751
0.812176507450355
0.5524726875706761
0.5762517368600696
0.340958486121973
0.3052907188040581
0.2801477361519852
0.5930207871254185
0.5985578065769194
-0.2600866800757601
0.333120928036262
0.4436400973861598
-0.028026425445064496
-0.28757301407491953
-0.1572208028735221
-0.1073885094375113
-0.31531921472382285
-0.2530101992726147
0.028264406136271365
0.2142972857080411
0.06346149360292545
0.12695181102650976
0.3881834487247881
0.5482084537583066
0.3896520375814354
0.5188005862881534
0.7306761732890849
0.6312945241285536
0.47928244927260455
0.6508377369607902
0.7261325956000277
0.5779180279498424
0.36606476459923304
0.3637594181267414
-0.3216667469547204
0.1899717421832104
0.49252987341074433
0.32621194292641054
0.26374554081616164
0.15047944429913201
0.26716077570492125
0.2771631019234395
0.32113069679737904
0.3739244267327931
0.27189829634985063
0.2605860720735306
0.14778605870642528
-0.39909246947690213
0.25558240235962765
0.4741806032507747
0.43750282796802886
0.255073000311527
0.47002528669723115
0.37836352558828046
0.09976165797854332
0.14151932261624037
0.06977591470974523
-0.22595070840328377
-0.41685284147150825
-0.5401911484118649
-0.4855808370989566
-0.6401926003146895
-0.6566496858253743
-0.6481532191808833
-0.5162126789372787
-0.4706787186605452
-0.31356763844266367
-0.16988148795506472
-0.04106851692093189
-0.04852774120430409
-0.14377482327936555
0.10148486038380461
0.005528625683260474
-0.16808749263348216
-0.15363025643920858
-0.038508352606573606
0.008142421667410376
0.06496883174947879
0.4766091761014178
1.2088229387885003
1.6866472637843073
2.126156459554899
